"01-01-2014",22,23,21,20,19,21,20,20,20,20,20,21,21,21,20,21,20,21,23,25,25,27,23,22
"02-01-2014",21,20,20,19,20,21,21,21,21,22,23,25,27,27,24,25,26,26,26,27,27,27,24,23
"03-01-2014",21,21,20,20,21,23,22,25,24,25,24,27,33,31,28,28,30,28,26,27,26,27,25,23
"04-01-2014",21,21,20,20,20,23,22,23,23,23,23,24,27,30,29,28,29,28,27,27,28,26,27,23
"05-01-2014",21,22,20,20,21,23,22,23,23,24,25,26,29,30,30,31,31,31,29,30,28,28,27,25
"06-01-2014",22,24,23,23,24,25,23,24,26,25,24,25,26,27,26,25,25,26,26,26,27,28,26,24
"07-01-2014",23,23,23,24,24,28,25,26,27,30,29,29,31,30,30,29,31,31,31,30,26,25,24,22
"08-01-2014",23,22,22,22,21,24,23,26,26,27,26,28,31,34,33,31,31,31,30,32,32,30,27,25
"09-01-2014",25,24,24,23,22,25,25,26,29,28,28,27,30,30,23,27,29,30,30,31,29,30,27,25
"10-01-2014",25,23,23,23,23,26,25,26,26,27,30,28,31,34,32,30,30,34,31,31,30,28,26,25
"11-01-2014",24,24,24,24,25,27,25,26,24,28,26,25,25,27,29,30,30,30,29,32,28,26,25,23
"12-01-2014",23,23,23,21,22,26,25,25,25,26,27,26,28,32,31,31,30,30,29,28,28,27,26,24
"13-01-2014",23,23,23,21,23,26,25,26,26,27,26,28,31,30,30,33,33,32,30,33,29,26,26,25
"14-01-2014",24,23,24,24,25,28,27,27,29,28,30,31,33,35,35,32,31,30,29,31,34,32,30,28
"15-01-2014",25,25,23,24,24,27,26,29,28,28,27,29,31,27,24,24,24,22,24,24,25,24,24,23
"16-01-2014",23,22,22,22,23,26,24,26,28,26,25,26,29,30,30,29,29,27,28,28,26,25,24,23
"17-01-2014",25,23,24,24,24,26,26,29,29,28,25,27,31,35,32,30,33,32,29,28,26,26,25,25
"18-01-2014",25,25,24,23,24,27,26,26,27,29,28,27,27,30,33,38,34,29,27,31,32,30,28,27
"19-01-2014",27,25,25,25,26,28,26,27,27,26,26,28,31,34,35,33,33,32,29,31,29,28,27,26
"20-01-2014",26,25,24,25,24,27,26,26,28,28,30,33,35,40,36,37,39,34,34,34,33,31,28,27
"21-01-2014",25,25,25,27,27,29,28,28,28,27,31,30,30,28,26,26,25,25,25,23,25,26,24,24
"22-01-2014",23,23,23,23,24,28,27,27,28,28,28,29,28,31,30,29,32,33,30,29,30,29,27,27
"23-01-2014",25,25,24,25,26,28,28,27,29,30,29,31,31,37,40,34,33,32,30,28,27,25,26,26
"24-01-2014",26,25,26,24,26,29,28,30,31,30,28,30,31,32,29,29,28,29,30,29,28,27,27,26
"25-01-2014",26,26,26,25,26,29,29,29,29,29,28,29,29,28,25,26,26,26,26,26,26,26,25,25
"26-01-2014",25,25,26,25,26,28,28,29,29,29,29,30,32,31,30,29,29,27,27,28,27,28,28,27
"27-01-2014",25,25,25,25,27,30,29,29,32,29,29,30,31,29,25,26,24,24,26,24,23,24,22,22
"28-01-2014",21,20,20,20,22,28,29,29,30,31,31,31,30,25,24,23,22,22,21,22,21,20,20,19
"29-01-2014",18,17,18,19,19,26,28,28,30,31,31,28,31,30,26,33,29,24,27,28,30,28,25,22
"30-01-2014",22,21,20,20,22,28,31,32,31,31,32,31,32,29,25,24,24,26,28,30,34,31,27,26
"31-01-2014",24,25,25,24,25,31,30,32,26,24,24,22,22,23,23,24,24,23,24,26,27,27,25,24
"01-02-2014",25,24,24,24,23,24,25,25,23,23,23,23,22,21,23,21,22,23,23,24,25,25,22,22
"02-02-2014",22,21,21,20,20,20,20,22,21,22,22,21,19,19,19,19,19,19,20,22,23,23,23,23
"03-02-2014",22,22,22,22,22,22,22,22,22,21,21,25,20,23,22,22,23,22,22,25,23,22,22,21
"04-02-2014",20,20,20,19,20,23,23,21,24,24,27,23,51,21,22,21,22,21,22,24,24,25,21,20
"05-02-2014",20,19,18,17,18,20,20,21,21,22,21,20,-9999,-9999,35,14,12,3,3,7,8,9,8,5
"06-02-2014",5,4,3,2,4,5,6,6,8,9,10,9,6,3,2,2,2,2,3,3,4,4,2,2
"07-02-2014",3,3,2,2,3,3,5,6,7,7,10,13,10,10,3,2,2,2,2,5,8,7,7,5
"08-02-2014",5,4,5,3,5,7,10,11,12,14,32,18,13,10,5,4,3,3,4,4,4,2,3,3
"09-02-2014",3,2,2,2,2,5,7,7,7,7,10,10,8,10,6,7,5,6,7,6,5,3,3,3
"10-02-2014",3,3,3,3,3,8,9,11,13,17,18,18,13,10,4,3,2,2,2,2,2,3,5,5
"11-02-2014",4,4,3,2,3,7,6,9,8,10,11,12,11,7,3,3,4,4,4,6,7,7,9,6
"12-02-2014",7,4,6,4,6,7,7,8,11,15,15,14,10,8,4,5,6,5,7,6,6,7,7,6
"13-02-2014",6,5,5,3,5,6,7,6,7,7,8,9,8,5,2,2,2,3,4,5,4,5,5,6
"14-02-2014",6,6,5,4,4,5,5,6,7,9,9,11,7,6,2,2,4,3,3,4,5,5,5,4
"15-02-2014",2,3,4,4,4,6,7,8,8,8,12,15,12,10,3,4,5,7,7,7,8,7,7,5
"16-02-2014",4,5,4,5,3,6,7,6,6,9,12,15,12,10,3,8,10,12,7,6,7,7,6,6
"17-02-2014",-9999,-9999,-9999,-9999,-9999,-9999,-9999,-9999,-9999,-9999,-9999,-9999,-9999,-9999,-9999,-9999,-9999,-9999,-9999,-9999,-9999,-9999,-9999,-9999
"18-02-2014",-9999,-9999,-9999,-9999,-9999,-9999,-9999,-9999,-9999,-9999,-9999,-9999,-9999,-9999,-9999,-9999,-9999,-9999,-9999,-9999,-9999,-9999,-9999,-9999
"19-02-2014",-9999,-9999,-9999,-9999,-9999,-9999,-9999,-9999,-9999,-9999,-9999,-9999,-9999,-9999,-9999,-9999,-9999,-9999,-9999,-9999,-9999,-9999,-9999,-9999
"20-02-2014",-9999,-9999,-9999,-9999,-9999,-9999,-9999,-9999,-9999,-9999,-9999,-9999,-9999,-9999,-9999,-9999,-9999,-9999,-9999,-9999,-9999,-9999,-9999,-9999
"21-02-2014",-9999,-9999,-9999,-9999,-9999,-9999,-9999,-9999,-9999,-9999,-9999,-9999,-9999,-9999,-9999,-9999,-9999,-9999,-9999,-9999,-9999,-9999,-9999,-9999
"22-02-2014",-9999,-9999,-9999,-9999,-9999,-9999,-9999,-9999,-9999,-9999,-9999,-9999,-9999,-9999,-9999,-9999,-9999,-9999,-9999,-9999,-9999,-9999,-9999,-9999
"23-02-2014",-9999,-9999,-9999,-9999,-9999,-9999,-9999,-9999,-9999,-9999,-9999,-9999,-9999,-9999,-9999,-9999,-9999,-9999,-9999,-9999,-9999,-9999,-9999,-9999
"24-02-2014",-9999,-9999,-9999,-9999,-9999,-9999,-9999,-9999,-9999,-9999,-9999,-9999,-9999,-9999,-9999,-9999,-9999,-9999,-9999,-9999,-9999,-9999,-9999,-9999
"25-02-2014",-9999,-9999,-9999,-9999,-9999,-9999,-9999,-9999,-9999,-9999,-9999,-9999,-9999,-9999,-9999,-9999,-9999,-9999,-9999,-9999,-9999,-9999,-9999,-9999
"26-02-2014",-9999,-9999,-9999,-9999,-9999,-9999,-9999,-9999,-9999,-9999,-9999,-9999,-9999,-9999,-9999,-9999,-9999,-9999,-9999,-9999,-9999,-9999,-9999,-9999
"27-02-2014",-9999,-9999,-9999,-9999,-9999,-9999,-9999,-9999,-9999,-9999,-9999,-9999,-9999,-9999,-9999,-9999,-9999,-9999,-9999,-9999,-9999,-9999,-9999,-9999
"28-02-2014",-9999,-9999,-9999,-9999,-9999,-9999,-9999,-9999,-9999,-9999,-9999,-9999,-9999,-9999,-9999,-9999,-9999,-9999,-9999,-9999,-9999,-9999,-9999,-9999
"01-03-2014",-9999,-9999,-9999,-9999,-9999,-9999,-9999,-9999,-9999,-9999,-9999,-9999,-9999,-9999,-9999,-9999,-9999,-9999,-9999,-9999,-9999,-9999,-9999,-9999
"02-03-2014",-9999,-9999,-9999,-9999,-9999,-9999,-9999,-9999,-9999,-9999,-9999,-9999,-9999,-9999,-9999,-9999,-9999,-9999,-9999,-9999,-9999,-9999,-9999,-9999
"03-03-2014",-9999,-9999,-9999,-9999,-9999,-9999,-9999,-9999,-9999,-9999,-9999,-9999,-9999,-9999,-9999,-9999,-9999,-9999,-9999,-9999,-9999,-9999,-9999,-9999
"04-03-2014",-9999,-9999,-9999,-9999,-9999,-9999,-9999,-9999,-9999,-9999,-9999,-9999,-9999,-9999,-9999,-9999,-9999,-9999,-9999,-9999,-9999,-9999,-9999,-9999
"05-03-2014",-9999,-9999,-9999,-9999,-9999,-9999,-9999,-9999,-9999,-9999,-9999,-9999,-9999,-9999,-9999,-9999,-9999,-9999,-9999,-9999,-9999,-9999,-9999,-9999
"06-03-2014",-9999,-9999,-9999,-9999,-9999,-9999,-9999,-9999,-9999,-9999,-9999,-9999,-9999,-9999,-9999,-9999,-9999,-9999,-9999,-9999,-9999,-9999,-9999,-9999
"07-03-2014",-9999,-9999,-9999,-9999,-9999,-9999,-9999,-9999,-9999,-9999,-9999,-9999,-9999,-9999,-9999,-9999,-9999,-9999,-9999,-9999,-9999,-9999,-9999,-9999
"08-03-2014",-9999,-9999,-9999,-9999,-9999,-9999,-9999,-9999,-9999,-9999,-9999,-9999,-9999,-9999,-9999,-9999,-9999,-9999,-9999,-9999,-9999,-9999,-9999,-9999
"09-03-2014",-9999,-9999,-9999,-9999,-9999,-9999,-9999,-9999,-9999,-9999,-9999,-9999,-9999,-9999,-9999,-9999,-9999,-9999,-9999,-9999,-9999,-9999,-9999,-9999
"10-03-2014",-9999,-9999,-9999,-9999,-9999,-9999,-9999,-9999,-9999,-9999,-9999,-9999,-9999,-9999,-9999,-9999,-9999,-9999,-9999,-9999,-9999,-9999,-9999,-9999
"11-03-2014",-9999,-9999,-9999,-9999,-9999,-9999,-9999,-9999,-9999,-9999,-9999,-9999,-9999,-9999,-9999,-9999,-9999,-9999,-9999,-9999,-9999,-9999,-9999,-9999
"12-03-2014",-9999,-9999,-9999,-9999,-9999,-9999,-9999,-9999,-9999,-9999,-9999,-9999,-9999,-9999,-9999,-9999,-9999,-9999,-9999,-9999,-9999,-9999,-9999,-9999
"13-03-2014",-9999,-9999,-9999,-9999,-9999,-9999,-9999,-9999,-9999,-9999,-9999,-9999,-9999,-9999,-9999,-9999,-9999,-9999,-9999,-9999,-9999,-9999,-9999,-9999
"14-03-2014",-9999,-9999,-9999,-9999,-9999,-9999,-9999,-9999,-9999,-9999,-9999,-9999,-9999,-9999,-9999,-9999,-9999,-9999,-9999,-9999,-9999,-9999,-9999,-9999
"15-03-2014",-9999,-9999,-9999,-9999,-9999,-9999,-9999,-9999,-9999,-9999,-9999,-9999,-9999,-9999,-9999,-9999,-9999,-9999,-9999,-9999,-9999,-9999,-9999,-9999
"16-03-2014",-9999,-9999,-9999,-9999,-9999,-9999,-9999,-9999,-9999,-9999,-9999,-9999,-9999,-9999,-9999,-9999,-9999,-9999,-9999,-9999,-9999,-9999,-9999,-9999
"17-03-2014",-9999,-9999,-9999,-9999,-9999,-9999,-9999,-9999,-9999,-9999,-9999,-9999,-9999,-9999,-9999,-9999,-9999,-9999,-9999,-9999,-9999,-9999,-9999,-9999
"18-03-2014",-9999,-9999,-9999,-9999,-9999,-9999,-9999,-9999,-9999,-9999,-9999,-9999,-9999,-9999,-9999,-9999,-9999,-9999,-9999,-9999,-9999,-9999,-9999,-9999
"19-03-2014",-9999,-9999,-9999,-9999,-9999,-9999,-9999,-9999,-9999,-9999,-9999,-9999,-9999,-9999,-9999,-9999,-9999,-9999,-9999,-9999,-9999,-9999,-9999,-9999
"20-03-2014",-9999,-9999,-9999,-9999,-9999,-9999,-9999,-9999,-9999,-9999,-9999,-9999,-9999,-9999,-9999,-9999,-9999,-9999,-9999,-9999,-9999,-9999,-9999,-9999
"21-03-2014",-9999,-9999,-9999,-9999,-9999,-9999,-9999,-9999,-9999,-9999,-9999,-9999,-9999,-9999,-9999,-9999,-9999,-9999,-9999,-9999,-9999,-9999,-9999,-9999
"22-03-2014",-9999,-9999,-9999,-9999,-9999,-9999,-9999,-9999,-9999,-9999,-9999,-9999,-9999,-9999,-9999,-9999,-9999,-9999,-9999,-9999,-9999,-9999,-9999,-9999
"23-03-2014",-9999,-9999,-9999,-9999,-9999,-9999,-9999,-9999,-9999,-9999,-9999,-9999,-9999,-9999,-9999,-9999,-9999,-9999,-9999,-9999,-9999,-9999,-9999,-9999
"24-03-2014",-9999,-9999,-9999,-9999,-9999,-9999,-9999,-9999,-9999,-9999,-9999,-9999,-9999,-9999,-9999,-9999,-9999,-9999,-9999,-9999,-9999,-9999,-9999,-9999
"25-03-2014",-9999,-9999,-9999,-9999,-9999,-9999,-9999,-9999,-9999,-9999,-9999,-9999,-9999,-9999,-9999,-9999,-9999,-9999,-9999,-9999,-9999,-9999,-9999,-9999
"26-03-2014",-9999,-9999,-9999,-9999,-9999,-9999,-9999,-9999,-9999,-9999,-9999,-9999,-9999,-9999,-9999,-9999,-9999,-9999,-9999,-9999,-9999,-9999,-9999,-9999
"27-03-2014",-9999,-9999,-9999,-9999,-9999,-9999,-9999,-9999,-9999,-9999,-9999,-9999,-9999,-9999,-9999,-9999,-9999,-9999,-9999,-9999,-9999,-9999,-9999,-9999
"28-03-2014",-9999,-9999,-9999,-9999,-9999,-9999,-9999,-9999,-9999,-9999,-9999,-9999,-9999,-9999,-9999,-9999,-9999,-9999,-9999,-9999,-9999,-9999,-9999,-9999
"29-03-2014",-9999,-9999,-9999,-9999,-9999,-9999,-9999,-9999,-9999,-9999,-9999,-9999,-9999,-9999,-9999,-9999,-9999,-9999,-9999,-9999,-9999,-9999,-9999,-9999
"30-03-2014",-9999,-9999,-9999,-9999,-9999,-9999,-9999,-9999,-9999,-9999,-9999,-9999,-9999,-9999,-9999,-9999,-9999,-9999,-9999,-9999,-9999,-9999,-9999,-9999
"31-03-2014",-9999,-9999,-9999,-9999,-9999,-9999,-9999,-9999,-9999,-9999,-9999,-9999,-9999,-9999,-9999,-9999,-9999,-9999,-9999,-9999,-9999,-9999,-9999,-9999
"01-04-2014",-9999,-9999,-9999,-9999,-9999,-9999,-9999,-9999,-9999,-9999,-9999,-9999,-9999,-9999,-9999,-9999,-9999,-9999,-9999,-9999,-9999,-9999,-9999,-9999
"02-04-2014",-9999,-9999,-9999,-9999,-9999,-9999,-9999,-9999,-9999,-9999,-9999,-9999,-9999,-9999,-9999,-9999,-9999,-9999,-9999,-9999,-9999,-9999,-9999,-9999
"03-04-2014",-9999,-9999,-9999,-9999,-9999,-9999,-9999,-9999,-9999,-9999,-9999,-9999,-9999,-9999,-9999,-9999,-9999,-9999,-9999,-9999,-9999,-9999,-9999,-9999
"04-04-2014",-9999,-9999,-9999,-9999,-9999,-9999,-9999,-9999,-9999,-9999,-9999,-9999,-9999,-9999,-9999,-9999,-9999,-9999,-9999,-9999,-9999,-9999,-9999,-9999
"05-04-2014",-9999,-9999,-9999,-9999,-9999,-9999,-9999,-9999,-9999,-9999,-9999,-9999,-9999,-9999,-9999,-9999,-9999,-9999,-9999,-9999,-9999,-9999,-9999,-9999
"06-04-2014",-9999,-9999,-9999,-9999,-9999,-9999,-9999,-9999,-9999,-9999,-9999,-9999,-9999,-9999,-9999,-9999,-9999,-9999,-9999,-9999,-9999,-9999,-9999,-9999
"07-04-2014",-9999,-9999,-9999,-9999,-9999,-9999,-9999,-9999,-9999,-9999,-9999,-9999,-9999,-9999,-9999,-9999,-9999,-9999,-9999,-9999,-9999,-9999,-9999,-9999
"08-04-2014",-9999,-9999,-9999,-9999,-9999,-9999,-9999,-9999,-9999,-9999,-9999,-9999,-9999,-9999,-9999,-9999,-9999,-9999,-9999,-9999,-9999,-9999,-9999,-9999
"09-04-2014",-9999,-9999,-9999,-9999,-9999,-9999,-9999,-9999,-9999,-9999,-9999,-9999,-9999,-9999,-9999,-9999,-9999,-9999,-9999,-9999,-9999,-9999,-9999,-9999
"10-04-2014",-9999,-9999,-9999,-9999,-9999,-9999,-9999,-9999,-9999,-9999,-9999,-9999,-9999,-9999,-9999,-9999,-9999,-9999,-9999,-9999,-9999,-9999,-9999,-9999
"11-04-2014",-9999,-9999,-9999,-9999,-9999,-9999,-9999,-9999,-9999,-9999,-9999,-9999,-9999,-9999,-9999,-9999,-9999,-9999,-9999,-9999,-9999,-9999,-9999,-9999
"12-04-2014",-9999,-9999,-9999,-9999,-9999,-9999,-9999,-9999,-9999,-9999,-9999,-9999,-9999,-9999,-9999,-9999,-9999,-9999,-9999,-9999,-9999,-9999,-9999,-9999
"13-04-2014",-9999,-9999,-9999,-9999,-9999,-9999,-9999,-9999,-9999,-9999,-9999,-9999,-9999,-9999,-9999,-9999,-9999,-9999,-9999,-9999,-9999,-9999,-9999,-9999
"14-04-2014",-9999,-9999,-9999,-9999,-9999,-9999,-9999,-9999,-9999,-9999,-9999,-9999,-9999,-9999,-9999,-9999,-9999,-9999,-9999,-9999,-9999,-9999,-9999,-9999
"15-04-2014",-9999,-9999,-9999,-9999,-9999,-9999,-9999,-9999,-9999,-9999,-9999,-9999,-9999,-9999,-9999,-9999,-9999,-9999,-9999,-9999,-9999,-9999,-9999,-9999
"16-04-2014",-9999,-9999,-9999,-9999,-9999,-9999,-9999,-9999,-9999,-9999,-9999,-9999,-9999,-9999,-9999,-9999,-9999,-9999,-9999,-9999,-9999,-9999,-9999,-9999
"17-04-2014",-9999,-9999,-9999,-9999,-9999,-9999,-9999,-9999,-9999,-9999,-9999,-9999,-9999,-9999,-9999,-9999,-9999,-9999,-9999,-9999,-9999,-9999,-9999,-9999
"18-04-2014",-9999,-9999,-9999,-9999,-9999,-9999,-9999,-9999,-9999,-9999,-9999,-9999,-9999,-9999,-9999,-9999,-9999,-9999,-9999,-9999,-9999,-9999,-9999,-9999
"19-04-2014",-9999,-9999,-9999,-9999,-9999,-9999,-9999,-9999,-9999,-9999,-9999,-9999,-9999,-9999,-9999,-9999,-9999,-9999,-9999,-9999,-9999,-9999,-9999,-9999
"20-04-2014",-9999,-9999,-9999,-9999,-9999,-9999,-9999,-9999,-9999,-9999,-9999,-9999,-9999,-9999,-9999,-9999,-9999,-9999,-9999,-9999,-9999,-9999,-9999,-9999
"21-04-2014",-9999,-9999,-9999,-9999,-9999,-9999,-9999,-9999,-9999,-9999,-9999,-9999,-9999,-9999,-9999,-9999,-9999,-9999,-9999,-9999,-9999,-9999,-9999,-9999
"22-04-2014",-9999,-9999,-9999,-9999,-9999,-9999,-9999,-9999,-9999,-9999,-9999,-9999,-9999,-9999,-9999,-9999,-9999,-9999,-9999,-9999,-9999,-9999,-9999,-9999
"23-04-2014",-9999,-9999,-9999,-9999,-9999,-9999,-9999,-9999,-9999,-9999,-9999,-9999,-9999,-9999,-9999,-9999,-9999,-9999,-9999,-9999,-9999,-9999,-9999,-9999
"24-04-2014",-9999,-9999,-9999,-9999,-9999,-9999,-9999,-9999,-9999,-9999,-9999,-9999,-9999,-9999,-9999,-9999,-9999,-9999,-9999,-9999,-9999,-9999,-9999,-9999
"25-04-2014",-9999,-9999,-9999,-9999,-9999,-9999,-9999,-9999,-9999,-9999,-9999,-9999,-9999,-9999,-9999,-9999,-9999,-9999,-9999,-9999,-9999,-9999,-9999,-9999
"26-04-2014",-9999,-9999,-9999,-9999,-9999,-9999,-9999,-9999,-9999,-9999,-9999,-9999,-9999,-9999,-9999,-9999,-9999,-9999,-9999,-9999,-9999,-9999,-9999,-9999
"27-04-2014",-9999,-9999,-9999,-9999,-9999,-9999,-9999,-9999,-9999,-9999,-9999,-9999,-9999,-9999,-9999,-9999,-9999,-9999,-9999,-9999,-9999,-9999,-9999,-9999
"28-04-2014",-9999,-9999,-9999,-9999,-9999,-9999,-9999,-9999,-9999,-9999,-9999,-9999,-9999,-9999,-9999,-9999,-9999,-9999,-9999,-9999,-9999,-9999,-9999,-9999
"29-04-2014",-9999,-9999,-9999,-9999,-9999,-9999,-9999,-9999,-9999,-9999,-9999,-9999,-9999,-9999,-9999,-9999,-9999,-9999,-9999,-9999,-9999,-9999,-9999,-9999
"30-04-2014",-9999,-9999,-9999,-9999,-9999,-9999,-9999,-9999,-9999,-9999,-9999,-9999,-9999,-9999,-9999,-9999,-9999,-9999,-9999,-9999,-9999,-9999,-9999,-9999
"01-05-2014",-9999,-9999,-9999,-9999,-9999,-9999,-9999,-9999,-9999,-9999,-9999,-9999,-9999,-9999,-9999,-9999,-9999,-9999,-9999,-9999,-9999,-9999,-9999,-9999
"02-05-2014",-9999,-9999,-9999,-9999,-9999,-9999,-9999,-9999,-9999,-9999,-9999,-9999,-9999,-9999,-9999,-9999,-9999,-9999,-9999,-9999,-9999,-9999,-9999,-9999
"03-05-2014",-9999,-9999,-9999,-9999,-9999,-9999,-9999,-9999,-9999,-9999,-9999,-9999,-9999,-9999,-9999,-9999,-9999,-9999,-9999,-9999,-9999,-9999,-9999,-9999
"04-05-2014",-9999,-9999,-9999,-9999,-9999,-9999,-9999,-9999,-9999,-9999,-9999,-9999,-9999,-9999,-9999,-9999,-9999,-9999,-9999,-9999,-9999,-9999,-9999,-9999
"05-05-2014",-9999,-9999,-9999,-9999,-9999,-9999,-9999,-9999,-9999,-9999,-9999,-9999,-9999,-9999,-9999,-9999,-9999,-9999,-9999,-9999,-9999,-9999,-9999,-9999
"06-05-2014",-9999,-9999,-9999,-9999,-9999,-9999,-9999,-9999,-9999,-9999,-9999,-9999,-9999,-9999,-9999,-9999,-9999,-9999,-9999,-9999,-9999,-9999,-9999,-9999
"07-05-2014",-9999,-9999,-9999,-9999,-9999,-9999,-9999,-9999,-9999,-9999,-9999,-9999,-9999,-9999,-9999,-9999,-9999,-9999,-9999,-9999,-9999,-9999,-9999,-9999
"08-05-2014",-9999,-9999,-9999,-9999,-9999,-9999,-9999,-9999,-9999,-9999,-9999,-9999,-9999,-9999,-9999,-9999,-9999,-9999,-9999,-9999,-9999,-9999,-9999,-9999
"09-05-2014",-9999,-9999,-9999,-9999,-9999,-9999,-9999,-9999,-9999,-9999,-9999,-9999,-9999,-9999,-9999,-9999,-9999,-9999,-9999,-9999,-9999,-9999,-9999,-9999
"10-05-2014",-9999,-9999,-9999,-9999,-9999,-9999,-9999,-9999,-9999,-9999,-9999,-9999,-9999,-9999,-9999,-9999,-9999,-9999,-9999,-9999,-9999,-9999,-9999,-9999
"11-05-2014",-9999,-9999,-9999,-9999,-9999,-9999,-9999,-9999,-9999,-9999,-9999,-9999,-9999,-9999,-9999,-9999,-9999,-9999,-9999,-9999,-9999,-9999,-9999,-9999
"12-05-2014",-9999,-9999,-9999,-9999,-9999,-9999,-9999,-9999,-9999,-9999,-9999,-9999,-9999,-9999,-9999,-9999,-9999,-9999,-9999,-9999,-9999,-9999,-9999,-9999
"13-05-2014",-9999,-9999,-9999,-9999,-9999,-9999,-9999,-9999,-9999,-9999,-9999,-9999,-9999,-9999,-9999,-9999,-9999,-9999,-9999,-9999,-9999,-9999,-9999,-9999
"14-05-2014",-9999,-9999,-9999,-9999,-9999,-9999,-9999,-9999,-9999,-9999,-9999,-9999,-9999,-9999,-9999,-9999,-9999,-9999,-9999,-9999,-9999,-9999,-9999,-9999
"15-05-2014",-9999,-9999,-9999,-9999,-9999,-9999,-9999,-9999,-9999,-9999,-9999,-9999,-9999,-9999,-9999,-9999,-9999,-9999,-9999,-9999,-9999,-9999,-9999,-9999
"16-05-2014",-9999,-9999,-9999,-9999,-9999,-9999,-9999,-9999,-9999,-9999,-9999,-9999,-9999,-9999,-9999,-9999,-9999,-9999,-9999,-9999,-9999,-9999,-9999,-9999
"17-05-2014",-9999,-9999,-9999,-9999,-9999,-9999,-9999,-9999,-9999,-9999,-9999,-9999,-9999,-9999,-9999,-9999,-9999,-9999,-9999,-9999,-9999,-9999,-9999,-9999
"18-05-2014",-9999,-9999,-9999,-9999,-9999,-9999,-9999,-9999,-9999,-9999,-9999,-9999,-9999,-9999,-9999,-9999,-9999,-9999,-9999,-9999,-9999,-9999,-9999,-9999
"19-05-2014",-9999,-9999,-9999,-9999,-9999,-9999,-9999,-9999,-9999,-9999,-9999,-9999,-9999,-9999,-9999,-9999,-9999,-9999,-9999,-9999,-9999,-9999,-9999,-9999
"20-05-2014",-9999,-9999,-9999,-9999,-9999,-9999,-9999,-9999,-9999,-9999,-9999,-9999,-9999,-9999,-9999,-9999,-9999,-9999,-9999,-9999,-9999,-9999,-9999,-9999
"21-05-2014",-9999,-9999,-9999,-9999,-9999,-9999,-9999,-9999,-9999,-9999,-9999,-9999,-9999,-9999,-9999,-9999,-9999,-9999,-9999,-9999,-9999,-9999,-9999,-9999
"22-05-2014",-9999,-9999,-9999,-9999,-9999,-9999,-9999,-9999,-9999,-9999,-9999,-9999,-9999,-9999,-9999,-9999,-9999,-9999,-9999,-9999,-9999,-9999,-9999,-9999
"23-05-2014",-9999,-9999,-9999,-9999,-9999,-9999,-9999,-9999,-9999,-9999,-9999,-9999,-9999,-9999,-9999,-9999,-9999,-9999,-9999,-9999,-9999,-9999,-9999,-9999
"24-05-2014",-9999,-9999,-9999,-9999,-9999,-9999,-9999,-9999,-9999,-9999,-9999,-9999,-9999,-9999,-9999,-9999,-9999,-9999,-9999,-9999,-9999,-9999,-9999,-9999
"25-05-2014",-9999,-9999,-9999,-9999,-9999,-9999,-9999,-9999,-9999,-9999,-9999,-9999,-9999,-9999,-9999,-9999,-9999,-9999,-9999,-9999,-9999,-9999,-9999,-9999
"26-05-2014",-9999,-9999,-9999,-9999,-9999,-9999,-9999,-9999,-9999,-9999,-9999,-9999,-9999,-9999,-9999,-9999,-9999,-9999,-9999,-9999,-9999,-9999,-9999,-9999
"27-05-2014",-9999,-9999,-9999,-9999,-9999,-9999,-9999,-9999,-9999,-9999,-9999,-9999,-9999,-9999,-9999,-9999,-9999,-9999,-9999,-9999,-9999,-9999,-9999,-9999
"28-05-2014",-9999,-9999,-9999,-9999,-9999,-9999,-9999,-9999,-9999,-9999,-9999,-9999,-9999,-9999,-9999,-9999,-9999,-9999,-9999,-9999,-9999,-9999,-9999,-9999
"29-05-2014",-9999,-9999,-9999,-9999,-9999,-9999,-9999,-9999,-9999,-9999,-9999,-9999,-9999,-9999,-9999,-9999,-9999,-9999,-9999,-9999,-9999,-9999,-9999,-9999
"30-05-2014",-9999,-9999,-9999,-9999,-9999,-9999,-9999,-9999,-9999,-9999,-9999,-9999,-9999,-9999,-9999,-9999,-9999,-9999,-9999,-9999,-9999,-9999,-9999,-9999
"31-05-2014",-9999,-9999,-9999,-9999,-9999,-9999,-9999,-9999,-9999,-9999,-9999,-9999,-9999,-9999,-9999,-9999,-9999,-9999,-9999,-9999,-9999,-9999,-9999,-9999
"01-06-2014",4,4,4,4,4,4,6,7,8,9,9,10,11,7,7,5,4,4,5,4,4,4,4,4
"02-06-2014",4,4,4,4,4,4,6,7,8,7,8,9,10,7,7,6,6,6,8,6,6,6,7,8
"03-06-2014",7,7,7,6,6,7,8,10,10,11,11,12,11,9,8,6,6,6,6,7,6,6,6,6
"04-06-2014",6,5,5,5,5,6,8,9,10,11,12,13,14,10,9,7,7,7,7,7,7,7,7,6
"05-06-2014",7,6,6,6,6,6,9,10,11,11,12,13,-9999,-9999,-9999,-9999,-9999,-9999,-9999,-9999,-9999,-9999,-9999,-9999
"06-06-2014",77,67,79,84,109,7,9,11,11,12,13,14,15,13,11,9,9,14,15,11,9,9,8,8
"07-06-2014",8,8,8,8,8,8,10,11,12,13,14,16,16,13,12,11,13,9,12,11,9,9,8,8
"08-06-2014",7,7,7,7,7,7,9,11,13,14,15,16,16,12,12,7,7,7,7,10,9,9,8,8
"09-06-2014",8,8,8,8,8,8,10,12,14,15,25,28,19,14,14,8,9,9,9,9,8,8,8,8
"10-06-2014",8,8,8,8,8,8,10,12,14,15,17,18,19,14,13,7,7,7,7,7,8,7,7,7
"11-06-2014",7,8,7,7,7,7,10,11,12,14,15,17,19,17,14,10,9,8,11,9,8,7,7,7
"12-06-2014",7,7,7,7,7,8,10,12,15,16,17,19,19,15,13,7,8,9,10,8,6,6,6,5
"13-06-2014",5,6,6,9,9,7,7,9,12,12,13,16,17,13,13,7,7,7,10,9,9,8,8,8
"14-06-2014",8,8,7,8,8,8,10,12,13,14,14,15,14,11,10,5,4,6,7,8,6,6,6,6
"15-06-2014",6,5,5,8,8,6,10,10,11,15,15,16,77,93,123,46,36,38,33,24,24,17,13,14
"16-06-2014",10,9,8,7,7,7,12,28,58,60,57,91,128,158,160,204,203,167,141,96,120,114,100,98
"17-06-2014",-9999,-9999,-9999,-9999,-9999,-9999,-9999,-9999,-9999,-9999,-9999,-9999,-9999,-9999,-9999,-9999,-9999,-9999,-9999,-9999,-9999,-9999,-9999,-9999
"18-06-2014",-9999,-9999,-9999,-9999,-9999,-9999,-9999,-9999,-9999,-9999,-9999,-9999,-9999,-9999,-9999,-9999,-9999,-9999,-9999,-9999,-9999,-9999,-9999,-9999
"19-06-2014",15,15,14,14,15,15,21,20,23,24,37,62,83,18,19,14,12,12,14,13,16,17,22,23
"20-06-2014",21,21,23,21,22,21,23,25,28,30,30,33,29,15,15,12,12,11,12,12,13,14,13,13
"21-06-2014",12,11,11,11,11,12,14,15,14,15,15,19,18,13,13,9,8,8,8,9,10,10,10,10
"22-06-2014",10,9,9,9,8,9,11,13,14,13,14,16,17,15,14,8,8,8,8,9,9,9,10,11
"23-06-2014",10,10,11,11,10,11,13,15,16,18,22,36,14,11,9,10,10,10,11,12,13,13,12,12
"24-06-2014",12,13,12,12,10,9,8,7,7,7,7,7,7,8,8,8,9,9,9,9,8,9,9,9
"25-06-2014",9,9,9,9,10,9,8,8,8,8,7,7,8,9,10,11,11,13,10,18,9,9,9,9
"26-06-2014",8,8,9,9,9,9,8,8,8,8,8,7,8,9,9,9,9,11,10,12,15,13,11,11
"27-06-2014",11,10,10,10,10,10,9,9,9,8,8,8,8,8,8,9,8,9,9,9,9,9,9,9
"28-06-2014",9,9,9,9,9,9,8,8,8,8,8,8,7,8,9,9,9,9,9,9,9,9,9,10
"29-06-2014",10,10,9,9,9,9,8,8,8,7,7,7,8,8,8,9,8,8,8,9,9,9,9,9
"30-06-2014",9,9,10,10,9,9,8,8,8,8,7,7,7,8,8,9,9,9,9,9,9,10,9,11
"01-07-2014",-9999,-9999,-9999,-9999,-9999,-9999,-9999,-9999,-9999,-9999,-9999,-9999,-9999,-9999,-9999,-9999,-9999,-9999,-9999,-9999,-9999,-9999,-9999,-9999
"02-07-2014",-9999,-9999,-9999,-9999,-9999,-9999,-9999,-9999,-9999,-9999,-9999,-9999,-9999,-9999,-9999,-9999,-9999,-9999,-9999,-9999,-9999,-9999,-9999,-9999
"03-07-2014",-9999,-9999,-9999,-9999,-9999,-9999,-9999,-9999,-9999,-9999,-9999,-9999,-9999,-9999,-9999,-9999,-9999,-9999,-9999,-9999,-9999,-9999,-9999,-9999
"04-07-2014",-9999,-9999,-9999,-9999,-9999,-9999,-9999,-9999,-9999,-9999,-9999,-9999,-9999,-9999,-9999,-9999,-9999,-9999,-9999,-9999,-9999,-9999,-9999,-9999
"05-07-2014",-9999,-9999,-9999,-9999,-9999,-9999,-9999,-9999,-9999,-9999,-9999,-9999,-9999,-9999,-9999,-9999,-9999,-9999,-9999,-9999,-9999,-9999,-9999,-9999
"06-07-2014",-9999,-9999,-9999,-9999,-9999,-9999,-9999,-9999,-9999,-9999,-9999,-9999,-9999,-9999,-9999,-9999,-9999,-9999,-9999,-9999,-9999,-9999,-9999,-9999
"07-07-2014",-9999,-9999,-9999,-9999,-9999,-9999,-9999,-9999,-9999,-9999,-9999,-9999,-9999,-9999,-9999,-9999,-9999,-9999,-9999,-9999,-9999,-9999,-9999,-9999
"08-07-2014",-9999,-9999,-9999,-9999,-9999,-9999,-9999,-9999,-9999,-9999,-9999,-9999,-9999,-9999,-9999,-9999,-9999,-9999,-9999,-9999,-9999,-9999,-9999,-9999
"09-07-2014",-9999,-9999,-9999,-9999,-9999,-9999,-9999,-9999,-9999,-9999,-9999,-9999,-9999,-9999,-9999,-9999,-9999,-9999,-9999,-9999,-9999,-9999,-9999,-9999
"10-07-2014",-9999,-9999,-9999,-9999,-9999,-9999,-9999,-9999,-9999,-9999,-9999,-9999,-9999,-9999,-9999,-9999,-9999,-9999,-9999,-9999,-9999,-9999,-9999,-9999
"11-07-2014",-9999,-9999,-9999,-9999,-9999,-9999,-9999,-9999,-9999,-9999,-9999,-9999,-9999,-9999,-9999,-9999,-9999,-9999,-9999,-9999,-9999,-9999,-9999,-9999
"12-07-2014",-9999,-9999,-9999,-9999,-9999,-9999,-9999,-9999,-9999,-9999,-9999,-9999,-9999,-9999,-9999,-9999,-9999,-9999,-9999,-9999,-9999,-9999,-9999,-9999
"13-07-2014",-9999,-9999,-9999,-9999,-9999,-9999,-9999,-9999,-9999,-9999,-9999,-9999,-9999,-9999,-9999,-9999,-9999,-9999,-9999,-9999,-9999,-9999,-9999,-9999
"14-07-2014",-9999,-9999,-9999,-9999,-9999,-9999,-9999,-9999,-9999,-9999,-9999,-9999,-9999,-9999,-9999,-9999,-9999,-9999,-9999,-9999,-9999,-9999,-9999,-9999
"15-07-2014",-9999,-9999,-9999,-9999,-9999,-9999,-9999,-9999,-9999,-9999,-9999,-9999,-9999,-9999,-9999,-9999,-9999,-9999,-9999,-9999,-9999,-9999,-9999,-9999
"16-07-2014",-9999,-9999,-9999,-9999,-9999,-9999,-9999,-9999,-9999,-9999,-9999,-9999,-9999,-9999,-9999,-9999,-9999,-9999,-9999,-9999,-9999,-9999,-9999,-9999
"17-07-2014",-9999,-9999,-9999,-9999,-9999,-9999,-9999,-9999,-9999,-9999,-9999,-9999,-9999,-9999,-9999,-9999,-9999,-9999,-9999,-9999,-9999,-9999,-9999,-9999
"18-07-2014",-9999,-9999,-9999,-9999,-9999,-9999,-9999,-9999,-9999,-9999,-9999,-9999,-9999,-9999,-9999,-9999,-9999,-9999,-9999,-9999,-9999,-9999,-9999,-9999
"19-07-2014",-9999,-9999,-9999,-9999,-9999,-9999,-9999,-9999,-9999,-9999,-9999,-9999,-9999,-9999,-9999,-9999,-9999,-9999,-9999,-9999,-9999,-9999,-9999,-9999
"20-07-2014",-9999,-9999,-9999,-9999,-9999,-9999,-9999,-9999,-9999,-9999,-9999,-9999,-9999,-9999,-9999,-9999,-9999,-9999,-9999,-9999,-9999,-9999,-9999,-9999
"21-07-2014",-9999,-9999,-9999,-9999,-9999,-9999,-9999,-9999,-9999,-9999,-9999,-9999,-9999,-9999,-9999,-9999,-9999,-9999,-9999,-9999,-9999,-9999,-9999,-9999
"22-07-2014",-9999,-9999,-9999,-9999,-9999,-9999,-9999,-9999,-9999,-9999,-9999,-9999,-9999,-9999,-9999,-9999,-9999,-9999,-9999,-9999,-9999,-9999,-9999,-9999
"23-07-2014",-9999,-9999,-9999,-9999,-9999,-9999,-9999,-9999,-9999,-9999,-9999,-9999,-9999,-9999,-9999,-9999,-9999,-9999,-9999,-9999,-9999,-9999,-9999,-9999
"24-07-2014",-9999,-9999,-9999,-9999,-9999,-9999,-9999,-9999,-9999,-9999,-9999,-9999,-9999,-9999,-9999,-9999,-9999,-9999,-9999,-9999,-9999,-9999,-9999,-9999
"25-07-2014",-9999,-9999,-9999,-9999,-9999,-9999,-9999,-9999,-9999,-9999,-9999,-9999,-9999,-9999,-9999,-9999,-9999,-9999,-9999,-9999,-9999,-9999,-9999,-9999
"26-07-2014",-9999,-9999,-9999,-9999,-9999,-9999,-9999,-9999,-9999,-9999,-9999,-9999,-9999,-9999,-9999,-9999,-9999,-9999,-9999,-9999,-9999,-9999,-9999,-9999
"27-07-2014",-9999,-9999,-9999,-9999,-9999,-9999,-9999,-9999,-9999,-9999,-9999,-9999,-9999,-9999,-9999,-9999,-9999,-9999,-9999,-9999,-9999,-9999,-9999,-9999
"28-07-2014",-9999,-9999,-9999,-9999,-9999,-9999,-9999,-9999,-9999,-9999,-9999,-9999,-9999,-9999,-9999,-9999,-9999,-9999,-9999,-9999,-9999,-9999,-9999,-9999
"29-07-2014",-9999,-9999,-9999,-9999,-9999,-9999,-9999,-9999,-9999,-9999,-9999,-9999,-9999,-9999,-9999,-9999,-9999,-9999,-9999,-9999,-9999,-9999,-9999,-9999
"30-07-2014",-9999,-9999,-9999,-9999,-9999,-9999,-9999,-9999,-9999,-9999,-9999,-9999,-9999,-9999,-9999,-9999,-9999,-9999,-9999,-9999,-9999,-9999,-9999,-9999
"31-07-2014",-9999,-9999,-9999,-9999,-9999,-9999,-9999,-9999,-9999,-9999,-9999,-9999,-9999,-9999,-9999,-9999,-9999,-9999,-9999,-9999,-9999,-9999,-9999,-9999
"01-08-2014",-9999,-9999,-9999,-9999,-9999,-9999,-9999,-9999,-9999,-9999,-9999,-9999,-9999,-9999,-9999,-9999,-9999,-9999,-9999,-9999,-9999,-9999,-9999,-9999
"02-08-2014",-9999,-9999,-9999,-9999,-9999,-9999,-9999,-9999,-9999,-9999,-9999,-9999,-9999,-9999,-9999,-9999,-9999,-9999,-9999,-9999,-9999,-9999,-9999,-9999
"03-08-2014",-9999,-9999,-9999,-9999,-9999,-9999,-9999,-9999,-9999,-9999,-9999,-9999,-9999,-9999,-9999,-9999,-9999,-9999,-9999,-9999,-9999,-9999,-9999,-9999
"04-08-2014",-9999,-9999,-9999,-9999,-9999,-9999,-9999,-9999,-9999,-9999,-9999,-9999,-9999,-9999,-9999,-9999,-9999,-9999,-9999,-9999,-9999,-9999,-9999,-9999
"05-08-2014",-9999,-9999,-9999,-9999,-9999,-9999,-9999,-9999,-9999,-9999,-9999,-9999,-9999,-9999,-9999,-9999,-9999,-9999,-9999,-9999,-9999,-9999,-9999,-9999
"06-08-2014",-9999,-9999,-9999,-9999,-9999,-9999,-9999,-9999,-9999,-9999,-9999,-9999,-9999,-9999,-9999,-9999,-9999,-9999,-9999,-9999,-9999,-9999,-9999,-9999
"07-08-2014",-9999,-9999,-9999,-9999,-9999,-9999,-9999,-9999,-9999,-9999,-9999,-9999,-9999,-9999,-9999,-9999,-9999,-9999,-9999,-9999,-9999,-9999,-9999,-9999
"08-08-2014",-9999,-9999,-9999,-9999,-9999,-9999,-9999,-9999,-9999,-9999,-9999,-9999,-9999,-9999,-9999,-9999,-9999,-9999,-9999,-9999,-9999,-9999,-9999,-9999
"09-08-2014",-9999,-9999,-9999,-9999,-9999,-9999,-9999,-9999,-9999,-9999,-9999,-9999,-9999,-9999,-9999,-9999,-9999,-9999,-9999,-9999,-9999,-9999,-9999,-9999
"10-08-2014",-9999,-9999,-9999,-9999,-9999,-9999,-9999,-9999,-9999,-9999,-9999,-9999,-9999,-9999,-9999,-9999,-9999,-9999,-9999,-9999,-9999,-9999,-9999,-9999
"11-08-2014",-9999,-9999,-9999,-9999,-9999,-9999,-9999,-9999,-9999,-9999,-9999,-9999,-9999,-9999,-9999,-9999,-9999,-9999,-9999,-9999,-9999,-9999,-9999,-9999
"12-08-2014",-9999,-9999,-9999,-9999,-9999,-9999,-9999,-9999,-9999,-9999,-9999,-9999,-9999,-9999,-9999,-9999,-9999,-9999,-9999,-9999,-9999,-9999,-9999,-9999
"13-08-2014",-9999,-9999,-9999,-9999,-9999,-9999,-9999,-9999,-9999,-9999,-9999,-9999,-9999,-9999,-9999,-9999,-9999,-9999,-9999,-9999,-9999,-9999,-9999,-9999
"14-08-2014",-9999,-9999,-9999,-9999,-9999,-9999,-9999,-9999,-9999,-9999,-9999,-9999,-9999,-9999,-9999,-9999,-9999,-9999,-9999,-9999,-9999,-9999,-9999,-9999
"15-08-2014",-9999,-9999,-9999,-9999,-9999,-9999,-9999,-9999,-9999,-9999,-9999,-9999,-9999,-9999,-9999,-9999,-9999,-9999,-9999,-9999,-9999,-9999,-9999,-9999
"16-08-2014",-9999,-9999,-9999,-9999,-9999,-9999,-9999,-9999,-9999,-9999,-9999,-9999,-9999,-9999,-9999,-9999,-9999,-9999,-9999,-9999,-9999,-9999,-9999,-9999
"17-08-2014",-9999,-9999,-9999,-9999,-9999,-9999,-9999,-9999,-9999,-9999,-9999,-9999,-9999,-9999,-9999,-9999,-9999,-9999,-9999,-9999,-9999,-9999,-9999,-9999
"18-08-2014",-9999,-9999,-9999,-9999,-9999,-9999,-9999,-9999,-9999,-9999,-9999,-9999,-9999,-9999,-9999,-9999,-9999,-9999,-9999,-9999,-9999,-9999,-9999,-9999
"19-08-2014",-9999,-9999,-9999,-9999,-9999,-9999,-9999,-9999,-9999,-9999,-9999,-9999,-9999,-9999,-9999,-9999,-9999,-9999,-9999,-9999,-9999,-9999,-9999,-9999
"20-08-2014",-9999,-9999,-9999,-9999,-9999,-9999,-9999,-9999,-9999,-9999,-9999,-9999,-9999,-9999,-9999,-9999,-9999,-9999,-9999,-9999,-9999,-9999,-9999,-9999
"21-08-2014",-9999,-9999,-9999,-9999,-9999,-9999,-9999,-9999,-9999,-9999,-9999,-9999,-9999,-9999,-9999,-9999,-9999,-9999,-9999,-9999,-9999,-9999,-9999,-9999
"22-08-2014",-9999,-9999,-9999,-9999,-9999,-9999,-9999,-9999,-9999,-9999,-9999,-9999,-9999,-9999,-9999,-9999,-9999,-9999,-9999,-9999,-9999,-9999,-9999,-9999
"23-08-2014",-9999,-9999,-9999,-9999,-9999,-9999,-9999,-9999,-9999,-9999,-9999,-9999,-9999,-9999,-9999,-9999,-9999,-9999,-9999,-9999,-9999,-9999,-9999,-9999
"24-08-2014",-9999,-9999,-9999,-9999,-9999,-9999,-9999,-9999,-9999,-9999,-9999,-9999,-9999,-9999,-9999,-9999,-9999,-9999,-9999,-9999,-9999,-9999,-9999,-9999
"25-08-2014",-9999,-9999,-9999,-9999,-9999,-9999,-9999,-9999,-9999,-9999,-9999,-9999,-9999,-9999,-9999,-9999,-9999,-9999,-9999,-9999,-9999,-9999,-9999,-9999
"26-08-2014",-9999,-9999,-9999,-9999,-9999,-9999,-9999,-9999,-9999,-9999,-9999,-9999,-9999,-9999,-9999,-9999,-9999,-9999,-9999,-9999,-9999,-9999,-9999,-9999
"27-08-2014",14,14,13,13,14,14,15,19,21,23,22,21,23,21,22,18,15,14,14,14,14,14,14,13
"28-08-2014",14,14,14,14,14,14,16,21,22,22,21,20,21,19,20,17,15,15,14,14,13,14,14,14
"29-08-2014",14,14,15,15,15,15,17,21,23,21,21,20,20,19,20,16,14,14,15,15,14,14,14,14
"30-08-2014",14,14,13,14,14,14,16,20,21,21,20,20,20,19,20,17,15,15,14,15,15,15,15,15
"31-08-2014",14,14,14,14,14,14,16,20,22,21,21,21,21,20,20,17,15,15,14,15,15,15,15,15
"01-09-2014",15,15,15,15,15,15,17,21,23,22,21,21,21,19,21,17,16,15,14,15,15,15,15,16
"02-09-2014",16,16,16,16,16,15,17,21,23,23,23,23,24,21,22,17,15,15,15,15,16,16,16,16
"03-09-2014",15,15,15,16,16,16,18,21,24,24,24,23,23,21,22,18,17,16,17,17,17,17,17,17
"04-09-2014",17,17,17,17,17,17,18,22,25,25,24,23,23,22,22,18,17,16,16,17,17,17,18,17
"05-09-2014",17,17,17,17,17,17,19,22,25,25,-9999,-9999,-9999,-9999,-9999,-9999,-9999,-9999,-9999,-9999,-9999,-9999,-9999,-9999
"06-09-2014",-9999,-9999,-9999,-9999,-9999,-9999,-9999,-9999,-9999,-9999,-9999,-9999,-9999,-9999,-9999,-9999,-9999,-9999,-9999,-9999,-9999,-9999,-9999,-9999
"07-09-2014",-9999,-9999,-9999,-9999,-9999,-9999,-9999,-9999,-9999,-9999,-9999,-9999,-9999,-9999,-9999,-9999,-9999,-9999,-9999,-9999,-9999,-9999,-9999,-9999
"08-09-2014",-9999,-9999,-9999,-9999,-9999,-9999,-9999,-9999,-9999,-9999,-9999,-9999,-9999,-9999,-9999,-9999,-9999,-9999,-9999,-9999,-9999,-9999,-9999,-9999
"09-09-2014",-9999,-9999,-9999,-9999,-9999,-9999,-9999,-9999,-9999,-9999,-9999,-9999,-9999,-9999,-9999,-9999,-9999,-9999,-9999,-9999,-9999,-9999,-9999,-9999
"10-09-2014",-9999,-9999,-9999,-9999,-9999,-9999,-9999,-9999,-9999,-9999,-9999,-9999,-9999,-9999,-9999,-9999,-9999,-9999,-9999,-9999,-9999,-9999,-9999,-9999
"11-09-2014",-9999,-9999,-9999,-9999,-9999,24,25,29,30,29,28,27,27,27,28,25,25,25,24,25,26,25,24,24
"12-09-2014",24,24,24,24,25,25,26,28,30,30,29,29,29,28,28,26,25,25,25,25,26,26,26,25
"13-09-2014",25,25,25,25,25,25,27,30,31,30,29,29,29,28,28,27,26,26,26,26,26,26,26,25
"14-09-2014",25,25,26,25,25,25,27,30,31,30,29,29,29,28,29,27,27,26,26,26,26,26,26,26
"15-09-2014",26,26,26,26,26,26,27,32,32,31,30,30,29,29,29,28,28,27,35,28,27,27,27,27
"16-09-2014",26,26,25,25,25,26,27,30,33,32,30,29,30,30,30,28,26,26,28,27,28,28,27,27
"17-09-2014",26,26,26,26,26,26,27,31,33,31,30,29,29,28,31,29,27,26,28,27,26,27,27,26
"18-09-2014",27,26,26,26,26,26,28,31,33,-9999,-9999,-9999,-9999,-9999,-9999,-9999,-9999,-9999,-9999,-9999,-9999,-9999,-9999,-9999
"19-09-2014",-9999,-9999,-9999,-9999,26,26,28,32,33,32,30,30,29,29,29,28,28,27,27,29,28,28,27,26
"20-09-2014",26,26,26,26,26,27,28,31,32,31,30,30,30,29,30,29,28,27,28,26,26,27,27,27
"21-09-2014",27,27,27,26,27,27,28,31,32,31,30,30,30,30,30,28,27,27,27,27,27,27,27,27
"22-09-2014",27,27,27,27,27,28,29,33,34,33,32,31,31,30,30,29,28,28,27,27,28,28,28,27
"23-09-2014",27,28,28,27,27,27,29,33,32,33,33,32,31,31,31,29,28,28,29,29,29,29,29,29
"24-09-2014",29,29,29,29,28,28,29,33,34,34,33,33,34,32,33,31,30,30,30,29,31,30,30,30
"25-09-2014",29,29,29,29,29,29,30,33,35,34,33,32,33,31,33,29,28,28,28,28,29,29,29,28
"26-09-2014",28,28,29,29,28,29,31,34,36,36,34,32,32,31,31,30,28,28,30,30,30,30,29,29
"27-09-2014",29,29,29,29,28,30,30,32,32,33,33,31,31,30,31,30,29,29,28,28,28,27,28,28
"28-09-2014",29,28,28,28,28,29,28,30,31,32,32,31,30,30,31,29,28,28,28,29,28,29,28,28
"29-09-2014",29,29,28,28,28,29,29,31,32,33,32,31,31,31,31,29,28,28,28,28,28,28,28,28
"30-09-2014",29,28,28,28,28,29,30,32,33,33,34,33,39,32,32,31,30,29,31,30,30,30,29,28
"01-10-2014",29,29,29,29,29,28,30,33,34,34,34,33,32,32,37,33,33,31,30,31,31,32,31,31
"02-10-2014",30,30,30,30,30,30,32,35,37,36,36,34,35,36,38,32,31,31,31,32,31,31,31,31
"03-10-2014",31,31,31,31,30,30,31,34,37,37,37,36,35,34,34,32,31,30,30,29,30,30,30,30
"04-10-2014",29,30,30,30,30,30,32,34,36,37,37,35,33,33,33,32,31,30,31,30,31,31,31,31
"05-10-2014",31,31,31,31,31,31,32,35,36,37,36,35,35,34,33,31,30,31,31,31,31,31,30,31
"06-10-2014",31,30,31,31,31,31,32,35,37,38,40,38,36,35,36,33,32,32,32,32,32,31,32,32
"07-10-2014",32,31,31,31,32,32,33,36,37,38,38,38,38,35,35,32,32,32,31,32,32,32,32,32
"08-10-2014",31,32,31,32,32,32,33,34,35,36,37,36,34,34,34,32,32,31,31,31,32,32,33,32
"09-10-2014",32,32,32,32,32,32,33,36,36,38,38,37,37,34,34,33,32,32,32,32,34,35,34,34
"10-10-2014",32,33,33,32,32,33,34,37,38,39,39,39,41,37,37,34,33,33,33,33,33,33,33,33
"11-10-2014",34,33,33,33,33,33,33,34,37,37,38,37,37,36,36,35,34,35,39,35,34,34,33,34
"12-10-2014",34,33,33,34,33,33,33,35,36,37,37,36,35,39,42,35,34,34,34,33,34,34,33,33
"13-10-2014",33,33,33,33,33,33,35,38,39,-9999,-9999,-9999,-9999,-9999,-9999,-9999,-9999,-9999,-9999,-9999,-9999,-9999,-9999,-9999
"14-10-2014",-9999,-9999,-9999,-9999,-9999,-9999,-9999,-9999,-9999,-9999,-9999,-9999,-9999,-9999,-9999,-9999,-9999,-9999,-9999,-9999,-9999,-9999,-9999,-9999
"15-10-2014",-9999,-9999,-9999,-9999,-9999,-9999,-9999,-9999,-9999,-9999,-9999,-9999,-9999,-9999,-9999,-9999,-9999,-9999,-9999,-9999,-9999,-9999,-9999,-9999
"16-10-2014",-9999,-9999,-9999,-9999,-9999,-9999,-9999,-9999,-9999,-9999,-9999,-9999,-9999,-9999,-9999,-9999,-9999,-9999,-9999,-9999,-9999,-9999,-9999,-9999
"17-10-2014",-9999,-9999,-9999,-9999,-9999,-9999,-9999,-9999,-9999,-9999,-9999,-9999,-9999,-9999,-9999,-9999,-9999,-9999,-9999,-9999,-9999,-9999,-9999,-9999
"18-10-2014",-9999,-9999,-9999,-9999,-9999,-9999,-9999,-9999,-9999,-9999,-9999,-9999,-9999,-9999,-9999,-9999,-9999,-9999,-9999,-9999,-9999,-9999,-9999,-9999
"19-10-2014",-9999,-9999,-9999,-9999,-9999,-9999,-9999,-9999,-9999,-9999,-9999,-9999,-9999,-9999,-9999,-9999,-9999,-9999,-9999,-9999,-9999,-9999,-9999,-9999
"20-10-2014",-9999,-9999,-9999,-9999,19,19,20,19,20,19,18,17,17,19,19,19,19,24,27,21,20,20,20,20
"21-10-2014",19,20,18,21,20,20,20,20,21,20,19,17,17,19,20,20,20,20,19,20,20,20,20,19
"22-10-2014",19,19,19,19,19,19,20,19,19,19,18,17,18,19,18,20,20,19,20,20,20,21,20,19
"23-10-2014",18,19,19,19,19,20,18,19,19,20,20,18,16,17,16,17,21,22,22,23,21,21,21,21
"24-10-2014",21,21,21,21,21,20,18,16,18,17,16,16,-9999,-9999,-9999,-9999,-9999,-9999,-9999,-9999,-9999,-9999,-9999,-9999
"25-10-2014",-9999,-9999,-9999,-9999,-9999,-9999,-9999,-9999,-9999,-9999,-9999,16,16,17,16,20,21,20,21,20,21,20,20,18
"26-10-2014",20,20,18,20,20,18,17,16,16,16,15,15,15,16,16,18,18,19,19,20,21,19,20,21
"27-10-2014",21,20,20,20,19,19,17,17,18,17,15,14,17,16,19,19,19,19,19,22,19,21,19,19
"28-10-2014",21,19,21,20,19,18,17,16,17,16,16,16,16,17,19,20,21,21,21,22,23,22,22,21
"29-10-2014",21,19,19,20,20,18,16,17,17,17,16,16,17,16,13,13,13,14,14,14,15,14,14,13
"30-10-2014",13,14,13,14,13,15,18,19,20,17,16,15,15,15,14,14,13,14,13,14,14,14,13,14
"31-10-2014",12,12,13,13,12,13,16,18,19,17,15,15,14,13,12,12,12,12,13,14,14,13,13,13
"01-11-2014",12,12,13,12,12,14,16,17,17,16,15,15,15,15,13,13,14,14,14,14,14,14,14,13
"02-11-2014",13,13,12,13,13,13,14,15,17,16,15,15,15,18,14,13,13,13,13,14,14,14,15,13
"03-11-2014",13,13,13,13,12,14,16,18,21,18,16,16,16,16,13,13,13,14,16,16,16,15,15,14
"04-11-2014",14,13,13,13,13,15,16,18,18,17,16,15,19,19,19,17,17,16,15,15,15,14,13,13
"05-11-2014",13,13,13,12,12,13,15,17,16,15,15,14,14,15,13,13,13,13,13,14,15,14,13,13
"06-11-2014",15,13,13,13,13,14,17,19,19,17,15,14,14,14,13,13,12,13,14,13,14,14,15,14
"07-11-2014",13,14,13,14,14,14,16,17,16,16,17,17,16,16,14,13,13,12,13,12,13,13,12,12
"08-11-2014",12,12,12,12,12,13,16,18,18,19,17,16,15,16,14,14,13,13,13,13,14,14,14,13
"09-11-2014",13,13,13,13,13,14,16,19,18,17,16,15,15,15,14,13,14,14,14,14,14,14,14,14
"10-11-2014",14,13,13,13,13,14,17,20,22,19,18,18,17,17,14,14,14,15,17,15,15,15,15,14
"11-11-2014",14,14,13,13,13,15,18,19,20,19,18,17,16,16,15,14,14,15,15,15,15,15,15,14
"12-11-2014",14,14,13,13,13,15,17,20,20,20,18,18,16,17,15,14,15,14,14,13,14,14,14,14
"13-11-2014",13,14,13,13,13,15,17,19,19,18,17,17,16,17,15,14,14,14,14,14,13,14,13,13
"14-11-2014",13,13,13,13,13,14,17,20,20,17,17,17,15,16,14,14,15,16,16,17,16,15,16,15
"15-11-2014",14,14,14,14,14,14,17,18,20,17,17,17,16,17,15,15,14,15,16,16,16,16,16,15
"16-11-2014",15,14,14,15,14,15,18,18,18,18,18,18,17,17,14,14,15,14,15,15,15,15,15,15
"17-11-2014",15,15,14,15,15,16,19,19,20,20,19,18,17,17,16,15,15,15,16,16,17,18,17,16
"18-11-2014",15,15,15,15,16,17,20,21,24,22,20,19,17,18,16,15,16,15,15,15,15,16,15,15
"19-11-2014",15,16,15,16,15,16,18,22,22,20,19,19,17,17,15,15,14,14,14,15,15,15,15,15
"20-11-2014",15,15,15,16,16,17,19,21,21,21,19,19,18,18,17,16,16,16,17,16,17,16,16,16
"21-11-2014",16,16,16,16,15,16,18,20,22,21,18,18,17,18,-9999,-9999,-9999,-9999,-9999,-9999,-9999,-9999,-9999,-9999
"22-11-2014",-9999,-9999,-9999,-9999,-9999,-9999,19,18,19,19,19,18,18,17,16,15,16,17,17,17,17,16,17,17
"23-11-2014",16,16,16,15,16,15,17,18,18,19,20,20,19,18,17,16,16,16,17,17,17,17,17,17
"24-11-2014",17,17,17,16,17,17,18,19,20,21,22,20,19,19,17,17,16,17,18,20,19,18,18,17
"25-11-2014",16,17,17,17,16,16,19,21,21,22,21,19,18,19,17,17,17,17,17,19,18,19,18,17
"26-11-2014",17,16,17,16,16,17,18,19,20,21,21,20,18,20,18,17,17,17,16,16,16,16,16,16
"27-11-2014",16,16,16,16,16,17,19,20,20,21,22,22,21,19,17,17,17,18,18,19,18,19,18,18
"28-11-2014",17,17,17,16,17,18,20,22,23,21,20,20,19,20,17,17,17,17,17,18,18,18,18,18
"29-11-2014",18,18,18,17,18,19,21,22,21,21,20,20,19,20,18,17,18,18,18,18,18,18,18,19
"30-11-2014",19,19,18,18,18,20,23,23,22,22,21,21,19,20,19,19,20,20,20,20,20,21,21,20
"01-12-2014",19,18,18,17,17,19,23,24,24,23,21,21,20,20,19,19,19,19,20,21,21,20,21,19
"02-12-2014",19,18,18,19,19,20,23,23,22,23,22,22,21,23,20,19,19,19,20,21,20,20,19,19
"03-12-2014",18,18,17,18,18,20,22,23,24,22,22,22,21,22,20,19,18,18,19,19,19,19,19,19
"04-12-2014",20,19,19,19,18,20,23,25,-9999,-9999,-9999,-9999,-9999,15,9,7,8,9,9,9,9,10,10,8
"05-12-2014",8,7,7,6,6,7,9,13,15,16,18,19,17,18,12,7,6,6,7,8,9,9,8,7
"06-12-2014",7,7,6,7,6,8,9,9,9,9,8,8,8,7,6,6,6,7,7,7,8,7,7,7
"07-12-2014",8,8,7,7,6,8,9,9,9,9,9,9,8,8,8,7,7,7,7,7,7,7,8,8
"08-12-2014",7,8,7,7,7,8,11,11,12,11,10,10,10,10,8,9,7,7,8,8,9,9,10,8
"09-12-2014",8,7,7,8,8,9,11,12,13,11,10,10,10,12,9,9,10,10,10,10,10,11,11,9
"10-12-2014",8,7,7,7,8,7,10,12,14,12,12,11,9,10,9,10,9,10,10,8,8,8,9,8
"11-12-2014",8,8,8,8,8,8,11,11,12,12,11,11,11,11,9,8,9,9,10,10,10,9,8,9
"12-12-2014",8,8,8,8,8,8,10,10,11,11,12,9,9,9,8,8,8,8,9,9,10,10,11,9
"13-12-2014",9,8,8,8,9,8,10,11,12,10,11,11,10,9,9,9,10,10,11,13,13,13,13,11
"14-12-2014",10,10,10,9,8,9,11,11,11,11,9,9,10,11,9,10,9,11,10,10,10,10,10,9
"15-12-2014",9,9,9,9,9,10,13,15,16,11,12,11,10,12,11,10,12,14,13,12,12,11,11,11
"16-12-2014",10,10,10,9,10,9,11,13,13,13,12,11,13,11,12,11,12,11,12,12,12,10,10,10
"17-12-2014",10,10,10,10,10,11,12,12,13,12,12,13,11,11,10,10,10,12,14,14,14,15,11,12
"18-12-2014",11,10,10,11,11,11,13,13,13,14,13,13,11,11,11,10,12,14,14,14,15,16,16,13
"19-12-2014",13,11,12,13,13,13,15,15,17,17,15,14,13,14,13,13,13,15,15,16,16,18,15,15
"20-12-2014",13,14,13,13,12,13,15,16,17,16,14,14,14,13,12,12,13,13,13,13,13,13,13,12
"21-12-2014",12,12,12,12,12,12,13,14,14,14,12,12,12,13,12,12,12,13,13,13,13,13,13,12
"22-12-2014",13,12,12,12,12,12,15,17,19,18,18,16,15,15,14,14,14,14,16,20,18,16,15,14
"23-12-2014",13,14,13,13,11,13,14,15,16,18,18,14,15,13,16,13,13,14,14,16,17,17,16,16
"24-12-2014",13,13,14,11,12,13,15,17,18,21,18,19,17,19,13,14,15,15,14,14,14,14,14,13
"25-12-2014",12,12,11,12,12,13,16,17,18,20,23,25,29,34,24,19,16,15,15,15,16,16,15,14
"26-12-2014",14,14,13,13,13,15,18,21,21,22,30,36,23,21,15,27,30,18,17,14,14,13,12,13
"27-12-2014",12,13,12,12,13,13,21,22,20,20,22,21,23,23,29,32,21,19,17,18,19,18,16,15
"28-12-2014",15,15,15,15,15,16,16,16,16,17,17,18,16,16,14,13,13,12,14,13,14,13,13,13
"29-12-2014",13,13,13,13,14,15,17,18,20,19,20,21,18,16,15,15,14,15,16,16,17,17,15,14
"30-12-2014",15,14,15,13,15,14,16,17,17,17,17,17,16,17,16,15,16,16,16,18,18,17,15,15
"31-12-2014",14,13,13,14,14,13,14,15,15,16,16,16,16,16,13,14,14,14,15,15,15,14,13,-9999
