"01-01-2012",7,6,6,6,5,6,6,8,6,6,6,7,7,7,7,6,6,7,8,13,11,14,7,6
"02-01-2012",6,7,6,6,9,10,12,14,23,25,15,9,8,7,7,8,14,38,51,102,135,168,216,188
"03-01-2012",149,105,64,52,35,54,85,167,232,-9999,19,18,15,14,16,13,14,28,135,157,149,146,140,165
"04-01-2012",94,42,31,41,37,107,99,185,234,131,14,12,13,15,13,12,13,34,86,106,103,128,143,124
"05-01-2012",93,52,43,52,49,68,136,139,224,161,21,20,21,16,14,12,12,30,62,99,141,150,134,96
"06-01-2012",56,41,26,11,8,7,6,6,6,6,6,6,6,6,6,6,7,8,9,8,8,7,7,6
"07-01-2012",6,6,6,6,8,15,39,26,10,9,11,12,9,8,9,9,8,8,10,17,12,10,9,29
"08-01-2012",9,12,13,10,6,7,6,10,24,17,12,16,12,10,15,9,11,13,15,31,49,51,41,21
"09-01-2012",14,21,20,14,19,43,93,169,211,112,32,18,11,13,9,12,30,28,16,14,12,12,11,7
"10-01-2012",5,5,5,5,6,7,7,9,9,-9999,-9999,9,10,12,9,9,8,10,9,13,12,11,13,6
"11-01-2012",6,6,6,6,6,12,17,13,10,13,18,13,11,17,12,12,9,8,8,11,8,12,12,10
"12-01-2012",6,6,6,6,6,10,9,12,9,9,10,9,8,7,8,8,8,10,10,13,19,18,31,45
"13-01-2012",46,40,28,32,31,42,85,165,231,44,27,27,14,13,12,12,13,16,24,23,34,28,22,20
"14-01-2012",17,19,18,21,19,27,52,88,150,100,19,16,12,12,11,14,18,12,8,8,9,9,7,7
"15-01-2012",6,5,6,5,5,6,6,7,10,8,9,11,8,9,7,8,7,10,12,11,8,21,8,6
"16-01-2012",6,5,6,6,6,11,23,43,17,11,10,9,9,8,8,8,8,11,7,7,8,8,9,8
"17-01-2012",6,6,5,6,6,7,8,19,16,15,18,9,9,9,9,9,10,12,12,12,14,8,7,8
"18-01-2012",8,6,6,6,10,14,17,15,13,15,11,8,8,8,8,8,8,24,33,28,87,87,58,21
"19-01-2012",12,10,11,13,21,61,88,137,63,59,22,12,11,10,8,8,12,54,43,83,169,159,107,111
"20-01-2012",68,84,52,13,9,17,17,89,72,43,17,12,12,10,10,9,9,11,12,11,13,13,10,9
"21-01-2012",7,7,10,15,23,36,60,79,103,62,14,9,9,14,12,23,8,8,7,8,7,8,7,9
"22-01-2012",7,6,6,5,6,7,6,16,47,15,14,16,11,8,7,7,7,8,21,48,62,90,112,94
"23-01-2012",54,37,30,20,23,45,130,184,218,41,21,18,21,13,17,16,33,73,152,204,210,220,263,277
"24-01-2012",241,150,74,42,40,69,119,132,184,241,124,54,38,44,30,19,38,78,122,114,132,78,64,52
"25-01-2012",48,26,16,13,31,52,100,132,148,49,44,20,11,10,10,9,11,12,14,13,9,7,9,8
"26-01-2012",8,8,10,12,18,51,96,207,160,30,18,11,10,10,11,11,11,21,14,16,24,9,10,6
"27-01-2012",7,8,8,7,8,12,28,26,13,11,10,9,8,7,8,8,11,13,10,9,9,16,16,8
"28-01-2012",6,6,6,6,7,9,8,8,9,13,11,12,9,8,8,7,8,9,9,9,7,8,8,6
"29-01-2012",5,5,5,5,6,5,6,7,9,6,7,8,7,7,7,7,7,7,8,7,7,6,6,5
"30-01-2012",5,5,5,5,6,7,7,7,8,9,9,8,8,7,7,7,7,7,7,6,6,6,6,5
"31-01-2012",5,5,5,5,5,6,6,7,7,8,10,10,9,8,7,8,7,9,8,7,7,6,7,6
"01-02-2012",5,5,5,5,6,8,7,10,9,12,12,9,8,8,9,8,9,10,11,9,11,11,12,10
"02-02-2012",6,6,6,7,11,13,15,19,19,25,31,25,22,21,19,16,17,21,17,10,12,11,11,6
"03-02-2012",6,7,6,7,8,19,58,107,87,27,17,12,16,21,17,11,11,20,22,30,85,110,122,50
"04-02-2012",19,8,11,10,8,12,27,45,29,15,12,8,7,7,7,7,7,8,10,9,8,7,7,7
"05-02-2012",7,6,6,7,6,6,6,7,7,6,7,7,7,7,7,6,6,7,8,11,9,7,8,18
"06-02-2012",17,12,7,6,6,10,8,10,8,8,8,8,7,8,8,9,7,9,8,-9999,-9999,-9999,-9999,-9999
"07-02-2012",-9999,-9999,-9999,-9999,-9999,-9999,-9999,-9999,-9999,-9999,-9999,-9999,-9999,-9999,-9999,-9999,-9999,-9999,-9999,-9999,-9999,-9999,-9999,-9999
"08-02-2012",-9999,-9999,-9999,-9999,-9999,-9999,-9999,-9999,-9999,-9999,-9999,-9999,-9999,-9999,-9999,-9999,-9999,-9999,-9999,-9999,-9999,-9999,-9999,-9999
"09-02-2012",-9999,-9999,-9999,-9999,-9999,-9999,-9999,-9999,-9999,-9999,-9999,-9999,7,8,8,8,7,13,9,8,8,9,7,6
"10-02-2012",6,6,6,6,6,7,7,12,12,12,10,9,8,8,8,9,7,7,8,8,7,7,7,6
"11-02-2012",6,7,7,7,12,17,12,15,18,11,9,13,10,8,9,9,8,9,24,39,51,15,11,11
"12-02-2012",10,10,7,9,6,6,6,8,15,18,9,10,14,12,8,9,8,15,39,58,69,73,14,8
"13-02-2012",10,7,10,14,30,37,82,180,218,124,45,27,13,9,9,8,10,9,11,13,10,9,8,7
"14-02-2012",8,7,7,8,12,25,42,111,122,57,12,13,10,9,11,10,14,8,12,37,67,69,48,33
"15-02-2012",10,6,7,8,6,29,72,173,176,17,12,9,10,11,9,8,7,7,8,7,10,7,7,6
"16-02-2012",6,6,6,6,8,18,56,146,101,22,11,16,11,11,8,8,10,15,9,7,7,8,8,7
"17-02-2012",6,6,5,6,6,7,7,9,7,8,8,7,7,7,7,7,8,8,10,19,17,36,63,29
"18-02-2012",13,10,10,11,15,20,31,55,35,14,13,13,10,8,7,6,8,8,21,61,41,24,15,7
"19-02-2012",7,9,12,12,9,8,8,27,48,11,8,10,10,8,7,7,7,8,11,30,70,59,36,29
"20-02-2012",24,15,12,19,16,54,90,134,132,12,11,11,13,13,13,11,25,43,53,51,43,56,92,63
"21-02-2012",33,14,8,12,10,29,53,70,22,12,9,8,7,7,8,7,7,7,8,7,8,7,8,6
"22-02-2012",5,5,6,5,7,7,8,12,11,13,12,11,12,12,9,8,11,13,13,17,12,10,15,9
"23-02-2012",6,6,6,5,6,11,10,12,9,9,10,8,9,10,8,8,8,8,9,8,10,10,7,6
"24-02-2012",8,7,7,9,8,23,66,111,205,30,21,13,11,9,9,8,8,9,25,80,109,74,18,10
"25-02-2012",9,9,9,8,8,8,18,50,59,24,30,15,11,11,11,9,8,10,29,53,87,101,104,68
"26-02-2012",39,58,32,20,20,19,21,43,40,20,15,8,8,7,8,7,7,7,8,8,10,18,19,10
"27-02-2012",12,10,10,7,5,5,5,7,6,7,7,7,6,6,6,6,6,6,6,6,6,6,5,5
"28-02-2012",5,5,5,5,5,6,7,9,8,8,8,8,8,7,7,8,10,9,9,9,12,8,11,7
"29-02-2012",6,6,6,6,8,11,10,16,24,9,11,18,18,18,12,8,8,10,8,13,8,9,11,7
"01-03-2012",6,6,6,6,6,8,9,12,15,13,11,11,8,8,7,7,7,9,9,12,28,26,30,21
"02-03-2012",13,10,9,15,15,22,80,141,75,26,19,8,7,10,10,10,10,10,38,70,84,137,155,116
"03-03-2012",93,55,41,24,32,34,65,76,51,20,19,17,10,-9999,-9999,-9999,-9999,-9999,-9999,-9999,-9999,-9999,-9999,-9999
"04-03-2012",-9999,-9999,-9999,-9999,-9999,-9999,-9999,-9999,-9999,-9999,-9999,-9999,-9999,-9999,-9999,-9999,-9999,-9999,-9999,-9999,-9999,-9999,-9999,-9999
"05-03-2012",-9999,-9999,-9999,-9999,-9999,-9999,-9999,-9999,-9999,-9999,-9999,-9999,-9999,-9999,-9999,-9999,-9999,-9999,-9999,-9999,-9999,-9999,-9999,-9999
"06-03-2012",-9999,-9999,-9999,-9999,-9999,-9999,-9999,-9999,-9999,-9999,-9999,-9999,-9999,-9999,-9999,8,7,8,7,14,12,16,28,14
"07-03-2012",10,17,9,8,8,37,82,86,30,12,8,7,8,9,9,9,7,7,12,13,10,10,11,10
"08-03-2012",9,15,7,8,6,7,8,10,10,12,15,13,9,7,6,7,7,8,9,9,13,33,41,18
"09-03-2012",10,11,8,8,11,35,78,162,61,12,10,9,7,8,9,11,9,8,7,7,7,6,6,6
"10-03-2012",5,5,5,5,5,5,6,6,7,6,6,7,7,6,6,6,6,6,5,6,6,6,6,5
"11-03-2012",5,5,5,5,5,5,5,5,5,6,6,6,6,6,6,7,7,7,7,8,10,9,8,6
"12-03-2012",5,5,6,5,6,13,11,20,12,10,8,9,8,7,8,8,8,7,7,6,6,6,6,6
"13-03-2012",5,5,5,5,6,6,6,7,7,7,-9999,-9999,6,6,6,6,8,6,7,6,6,5,6,6
"14-03-2012",4,5,5,5,5,8,6,9,8,7,8,6,6,6,6,6,7,7,11,15,51,91,120,110
"15-03-2012",99,45,17,22,25,41,57,156,41,9,8,8,7,7,7,6,7,7,19,11,22,64,99,35
"16-03-2012",5,4,5,5,5,6,9,12,10,10,12,8,7,8,8,7,7,6,11,12,60,41,63,63
"17-03-2012",52,38,32,28,25,31,54,81,19,14,19,13,11,10,8,8,7,7,8,14,52,65,55,49
"18-03-2012",39,21,18,17,14,16,17,62,21,17,16,13,9,8,6,6,7,7,8,9,11,11,13,16
"19-03-2012",13,19,9,7,13,45,123,198,42,32,29,23,18,14,13,9,8,8,8,12,17,35,50,83
"20-03-2012",54,36,14,8,11,37,78,120,37,31,27,17,18,17,15,11,12,14,10,8,15,12,13,16
"21-03-2012",6,6,5,6,6,14,40,24,12,9,8,9,8,8,8,8,8,8,18,22,36,35,35,47
"22-03-2012",21,9,8,6,7,11,52,11,12,8,7,7,6,7,6,6,6,6,9,8,7,8,11,8
"23-03-2012",5,5,5,5,5,6,7,10,10,8,7,7,7,6,6,6,6,6,12,8,8,11,9,17
"24-03-2012",13,8,10,11,8,7,10,30,8,7,7,6,6,6,5,6,5,6,7,18,25,59,43,28
"25-03-2012",34,34,16,14,10,9,12,27,16,13,6,6,6,7,6,5,5,5,7,13,20,19,20,15
"26-03-2012",9,8,7,6,23,50,168,-9999,141,44,13,10,8,7,6,6,5,6,6,6,9,22,16,12
"27-03-2012",8,6,5,4,5,6,8,8,8,10,7,8,8,8,6,7,6,6,6,6,8,15,21,23
"28-03-2012",15,9,8,8,8,21,67,210,55,7,7,7,6,8,7,6,6,7,6,6,8,11,28,25
"29-03-2012",10,9,7,9,7,23,84,139,241,27,21,28,18,9,9,7,7,6,6,6,7,11,13,7
"30-03-2012",6,6,5,6,5,7,18,55,35,19,16,14,12,11,8,7,6,6,6,6,6,9,5,5
"31-03-2012",8,6,5,5,6,6,14,34,47,16,13,12,7,5,9,6,5,5,5,5,6,6,6,7
"01-04-2012",11,9,7,7,6,6,6,9,11,7,5,5,5,6,5,5,5,5,5,5,6,6,6,6
"02-04-2012",6,6,6,5,5,5,6,7,8,8,8,7,6,7,7,6,6,6,6,5,6,11,6,6
"03-04-2012",8,6,6,7,7,18,40,-9999,122,21,19,12,9,8,9,9,7,6,6,6,8,8,9,6
"04-04-2012",6,6,5,6,6,16,58,133,112,15,8,7,7,7,6,8,7,7,6,5,5,6,5,5
"05-04-2012",5,5,5,7,7,11,29,31,13,11,11,9,12,11,8,6,6,7,5,6,12,29,38,41
"06-04-2012",20,9,7,6,5,10,80,136,108,19,21,27,14,12,9,6,7,6,5,5,6,5,5,5
"07-04-2012",8,7,7,6,6,12,32,62,68,20,16,12,7,6,6,5,6,6,5,5,7,11,14,13
"08-04-2012",14,9,11,9,7,6,6,7,6,6,6,5,5,5,5,5,5,5,4,5,5,4,5,5
"09-04-2012",4,4,4,4,5,4,12,12,11,9,7,9,7,7,9,8,6,7,8,7,8,6,5,6
"10-04-2012",4,4,4,4,4,5,6,6,6,6,7,7,6,6,-9999,-9999,-9999,-9999,-9999,-9999,-9999,-9999,-9999,-9999
"11-04-2012",-9999,-9999,-9999,-9999,-9999,-9999,-9999,-9999,-9999,-9999,12,9,10,14,11,7,6,7,6,6,6,6,6,12
"12-04-2012",10,6,6,7,8,15,21,94,62,12,10,11,10,8,8,7,6,6,6,6,7,25,25,22
"13-04-2012",12,9,7,8,8,16,18,20,18,5,6,7,6,6,6,5,5,5,5,6,6,5,5,5
"14-04-2012",5,6,5,5,6,6,10,12,11,9,7,6,5,5,5,5,6,6,6,5,5,5,5,6
"15-04-2012",6,6,5,5,5,5,6,7,10,7,6,6,5,5,5,5,4,4,4,5,5,5,5,6
"16-04-2012",6,5,5,5,5,5,6,8,7,6,6,5,5,5,5,4,5,5,5,5,5,5,5,5
"17-04-2012",5,6,6,5,5,7,13,31,16,7,9,10,7,7,6,6,5,5,6,6,5,5,5,5
"18-04-2012",5,4,4,4,4,6,6,6,5,6,6,7,7,6,7,6,5,5,5,5,5,5,5,5
"19-04-2012",4,4,4,4,4,6,7,15,13,8,6,6,6,6,6,5,6,5,5,5,6,14,8,10
"20-04-2012",9,9,8,8,6,20,19,62,11,7,7,6,6,6,7,8,6,6,5,6,6,7,10,12
"21-04-2012",8,6,6,5,5,7,10,13,10,6,6,6,5,5,5,5,5,5,5,5,5,6,6,5
"22-04-2012",5,5,5,5,5,5,6,13,8,6,5,5,5,5,5,5,5,5,5,5,5,6,9,8
"23-04-2012",8,6,7,8,8,18,67,146,40,18,19,18,13,10,7,6,6,6,6,6,7,21,24,21
"24-04-2012",12,9,7,7,8,20,64,90,69,26,35,35,26,23,14,11,11,8,7,8,15,14,21,20
"25-04-2012",9,7,7,6,6,12,42,88,74,17,19,10,8,7,6,6,6,7,7,7,12,11,6,5
"26-04-2012",6,6,7,6,8,16,51,95,43,28,10,9,7,8,6,6,6,6,6,6,6,21,19,15
"27-04-2012",11,10,8,6,6,12,33,121,49,22,10,6,7,5,5,5,5,6,5,5,5,5,5,5
"28-04-2012",5,5,4,5,5,5,7,5,6,5,6,5,6,5,5,5,5,5,6,6,6,5,5,7
"29-04-2012",6,6,6,7,7,5,8,20,18,8,6,6,5,5,5,5,5,5,5,5,5,5,5,4
"30-04-2012",4,4,4,4,4,5,5,5,6,5,5,5,6,6,5,5,5,5,5,5,5,6,8,9
"01-05-2012",6,5,5,5,5,5,5,5,7,6,5,5,5,5,4,5,5,5,6,5,5,5,5,5
"02-05-2012",5,5,5,5,5,5,6,6,7,5,5,6,5,5,5,5,5,5,5,5,5,5,8,6
"03-05-2012",8,8,9,7,8,11,35,78,19,10,6,6,5,5,6,6,5,6,7,6,9,10,13,16
"04-05-2012",11,9,8,10,14,21,74,123,45,19,14,9,6,6,5,5,5,6,6,6,6,11,18,22
"05-05-2012",11,7,6,8,9,11,25,39,13,9,7,7,7,6,5,5,5,5,5,5,6,6,6,10
"06-05-2012",7,8,6,7,6,6,7,15,12,10,10,9,6,5,5,5,5,5,5,5,5,8,10,9
"07-05-2012",9,8,8,8,9,13,36,67,30,13,14,9,11,8,6,6,6,6,6,6,6,7,8,9
"08-05-2012",7,7,7,8,7,16,29,69,52,21,15,7,6,6,6,6,6,-9999,-9999,-9999,-9999,-9999,-9999,-9999
"09-05-2012",-9999,-9999,-9999,-9999,-9999,-9999,-9999,-9999,-9999,-9999,-9999,-9999,-9999,-9999,-9999,-9999,-9999,-9999,-9999,-9999,-9999,-9999,-9999,-9999
"10-05-2012",-9999,-9999,-9999,-9999,-9999,-9999,-9999,-9999,-9999,-9999,7,5,6,5,6,6,6,6,5,5,5,5,5,5
"11-05-2012",4,4,4,4,5,5,5,6,6,6,10,6,6,5,5,5,6,6,5,6,5,6,7,7
"12-05-2012",5,5,5,5,5,5,7,6,6,6,6,5,5,5,5,5,5,5,5,5,6,6,5,6
"13-05-2012",5,5,5,6,5,5,5,6,6,6,6,5,5,5,5,5,4,5,6,6,11,21,20,15
"14-05-2012",6,6,6,6,8,8,8,9,10,10,7,7,7,6,6,6,5,6,6,5,6,6,5,6
"15-05-2012",5,5,6,6,5,5,7,8,7,6,6,6,5,5,5,5,5,5,5,5,5,5,5,4
"16-05-2012",4,4,5,5,5,5,6,7,7,-9999,-9999,-9999,-9999,-9999,-9999,-9999,-9999,-9999,-9999,-9999,-9999,-9999,-9999,-9999
"17-05-2012",-9999,-9999,-9999,-9999,-9999,-9999,-9999,-9999,-9999,-9999,-9999,-9999,-9999,-9999,-9999,-9999,-9999,-9999,-9999,-9999,-9999,-9999,-9999,-9999
"18-05-2012",-9999,-9999,-9999,-9999,-9999,-9999,-9999,-9999,-9999,-9999,-9999,-9999,11,12,8,7,8,7,9,9,8,10,8,6
"19-05-2012",6,5,5,5,5,5,5,8,7,6,6,6,7,8,6,5,5,5,5,6,6,6,9,10
"20-05-2012",7,9,9,9,7,7,10,18,7,8,9,8,8,6,5,5,5,5,5,5,6,6,11,20
"21-05-2012",9,9,7,8,10,21,25,61,70,21,69,27,8,6,7,8,5,5,6,7,9,7,8,13
"22-05-2012",11,7,6,6,8,7,26,48,12,13,22,7,6,6,7,6,5,5,5,5,5,5,5,5
"23-05-2012",4,4,4,4,4,5,5,10,7,7,7,6,5,5,5,5,5,6,5,5,5,5,5,6
"24-05-2012",6,5,6,5,6,11,37,29,13,7,9,8,6,7,6,6,6,6,7,5,5,5,9,11
"25-05-2012",11,9,5,5,6,17,36,36,20,14,12,10,6,6,6,6,6,6,5,5,6,10,25,23
"26-05-2012",22,20,18,15,14,23,33,46,12,9,8,7,7,6,6,5,5,5,5,5,5,5,6,10
"27-05-2012",8,11,10,7,9,7,10,8,8,6,5,5,6,5,5,5,6,5,5,6,9,10,6,7
"28-05-2012",8,7,6,6,6,6,8,9,9,8,6,6,6,5,6,6,5,5,5,5,5,5,12,8
"29-05-2012",7,6,6,6,7,10,8,14,7,8,7,10,7,7,7,6,5,5,5,5,5,6,6,7
"30-05-2012",7,6,6,6,6,17,40,79,48,17,13,7,7,6,5,-9999,-9999,-9999,-9999,-9999,-9999,-9999,-9999,-9999
"31-05-2012",-9999,-9999,-9999,-9999,-9999,-9999,-9999,-9999,-9999,-9999,-9999,-9999,6,5,6,6,5,6,6,6,9,10,18,24
"01-06-2012",13,9,6,7,6,16,36,105,22,20,23,-9999,-9999,7,6,6,6,6,6,6,5,9,17,18
"02-06-2012",11,8,7,7,8,21,24,40,8,10,7,7,7,6,5,5,5,5,6,5,6,6,11,11
"03-06-2012",12,12,9,7,6,5,7,12,12,8,7,5,4,4,5,5,5,5,5,5,6,6,5,7
"04-06-2012",9,7,6,6,7,15,34,32,15,10,10,11,8,5,5,5,5,5,5,6,6,9,10,13
"05-06-2012",8,8,7,6,6,9,7,16,14,8,8,6,6,6,5,6,5,5,5,6,5,5,4,5
"06-06-2012",5,4,4,4,5,7,7,10,8,8,6,5,5,5,6,6,5,5,6,5,5,6,5,9
"07-06-2012",11,7,8,6,6,16,24,13,7,6,5,6,5,5,5,5,5,5,5,5,6,6,6,7
"08-06-2012",9,12,9,7,9,16,41,79,19,7,6,8,6,6,6,6,6,6,6,5,5,6,7,6
"09-06-2012",5,5,4,4,4,6,5,6,6,6,5,5,5,6,5,5,6,6,6,6,5,5,5,5
"10-06-2012",5,6,5,5,5,5,5,5,5,5,5,5,5,6,6,5,6,5,5,5,5,6,9,12
"11-06-2012",12,18,12,6,8,15,60,58,22,17,11,11,6,6,6,7,6,6,6,6,6,7,12,12
"12-06-2012",9,7,7,8,8,19,48,56,22,16,11,8,8,6,6,5,5,5,5,5,6,6,7,9
"13-06-2012",8,10,11,10,10,23,51,86,23,16,11,10,9,6,6,5,5,6,6,6,6,14,13,8
"14-06-2012",6,6,5,6,6,13,25,55,20,11,8,6,5,5,5,5,5,5,5,6,5,8,13,14
"15-06-2012",7,6,6,5,5,6,5,8,6,5,6,5,5,5,5,5,7,5,5,5,5,5,5,5
"16-06-2012",4,4,4,4,4,4,4,4,5,5,5,5,4,5,5,5,4,5,4,5,5,4,4,4
"17-06-2012",4,4,4,4,4,4,4,4,5,4,4,4,4,5,4,5,4,5,5,4,4,4,4,4
"18-06-2012",4,4,4,4,4,4,4,5,5,5,6,5,5,6,6,5,6,5,5,5,4,4,4,4
"19-06-2012",4,4,4,4,4,5,5,9,8,7,6,5,6,6,5,5,5,5,5,5,5,6,5,4
"20-06-2012",4,4,4,4,4,4,5,5,5,5,5,5,6,6,6,5,5,5,5,5,4,5,4,5
"21-06-2012",4,4,4,4,4,4,5,5,5,5,5,5,5,5,5,5,5,5,5,5,5,5,7,5
"22-06-2012",4,4,4,4,4,4,5,5,5,6,5,6,5,5,5,5,5,5,5,4,5,7,6,6
"23-06-2012",7,5,4,4,4,5,6,7,5,5,5,5,5,5,5,5,5,5,4,5,5,5,6,5
"24-06-2012",5,4,4,4,4,4,4,5,4,4,5,4,5,4,5,5,5,4,4,5,5,6,5,4
"25-06-2012",4,4,5,5,4,5,8,6,7,5,5,6,6,6,8,8,7,7,6,7,6,7,7,7
"26-06-2012",6,7,8,9,14,16,42,40,18,13,9,8,7,6,5,5,6,5,5,5,6,7,10,13
"27-06-2012",10,12,12,6,5,7,6,8,7,8,6,6,7,6,6,6,6,6,5,5,5,5,5,5
"28-06-2012",4,4,4,4,5,5,6,7,5,7,6,5,6,5,6,5,5,5,4,5,5,5,5,8
"29-06-2012",5,5,4,5,5,5,6,6,6,6,5,5,5,5,6,6,6,9,7,5,5,5,5,5
"30-06-2012",4,4,4,4,4,4,5,5,5,6,7,6,6,5,5,5,5,5,4,4,4,4,4,4
"01-07-2012",4,4,4,4,4,4,4,4,5,4,4,5,4,4,5,4,4,5,4,5,4,5,5,4
"02-07-2012",4,4,4,4,4,4,5,5,5,5,5,5,5,5,5,5,5,5,5,4,4,5,4,4
"03-07-2012",4,4,4,4,4,5,5,6,7,6,6,6,6,6,6,6,6,6,6,7,6,6,6,7
"04-07-2012",6,5,5,4,4,6,6,8,6,6,6,6,6,7,7,7,7,8,6,6,6,10,21,13
"05-07-2012",8,7,8,7,9,12,28,44,30,9,7,7,7,7,7,8,8,8,8,6,7,12,19,22
"06-07-2012",17,10,9,8,9,11,16,67,29,9,9,7,8,8,9,8,11,8,10,7,7,9,11,11
"07-07-2012",10,11,10,7,7,7,10,8,7,11,8,9,8,9,8,9,7,7,7,6,6,8,7,10
"08-07-2012",10,9,9,10,9,7,7,6,7,8,7,6,7,7,7,8,8,7,9,7,7,9,11,13
"09-07-2012",6,6,7,6,7,7,7,7,8,8,7,7,7,7,8,8,8,8,8,7,7,7,6,5
"10-07-2012",5,5,5,5,5,5,7,8,8,-9999,-9999,-9999,-9999,-9999,-9999,-9999,-9999,-9999,-9999,-9999,-9999,-9999,-9999,-9999
"11-07-2012",-9999,-9999,-9999,-9999,-9999,-9999,-9999,-9999,-9999,-9999,-9999,-9999,-9999,-9999,-9999,-9999,-9999,-9999,-9999,-9999,-9999,-9999,-9999,-9999
"12-07-2012",-9999,-9999,-9999,-9999,-9999,-9999,-9999,-9999,-9999,-9999,-9999,-9999,-9999,-9999,-9999,-9999,-9999,-9999,-9999,-9999,-9999,-9999,-9999,-9999
"13-07-2012",-9999,-9999,-9999,-9999,-9999,-9999,-9999,-9999,-9999,-9999,-9999,-9999,-9999,-9999,-9999,-9999,-9999,-9999,-9999,-9999,-9999,-9999,-9999,-9999
"14-07-2012",-9999,-9999,-9999,-9999,-9999,-9999,-9999,-9999,-9999,-9999,-9999,5,7,6,6,8,8,7,5,5,10,6,6,6
"15-07-2012",5,5,4,5,5,5,5,5,5,5,5,5,4,5,5,5,4,5,5,5,5,6,6,8
"16-07-2012",8,8,10,10,9,14,51,86,25,18,13,11,7,6,6,6,6,6,6,7,7,11,12,11
"17-07-2012",10,7,5,5,5,5,5,6,6,6,6,6,6,6,6,6,5,5,5,5,5,5,5,5
"18-07-2012",5,5,5,5,6,6,6,7,5,5,5,6,5,5,6,5,-9999,-9999,-9999,-9999,-9999,-9999,-9999,-9999
"19-07-2012",-9999,-9999,-9999,-9999,-9999,-9999,-9999,-9999,-9999,-9999,-9999,5,5,5,5,5,6,5,5,5,5,5,5,5
"20-07-2012",5,4,5,5,5,5,5,5,5,6,6,6,5,5,5,5,-9999,2,5,5,5,5,5,5
"21-07-2012",6,5,5,6,5,6,7,24,7,6,5,5,6,5,5,5,5,5,5,5,5,6,6,5
"22-07-2012",5,5,4,5,5,4,6,8,7,5,6,5,5,5,6,5,5,5,6,5,5,4,4,5
"23-07-2012",4,4,4,4,4,4,5,5,5,5,5,5,5,5,5,5,5,5,5,5,5,5,5,5
"24-07-2012",5,5,5,4,5,5,5,7,6,5,6,7,7,8,5,6,7,6,6,6,8,9,12,10
"25-07-2012",12,12,12,17,11,22,21,17,19,12,8,6,6,6,6,6,6,6,6,6,6,6,7,7
"26-07-2012",7,7,5,6,7,9,13,23,18,13,9,7,7,6,6,5,5,5,5,6,6,6,6,7
"27-07-2012",8,8,11,13,11,22,22,30,13,9,6,6,6,5,6,6,6,5,6,5,7,11,8,8
"28-07-2012",6,7,6,5,5,5,5,5,5,5,1,5,5,6,5,5,4,4,5,6,5,4,5,5
"29-07-2012",5,4,5,5,5,5,6,5,4,5,5,5,5,4,5,5,5,5,5,5,5,6,7,7
"30-07-2012",5,5,5,6,6,9,13,62,32,6,5,5,6,6,8,7,5,6,6,4,4,6,6,8
"31-07-2012",6,6,6,5,4,5,6,9,6,6,6,6,5,5,5,5,5,5,5,5,5,5,4,5
"01-08-2012",5,5,5,5,4,5,5,8,6,6,5,5,5,5,5,5,4,5,5,5,5,5,5,5
"02-08-2012",4,5,4,4,5,6,5,8,6,6,5,5,5,5,5,5,5,5,5,5,5,6,6,6
"03-08-2012",5,6,6,5,5,6,10,13,9,6,6,5,5,5,5,5,5,5,5,6,6,7,10,12
"04-08-2012",12,11,11,11,10,11,12,19,16,9,7,5,5,5,5,5,5,5,5,5,7,6,7,9
"05-08-2012",8,8,7,6,7,6,6,7,7,6,4,5,5,6,6,5,5,8,6,5,7,8,8,5
"06-08-2012",5,4,4,4,4,5,5,12,11,6,6,6,5,6,5,7,7,9,8,6,5,5,5,5
"07-08-2012",4,4,4,4,4,5,5,6,6,6,5,5,5,5,5,5,5,4,5,5,5,7,7,8
"08-08-2012",5,4,4,4,4,5,10,8,9,6,5,6,6,9,8,8,5,5,5,4,6,9,11,7
"09-08-2012",6,5,4,4,5,5,6,8,7,9,7,6,6,7,9,6,5,6,6,5,5,5,4,4
"10-08-2012",4,4,4,4,4,5,5,5,5,5,5,5,5,5,5,5,5,5,5,4,4,5,5,5
"11-08-2012",4,4,4,4,5,5,5,5,5,5,5,5,7,5,7,6,4,5,4,5,5,6,6,6
"12-08-2012",7,8,7,6,5,6,5,6,5,6,5,5,5,5,5,4,6,4,5,5,5,6,8,7
"13-08-2012",8,7,7,10,9,17,17,23,8,8,7,8,5,5,5,5,5,5,5,5,5,6,6,8
"14-08-2012",8,7,6,6,6,8,11,18,13,7,5,6,5,5,5,4,5,4,5,5,5,6,7,7
"15-08-2012",7,7,7,6,6,6,8,7,6,5,5,4,5,5,4,5,5,4,4,4,5,12,8,7
"16-08-2012",7,7,7,8,8,13,10,12,9,6,5,4,4,4,4,6,4,4,4,5,5,10,7,7
"17-08-2012",8,8,8,6,7,9,19,25,9,5,5,6,7,10,9,8,8,7,4,4,5,5,5,5
"18-08-2012",5,5,4,4,4,4,5,5,5,5,5,5,5,7,5,5,5,5,4,5,4,4,4,4
"19-08-2012",4,4,4,4,4,4,4,5,5,4,5,5,5,5,5,4,4,4,4,4,4,4,5,4
"20-08-2012",4,4,4,4,4,4,5,5,5,5,5,5,5,5,5,5,4,4,5,4,4,4,4,4
"21-08-2012",4,4,4,4,4,5,5,6,5,5,5,5,5,5,5,5,5,4,5,5,5,5,6,5
"22-08-2012",5,4,4,4,4,4,4,5,6,5,5,5,5,5,5,4,5,4,4,5,5,5,5,4
"23-08-2012",4,4,4,4,4,6,4,5,6,9,8,7,6,10,8,7,6,5,6,5,10,18,17,10
"24-08-2012",7,5,5,7,4,8,7,6,8,7,7,9,7,5,6,6,6,6,5,8,7,18,13,7
"25-08-2012",5,4,5,5,5,5,7,8,6,5,5,5,7,12,12,6,8,6,5,6,7,5,5,4
"26-08-2012",5,5,5,5,5,4,5,11,6,5,4,5,4,4,5,6,4,5,5,6,10,7,8,12
"27-08-2012",14,12,13,10,14,16,13,30,26,14,14,11,7,5,5,5,5,5,5,5,6,7,10,6
"28-08-2012",4,4,4,4,4,4,5,5,5,5,5,5,5,5,5,4,6,8,5,5,5,5,6,5
"29-08-2012",5,4,5,4,5,7,8,15,7,6,5,6,5,5,5,5,5,5,6,4,5,6,6,5
"30-08-2012",4,4,4,4,5,10,5,6,5,5,5,5,6,5,5,5,5,5,5,5,5,5,5,5
"31-08-2012",5,4,4,4,5,4,5,5,5,5,6,6,5,6,5,6,7,6,5,5,5,5,4,4
"01-09-2012",4,4,4,4,4,4,5,5,5,5,5,5,5,5,5,5,5,5,5,5,5,5,5,4
"02-09-2012",5,4,4,4,5,4,5,5,5,5,5,5,5,5,5,6,5,5,5,5,5,5,5,4
"03-09-2012",4,4,4,4,5,8,11,8,6,6,5,5,5,5,5,5,5,5,5,5,5,5,5,5
"04-09-2012",5,5,4,5,5,6,11,43,14,8,7,6,5,5,5,5,5,5,5,6,6,11,13,26
"05-09-2012",27,18,16,6,5,6,5,6,8,6,6,5,5,6,6,6,6,5,6,6,6,7,7,7
"06-09-2012",8,8,9,10,11,17,10,11,10,11,8,6,7,6,6,6,6,6,6,6,7,7,8,8
"07-09-2012",7,6,6,7,5,5,6,8,11,6,5,5,6,5,5,5,5,5,5,5,5,5,5,5
"08-09-2012",5,5,5,5,5,4,5,5,5,5,5,5,5,5,5,5,5,5,5,5,5,4,4,4
"09-09-2012",5,4,5,4,4,4,4,4,5,5,5,5,5,5,5,5,5,5,5,5,-9999,-9999,-9999,-9999
"10-09-2012",-9999,-9999,-9999,-9999,-9999,-9999,-9999,-9999,-9999,-9999,-9999,-9999,6,-9999,-9999,5,5,7,5,5,5,6,5,4
"11-09-2012",4,4,4,4,4,5,5,5,6,6,6,6,6,5,5,5,5,6,5,5,5,6,7,11
"12-09-2012",5,5,4,5,5,7,11,11,12,6,6,6,5,5,6,6,6,6,5,6,6,6,9,16
"13-09-2012",11,9,8,9,10,14,22,61,50,9,10,8,7,6,6,5,5,5,5,5,6,6,6,6
"14-09-2012",6,5,5,5,6,13,9,13,12,10,7,6,6,6,6,6,6,6,5,5,7,12,6,7
"15-09-2012",5,5,7,6,6,8,17,20,25,19,10,6,5,5,5,5,5,4,5,5,5,5,5,5
"16-09-2012",4,5,5,5,6,4,5,6,14,8,8,8,10,9,6,6,6,6,5,6,6,7,13,10
"17-09-2012",9,12,10,7,8,15,37,69,103,29,12,7,7,6,6,6,6,6,7,11,12,31,17,16
"18-09-2012",13,8,8,6,9,12,28,75,74,22,12,6,6,5,6,6,6,7,8,7,7,7,7,8
"19-09-2012",6,5,5,5,6,12,10,11,14,8,7,6,6,5,5,5,6,6,6,6,7,9,18,20
"20-09-2012",13,11,7,9,8,15,38,67,72,20,12,9,8,5,5,5,6,6,6,6,7,15,6,8
"21-09-2012",8,8,6,7,6,11,7,7,7,8,6,6,5,5,5,6,6,5,5,7,6,6,5,6
"22-09-2012",4,4,4,4,4,5,5,6,6,5,6,5,5,5,5,5,5,5,5,5,5,14,18,15
"23-09-2012",20,13,15,11,12,10,9,14,30,7,5,6,6,5,6,5,5,5,5,6,8,20,19,24
"24-09-2012",13,7,7,7,6,10,28,57,112,37,7,11,8,10,9,7,6,6,6,7,7,17,17,17
"25-09-2012",8,7,8,7,9,19,41,82,132,43,35,14,14,8,6,6,8,7,8,18,27,28,29,12
"26-09-2012",15,10,10,9,8,12,24,70,127,79,19,12,9,7,6,5,6,6,6,6,9,24,30,19
"27-09-2012",10,7,8,7,8,15,25,53,156,76,11,10,8,6,6,6,6,6,6,16,10,5,8,17
"28-09-2012",7,7,5,5,5,8,18,23,18,8,6,5,5,5,5,5,5,5,5,7,6,6,7,7
"29-09-2012",4,4,4,4,4,4,5,5,5,5,5,5,5,5,5,4,4,4,5,5,5,5,5,5
"30-09-2012",4,4,4,4,4,4,5,5,6,6,7,5,6,6,6,5,4,5,5,5,4,9,7,4
"01-10-2012",5,4,6,5,6,10,23,58,107,22,10,8,7,6,5,7,7,7,6,7,7,6,6,10
"02-10-2012",9,10,10,7,9,27,47,82,104,16,24,17,10,11,7,7,6,6,6,6,7,14,12,21
"03-10-2012",12,14,10,10,9,22,27,119,128,20,21,13,7,6,6,6,6,6,6,6,7,10,15,12
"04-10-2012",5,6,6,8,6,11,23,48,80,11,7,7,6,6,6,6,5,6,6,6,7,14,22,30
"05-10-2012",16,13,10,9,10,12,9,19,53,22,16,6,7,6,7,6,6,6,5,5,7,7,7,7
"06-10-2012",4,4,4,4,4,7,9,10,6,5,5,5,5,5,4,5,4,4,4,5,6,5,5,6
"07-10-2012",4,5,6,5,6,5,5,6,20,11,7,6,5,5,5,5,4,4,5,5,7,-9999,18,11
"08-10-2012",9,8,6,6,5,10,16,59,75,44,19,13,12,8,7,6,7,6,6,6,6,5,6,10
"09-10-2012",9,5,4,4,4,5,5,7,7,-9999,-9999,-9999,-9999,-9999,-9999,-9999,-9999,-9999,-9999,-9999,-9999,-9999,-9999,-9999
"10-10-2012",-9999,-9999,-9999,-9999,-9999,-9999,-9999,-9999,-9999,-9999,-9999,-9999,-9999,-9999,-9999,-9999,-9999,-9999,-9999,-9999,-9999,-9999,-9999,-9999
"11-10-2012",-9999,-9999,-9999,-9999,-9999,-9999,-9999,-9999,-9999,-9999,-9999,-9999,-9999,-9999,-9999,-9999,-9999,-9999,-9999,-9999,-9999,-9999,-9999,-9999
"12-10-2012",-9999,-9999,-9999,-9999,-9999,-9999,-9999,-9999,-9999,-9999,-9999,-9999,-9999,6,6,6,6,6,6,6,7,9,14,19
"13-10-2012",8,8,8,8,9,14,21,46,63,27,14,10,6,6,5,5,6,5,5,8,18,23,21,19
"14-10-2012",20,14,10,7,6,7,10,22,27,27,8,7,6,5,5,5,4,5,5,7,5,6,6,6
"15-10-2012",6,6,7,8,6,14,20,55,52,22,13,7,7,7,7,7,7,6,7,10,14,32,41,36
"16-10-2012",22,9,9,10,8,20,32,62,99,25,13,7,6,6,6,6,7,8,6,18,36,45,57,51
"17-10-2012",25,12,14,12,10,27,-9999,-9999,-9999,35,41,18,12,11,12,9,8,9,10,23,52,30,43,45
"18-10-2012",36,28,10,5,5,5,6,6,7,8,7,7,7,7,6,5,5,5,5,5,5,5,5,4
"19-10-2012",4,4,4,4,4,5,5,6,8,6,6,6,5,6,5,5,5,5,5,5,5,5,4,5
"20-10-2012",4,4,4,5,4,5,5,5,17,7,5,6,5,6,7,5,5,6,6,7,7,7,5,5
"21-10-2012",5,4,4,4,4,4,4,6,5,5,5,5,5,5,5,5,4,5,5,5,6,6,5,5
"22-10-2012",4,4,4,4,4,6,12,16,10,13,10,6,7,8,8,9,8,14,8,12,18,17,10,9
"23-10-2012",6,4,4,4,4,8,16,11,20,21,12,11,8,7,6,6,8,9,10,8,8,6,6,5
"24-10-2012",5,4,4,5,5,6,6,9,9,11,9,7,7,6,7,8,7,8,8,8,7,7,6,5
"25-10-2012",4,4,4,4,5,11,8,25,29,-9999,9,8,6,7,7,7,8,9,8,13,33,48,78,70
"26-10-2012",46,19,8,8,10,25,65,143,185,184,21,16,17,12,12,8,7,7,13,53,77,70,50,49
"27-10-2012",28,22,14,12,14,21,29,34,54,31,10,12,9,7,6,6,5,5,5,6,5,5,5,5
"28-10-2012",5,5,5,5,5,5,5,5,5,5,5,5,5,6,5,5,5,5,5,7,9,8,6,6
"29-10-2012",5,5,6,5,5,5,9,11,10,12,10,8,7,12,12,13,17,42,34,23,10,5,5,5
"30-10-2012",5,6,6,5,6,6,6,12,11,8,8,7,7,7,7,6,9,28,34,57,77,126,110,94
"31-10-2012",32,24,17,11,13,33,53,142,124,13,11,10,11,9,8,7,7,11,18,18,31,71,45,32
"01-11-2012",20,7,6,7,6,8,12,12,14,13,12,7,7,8,7,6,12,10,9,10,7,17,8,6
"02-11-2012",6,6,9,9,12,-9999,-9999,-9999,85,32,13,15,13,7,7,7,7,7,17,23,7,13,22,35
"03-11-2012",20,25,15,9,13,14,36,-9999,67,10,10,8,7,6,6,6,6,12,21,22,52,77,60,48
"04-11-2012",26,21,14,9,8,7,11,20,19,6,6,6,8,6,6,5,6,7,22,33,32,38,14,12
"05-11-2012",9,9,8,7,7,12,16,-9999,-9999,26,10,7,6,7,9,8,8,9,9,7,9,14,14,9
"06-11-2012",7,6,6,6,6,6,28,-9999,40,19,14,9,8,8,7,7,8,15,14,20,15,6,7,8
"07-11-2012",7,6,6,6,5,6,16,49,-9999,30,13,9,8,7,7,7,6,7,8,12,9,5,5,5
"08-11-2012",5,5,5,4,4,6,7,8,8,8,9,7,7,7,6,6,6,6,5,6,5,7,6,6
"09-11-2012",4,4,5,6,9,8,21,14,26,31,10,12,9,7,8,7,10,32,47,88,29,7,8,12
"10-11-2012",8,6,7,6,5,6,6,6,7,6,6,10,7,7,7,6,6,7,9,8,-9999,-9999,-9999,-9999
"11-11-2012",-9999,-9999,-9999,-9999,-9999,-9999,-9999,-9999,-9999,-9999,-9999,-9999,-9999,-9999,-9999,-9999,-9999,-9999,9,9,8,6,6,6
"12-11-2012",6,5,5,5,5,7,10,13,16,7,7,7,6,7,7,8,10,13,10,8,6,6,6,5
"13-11-2012",5,5,5,5,6,18,37,56,47,23,10,8,9,7,7,9,12,9,27,38,47,35,29,16
"14-11-2012",6,11,5,5,7,6,7,9,12,8,7,7,7,6,8,6,6,7,7,6,6,6,7,5
"15-11-2012",5,5,5,5,5,6,6,7,8,8,9,8,8,7,8,10,7,10,8,8,7,9,7,5
"16-11-2012",5,6,6,5,6,15,13,11,32,27,51,14,11,7,12,8,8,10,7,7,7,6,9,6
"17-11-2012",5,5,5,5,5,6,8,6,8,7,8,7,8,7,8,7,6,6,6,6,6,6,6,6
"18-11-2012",5,5,5,5,5,5,5,6,7,8,6,8,9,7,8,7,8,8,8,7,8,7,7,5
"19-11-2012",5,5,5,5,6,6,7,10,11,10,8,9,8,8,7,8,8,8,7,7,8,7,6,6
"20-11-2012",5,5,5,5,8,9,21,22,35,13,11,13,8,-9999,7,7,28,48,9,23,26,30,12,9
"21-11-2012",13,8,7,7,11,25,29,-9999,-9999,29,15,31,39,14,11,12,11,10,8,8,9,7,6,7
"22-11-2012",5,5,5,5,6,8,8,7,8,-9999,-9999,-9999,-9999,-9999,-9999,-9999,-9999,-9999,-9999,-9999,-9999,-9999,-9999,-9999
"23-11-2012",-9999,-9999,-9999,-9999,-9999,-9999,-9999,-9999,-9999,-9999,-9999,-9999,-9999,-9999,-9999,-9999,-9999,-9999,-9999,-9999,-9999,-9999,-9999,-9999
"24-11-2012",-9999,-9999,-9999,-9999,-9999,-9999,-9999,-9999,-9999,-9999,-9999,-9999,-9999,-9999,-9999,-9999,-9999,-9999,-9999,-9999,-9999,-9999,-9999,-9999
"25-11-2012",-9999,-9999,-9999,-9999,-9999,-9999,-9999,-9999,-9999,-9999,-9999,-9999,-9999,-9999,-9999,-9999,-9999,-9999,-9999,-9999,-9999,-9999,-9999,-9999
"26-11-2012",-9999,-9999,-9999,-9999,-9999,-9999,-9999,-9999,-9999,-9999,9,6,6,7,7,6,7,7,6,20,72,73,77,27
"27-11-2012",7,8,7,7,6,13,34,49,27,24,12,12,8,6,6,6,7,30,20,17,12,8,14,18
"28-11-2012",13,9,6,11,10,37,45,112,150,32,15,6,6,6,5,6,5,5,5,5,5,5,4,5
"29-11-2012",4,4,4,4,4,4,4,5,6,6,5,5,5,5,5,5,5,5,5,5,4,4,4,4
"30-11-2012",3,3,3,4,4,4,12,15,57,39,8,5,5,6,6,6,5,5,5,5,5,5,5,7
"01-12-2012",6,5,4,4,7,7,9,14,7,11,11,12,15,11,7,8,9,22,35,58,83,102,88,58
"02-12-2012",33,30,19,25,11,6,9,11,18,19,9,7,6,6,6,5,5,4,4,5,6,5,5,4
"03-12-2012",5,6,5,4,4,7,19,59,79,35,13,10,7,6,6,6,6,6,5,5,5,5,5,4
"04-12-2012",4,4,4,4,4,9,7,8,9,8,7,7,7,6,6,7,14,80,133,80,77,76,59,53
"05-12-2012",37,20,9,9,12,24,55,130,203,107,23,11,8,16,9,11,12,15,11,17,29,6,6,5
"06-12-2012",6,5,5,6,15,27,35,41,39,28,11,9,6,7,7,6,8,47,69,43,54,52,37,75
"07-12-2012",20,5,5,5,5,8,36,92,132,23,9,7,7,6,8,8,12,19,24,93,136,155,151,117
"08-12-2012",67,41,24,18,19,24,55,66,84,51,11,11,13,8,6,6,6,6,8,6,6,6,5,5
"09-12-2012",4,4,4,4,5,5,6,10,29,22,12,8,7,12,21,10,12,7,15,32,49,52,57,29
"10-12-2012",9,13,9,9,14,10,14,16,45,20,8,7,7,7,7,6,10,20,35,42,68,82,123,56
"11-12-2012",28,13,8,9,11,18,46,118,232,167,71,46,10,8,8,7,18,11,7,7,8,7,7,6
"12-12-2012",7,5,5,6,8,19,44,93,144,93,19,10,11,8,8,8,9,11,11,16,8,8,8,6
"13-12-2012",5,5,4,5,6,11,10,20,14,13,12,8,7,9,9,10,10,11,44,70,122,120,24,12
"14-12-2012",6,5,5,5,5,6,7,12,12,9,10,8,7,7,7,7,11,10,12,10,9,9,9,6
"15-12-2012",5,5,5,5,5,4,7,6,8,8,14,7,7,9,8,8,10,13,79,101,135,105,108,97
"16-12-2012",71,45,22,13,20,15,20,27,26,31,11,13,14,12,12,35,32,53,83,141,160,160,151,98
"17-12-2012",55,41,22,15,23,56,52,137,104,52,22,22,9,10,11,12,33,63,78,29,25,18,25,7
"18-12-2012",5,5,5,5,8,5,24,38,53,38,13,10,11,19,15,11,9,31,55,38,32,18,12,9
"19-12-2012",8,7,10,6,7,21,34,99,130,51,21,14,-9999,7,9,10,8,9,8,7,6,6,6,8
"20-12-2012",4,4,4,4,5,6,6,7,7,7,7,8,7,7,8,8,11,10,10,12,14,16,10,12
"21-12-2012",6,5,5,5,6,17,18,115,119,45,17,13,11,14,10,11,14,12,27,41,62,56,32,18
"22-12-2012",8,6,6,6,6,9,8,6,7,6,10,9,6,8,8,7,7,8,6,6,5,5,5,5
"23-12-2012",5,5,4,4,4,4,5,5,6,6,6,6,6,6,6,6,6,6,7,6,7,6,5,5
"24-12-2012",5,5,5,5,6,9,8,14,30,19,8,7,7,7,7,7,9,14,16,40,57,64,58,81
"25-12-2012",64,35,39,21,12,10,11,16,54,56,14,10,9,10,9,9,16,29,67,80,110,129,95,82
"26-12-2012",62,42,27,22,14,11,12,18,36,32,13,9,11,12,16,10,19,55,103,115,130,145,113,81
"27-12-2012",58,32,23,24,22,28,23,103,109,87,20,18,21,16,12,10,18,31,72,113,172,167,131,115
"28-12-2012",64,45,22,16,20,52,59,119,139,97,28,12,15,10,11,10,10,49,94,179,156,165,148,56
"29-12-2012",25,27,9,6,9,23,34,15,13,13,11,10,14,21,22,18,15,7,7,7,8,7,7,5
"30-12-2012",5,5,5,5,5,5,4,5,7,8,7,7,8,14,14,8,6,8,9,17,8,15,5,5
"31-12-2012",4,4,5,5,6,8,11,9,13,7,22,8,9,7,7,8,6,7,7,7,6,6,5,5
