"01-01-2012",4,3,3,2,2,2,2,3,5,3,3,2,2,2,3,3,6,8,16,17,17,12,11,10
"02-01-2012",7,7,6,10,21,8,6,12,15,24,27,48,55,50,49,45,50,55,55,37,23,36,21,14
"03-01-2012",14,7,7,5,7,5,9,9,13,11,15,82,92,69,67,54,49,34,40,26,33,20,40,30
"04-01-2012",26,24,25,18,29,24,24,31,30,36,25,47,38,43,33,54,35,50,41,23,40,26,26,12
"05-01-2012",15,26,19,11,12,7,10,21,26,16,24,41,39,55,36,30,25,23,11,10,9,8,6,5
"06-01-2012",4,5,5,4,3,3,3,4,4,4,3,3,4,4,3,3,19,5,5,4,4,8,7,12
"07-01-2012",4,3,3,2,2,2,3,3,3,3,3,4,4,3,4,3,3,2,3,3,4,3,3,4
"08-01-2012",4,3,3,2,2,2,2,2,3,2,3,3,4,3,3,5,4,6,4,4,5,5,4,3
"09-01-2012",3,4,8,5,3,3,3,8,5,5,4,3,3,4,7,10,6,3,5,5,9,8,6,6
"10-01-2012",4,4,5,7,6,7,9,15,13,7,6,3,4,5,4,6,7,8,4,5,9,13,9,7
"11-01-2012",6,4,3,2,3,7,5,8,8,6,3,3,2,3,5,4,4,5,5,4,5,6,7,6
"12-01-2012",5,6,4,4,4,4,7,9,12,11,7,4,3,10,15,25,30,17,20,8,6,7,11,7
"13-01-2012",7,5,4,7,4,15,20,24,22,50,42,79,60,43,35,33,32,45,50,40,46,51,30,43
"14-01-2012",16,20,7,4,4,5,19,4,3,3,4,4,5,4,12,11,15,10,4,2,2,4,3,4
"15-01-2012",3,2,2,3,3,4,4,3,5,6,13,5,4,4,3,6,8,7,4,5,14,12,6,7
"16-01-2012",3,2,3,2,2,3,4,7,4,4,3,6,5,4,5,5,7,4,3,3,3,3,3,3
"17-01-2012",2,2,2,3,2,3,5,10,14,50,33,23,16,5,6,5,8,9,8,7,6,6,6,15
"18-01-2012",8,13,10,18,6,12,32,44,42,77,56,10,9,7,6,6,7,11,8,7,7,6,9,19
"19-01-2012",14,3,3,4,6,7,9,21,15,14,41,59,38,39,33,29,32,47,37,29,23,24,17,11
"20-01-2012",15,12,7,12,11,14,13,15,23,25,37,49,53,59,51,54,40,19,19,18,15,11,8,6
"21-01-2012",6,4,4,3,5,4,8,43,6,4,7,9,6,4,5,3,5,7,14,13,12,14,18,4
"22-01-2012",2,3,2,2,3,5,11,21,13,23,18,12,26,45,27,11,5,20,29,35,76,8,42,12
"23-01-2012",13,10,6,5,4,5,8,10,16,16,6,39,52,65,41,46,43,51,82,39,37,35,39,28
"24-01-2012",24,16,12,10,10,9,10,23,26,19,25,48,36,44,43,40,42,41,45,37,37,31,21,11
"25-01-2012",15,10,9,7,10,25,20,14,18,12,9,8,8,5,5,4,4,4,5,6,6,7,6,7
"26-01-2012",6,6,6,5,5,4,4,5,4,4,4,3,3,5,5,5,5,4,3,4,5,5,4,3
"27-01-2012",3,3,3,3,3,3,5,8,11,5,5,6,4,4,5,5,6,7,7,13,14,14,12,11
"28-01-2012",9,7,5,5,5,10,10,15,17,14,14,11,11,10,11,10,12,14,13,16,18,13,13,21
"29-01-2012",11,7,6,5,5,5,5,10,14,10,8,6,6,7,8,8,9,21,13,6,5,5,5,4
"30-01-2012",3,5,12,8,4,5,9,23,19,11,3,8,5,6,5,5,9,17,17,14,16,14,8,5
"31-01-2012",4,3,5,6,5,8,12,26,24,15,41,29,20,18,12,7,8,24,38,34,28,26,38,22
"01-02-2012",16,12,8,8,7,10,30,34,24,18,24,17,10,2,5,7,11,15,16,13,11,11,13,13
"02-02-2012",6,5,4,5,4,5,9,17,17,12,15,15,10,10,12,10,11,15,15,23,28,32,32,27
"03-02-2012",11,14,15,7,6,8,10,22,14,18,23,39,46,54,50,-9999,-9999,43,33,39,29,38,21,15
"04-02-2012",16,23,19,6,17,16,19,16,4,3,4,3,10,7,6,4,4,9,9,11,27,26,7,2
"05-02-2012",2,1,1,1,2,8,14,5,2,8,3,5,5,3,9,20,19,33,32,39,23,40,36,20
"06-02-2012",11,12,1,2,1,7,16,14,18,3,2,1,1,1,1,1,1,1,1,1,1,1,1,1
"07-02-2012",1,4,1,1,1,1,1,1,4,1,1,1,1,1,1,1,1,1,1,1,1,8,7,3
"08-02-2012",3,1,1,1,2,1,1,4,3,5,3,3,2,5,15,10,4,3,6,5,7,6,4,3
"09-02-2012",3,2,1,1,4,4,5,11,10,6,3,1,1,1,3,3,4,20,13,14,18,15,9,4
"10-02-2012",3,10,8,3,2,2,3,9,9,6,5,3,13,6,4,4,2,2,3,17,16,20,25,8
"11-02-2012",1,2,2,2,4,6,4,7,12,10,10,12,13,22,17,11,10,11,10,6,8,6,11,4
"12-02-2012",12,6,4,4,15,4,3,11,9,10,16,14,17,14,19,23,19,22,24,18,23,20,15,6
"13-02-2012",10,5,5,5,6,5,19,17,13,24,25,19,26,48,36,24,37,41,24,7,6,3,2,3
"14-02-2012",2,1,1,1,1,1,2,6,20,22,21,37,56,53,41,48,43,26,30,21,23,29,56,27
"15-02-2012",28,29,9,4,4,12,14,10,10,7,11,26,26,21,13,10,12,15,7,9,6,8,5,6
"16-02-2012",8,7,5,6,1,1,1,2,2,20,11,1,1,1,1,1,1,1,1,2,2,4,3,3
"17-02-2012",3,3,3,2,2,2,3,4,3,2,2,1,1,2,3,3,2,1,2,2,4,7,4,1
"18-02-2012",1,1,4,13,9,1,14,19,6,27,32,11,3,1,1,1,1,2,4,2,2,1,2,1
"19-02-2012",1,1,1,3,8,4,3,6,3,2,2,4,6,2,2,4,4,17,19,8,4,3,3,8
"20-02-2012",9,4,1,6,8,8,11,13,38,35,29,44,29,37,10,22,11,13,29,35,31,16,14,16
"21-02-2012",8,4,6,5,3,5,26,16,14,7,21,23,23,13,3,6,6,6,6,15,17,14,10,5
"22-02-2012",2,1,1,1,1,1,4,9,9,13,6,11,4,10,15,11,14,12,4,7,16,11,6,2
"23-02-2012",2,2,3,1,2,1,5,5,11,7,9,12,8,4,2,2,1,2,6,13,7,19,11,4
"24-02-2012",3,1,1,2,1,1,2,10,11,2,1,1,1,1,1,1,1,1,1,1,1,1,1,1
"25-02-2012",1,1,1,1,1,1,1,4,8,6,8,1,1,1,1,1,1,1,1,1,1,1,1,1
"26-02-2012",1,1,1,1,1,1,1,1,1,1,1,1,1,2,2,1,1,1,1,1,2,2,1,1
"27-02-2012",1,1,1,1,1,1,1,1,1,1,1,1,1,1,1,1,1,1,1,1,1,1,1,1
"28-02-2012",1,1,1,1,1,1,1,1,1,1,1,1,1,1,1,1,1,1,2,2,1,1,1,1
"29-02-2012",1,1,1,1,1,2,4,18,13,29,13,7,2,1,1,1,1,1,1,1,1,2,5,1
"01-03-2012",2,3,2,1,1,1,1,9,7,3,2,1,1,1,5,6,2,4,5,7,4,3,2,2
"02-03-2012",1,1,4,1,1,1,3,4,7,44,35,17,18,13,13,14,23,25,17,23,2,1,1,1
"03-03-2012",1,1,1,1,1,4,2,1,1,2,1,1,1,1,1,1,1,1,1,1,1,1,1,1
"04-03-2012",1,1,1,1,1,1,7,13,1,1,1,2,2,1,3,2,4,13,14,15,7,4,3,4
"05-03-2012",1,3,3,2,2,3,11,12,11,17,48,47,49,44,45,47,41,34,13,23,30,20,21,9
"06-03-2012",2,2,1,1,3,3,7,7,6,18,9,6,4,5,6,6,4,5,6,7,4,5,2,2
"07-03-2012",4,3,4,4,4,3,7,8,10,5,4,4,3,3,7,13,9,7,7,9,12,9,19,10
"08-03-2012",4,5,2,2,3,3,5,11,10,6,4,4,6,6,7,6,6,4,4,3,5,10,7,8
"09-03-2012",2,1,1,2,9,6,1,6,6,7,7,3,4,22,26,14,6,8,6,11,20,27,23,22
"10-03-2012",15,13,2,4,5,6,5,8,3,9,13,6,6,7,18,10,9,6,5,6,4,5,6,9
"11-03-2012",5,5,3,5,3,2,3,2,2,3,4,2,2,1,1,2,2,8,12,11,13,16,3,1
"12-03-2012",1,1,1,1,1,1,1,1,1,1,1,1,1,1,2,3,3,4,7,4,11,18,10,6
"13-03-2012",6,2,2,1,1,1,1,4,1,2,1,1,1,1,1,1,1,9,6,13,18,22,6,6
"14-03-2012",3,1,1,1,1,1,1,1,1,1,1,1,1,1,1,1,1,4,1,1,1,1,1,1
"15-03-2012",1,1,1,1,1,1,1,1,1,1,1,1,1,1,1,1,1,9,6,3,10,1,1,1
"16-03-2012",1,1,1,1,1,1,1,8,5,2,3,9,6,3,1,1,1,2,2,1,2,2,14,10
"17-03-2012",4,2,4,9,1,2,6,7,1,1,1,1,2,3,2,1,1,6,14,18,18,16,10,7
"18-03-2012",2,3,2,1,1,1,3,5,6,13,15,14,8,3,3,3,3,3,13,21,17,19,6,3
"19-03-2012",12,6,9,13,24,18,19,16,26,27,17,6,11,5,6,8,12,13,32,37,24,10,9,9
"20-03-2012",9,10,2,2,1,1,4,2,10,10,25,28,21,18,10,6,2,1,1,1,1,1,1,1
"21-03-2012",1,1,1,1,1,1,1,1,19,8,5,7,11,11,15,9,9,6,22,13,3,9,4,16
"22-03-2012",3,1,1,1,1,1,3,2,2,2,2,2,3,1,1,1,1,1,1,1,1,1,1,1
"23-03-2012",1,1,1,4,3,1,1,5,17,4,2,2,3,2,2,1,1,1,2,1,1,3,1,1
"24-03-2012",3,1,1,1,1,1,4,5,5,8,11,19,4,3,2,2,2,1,1,1,1,1,1,3
"25-03-2012",1,1,1,1,1,2,1,1,4,13,14,6,3,1,1,1,1,1,1,1,1,1,1,1
"26-03-2012",1,1,1,1,1,1,2,-9999,3,2,1,1,1,1,1,1,1,1,1,1,1,1,1,1
"27-03-2012",1,1,1,1,1,1,1,1,4,1,3,6,5,2,1,1,1,1,1,1,3,4,1,4
"28-03-2012",2,1,7,3,1,7,1,1,1,1,1,1,2,1,1,1,1,1,1,1,1,1,1,1
"29-03-2012",1,1,1,1,1,1,1,1,3,3,9,10,4,4,4,3,2,2,3,3,2,1,1,1
"30-03-2012",1,1,1,1,1,1,2,3,4,3,6,5,3,2,3,1,1,1,1,1,1,1,1,1
"31-03-2012",1,1,1,1,1,1,6,4,3,9,21,19,17,13,3,1,1,1,1,1,1,1,2,2
"01-04-2012",1,1,1,1,1,1,1,1,2,1,1,4,1,1,2,1,1,1,1,1,1,1,1,1
"02-04-2012",1,1,1,1,1,1,4,5,7,1,1,1,1,1,1,1,1,1,1,1,1,1,1,1
"03-04-2012",1,1,1,1,1,1,3,5,8,2,6,1,1,1,1,1,2,3,1,1,4,12,17,12
"04-04-2012",3,1,1,1,1,2,6,5,5,16,12,15,14,12,21,28,16,29,39,5,9,19,7,4
"05-04-2012",4,1,1,1,1,1,1,10,12,20,11,11,4,12,5,6,9,4,7,8,7,7,2,6
"06-04-2012",20,9,4,2,1,1,1,2,1,1,1,1,1,1,5,2,2,3,4,15,16,11,11,6
"07-04-2012",2,1,1,1,1,2,3,4,1,4,7,7,1,2,1,1,1,1,1,1,2,1,1,1
"08-04-2012",1,1,1,1,1,1,1,1,1,1,1,1,1,1,1,1,1,1,1,1,2,2,1,1
"09-04-2012",1,1,1,1,1,1,1,1,1,3,1,1,1,1,1,1,1,1,1,1,1,1,1,1
"10-04-2012",1,1,1,1,1,1,1,1,1,2,3,4,7,4,2,1,1,1,1,1,1,1,1,1
"11-04-2012",1,1,1,1,1,1,1,2,1,1,1,1,1,1,1,1,1,1,1,1,1,1,1,1
"12-04-2012",1,4,10,1,1,1,1,1,1,1,4,10,3,2,1,1,1,1,1,1,7,10,8,6
"13-04-2012",5,1,1,1,1,1,5,1,1,1,1,1,1,2,6,9,1,14,8,1,1,1,1,1
"14-04-2012",1,1,1,1,1,1,1,1,1,1,1,1,1,1,1,1,1,1,1,1,1,1,1,1
"15-04-2012",1,1,1,1,1,1,1,1,1,1,1,1,1,1,1,1,1,1,1,1,1,1,1,1
"16-04-2012",1,3,2,1,1,1,1,1,1,1,1,1,1,1,1,1,1,1,1,1,1,1,1,1
"17-04-2012",1,1,1,1,1,1,1,1,1,1,1,1,1,1,1,1,1,1,1,1,1,1,2,1
"18-04-2012",1,1,1,1,1,1,1,1,1,1,1,1,1,1,1,1,1,1,1,1,1,1,1,1
"19-04-2012",1,1,1,1,1,1,1,3,1,3,2,1,1,1,1,1,1,1,1,1,1,1,1,1
"20-04-2012",1,1,1,1,1,1,1,1,1,1,1,10,2,6,1,1,1,1,1,1,1,1,1,1
"21-04-2012",1,1,1,1,1,1,1,4,1,2,1,1,1,1,1,1,1,1,1,1,1,1,1,1
"22-04-2012",1,1,1,1,1,1,1,1,1,1,1,3,1,1,1,1,1,1,1,1,1,1,1,1
"23-04-2012",1,1,1,1,1,1,1,6,1,5,6,2,1,1,1,1,1,1,1,1,1,1,1,1
"24-04-2012",1,2,3,1,1,1,1,1,3,1,4,6,1,1,1,1,1,1,1,1,1,1,12,12
"25-04-2012",5,1,1,1,1,1,3,7,5,-9999,-9999,-9999,-9999,-9999,3,3,3,8,7,13,10,8,8,2
"26-04-2012",2,1,1,1,2,1,2,2,2,2,2,2,2,3,5,4,7,7,5,6,6,3,2,1
"27-04-2012",1,1,1,2,2,5,10,9,7,7,13,6,6,4,4,4,2,2,3,3,4,9,15,19
"28-04-2012",9,6,3,2,2,2,5,10,20,5,2,1,9,4,7,6,7,3,4,5,7,10,4,4
"29-04-2012",3,2,2,2,1,1,2,3,5,3,1,2,2,2,1,1,1,3,4,5,2,1,2,1
"30-04-2012",1,3,2,1,5,4,3,4,9,13,24,14,18,11,8,4,4,4,4,5,7,3,2,3
"01-05-2012",2,1,1,1,1,1,1,1,3,3,4,2,3,2,2,2,2,2,3,3,3,2,1,1
"02-05-2012",1,1,1,1,1,1,1,17,16,30,38,27,17,16,11,5,4,4,4,4,6,2,2,1
"03-05-2012",1,1,1,1,1,1,2,5,8,6,18,16,17,13,8,4,3,3,3,7,6,2,5,12
"04-05-2012",6,4,3,4,3,1,1,2,8,12,14,3,4,4,2,2,2,2,2,4,8,3,2,2
"05-05-2012",15,5,7,7,8,6,5,7,13,28,25,23,10,5,4,2,2,2,2,2,2,2,3,11
"06-05-2012",11,2,1,4,3,2,4,5,6,8,5,4,5,5,4,3,3,4,3,5,4,5,2,2
"07-05-2012",1,1,1,1,1,2,4,5,16,27,42,42,37,11,7,5,4,4,5,6,5,3,2,1
"08-05-2012",1,2,3,3,2,1,3,24,23,34,22,15,8,6,5,4,4,3,8,11,13,10,10,20
"09-05-2012",12,5,2,2,3,3,6,8,4,2,3,2,4,7,6,3,6,4,4,6,7,3,4,3
"10-05-2012",3,2,1,1,1,3,4,8,7,5,28,22,17,10,7,5,4,5,2,3,4,4,3,5
"11-05-2012",2,1,1,1,1,1,14,13,6,2,2,2,2,2,2,2,1,7,3,5,5,6,3,3
"12-05-2012",2,1,1,2,2,3,5,4,8,4,3,4,6,4,3,2,2,2,4,5,7,6,4,4
"13-05-2012",5,2,3,1,1,1,1,2,5,10,22,10,3,7,2,2,4,2,2,3,4,3,2,2
"14-05-2012",4,3,2,1,2,5,7,6,5,6,5,3,3,3,2,1,1,1,2,6,2,1,1,1
"15-05-2012",1,1,2,2,2,1,4,6,16,10,13,5,8,5,4,4,3,4,7,11,12,10,3,3
"16-05-2012",3,4,4,3,2,3,4,6,4,3,7,6,5,5,3,3,2,2,3,3,3,2,1,1
"17-05-2012",1,2,2,2,1,3,5,13,7,10,10,12,16,6,2,1,2,2,2,2,2,2,2,2
"18-05-2012",2,1,1,1,1,1,2,2,2,2,2,2,3,3,7,3,2,2,3,3,3,3,3,3
"19-05-2012",2,2,2,1,1,1,1,2,1,2,1,1,3,4,3,2,1,1,1,2,2,3,2,3
"20-05-2012",3,6,9,2,4,2,5,3,6,10,5,4,4,4,3,2,2,2,2,2,3,3,4,6
"21-05-2012",2,11,19,5,8,8,6,21,15,28,27,10,5,6,3,3,1,6,11,9,7,9,5,8
"22-05-2012",6,2,2,4,4,3,5,4,2,1,2,1,1,2,4,2,1,2,1,2,7,8,10,4
"23-05-2012",3,2,3,3,2,3,7,6,13,12,7,3,2,2,2,2,2,1,2,2,2,1,1,2
"24-05-2012",3,2,4,1,1,1,9,10,11,7,7,3,1,1,2,1,2,2,2,2,4,7,6,8
"25-05-2012",13,6,5,11,7,12,9,5,13,28,17,10,7,6,5,4,5,4,3,2,2,2,3,3
"26-05-2012",2,1,1,3,1,2,2,5,3,3,3,2,2,1,2,3,2,2,10,17,20,5,8,17
"27-05-2012",14,13,11,3,3,4,8,9,7,10,5,4,4,2,2,3,5,3,2,3,4,5,3,7
"28-05-2012",17,3,2,1,1,1,2,6,15,7,3,1,2,2,2,2,2,2,3,4,2,2,3,4
"29-05-2012",8,4,1,1,1,1,4,7,6,6,9,19,14,7,4,3,3,2,2,2,4,3,1,1
"30-05-2012",4,2,1,2,2,3,6,23,5,3,3,10,5,4,-9999,-9999,-9999,-9999,-9999,-9999,-9999,-9999,-9999,-9999
"31-05-2012",-9999,-9999,-9999,-9999,-9999,-9999,-9999,-9999,-9999,-9999,-9999,-9999,-9999,-9999,-9999,-9999,-9999,-9999,-9999,-9999,-9999,-9999,-9999,-9999
"01-06-2012",-9999,-9999,-9999,-9999,-9999,-9999,-9999,-9999,-9999,-9999,-9999,-9999,-9999,-9999,-9999,-9999,-9999,-9999,-9999,-9999,-9999,-9999,-9999,-9999
"02-06-2012",-9999,-9999,-9999,-9999,-9999,-9999,-9999,-9999,-9999,-9999,-9999,-9999,-9999,-9999,-9999,-9999,-9999,-9999,-9999,-9999,-9999,-9999,-9999,-9999
"03-06-2012",-9999,-9999,-9999,-9999,-9999,-9999,-9999,-9999,-9999,-9999,-9999,-9999,-9999,-9999,-9999,-9999,-9999,-9999,-9999,-9999,-9999,-9999,-9999,-9999
"04-06-2012",-9999,-9999,-9999,-9999,-9999,-9999,-9999,-9999,-9999,-9999,-9999,-9999,-9999,-9999,-9999,-9999,-9999,-9999,-9999,-9999,-9999,-9999,-9999,-9999
"05-06-2012",-9999,-9999,-9999,-9999,-9999,-9999,-9999,-9999,-9999,-9999,-9999,-9999,-9999,-9999,-9999,-9999,-9999,-9999,-9999,-9999,-9999,-9999,-9999,-9999
"06-06-2012",-9999,-9999,-9999,-9999,-9999,-9999,-9999,-9999,-9999,-9999,-9999,-9999,-9999,-9999,-9999,-9999,-9999,-9999,-9999,-9999,-9999,-9999,-9999,-9999
"07-06-2012",-9999,-9999,-9999,-9999,-9999,-9999,-9999,-9999,-9999,-9999,2,2,3,6,6,6,3,2,2,3,4,3,4,5
"08-06-2012",11,8,12,16,13,14,14,20,32,25,12,10,12,9,6,5,5,3,3,3,6,8,8,2
"09-06-2012",2,2,2,7,5,3,9,7,11,33,31,34,23,8,5,3,3,3,4,10,18,13,12,5
"10-06-2012",6,4,4,3,2,2,2,4,9,14,7,5,3,4,4,3,3,3,3,3,4,5,12,7
"11-06-2012",18,7,1,1,1,1,6,8,14,16,8,6,4,9,6,2,4,2,3,9,10,11,8,3
"12-06-2012",2,3,2,1,1,7,5,10,10,8,3,19,15,9,7,6,3,3,3,3,5,5,2,2
"13-06-2012",1,1,2,1,1,1,1,5,18,41,21,15,7,6,4,4,7,4,5,11,14,9,7,22
"14-06-2012",3,1,1,1,1,1,1,2,3,2,2,2,3,2,2,2,3,5,5,5,2,2,3,3
"15-06-2012",2,2,2,2,1,2,11,10,13,18,7,8,5,5,5,5,5,4,5,4,5,5,4,9
"16-06-2012",11,5,4,2,7,11,9,5,12,11,5,4,4,4,5,4,3,4,2,3,3,3,1,1
"17-06-2012",1,1,1,2,2,2,2,3,2,4,4,3,1,2,2,2,1,2,2,3,3,4,5,2
"18-06-2012",2,1,1,1,1,1,3,5,5,6,18,13,2,2,1,1,2,3,3,4,4,8,3,2
"19-06-2012",1,1,1,1,1,2,5,4,3,3,3,11,3,2,2,2,2,2,3,4,6,9,5,6
"20-06-2012",3,1,1,1,1,1,3,4,3,2,2,2,2,3,4,3,2,3,3,3,5,5,2,2
"21-06-2012",1,1,1,4,1,1,3,4,3,2,2,1,2,2,1,3,2,2,3,3,5,6,3,2
"22-06-2012",1,1,1,1,1,1,6,4,8,56,43,8,2,2,3,4,3,2,3,3,3,4,1,1
"23-06-2012",1,1,1,1,1,2,6,7,6,8,3,2,2,1,1,3,2,2,2,2,2,2,3,4
"24-06-2012",4,2,1,2,1,1,2,5,4,4,3,3,3,4,4,3,2,5,3,3,5,10,21,5
"25-06-2012",5,5,3,2,3,4,4,9,7,22,20,13,9,9,9,7,5,4,4,6,6,11,10,3
"26-06-2012",1,1,1,1,4,5,5,7,27,53,20,3,3,3,4,4,3,3,2,2,3,3,2,2
"27-06-2012",2,3,3,2,2,2,3,3,3,3,2,2,3,3,2,2,2,2,2,2,2,3,2,3
"28-06-2012",3,3,2,3,2,2,3,4,4,5,7,7,4,3,3,2,2,2,2,2,2,4,2,1
"29-06-2012",1,1,2,2,1,3,8,4,9,26,14,14,11,12,9,5,4,3,2,3,3,2,3,4
"30-06-2012",3,3,1,3,2,2,4,3,5,7,7,8,5,3,3,2,2,2,2,2,4,3,2,2
"01-07-2012",3,2,2,2,1,1,2,3,6,4,3,3,2,1,2,1,2,1,2,2,2,2,3,2
"02-07-2012",3,4,4,5,3,5,7,12,14,10,7,5,2,2,1,2,1,1,1,2,3,2,2,5
"03-07-2012",8,8,2,2,2,3,3,4,4,12,4,5,4,3,4,4,3,2,2,2,3,4,1,1
"04-07-2012",1,1,1,1,1,1,2,4,10,27,25,13,7,7,6,5,3,2,3,4,6,12,14,3
"05-07-2012",2,2,1,1,1,1,3,5,17,46,71,39,15,6,5,6,4,2,2,2,3,2,1,2
"06-07-2012",2,7,16,3,2,2,3,5,8,21,8,5,5,4,4,4,3,2,3,2,2,5,20,16
"07-07-2012",9,6,6,4,2,5,17,9,4,23,13,5,4,4,3,3,3,4,3,3,5,16,14,5
"08-07-2012",20,26,4,1,3,2,2,9,14,14,21,9,4,3,3,3,2,3,3,3,3,2,2,2
"09-07-2012",2,2,1,6,7,2,2,5,5,16,14,8,5,4,5,4,3,3,2,2,2,2,1,1
"10-07-2012",1,1,7,10,3,1,2,4,3,9,6,5,5,3,3,2,2,1,1,2,2,4,12,10
"11-07-2012",4,2,2,2,2,3,4,6,8,5,13,13,7,5,7,5,5,3,3,3,3,1,2,1
"12-07-2012",2,2,1,1,1,1,2,6,9,-9999,-9999,-9999,-9999,-9999,-9999,-9999,-9999,-9999,-9999,-9999,-9999,-9999,-9999,-9999
"13-07-2012",-9999,-9999,-9999,-9999,-9999,-9999,-9999,-9999,-9999,-9999,-9999,-9999,-9999,4,4,4,2,3,3,2,3,6,10,10
"14-07-2012",4,3,2,8,4,3,10,7,9,17,13,9,5,3,2,3,3,2,2,2,3,3,7,11
"15-07-2012",7,3,2,2,3,2,2,5,13,13,5,4,4,3,2,2,3,4,4,4,6,15,12,11
"16-07-2012",7,3,1,1,1,1,4,10,6,33,30,33,14,10,9,7,4,4,4,5,2,3,3,3
"17-07-2012",3,3,2,2,2,2,3,3,3,4,5,4,4,3,5,5,5,7,6,6,6,7,13,12
"18-07-2012",16,7,5,3,2,3,5,5,6,5,4,3,3,5,4,4,4,22,4,3,3,5,5,8
"19-07-2012",5,2,3,25,4,2,4,9,18,19,17,12,7,5,4,3,3,4,3,4,5,6,3,3
"20-07-2012",5,3,1,2,2,3,4,2,4,14,15,25,5,5,8,9,7,5,4,5,5,4,3,2
"21-07-2012",3,2,2,1,1,11,3,6,11,27,14,7,8,4,3,3,4,4,3,4,4,5,2,2
"22-07-2012",2,3,1,1,1,1,1,4,4,5,5,3,4,3,2,2,3,2,1,1,4,10,11,7
"23-07-2012",5,6,4,16,5,3,7,6,5,4,3,2,2,1,1,2,2,1,2,2,4,7,8,6
"24-07-2012",5,3,2,2,2,3,2,4,4,4,3,7,5,3,3,2,2,2,2,3,6,10,8,7
"25-07-2012",3,3,5,2,2,3,5,3,14,10,6,5,3,2,2,2,2,2,2,2,4,7,6,7
"26-07-2012",6,17,11,5,3,3,3,4,4,5,3,9,8,5,3,3,2,2,2,3,3,8,11,6
"27-07-2012",4,3,2,3,3,3,6,5,6,5,4,4,2,7,7,6,4,3,2,3,4,11,10,12
"28-07-2012",13,12,7,3,2,3,5,8,4,3,3,9,6,2,3,3,2,3,4,5,5,2,2,2
"29-07-2012",1,2,2,5,4,2,2,2,4,8,7,4,2,3,2,2,3,3,2,2,3,2,1,1
"30-07-2012",2,1,1,1,1,1,4,6,5,3,4,9,6,5,5,3,3,2,2,4,4,12,10,11
"31-07-2012",5,6,4,2,2,3,5,5,5,3,3,8,8,7,4,5,3,3,2,3,3,4,4,6
"01-08-2012",8,5,4,3,3,3,8,14,14,9,6,6,5,3,4,6,3,4,5,3,3,4,3,3
"02-08-2012",8,3,3,3,3,3,6,6,9,13,22,26,11,6,5,6,4,5,3,5,6,10,11,9
"03-08-2012",4,6,10,16,5,4,5,8,15,53,49,23,11,6,4,5,4,4,3,4,3,3,2,2
"04-08-2012",2,3,2,3,3,5,6,4,5,9,14,8,4,4,3,4,3,3,2,3,2,2,2,2
"05-08-2012",1,2,2,1,2,1,2,2,4,5,7,8,6,4,3,2,2,2,2,2,1,1,1,1
"06-08-2012",1,1,1,1,1,1,4,5,7,6,12,16,9,4,5,5,4,3,2,3,2,2,2,2
"07-08-2012",3,2,1,2,1,3,4,4,4,14,41,59,29,12,7,5,5,4,2,2,2,2,5,2
"08-08-2012",2,2,1,1,2,2,5,5,6,4,29,15,8,6,5,4,3,5,5,1,1,2,2,3
"09-08-2012",4,8,14,4,3,2,6,7,6,8,7,9,8,7,6,5,5,5,4,6,5,7,7,8
"10-08-2012",5,7,33,7,3,3,3,6,5,4,5,5,9,8,7,6,5,4,5,4,3,5,4,2
"11-08-2012",2,1,3,2,2,2,3,5,4,4,3,4,5,4,4,3,3,1,2,3,5,6,4,8
"12-08-2012",4,3,2,2,2,2,2,3,6,2,1,2,1,2,2,1,2,2,1,2,3,4,3,3
"13-08-2012",7,3,2,2,2,4,4,3,3,3,9,5,5,4,4,4,3,4,3,3,4,3,2,1
"14-08-2012",1,1,1,2,2,2,3,8,4,10,9,8,3,2,3,3,2,2,2,2,3,3,3,2
"15-08-2012",1,1,1,1,1,1,1,2,2,2,6,4,6,5,3,4,2,3,2,3,3,3,2,1
"16-08-2012",3,1,1,2,2,2,5,3,6,11,20,14,4,4,4,5,3,4,4,4,4,5,3,4
"17-08-2012",3,3,13,13,6,2,5,6,30,6,16,14,9,3,3,2,6,6,6,6,4,3,2,1
"18-08-2012",2,3,2,2,2,2,3,5,2,2,6,4,4,2,2,2,2,2,2,2,2,2,2,3
"19-08-2012",2,7,5,4,3,3,2,3,6,11,10,3,3,3,2,2,2,2,2,3,2,2,3,4
"20-08-2012",3,2,2,2,2,2,9,9,10,26,12,7,7,5,3,3,2,2,3,3,4,3,6,6
"21-08-2012",3,2,9,3,2,3,5,2,4,7,10,9,10,8,7,4,4,4,4,7,15,9,6,5
"22-08-2012",4,3,2,2,1,1,5,4,8,13,17,25,11,5,4,4,4,3,4,4,7,2,2,3
"23-08-2012",1,2,1,1,1,2,5,5,6,9,8,17,20,6,7,5,3,4,4,5,1,2,1,1
"24-08-2012",2,1,1,1,1,6,9,6,8,10,16,27,11,5,5,3,3,4,5,6,6,3,3,1
"25-08-2012",2,1,1,1,1,1,4,1,4,4,6,6,10,6,6,5,3,4,5,7,5,2,3,8
"26-08-2012",4,3,2,1,1,1,2,3,3,4,6,6,5,4,3,2,3,2,2,3,2,1,1,1
"27-08-2012",1,1,1,21,4,4,18,11,4,4,4,3,4,3,3,2,2,3,2,3,2,2,2,2
"28-08-2012",3,2,2,2,2,3,3,4,4,4,3,4,3,3,4,5,5,3,3,5,5,4,9,13
"29-08-2012",9,7,22,8,4,4,4,8,4,13,11,6,6,5,6,4,4,3,3,4,4,3,3,2
"30-08-2012",2,3,2,2,3,2,5,8,10,21,28,13,10,6,4,4,4,3,3,4,4,4,3,9
"31-08-2012",5,3,7,8,2,2,5,13,11,28,17,12,9,7,5,4,3,3,3,4,4,7,7,8
"01-09-2012",22,13,4,2,2,3,4,3,8,10,14,7,6,5,3,2,3,3,3,3,3,3,2,2
"02-09-2012",4,2,1,2,1,1,2,3,6,6,6,5,3,3,3,3,3,1,2,3,4,3,1,2
"03-09-2012",3,1,1,1,1,2,6,9,3,9,8,7,7,6,7,3,3,3,3,3,3,5,2,3
"04-09-2012",4,2,2,2,2,1,4,3,3,6,23,10,8,8,6,4,3,4,3,4,3,3,6,5
"05-09-2012",3,10,21,6,3,11,5,8,5,7,14,7,6,4,4,3,2,2,3,3,5,5,5,2
"06-09-2012",3,3,3,2,1,3,1,6,6,6,9,11,4,4,4,3,3,2,4,4,6,10,10,8
"07-09-2012",7,4,3,3,3,4,5,6,8,7,6,5,6,10,6,5,5,5,5,5,3,3,4,4
"08-09-2012",12,8,3,3,3,3,3,4,5,3,3,4,6,6,4,4,3,4,4,5,6,5,3,4
"09-09-2012",3,2,2,2,2,3,4,3,2,9,12,16,11,9,5,4,3,4,5,4,3,3,2,7
"10-09-2012",4,2,3,4,3,10,12,9,5,4,2,2,3,4,3,3,2,2,3,4,3,3,2,1
"11-09-2012",1,2,1,1,1,2,8,11,13,21,13,9,9,7,6,4,3,2,2,2,3,2,2,2
"12-09-2012",1,2,1,1,2,3,9,16,15,15,19,9,6,4,3,4,3,2,2,3,2,1,2,4
"13-09-2012",5,10,9,1,1,3,21,17,4,2,2,1,2,1,2,2,2,2,2,3,3,10,12,5
"14-09-2012",2,2,2,2,6,7,2,3,3,22,2,1,2,2,4,7,7,9,9,12,16,27,12,7
"15-09-2012",2,7,7,3,2,1,1,1,2,2,1,1,1,1,1,1,1,1,2,6,2,1,3,2
"16-09-2012",4,2,2,1,2,2,3,1,3,2,5,6,4,4,1,1,2,3,4,4,3,3,2,2
"17-09-2012",2,1,2,1,1,2,8,5,7,6,4,11,19,14,13,11,9,5,7,4,5,4,6,7
"18-09-2012",6,5,7,15,54,5,8,11,13,8,5,35,34,18,14,4,3,2,2,3,2,2,2,2
"19-09-2012",1,1,1,1,1,1,5,2,8,3,2,1,2,4,3,3,1,1,2,3,3,1,2,2
"20-09-2012",3,3,1,1,1,1,4,10,19,17,23,7,6,5,3,3,2,4,5,3,5,16,2,3
"21-09-2012",2,2,2,2,2,2,2,15,7,3,3,2,2,3,2,3,2,2,1,3,3,2,4,3
"22-09-2012",3,2,3,2,3,3,3,4,3,3,2,2,4,3,3,8,8,9,11,14,12,4,4,4
"23-09-2012",5,5,4,3,3,2,5,11,26,25,29,30,30,12,11,11,5,8,7,10,8,6,5,3
"24-09-2012",4,5,3,3,2,2,5,4,20,16,13,29,25,12,7,10,11,11,9,9,9,14,9,3
"25-09-2012",2,2,2,2,3,7,3,14,10,14,17,15,24,12,17,14,19,18,23,27,19,12,10,6
"26-09-2012",5,5,3,2,2,14,11,8,7,26,53,20,5,5,6,9,9,8,31,24,10,4,2,2
"27-09-2012",2,4,9,11,2,2,3,8,13,3,4,11,14,16,12,5,5,7,9,13,4,4,3,3
"28-09-2012",2,1,2,2,1,2,7,9,17,8,16,30,14,23,24,18,12,10,11,18,10,7,9,7
"29-09-2012",4,3,4,3,3,7,7,6,6,5,3,10,8,7,7,4,5,6,9,15,9,3,2,2
"30-09-2012",2,2,1,3,5,5,1,2,6,9,14,11,13,10,20,10,5,6,12,7,6,2,2,4
"01-10-2012",11,7,1,1,1,1,1,2,17,7,33,51,51,32,13,10,7,7,8,19,9,8,2,2
"02-10-2012",2,3,2,1,1,2,5,7,9,14,12,14,5,8,3,3,3,4,8,20,14,18,13,4
"03-10-2012",4,3,1,1,2,3,6,15,10,33,30,43,10,5,6,8,9,8,8,7,11,15,5,3
"04-10-2012",3,2,2,3,3,3,5,7,7,6,4,4,3,8,9,8,5,3,4,7,6,5,4,2
"05-10-2012",2,2,2,2,5,11,5,9,13,25,49,56,52,26,13,13,11,7,11,6,4,3,4,2
"06-10-2012",3,4,3,4,7,5,9,4,9,8,21,17,10,7,6,4,3,4,6,5,3,2,2,2
"07-10-2012",1,1,1,1,1,1,1,1,2,1,3,4,4,4,3,4,3,3,3,3,2,13,6,1
"08-10-2012",1,1,2,2,1,4,21,3,5,5,3,2,1,2,2,2,2,2,2,2,1,2,3,4
"09-10-2012",4,4,3,3,3,3,7,10,19,18,10,18,4,7,8,6,4,3,4,4,9,5,3,2
"10-10-2012",3,3,3,3,2,10,15,15,16,25,34,59,25,21,21,16,18,20,21,14,7,8,7,10
"11-10-2012",8,7,7,6,11,31,41,27,27,14,16,21,28,24,23,14,13,10,8,11,7,5,4,4
"12-10-2012",4,3,3,3,4,2,6,10,5,3,2,2,4,5,5,3,3,3,3,6,4,2,2,3
"13-10-2012",5,3,2,1,2,3,3,6,9,8,13,25,17,13,9,6,4,3,3,3,3,3,3,5
"14-10-2012",5,3,2,3,3,3,15,4,6,2,1,3,8,3,3,3,3,2,2,2,2,1,1,1
"15-10-2012",1,1,1,1,1,1,2,3,6,4,12,20,23,15,11,22,10,6,11,19,14,5,2,2
"16-10-2012",2,2,3,2,2,2,4,3,5,17,10,30,34,40,23,12,13,18,25,8,2,3,2,2
"17-10-2012",1,1,2,2,5,3,5,13,8,7,18,18,38,29,25,15,11,18,19,6,5,4,3,2
"18-10-2012",4,3,1,1,1,3,3,5,6,5,6,15,15,11,12,10,5,6,8,18,9,7,8,5
"19-10-2012",3,2,2,4,4,2,3,3,5,16,6,8,7,9,9,8,13,8,9,7,4,5,3,3
"20-10-2012",2,2,3,2,2,2,6,14,9,7,12,26,26,18,19,16,10,8,6,5,4,8,9,10
"21-10-2012",9,6,4,4,3,3,4,5,5,4,6,11,7,7,5,5,5,7,8,7,7,7,7,3
"22-10-2012",3,2,3,3,1,3,9,12,15,14,20,7,19,15,20,13,11,10,14,11,14,8,10,7
"23-10-2012",3,5,5,3,4,5,10,10,9,8,6,5,12,7,8,9,9,8,8,10,6,5,3,3
"24-10-2012",3,3,3,3,3,4,11,11,21,6,30,12,15,16,11,8,5,5,9,7,4,4,3,3
"25-10-2012",3,4,4,3,2,2,7,12,43,34,21,19,10,10,8,7,7,7,6,6,3,3,3,2
"26-10-2012",3,2,2,2,2,2,1,2,8,5,9,23,17,17,13,12,7,6,7,9,7,8,5,4
"27-10-2012",4,5,4,3,3,2,2,3,3,4,3,7,12,10,3,3,1,2,2,2,2,2,2,2
"28-10-2012",2,1,1,1,3,1,1,2,1,1,1,1,1,2,3,1,1,1,1,21,11,3,2,2
"29-10-2012",2,1,2,2,5,1,1,1,2,1,-9999,-9999,-9999,-9999,-9999,-9999,-9999,-9999,-9999,-9999,-9999,-9999,-9999,-9999
"30-10-2012",-9999,-9999,-9999,-9999,-9999,-9999,-9999,-9999,-9999,-9999,-9999,-9999,-9999,-9999,-9999,-9999,-9999,-9999,-9999,-9999,-9999,-9999,-9999,-9999
"31-10-2012",-9999,-9999,-9999,-9999,-9999,-9999,-9999,-9999,-9999,-9999,-9999,-9999,-9999,-9999,-9999,-9999,-9999,-9999,-9999,-9999,-9999,-9999,-9999,-9999
"01-11-2012",-9999,-9999,-9999,-9999,-9999,-9999,-9999,-9999,-9999,-9999,-9999,-9999,-9999,-9999,-9999,-9999,-9999,-9999,-9999,-9999,-9999,-9999,-9999,-9999
"02-11-2012",-9999,-9999,-9999,-9999,-9999,-9999,-9999,-9999,-9999,-9999,-9999,-9999,-9999,-9999,27,23,23,22,20,17,14,14,9,9
"03-11-2012",8,17,12,10,7,3,4,3,5,11,31,30,21,11,9,7,7,10,6,9,7,5,3,3
"04-11-2012",4,3,3,3,3,2,2,2,3,3,7,4,5,6,9,6,4,5,9,10,5,4,6,4
"05-11-2012",2,2,3,3,3,2,3,4,20,5,8,6,4,7,7,7,7,7,4,5,3,3,2,2
"06-11-2012",2,2,2,2,2,3,7,7,11,4,3,11,12,14,19,21,21,42,19,17,8,11,6,5
"07-11-2012",22,22,14,10,15,11,22,9,14,25,43,41,11,6,7,7,7,6,7,6,9,4,5,5
"08-11-2012",5,5,4,3,3,3,4,6,5,4,4,5,4,4,5,5,7,9,12,14,13,9,8,6
"09-11-2012",5,3,3,7,5,3,3,6,10,17,34,27,23,28,33,41,32,23,15,22,11,9,8,8
"10-11-2012",6,6,5,7,5,4,5,7,7,7,5,5,5,5,5,6,7,12,16,18,9,7,8,8
"11-11-2012",7,5,5,7,4,3,4,6,10,19,9,18,12,7,7,5,8,9,19,14,9,13,8,5
"12-11-2012",4,4,5,3,3,3,7,15,20,16,44,20,27,21,17,16,26,31,31,28,22,33,53,21
"13-11-2012",13,9,8,7,5,7,7,17,32,13,35,47,37,30,47,56,53,56,53,39,33,24,18,17
"14-11-2012",14,9,10,11,7,7,10,17,22,15,54,52,56,33,12,18,28,17,30,11,1,2,15,43
"15-11-2012",20,8,8,7,7,7,10,11,19,6,7,6,6,6,6,6,9,8,9,10,8,13,11,12
"16-11-2012",9,12,11,11,9,6,11,14,21,24,19,6,8,10,10,15,20,16,11,26,35,31,30,9
"17-11-2012",6,5,4,4,4,5,10,9,9,8,6,8,7,12,9,16,18,43,7,12,14,11,10,11
"18-11-2012",10,7,5,4,3,4,6,7,8,6,4,5,12,10,10,11,18,19,32,26,28,33,39,28
"19-11-2012",8,6,5,4,5,5,8,24,18,23,27,-9999,-9999,-9999,34,37,37,42,38,27,26,35,43,37
"20-11-2012",13,10,6,4,3,3,4,4,4,3,3,4,4,3,4,3,3,4,4,4,3,4,3,2
"21-11-2012",1,1,1,1,1,1,1,2,3,2,4,12,11,14,16,17,21,17,16,9,11,13,13,10
"22-11-2012",5,5,3,4,3,3,10,16,19,24,26,34,28,13,13,11,15,19,18,18,8,10,11,8
"23-11-2012",31,10,6,4,4,9,18,23,22,11,6,6,11,7,6,6,5,6,7,7,7,9,10,6
"24-11-2012",5,4,2,2,4,8,7,7,8,14,29,27,15,6,4,7,12,9,5,8,7,4,4,5
"25-11-2012",9,7,4,4,3,2,3,3,5,6,4,2,2,2,2,2,5,7,8,19,11,11,14,7
"26-11-2012",5,6,18,17,10,6,8,23,26,22,17,19,28,27,18,13,11,17,26,26,26,13,18,13
"27-11-2012",8,5,4,6,9,5,9,11,26,22,12,16,31,31,15,13,18,13,9,5,5,5,5,4
"28-11-2012",4,3,2,2,3,7,4,22,26,10,12,9,17,13,15,18,21,20,10,4,4,3,3,3
"29-11-2012",2,2,2,2,1,1,2,2,2,3,3,3,8,3,1,2,2,2,2,2,3,3,2,2
"30-11-2012",2,1,1,1,1,1,1,3,3,7,5,2,2,1,2,2,3,4,2,2,2,1,2,2
"01-12-2012",1,1,1,1,1,1,1,2,3,2,12,8,6,5,6,5,8,21,6,5,4,4,4,2
"02-12-2012",2,3,3,2,2,1,1,7,4,3,3,3,19,17,9,3,28,33,10,13,18,8,14,4
"03-12-2012",4,3,3,3,3,3,3,5,5,2,2,1,2,2,1,5,8,4,7,4,4,4,4,3
"04-12-2012",3,3,3,3,3,3,4,4,4,3,5,5,4,4,4,7,15,14,12,17,8,13,9,15
"05-12-2012",3,2,2,2,2,2,3,3,8,5,29,48,38,28,38,42,41,49,46,63,46,15,22,4
"06-12-2012",4,3,2,2,2,2,4,5,12,19,6,5,4,13,7,8,10,12,13,13,18,17,11,8
"07-12-2012",7,4,3,3,2,2,3,4,4,4,5,5,5,4,5,6,8,12,15,17,18,17,10,17
"08-12-2012",8,7,8,18,6,5,15,9,12,17,19,32,55,34,22,21,23,22,10,6,5,7,5,2
"09-12-2012",2,4,5,3,2,2,3,3,5,7,18,11,8,8,13,12,11,8,6,6,5,4,5,5
"10-12-2012",5,4,4,4,4,4,4,5,4,5,6,5,5,5,5,5,8,12,8,6,8,7,6,8
"11-12-2012",8,12,12,6,6,4,6,8,5,29,37,39,35,34,57,61,56,21,10,7,21,39,6,4
"12-12-2012",5,5,4,3,3,4,5,8,8,7,6,7,7,6,7,8,8,10,9,8,9,8,8,6
"13-12-2012",5,4,4,4,3,4,4,5,5,5,7,6,7,5,7,9,11,15,18,15,16,23,17,19
"14-12-2012",8,9,7,5,5,6,8,10,25,38,25,56,73,67,77,104,90,80,56,55,29,57,31,27
"15-12-2012",16,15,31,16,19,15,40,24,33,47,39,70,55,62,63,31,86,57,36,71,90,114,59,27
"16-12-2012",56,40,31,29,50,11,11,22,27,34,26,21,39,59,42,73,44,60,54,48,17,16,33,35
"17-12-2012",17,11,11,6,7,8,13,28,25,36,33,24,52,50,43,40,46,27,31,19,24,16,13,10
"18-12-2012",8,5,4,4,4,7,9,9,9,6,6,7,5,5,6,6,7,7,7,7,7,8,11,8
"19-12-2012",7,6,3,3,3,3,4,5,5,5,5,7,6,6,7,5,5,5,6,5,4,3,3,3
"20-12-2012",3,2,2,2,2,2,3,5,8,7,6,5,5,4,5,6,6,7,7,8,8,16,12,6
"21-12-2012",4,4,3,5,4,4,6,12,9,8,13,36,33,31,30,21,14,28,48,41,35,18,13,11
"22-12-2012",7,5,4,5,4,4,4,7,8,10,8,12,7,8,8,10,8,13,12,11,10,12,9,10
"23-12-2012",9,6,6,5,6,5,7,9,10,8,6,6,6,8,12,17,16,29,35,19,18,20,18,17
"24-12-2012",15,8,6,8,5,6,10,9,15,20,53,49,50,52,31,39,43,53,49,37,28,18,40,23
"25-12-2012",17,12,9,10,9,5,8,9,7,16,17,42,51,46,40,34,25,20,16,20,15,12,12,9
"26-12-2012",12,7,7,7,6,5,5,6,11,11,12,13,18,11,10,39,52,78,31,23,22,26,20,17
"27-12-2012",14,11,9,10,7,8,8,7,16,14,19,49,68,56,52,44,35,41,51,31,24,16,15,17
"28-12-2012",10,12,6,6,5,5,6,16,11,6,21,33,26,29,24,14,48,17,16,19,27,56,20,12
"29-12-2012",16,5,4,5,4,3,4,5,4,5,5,5,4,4,5,7,9,10,7,10,6,4,7,4
"30-12-2012",3,3,3,3,2,3,4,5,4,5,5,5,6,5,5,6,6,8,23,16,11,11,8,9
"31-12-2012",5,4,7,4,3,3,5,9,10,22,26,28,41,33,31,29,32,23,23,28,46,27,13,21
