"01-01-2014",8,9,8,7,7,7,8,9,16,16,16,16,13,13,11,11,13,12,14,12,11,10,8,8
"02-01-2014",8,7,7,7,8,10,10,11,14,12,13,12,14,14,16,14,15,11,17,15,17,12,12,14
"03-01-2014",17,31,22,11,13,21,59,49,131,117,17,16,15,15,15,17,20,23,32,49,99,125,130,116
"04-01-2014",111,95,31,10,11,11,39,23,14,22,15,16,17,17,17,18,19,28,29,54,73,97,98,85
"05-01-2014",71,62,48,16,17,14,20,27,47,40,19,17,17,17,17,16,15,30,53,76,93,59,27,13
"06-01-2014",12,14,10,10,8,8,7,9,8,9,10,11,12,12,13,12,15,19,29,46,56,54,22,8
"07-01-2014",7,8,8,7,8,10,10,10,13,12,14,15,15,16,15,14,14,15,12,12,11,10,8,10
"08-01-2014",8,7,7,8,12,13,15,22,19,24,16,16,15,16,18,17,20,16,20,20,36,31,17,11
"09-01-2014",11,11,10,8,10,15,38,81,135,74,30,28,20,21,22,23,30,46,29,19,18,47,98,74
"10-01-2014",48,49,42,26,26,48,57,98,181,121,33,34,28,23,23,20,20,21,23,22,33,66,61,57
"11-01-2014",28,27,21,13,18,35,54,38,64,28,16,17,19,20,19,17,15,13,27,47,69,40,41,43
"12-01-2014",42,38,22,18,16,17,20,27,63,41,14,16,15,14,14,14,14,17,24,59,87,104,103,96
"13-01-2014",72,51,22,8,11,28,17,85,91,13,12,14,11,10,13,13,14,15,25,66,43,40,47,11
"14-01-2014",8,7,6,6,10,18,48,83,27,17,19,15,13,13,13,11,12,31,31,34,32,34,61,63
"15-01-2014",30,13,6,6,8,9,10,15,16,15,18,13,12,12,11,10,10,10,11,11,10,9,9,9
"16-01-2014",8,8,8,9,9,17,25,60,99,70,30,19,14,16,13,15,19,41,61,82,123,116,102,73
"17-01-2014",61,40,26,11,14,28,57,85,100,27,22,22,26,14,16,16,16,16,25,36,59,75,77,49
"18-01-2014",27,15,12,9,8,10,18,17,20,17,14,12,13,12,10,10,12,20,25,28,49,43,46,33
"19-01-2014",36,31,20,9,8,16,9,20,22,10,13,14,13,12,12,12,11,11,6,9,9,10,9,8
"20-01-2014",8,7,7,7,7,8,33,27,11,9,10,11,13,14,14,14,14,18,16,18,12,13,11,9
"21-01-2014",8,8,8,7,7,8,9,9,11,12,13,13,15,12,11,11,12,13,11,10,10,9,9,8
"22-01-2014",7,6,7,7,7,7,10,22,36,17,14,13,14,12,12,12,12,12,13,14,12,12,10,13
"23-01-2014",11,9,8,8,7,9,10,19,16,14,13,13,14,13,13,12,13,12,22,26,21,19,20,15
"24-01-2014",9,7,7,7,8,14,21,38,71,69,16,23,18,17,16,11,12,11,10,10,9,9,8,8
"25-01-2014",8,7,7,6,6,7,8,7,8,9,9,12,13,11,10,9,10,11,10,12,11,17,8,8
"26-01-2014",8,7,6,6,6,7,7,6,6,7,7,8,10,9,9,7,7,8,7,7,7,7,7,7
"27-01-2014",7,6,5,5,6,6,10,7,7,7,7,8,10,9,10,10,11,9,9,10,14,14,9,9
"28-01-2014",8,8,7,6,7,8,9,9,15,11,10,13,11,10,11,12,14,14,11,12,17,11,9,8
"29-01-2014",8,7,7,7,7,8,8,11,10,10,10,12,13,10,10,10,11,11,9,9,8,9,7,6
"30-01-2014",9,7,8,8,7,8,16,19,16,13,9,11,12,11,-9999,-9999,7,9,7,6,9,8,14,7
"31-01-2014",7,6,8,8,7,7,8,-9999,-9999,-9999,-9999,1,7,8,9,10,9,8,7,8,7,7,7,7
"01-02-2014",7,8,7,7,7,7,7,7,7,7,7,6,8,7,7,7,7,7,7,7,7,7,7,7
"02-02-2014",7,7,7,7,7,7,7,7,6,7,8,7,7,8,8,7,7,7,8,8,7,7,8,7
"03-02-2014",8,7,7,7,7,7,7,7,7,7,7,8,8,9,9,9,8,7,8,7,7,7,7,8
"04-02-2014",7,7,7,7,7,7,8,8,8,7,7,8,8,8,9,8,8,8,7,7,7,6,8,8
"05-02-2014",7,7,7,7,6,7,7,7,7,8,8,8,9,8,7,9,10,9,9,9,8,4,9,10
"06-02-2014",11,8,8,8,8,7,8,7,13,8,9,11,11,11,10,10,9,9,8,10,8,9,8,8
"07-02-2014",8,8,8,8,8,8,8,8,7,8,8,10,12,12,13,14,12,13,12,14,15,11,11,10
"08-02-2014",9,10,9,5,10,9,7,6,7,16,13,14,16,15,16,16,14,12,11,11,11,11,12,10
"09-02-2014",2,7,5,6,8,7,9,11,10,9,11,13,14,15,15,16,14,13,13,12,12,7,10,9
"10-02-2014",9,8,8,8,7,8,11,15,-9999,10,15,16,18,18,19,19,18,15,14,16,18,11,6,7
"11-02-2014",4,7,8,8,8,2,15,13,3,13,14,16,19,19,20,20,18,15,13,12,10,8,6,5
"12-02-2014",7,6,5,6,7,3,6,-9999,-9999,12,14,14,16,17,17,17,16,14,12,12,12,1,6,9
"13-02-2014",9,9,9,8,8,6,8,8,3,10,12,13,13,15,17,16,15,14,12,12,11,11,8,9
"14-02-2014",9,9,9,9,9,8,10,5,-9999,10,12,14,14,14,15,16,15,14,17,14,12,6,-9999,-9999
"15-02-2014",7,8,8,8,7,7,5,8,9,9,11,13,13,12,12,11,11,10,9,9,8,8,8,6
"16-02-2014",5,7,8,7,7,7,6,7,5,9,12,16,18,19,19,20,19,16,15,5,-9999,-9999,-9999,2
"17-02-2014",7,5,8,8,8,4,3,12,-9999,12,14,18,18,21,22,21,21,18,11,10,9,7,1,9
"18-02-2014",6,8,7,9,6,3,1,1,-9999,-9999,15,19,19,22,23,24,23,19,18,18,10,9,7,7
"19-02-2014",8,9,9,6,7,3,5,10,1,7,15,21,20,21,22,23,22,17,12,10,11,-9999,1,4
"20-02-2014",5,11,11,9,8,9,10,9,9,12,14,16,18,19,19,17,17,15,13,12,10,10,10,10
"21-02-2014",9,9,9,9,10,9,7,3,8,10,10,12,12,12,12,12,12,11,10,11,11,10,7,6
"22-02-2014",6,9,9,7,8,5,8,6,5,10,13,15,17,20,20,21,20,17,15,13,12,11,11,11
"23-02-2014",11,11,10,10,9,9,9,7,9,10,13,14,16,17,15,15,15,13,12,9,10,10,10,9
"24-02-2014",9,9,9,9,8,8,8,8,8,8,9,10,10,11,11,10,9,8,8,8,8,8,8,7
"25-02-2014",7,8,8,8,8,8,8,8,8,8,10,12,12,12,12,11,12,10,8,8,8,8,8,8
"26-02-2014",8,8,8,8,8,8,4,1,8,8,10,12,11,13,14,16,15,13,11,9,9,8,10,9
"27-02-2014",9,8,8,8,7,7,9,-9999,-9999,10,13,16,18,20,20,19,17,16,13,12,7,7,8,9
"28-02-2014",8,8,8,8,8,7,9,11,10,12,10,11,11,13,13,12,11,10,10,9,10,9,8,8
"01-03-2014",-9999,-9999,-9999,-9999,-9999,-9999,-9999,-9999,-9999,-9999,-9999,-9999,-9999,-9999,-9999,-9999,-9999,-9999,-9999,-9999,-9999,-9999,-9999,-9999
"02-03-2014",-9999,-9999,-9999,-9999,-9999,-9999,-9999,-9999,-9999,-9999,-9999,-9999,-9999,-9999,-9999,-9999,-9999,-9999,-9999,-9999,-9999,-9999,-9999,-9999
"03-03-2014",-9999,-9999,-9999,-9999,-9999,-9999,-9999,-9999,-9999,-9999,-9999,-9999,-9999,-9999,-9999,-9999,-9999,-9999,-9999,-9999,-9999,-9999,-9999,-9999
"04-03-2014",-9999,-9999,-9999,-9999,-9999,-9999,-9999,-9999,-9999,-9999,-9999,-9999,-9999,-9999,-9999,-9999,-9999,-9999,-9999,-9999,-9999,-9999,-9999,-9999
"05-03-2014",-9999,-9999,-9999,-9999,-9999,-9999,-9999,-9999,-9999,-9999,-9999,-9999,-9999,-9999,-9999,-9999,-9999,-9999,-9999,-9999,-9999,-9999,-9999,-9999
"06-03-2014",-9999,-9999,-9999,-9999,-9999,-9999,-9999,-9999,-9999,-9999,-9999,-9999,-9999,-9999,-9999,-9999,-9999,-9999,-9999,-9999,-9999,-9999,-9999,-9999
"07-03-2014",-9999,-9999,-9999,-9999,-9999,-9999,-9999,-9999,-9999,-9999,-9999,-9999,-9999,-9999,-9999,-9999,-9999,-9999,-9999,-9999,-9999,-9999,-9999,-9999
"08-03-2014",-9999,-9999,-9999,-9999,-9999,-9999,-9999,-9999,-9999,-9999,-9999,-9999,-9999,-9999,-9999,-9999,-9999,-9999,-9999,-9999,-9999,-9999,-9999,-9999
"09-03-2014",-9999,-9999,-9999,-9999,-9999,-9999,-9999,-9999,-9999,-9999,-9999,-9999,-9999,-9999,-9999,-9999,-9999,-9999,-9999,-9999,-9999,-9999,-9999,-9999
"10-03-2014",-9999,-9999,-9999,-9999,-9999,-9999,-9999,-9999,-9999,-9999,-9999,-9999,-9999,-9999,-9999,-9999,-9999,-9999,-9999,-9999,-9999,-9999,-9999,-9999
"11-03-2014",-9999,-9999,-9999,-9999,-9999,-9999,-9999,-9999,-9999,-9999,-9999,-9999,-9999,-9999,-9999,-9999,-9999,-9999,-9999,-9999,-9999,-9999,-9999,-9999
"12-03-2014",-9999,-9999,-9999,-9999,-9999,-9999,-9999,-9999,-9999,-9999,-9999,-9999,-9999,-9999,-9999,-9999,-9999,-9999,-9999,-9999,-9999,-9999,-9999,-9999
"13-03-2014",-9999,-9999,-9999,-9999,-9999,-9999,-9999,-9999,-9999,-9999,-9999,-9999,-9999,-9999,-9999,-9999,-9999,-9999,-9999,-9999,-9999,-9999,-9999,-9999
"14-03-2014",-9999,-9999,-9999,-9999,-9999,-9999,-9999,-9999,-9999,-9999,-9999,-9999,-9999,-9999,-9999,-9999,-9999,-9999,-9999,-9999,-9999,-9999,-9999,-9999
"15-03-2014",-9999,-9999,-9999,-9999,-9999,-9999,-9999,-9999,-9999,-9999,-9999,-9999,-9999,-9999,-9999,-9999,-9999,-9999,-9999,-9999,-9999,-9999,-9999,-9999
"16-03-2014",-9999,-9999,-9999,-9999,-9999,-9999,-9999,-9999,-9999,-9999,-9999,-9999,-9999,-9999,-9999,-9999,-9999,-9999,-9999,-9999,-9999,-9999,-9999,-9999
"17-03-2014",-9999,-9999,-9999,-9999,-9999,-9999,-9999,-9999,-9999,-9999,-9999,-9999,-9999,-9999,-9999,-9999,-9999,-9999,-9999,-9999,-9999,-9999,-9999,-9999
"18-03-2014",-9999,-9999,-9999,-9999,-9999,-9999,-9999,-9999,-9999,-9999,-9999,-9999,-9999,-9999,-9999,-9999,-9999,-9999,-9999,-9999,-9999,-9999,-9999,-9999
"19-03-2014",-9999,-9999,-9999,-9999,-9999,-9999,-9999,-9999,-9999,-9999,-9999,-9999,-9999,-9999,-9999,-9999,-9999,-9999,-9999,-9999,-9999,-9999,-9999,-9999
"20-03-2014",-9999,-9999,-9999,-9999,-9999,-9999,-9999,-9999,-9999,-9999,-9999,-9999,-9999,-9999,-9999,-9999,-9999,-9999,-9999,-9999,-9999,-9999,-9999,-9999
"21-03-2014",-9999,-9999,-9999,-9999,-9999,-9999,-9999,-9999,-9999,-9999,-9999,-9999,-9999,-9999,-9999,-9999,-9999,-9999,-9999,-9999,-9999,-9999,-9999,-9999
"22-03-2014",-9999,-9999,-9999,-9999,-9999,-9999,-9999,-9999,-9999,-9999,-9999,-9999,-9999,-9999,-9999,-9999,-9999,-9999,-9999,-9999,-9999,-9999,-9999,-9999
"23-03-2014",-9999,-9999,-9999,-9999,-9999,-9999,-9999,-9999,-9999,-9999,-9999,-9999,-9999,-9999,-9999,-9999,-9999,-9999,-9999,-9999,-9999,-9999,-9999,-9999
"24-03-2014",-9999,-9999,-9999,-9999,-9999,-9999,-9999,-9999,-9999,-9999,-9999,-9999,-9999,-9999,-9999,-9999,-9999,-9999,-9999,-9999,-9999,-9999,-9999,-9999
"25-03-2014",-9999,-9999,-9999,-9999,-9999,-9999,-9999,-9999,-9999,-9999,-9999,-9999,-9999,-9999,-9999,-9999,-9999,-9999,-9999,-9999,-9999,-9999,-9999,-9999
"26-03-2014",-9999,-9999,-9999,-9999,-9999,-9999,-9999,-9999,-9999,-9999,-9999,-9999,-9999,-9999,-9999,-9999,-9999,-9999,-9999,-9999,-9999,-9999,-9999,-9999
"27-03-2014",-9999,-9999,-9999,-9999,-9999,-9999,-9999,-9999,-9999,-9999,-9999,-9999,-9999,-9999,-9999,-9999,-9999,-9999,-9999,-9999,-9999,-9999,-9999,-9999
"28-03-2014",-9999,-9999,-9999,-9999,-9999,-9999,-9999,-9999,-9999,-9999,-9999,-9999,-9999,-9999,-9999,-9999,-9999,-9999,-9999,-9999,-9999,-9999,-9999,-9999
"29-03-2014",-9999,-9999,-9999,-9999,-9999,-9999,-9999,-9999,-9999,-9999,-9999,-9999,-9999,-9999,-9999,-9999,-9999,-9999,-9999,-9999,-9999,-9999,-9999,-9999
"30-03-2014",-9999,-9999,-9999,-9999,-9999,-9999,-9999,-9999,-9999,-9999,-9999,-9999,-9999,-9999,-9999,-9999,-9999,-9999,-9999,-9999,-9999,-9999,-9999,-9999
"31-03-2014",-9999,-9999,-9999,-9999,-9999,-9999,-9999,-9999,-9999,-9999,-9999,-9999,-9999,-9999,-9999,-9999,-9999,-9999,-9999,-9999,-9999,-9999,-9999,-9999
"01-04-2014",8,4,4,5,7,24,55,157,149,14,22,13,10,8,7,6,5,5,4,3,6,20,18,21
"02-04-2014",16,11,5,4,6,27,32,89,180,59,27,27,13,8,7,5,4,3,4,3,11,35,37,40
"03-04-2014",38,22,5,4,4,10,28,77,147,18,7,6,7,6,5,4,4,4,3,3,5,10,5,11
"04-04-2014",6,4,3,5,4,12,65,80,11,8,6,6,5,4,4,4,3,4,5,4,3,4,2,2
"05-04-2014",4,2,2,2,2,5,12,6,3,5,6,4,4,4,4,3,3,3,3,3,3,2,2,2
"06-04-2014",2,2,2,2,-9999,2,3,3,3,3,3,3,3,4,3,3,3,3,3,3,10,20,19,7
"07-04-2014",3,4,2,2,9,5,4,7,6,5,7,5,5,5,3,4,4,4,4,4,4,6,6,7
"08-04-2014",5,4,2,2,3,4,6,22,32,5,4,3,4,4,3,4,4,4,4,4,7,14,58,49
"09-04-2014",14,8,4,5,6,6,38,91,66,19,19,19,11,5,4,4,4,4,3,3,3,10,9,6
"10-04-2014",3,3,2,2,2,3,11,20,43,37,7,5,4,3,3,6,4,3,4,4,3,3,7,5
"11-04-2014",2,2,2,2,4,10,10,85,38,8,5,3,4,5,4,3,4,3,2,3,3,6,8,6
"12-04-2014",2,2,2,2,4,8,12,45,27,6,5,4,4,3,3,3,3,3,3,3,3,9,15,19
"13-04-2014",8,6,4,3,5,3,4,12,12,2,3,4,3,3,3,2,3,3,4,9,16,30,11,4
"14-04-2014",6,7,3,5,7,6,5,6,6,5,5,4,3,3,4,3,3,4,3,3,12,26,37,22
"15-04-2014",7,6,2,3,6,16,34,-9999,-9999,11,15,13,8,5,5,4,4,4,5,6,6,17,26,18
"16-04-2014",11,7,6,5,10,22,24,73,70,16,7,5,5,5,5,5,5,6,5,5,5,6,5,6
"17-04-2014",5,5,5,5,6,5,8,20,24,15,10,9,8,9,8,7,6,7,6,6,5,9,5,5
"18-04-2014",5,5,5,5,5,5,9,11,9,7,6,5,5,5,4,5,6,5,6,5,6,5,5,5
"19-04-2014",5,5,5,5,5,5,5,7,7,7,6,6,5,5,5,4,4,4,5,5,6,6,9,7
"20-04-2014",7,8,7,6,6,6,6,8,9,7,5,5,4,4,4,3,4,4,4,5,7,9,10,7
"21-04-2014",7,6,6,6,5,6,6,7,7,6,5,6,6,5,6,5,5,4,6,8,11,12,11,7
"22-04-2014",7,6,5,5,7,10,13,86,59,7,6,5,5,6,6,7,6,6,6,5,7,23,33,32
"23-04-2014",9,6,6,6,10,14,25,39,41,49,23,7,7,5,5,5,5,5,5,6,6,6,5,5
"24-04-2014",5,5,5,4,6,11,19,68,16,13,15,6,5,4,5,5,5,5,4,5,5,6,5,6
"25-04-2014",5,5,5,5,6,9,11,15,7,7,5,5,6,5,5,5,7,5,6,6,12,12,35,34
"26-04-2014",18,11,9,6,6,8,18,7,6,7,6,6,6,5,4,5,4,5,6,7,9,12,6,6
"27-04-2014",6,6,6,5,5,5,5,5,6,5,6,-9999,3,6,6,8,8,7,6,6,19,20,21,17
"28-04-2014",10,9,6,6,7,24,35,80,36,16,9,5,5,5,6,8,7,5,5,5,5,5,5,5
"29-04-2014",5,5,5,5,5,5,7,17,16,8,5,5,5,6,5,5,5,4,5,5,6,5,5,5
"30-04-2014",6,5,5,5,6,7,13,20,11,8,6,6,5,5,5,5,4,5,5,5,5,6,5,5
"01-05-2014",5,5,6,5,5,5,6,8,6,6,5,6,5,4,4,4,4,4,4,5,5,6,9,10
"02-05-2014",6,5,5,5,5,10,20,43,18,15,14,8,5,5,5,5,5,5,5,5,6,6,10,14
"03-05-2014",6,6,6,6,9,15,17,9,6,6,5,5,5,5,5,4,5,5,5,5,5,6,6,5
"04-05-2014",5,5,5,6,6,6,10,12,8,7,6,4,4,4,4,5,4,4,4,5,5,5,5,7
"05-05-2014",7,7,6,5,5,6,11,9,10,7,6,7,6,7,7,6,6,6,6,7,7,23,16,7
"06-05-2014",5,5,5,5,7,9,10,20,12,5,5,5,6,6,6,6,5,6,6,6,6,6,5,5
"07-05-2014",5,5,5,5,5,5,7,6,6,6,6,5,5,6,5,5,5,5,6,6,7,7,6,5
"08-05-2014",5,5,5,5,6,7,14,26,13,7,5,5,5,5,6,5,5,5,6,6,6,8,8,5
"09-05-2014",5,5,5,5,6,7,6,8,6,5,5,5,5,5,6,5,5,5,5,6,6,7,7,6
"10-05-2014",6,6,6,6,7,6,8,17,11,10,8,7,6,6,6,5,5,5,5,5,9,20,29,29
"11-05-2014",16,20,15,13,9,13,14,23,10,8,7,6,6,5,4,5,4,4,5,5,5,9,15,12
"12-05-2014",8,8,7,9,8,17,45,21,19,13,6,6,5,5,6,6,5,5,5,5,5,5,6,7
"13-05-2014",6,7,6,6,6,14,34,85,23,22,23,15,8,6,6,6,6,5,5,5,14,27,23,9
"14-05-2014",7,8,8,8,7,19,22,22,10,8,6,5,5,5,5,5,5,5,5,5,5,5,5,5
"15-05-2014",5,5,5,5,5,5,6,7,6,7,5,5,5,5,5,5,5,5,4,6,6,6,5,5
"16-05-2014",5,5,5,5,5,5,6,8,7,7,5,4,5,4,5,5,5,5,5,5,5,6,5,5
"17-05-2014",5,5,5,6,5,5,6,10,8,5,5,5,4,5,5,4,4,4,4,5,5,6,5,6
"18-05-2014",5,5,5,6,6,6,7,11,8,8,8,5,5,5,4,4,4,4,4,5,6,5,8,9
"19-05-2014",9,7,8,8,10,15,26,56,33,14,29,14,11,9,8,7,7,6,5,5,5,6,6,5
"20-05-2014",5,5,5,5,7,22,36,40,24,12,6,5,7,5,5,5,6,5,6,5,5,7,9,9
"21-05-2014",8,5,5,4,4,4,5,6,6,6,5,5,5,6,6,5,6,5,6,5,5,4,5,5
"22-05-2014",4,4,4,4,5,6,11,26,8,6,5,6,6,5,5,6,6,6,5,5,6,6,6,6
"23-05-2014",5,5,4,4,5,6,6,7,7,6,6,6,5,5,5,5,5,5,5,5,10,13,25,43
"24-05-2014",30,24,11,10,10,10,33,36,12,12,9,6,6,5,5,5,5,5,5,5,5,7,6,8
"25-05-2014",14,5,7,6,6,7,12,24,7,6,5,5,5,5,5,5,5,5,5,5,5,7,8,8
"26-05-2014",7,7,8,10,7,8,16,12,15,11,7,5,5,6,6,6,6,5,5,5,5,10,22,15
"27-05-2014",7,7,6,5,6,9,29,12,18,15,12,9,9,6,5,5,6,5,5,5,9,26,14,6
"28-05-2014",7,5,4,5,6,8,24,60,22,24,13,8,6,6,6,6,6,6,6,5,7,26,20,12
"29-05-2014",6,6,5,5,7,17,43,76,38,32,15,8,6,6,6,5,5,5,5,5,5,5,5,5
"30-05-2014",4,4,5,5,4,4,5,6,6,6,6,6,5,5,6,5,5,5,5,5,4,5,5,4
"31-05-2014",4,4,4,5,5,6,6,9,8,6,6,5,6,6,6,5,5,5,5,5,5,5,4,4
"01-06-2014",4,5,5,5,5,6,8,9,6,5,5,4,4,5,5,5,4,5,5,5,5,6,7,5
"02-06-2014",4,4,4,4,5,7,9,12,8,7,5,5,5,5,5,5,5,5,5,5,5,5,7,6
"03-06-2014",6,5,5,5,5,10,22,35,8,5,6,6,6,6,6,5,5,5,5,5,5,4,5,4
"04-06-2014",3,3,4,4,4,4,5,5,7,12,12,12,6,5,6,6,6,5,6,5,5,5,5,5
"05-06-2014",5,4,5,5,9,15,10,12,9,7,6,6,6,6,6,6,6,6,5,5,5,12,27,25
"06-06-2014",11,7,6,7,11,21,39,31,14,7,10,7,5,5,6,5,7,5,5,5,5,7,6,10
"07-06-2014",9,10,7,6,8,10,17,29,7,6,5,6,6,6,6,7,6,6,5,6,5,14,26,20
"08-06-2014",14,13,8,6,5,5,5,6,5,5,5,4,5,5,5,5,5,5,5,4,5,5,4,4
"09-06-2014",4,4,4,4,5,5,5,5,5,5,5,5,5,5,5,5,5,5,5,5,5,5,5,4
"10-06-2014",4,4,4,5,4,5,5,5,6,6,6,5,5,5,5,5,6,5,5,5,6,6,7,6
"11-06-2014",5,4,4,4,5,7,7,12,6,5,6,5,5,6,5,6,5,5,5,5,7,15,22,31
"12-06-2014",22,8,7,5,5,5,5,7,7,8,6,6,5,5,6,6,5,5,9,5,6,5,5,7
"13-06-2014",6,5,5,5,5,6,9,10,9,6,7,7,6,5,7,6,6,6,5,5,6,14,14,11
"14-06-2014",8,8,7,8,8,10,27,25,10,6,5,5,6,5,5,5,6,5,6,5,5,5,7,8
"15-06-2014",9,7,7,9,7,7,10,9,7,8,7,6,6,5,5,5,5,6,6,9,14,15,16,11
"16-06-2014",8,8,6,6,7,23,55,104,24,17,7,6,8,6,6,6,6,6,6,5,5,5,5,7
"17-06-2014",6,7,7,7,10,22,42,39,16,16,16,10,7,9,6,6,6,7,7,7,6,21,18,20
"18-06-2014",8,8,7,5,7,11,29,48,23,14,13,7,5,6,6,7,7,7,7,6,8,23,20,25
"19-06-2014",18,16,10,10,10,25,62,75,20,23,13,8,5,5,5,5,5,5,5,5,5,5,5,5
"20-06-2014",5,4,4,4,4,5,5,7,6,6,5,5,5,6,6,5,5,6,5,5,5,5,6,10
"21-06-2014",5,5,5,5,6,7,19,14,7,6,6,5,5,5,5,5,5,5,6,5,5,5,5,5
"22-06-2014",5,5,6,7,6,5,4,5,5,5,4,5,4,4,5,5,5,5,5,4,5,6,7,9
"23-06-2014",13,14,10,6,6,21,33,13,8,7,8,-9999,-9999,6,5,5,7,8,6,6,5,4,6,6
"24-06-2014",6,4,4,4,4,5,14,17,7,6,6,7,4,4,4,5,5,5,5,4,4,4,9,8
"25-06-2014",6,7,5,5,5,9,24,38,19,15,10,6,6,5,5,5,5,5,5,5,7,13,7,14
"26-06-2014",7,8,5,8,8,7,19,33,28,15,9,6,5,5,5,5,5,6,6,5,6,18,34,38
"27-06-2014",28,26,6,6,7,17,45,54,68,31,9,9,5,5,5,5,5,6,6,6,5,13,10,17
"28-06-2014",13,4,5,4,4,3,4,3,4,4,5,5,4,4,5,5,5,4,4,5,3,4,4,3
"29-06-2014",3,3,3,3,3,3,3,5,3,4,4,4,4,4,4,4,4,4,4,4,4,4,4,3
"30-06-2014",3,4,3,3,3,3,9,13,13,6,6,5,5,5,5,5,5,5,6,5,4,5,4,4
"01-07-2014",4,4,4,4,6,9,24,39,17,15,5,5,4,4,5,6,5,5,5,4,4,6,6,8
"02-07-2014",8,8,5,5,6,7,4,5,7,5,5,6,5,9,7,5,7,6,4,4,4,4,4,4
"03-07-2014",4,4,3,3,4,4,5,6,5,6,5,6,5,6,7,7,8,6,5,4,4,5,5,5
"04-07-2014",4,3,3,3,4,4,5,5,5,4,5,5,5,5,6,4,5,5,6,4,4,4,4,4
"05-07-2014",4,4,3,4,4,4,4,4,4,4,4,5,5,5,5,5,4,4,4,3,4,4,4,4
"06-07-2014",4,3,3,4,3,4,4,4,3,4,4,4,4,4,5,4,4,4,4,4,3,5,12,10
"07-07-2014",7,6,5,5,6,5,8,20,9,9,5,5,6,6,7,4,5,6,6,4,4,4,5,5
"08-07-2014",4,4,4,4,4,5,7,6,7,6,7,8,6,6,7,5,5,4,5,5,5,4,5,4
"09-07-2014",4,5,4,6,5,6,9,14,25,14,11,6,6,5,5,6,6,6,5,4,4,7,6,6
"10-07-2014",4,4,4,4,6,8,13,17,16,14,9,6,5,5,5,5,5,5,5,5,5,6,7,8
"11-07-2014",5,4,4,4,6,8,18,44,16,9,8,6,6,5,5,5,5,5,-9999,-9999,3,4,4,3
"12-07-2014",3,3,4,3,4,4,5,5,5,5,4,4,6,4,4,4,5,4,5,4,4,4,4,5
"13-07-2014",5,5,5,5,4,5,7,8,7,7,6,5,4,4,4,4,4,4,4,5,4,5,6,6
"14-07-2014",5,4,4,4,4,4,7,7,10,9,6,5,5,5,5,4,5,4,4,4,4,4,10,9
"15-07-2014",8,6,4,4,5,7,18,20,21,11,8,5,7,5,5,5,5,5,4,5,7,8,10,13
"16-07-2014",6,7,5,4,6,6,10,21,8,5,5,5,4,4,5,5,5,5,4,4,5,6,7,13
"17-07-2014",19,9,6,5,5,7,20,19,6,6,6,5,5,6,5,4,5,5,5,4,4,5,7,11
"18-07-2014",10,9,8,6,6,13,38,50,11,6,6,6,4,4,5,5,5,5,5,5,5,12,19,19
"19-07-2014",10,9,6,5,5,6,5,6,6,5,5,4,4,5,5,4,4,5,5,5,6,7,8,9
"20-07-2014",10,5,4,4,4,4,4,4,4,4,4,4,4,4,4,6,5,5,6,4,4,4,4,4
"21-07-2014",4,4,3,4,4,6,10,9,6,5,5,6,6,6,6,5,8,7,9,4,5,4,7,13
"22-07-2014",11,7,5,7,7,17,30,62,11,10,9,-9999,5,4,3,4,5,4,4,3,4,3,4,4
"23-07-2014",4,5,4,3,3,3,7,10,6,6,6,4,4,4,3,3,4,4,4,3,3,3,3,3
"24-07-2014",3,3,3,3,5,7,8,13,10,8,6,4,4,3,4,4,4,3,3,3,4,4,8,4
"25-07-2014",4,4,5,4,6,13,5,7,7,5,4,5,5,4,5,8,4,5,4,3,3,3,4,4
"26-07-2014",3,4,4,3,3,3,4,6,5,3,4,3,3,4,4,4,3,4,3,3,3,2,3,3
"27-07-2014",4,5,3,2,3,3,5,12,7,4,3,3,3,3,3,3,3,4,4,3,3,3,3,3
"28-07-2014",4,4,4,4,4,15,24,63,11,16,8,7,5,4,4,4,4,5,4,3,5,8,10,9
"29-07-2014",8,3,3,3,4,14,18,22,16,15,7,5,4,4,3,3,3,3,3,3,3,4,4,4
"30-07-2014",4,4,5,4,7,14,21,46,15,6,6,4,6,4,4,3,3,4,5,4,4,5,6,6
"31-07-2014",5,6,5,4,6,9,33,36,7,12,6,7,5,5,4,4,4,4,4,3,3,4,4,3
"01-08-2014",3,3,2,4,3,4,6,10,8,6,4,3,4,4,3,3,3,4,3,4,3,3,2,2
"02-08-2014",2,2,2,2,3,2,4,5,5,4,3,3,3,3,3,3,3,3,2,2,2,-9999,4,4
"03-08-2014",4,3,3,3,3,3,3,5,4,3,4,4,3,4,3,3,3,3,3,3,4,3,3,4
"04-08-2014",5,5,4,5,5,13,26,37,21,6,5,4,3,4,4,3,5,4,3,3,3,3,5,8
"05-08-2014",7,6,5,4,5,5,7,7,6,7,4,4,3,5,5,3,4,20,6,4,3,7,5,5
"06-08-2014",5,5,4,4,4,10,8,37,6,18,7,5,6,5,4,3,4,3,5,6,4,4,5,6
"07-08-2014",5,4,3,3,4,3,4,3,4,5,6,4,4,3,4,3,4,3,3,3,3,3,4,6
"08-08-2014",7,5,5,5,4,5,7,16,6,5,4,3,3,5,3,3,3,3,4,3,3,4,6,7
"09-08-2014",5,6,7,5,4,5,8,23,9,5,4,3,4,5,5,3,3,3,3,3,4,5,7,8
"10-08-2014",7,7,4,3,3,3,4,11,6,3,3,4,3,4,4,3,3,3,3,3,3,3,3,3
"11-08-2014",3,3,3,3,2,3,4,5,4,3,4,3,3,4,6,4,6,4,3,3,4,4,3,3
"12-08-2014",3,3,2,2,3,3,4,5,4,4,3,3,4,4,4,3,7,10,9,5,4,6,5,4
"13-08-2014",3,3,3,3,3,5,4,4,3,4,3,4,3,4,4,3,5,6,4,3,4,3,3,4
"14-08-2014",3,3,3,3,3,3,4,10,5,5,4,4,3,6,4,5,3,4,3,3,3,3,3,5
"15-08-2014",5,7,5,5,5,4,4,11,10,6,4,5,4,3,3,3,3,3,3,3,3,4,4,4
"16-08-2014",4,4,3,4,3,3,3,4,5,5,5,4,3,3,3,3,3,3,4,3,4,4,5,5
"17-08-2014",4,4,3,4,3,4,5,10,7,6,3,4,2,3,3,3,3,3,3,3,3,3,2,3
"18-08-2014",3,3,3,3,3,3,3,4,5,5,4,4,5,5,6,4,8,7,8,3,4,4,2,3
"19-08-2014",3,3,3,3,3,4,4,5,4,5,3,3,4,4,4,5,3,4,4,3,4,3,3,5
"20-08-2014",4,3,3,3,3,4,4,5,6,5,4,4,4,3,5,3,3,4,5,4,3,4,5,6
"21-08-2014",4,4,5,5,7,9,12,14,13,8,9,5,4,4,4,4,3,4,4,4,4,7,5,7
"22-08-2014",4,5,5,5,8,13,25,54,52,19,9,-9999,3,2,3,3,4,3,3,3,4,9,13,8
"23-08-2014",5,5,5,4,4,5,6,8,5,4,4,3,2,4,3,2,3,4,3,3,4,7,8,8
"24-08-2014",8,5,5,4,4,4,5,9,11,6,4,5,5,2,2,2,2,2,3,3,3,4,7,4
"25-08-2014",4,4,4,6,4,15,9,17,8,5,5,5,4,5,5,6,5,4,4,2,3,3,2,3
"26-08-2014",2,2,2,2,2,3,2,3,5,4,3,6,4,3,6,5,7,3,5,4,3,6,12,6
"27-08-2014",5,4,6,5,5,8,18,33,26,12,6,6,4,4,3,3,2,3,3,2,3,4,4,6
"28-08-2014",5,6,5,5,7,17,22,27,25,5,5,3,6,3,10,5,9,7,3,4,2,2,3,2
"29-08-2014",2,2,2,2,2,3,3,3,3,4,4,5,3,4,5,3,3,2,3,2,3,2,2,2
"30-08-2014",2,2,2,2,2,2,3,3,3,2,3,3,4,3,3,2,2,2,2,2,3,2,2,2
"31-08-2014",3,2,2,2,2,2,2,3,3,2,2,2,2,2,2,2,2,3,4,4,2,2,2,2
"01-09-2014",2,3,3,3,3,5,10,45,15,4,3,3,3,4,3,3,3,3,3,3,4,5,5,4
"02-09-2014",5,5,4,5,5,8,12,41,6,5,5,4,4,5,4,3,3,3,3,3,3,2,2,3
"03-09-2014",4,3,2,2,2,2,3,4,6,8,5,5,4,4,4,3,3,3,3,3,3,4,7,3
"04-09-2014",3,4,5,5,4,6,24,31,15,8,6,5,4,3,3,2,3,2,3,3,3,4,5,6
"05-09-2014",6,5,3,2,4,5,9,19,5,4,2,3,4,3,5,3,3,3,3,3,4,6,7,7
"06-09-2014",6,6,4,5,6,7,8,21,9,5,4,3,3,4,5,4,3,4,4,9,14,16,17,15
"07-09-2014",10,8,9,8,8,6,5,13,10,6,5,3,3,3,4,3,3,3,3,3,4,7,8,5
"08-09-2014",6,4,4,4,5,12,21,32,18,8,5,4,4,4,5,4,5,3,4,3,4,7,10,20
"09-09-2014",19,11,5,3,3,7,6,9,7,7,3,5,4,4,4,4,5,5,4,5,13,29,32,14
"10-09-2014",15,10,7,4,6,12,18,23,24,10,6,7,4,5,4,3,4,3,4,7,14,14,24,25
"11-09-2014",15,7,4,3,3,6,13,86,91,18,5,3,4,2,4,3,3,3,3,3,10,21,17,23
"12-09-2014",18,13,5,4,4,11,28,55,59,14,11,6,5,4,5,3,3,3,3,3,9,9,10,33
"13-09-2014",28,21,14,13,8,16,23,28,7,4,4,3,3,3,2,5,2,3,3,3,5,5,6,15
"14-09-2014",11,6,7,4,3,2,3,3,4,2,3,3,4,3,3,5,4,6,7,5,16,34,21,14
"15-09-2014",12,6,6,6,6,18,28,59,72,8,4,5,3,3,5,6,6,4,4,14,13,18,28,24
"16-09-2014",16,13,7,6,4,16,19,7,6,8,7,4,4,4,3,4,5,9,9,29,17,14,23,13
"17-09-2014",10,4,-9999,-9999,-9999,-9999,-9999,-9999,-9999,-9999,-9999,-9999,-9999,-9999,-9999,-9999,-9999,-9999,-9999,-9999,-9999,-9999,-9999,-9999
"18-09-2014",-9999,-9999,-9999,-9999,-9999,-9999,-9999,-9999,-9999,-9999,-9999,-9999,-9999,-9999,-9999,-9999,-9999,-9999,-9999,-9999,-9999,-9999,-9999,-9999
"19-09-2014",-9999,-9999,-9999,-9999,-9999,-9999,-9999,-9999,-9999,-9999,-9999,-9999,-9999,-9999,-9999,-9999,-9999,-9999,-9999,-9999,-9999,-9999,-9999,-9999
"20-09-2014",-9999,-9999,-9999,-9999,-9999,-9999,-9999,-9999,-9999,-9999,-9999,-9999,-9999,-9999,-9999,-9999,-9999,-9999,-9999,-9999,-9999,-9999,-9999,-9999
"21-09-2014",-9999,-9999,-9999,-9999,-9999,-9999,-9999,-9999,-9999,-9999,-9999,-9999,-9999,-9999,-9999,-9999,-9999,-9999,-9999,-9999,-9999,-9999,-9999,-9999
"22-09-2014",-9999,-9999,-9999,-9999,-9999,-9999,-9999,-9999,-9999,-9999,-9999,-9999,-9999,-9999,-9999,-9999,-9999,-9999,-9999,-9999,-9999,-9999,-9999,-9999
"23-09-2014",-9999,-9999,-9999,-9999,-9999,-9999,-9999,-9999,-9999,-9999,-9999,-9999,-9999,-9999,-9999,-9999,-9999,-9999,-9999,-9999,-9999,-9999,-9999,-9999
"24-09-2014",-9999,-9999,-9999,-9999,-9999,-9999,-9999,-9999,-9999,-9999,-9999,-9999,-9999,-9999,-9999,-9999,-9999,-9999,-9999,-9999,-9999,-9999,-9999,-9999
"25-09-2014",-9999,-9999,-9999,-9999,-9999,-9999,-9999,-9999,-9999,-9999,-9999,-9999,-9999,-9999,-9999,-9999,-9999,-9999,-9999,-9999,-9999,-9999,-9999,-9999
"26-09-2014",-9999,-9999,-9999,-9999,-9999,-9999,-9999,-9999,-9999,-9999,-9999,-9999,-9999,-9999,-9999,-9999,-9999,-9999,-9999,-9999,-9999,-9999,-9999,-9999
"27-09-2014",-9999,-9999,-9999,-9999,-9999,-9999,-9999,-9999,-9999,-9999,-9999,-9999,-9999,-9999,-9999,-9999,-9999,-9999,-9999,-9999,-9999,-9999,-9999,-9999
"28-09-2014",-9999,-9999,-9999,-9999,-9999,-9999,-9999,-9999,-9999,-9999,-9999,-9999,-9999,-9999,-9999,-9999,-9999,-9999,-9999,-9999,-9999,-9999,-9999,-9999
"29-09-2014",-9999,-9999,-9999,-9999,-9999,-9999,-9999,-9999,-9999,-9999,-9999,-9999,-9999,-9999,-9999,-9999,-9999,-9999,-9999,-9999,-9999,-9999,-9999,-9999
"30-09-2014",-9999,-9999,-9999,-9999,-9999,-9999,-9999,-9999,-9999,-9999,-9999,-9999,-9999,-9999,-9999,-9999,-9999,-9999,-9999,-9999,-9999,-9999,-9999,-9999
"01-10-2014",-9999,-9999,-9999,-9999,-9999,-9999,-9999,-9999,-9999,-9999,-9999,3,1,1,2,1,1,1,1,1,2,1,1,1
"02-10-2014",1,1,1,1,1,1,1,1,-9999,1,1,2,1,2,3,2,2,2,2,1,2,1,1,1
"03-10-2014",1,1,1,1,1,1,1,6,4,3,3,2,3,3,1,2,2,2,2,1,1,1,1,1
"04-10-2014",1,1,1,1,1,1,1,1,1,1,4,4,3,2,3,2,2,2,1,3,1,2,1,1
"05-10-2014",1,1,1,1,1,1,1,1,1,2,1,2,1,2,1,1,1,2,1,4,12,16,4,3
"06-10-2014",2,1,1,1,1,15,70,130,112,23,4,3,3,2,3,2,2,2,2,3,2,2,5,3
"07-10-2014",4,4,1,1,1,6,29,75,107,45,11,4,5,3,3,3,1,3,7,10,30,57,51,46
"08-10-2014",26,3,2,1,2,10,6,8,5,19,26,11,5,4,4,3,2,3,2,2,1,1,2,1
"09-10-2014",1,1,1,1,1,1,1,2,5,4,5,3,3,2,3,2,2,1,1,1,1,1,1,1
"10-10-2014",1,1,1,1,1,3,7,3,17,3,3,3,3,3,3,2,2,3,3,3,2,2,1,1
"11-10-2014",2,1,1,1,1,2,4,4,8,5,3,3,2,3,2,3,2,2,2,3,2,1,1,2
"12-10-2014",1,1,2,1,1,1,1,3,13,4,2,2,2,2,2,1,2,1,1,3,6,26,32,11
"13-10-2014",12,3,3,1,2,8,29,77,93,12,6,4,2,2,3,3,4,3,3,21,57,69,60,45
"14-10-2014",35,14,6,3,3,7,15,80,147,28,5,4,4,4,3,5,3,3,3,10,31,24,38,35
"15-10-2014",22,12,5,3,3,16,35,92,159,64,12,9,10,8,4,4,4,4,2,4,7,14,20,30
"16-10-2014",21,5,4,2,2,10,23,69,90,45,29,12,14,12,10,11,8,10,6,9,3,4,6,2
"17-10-2014",2,2,1,1,1,1,7,75,50,29,20,9,6,6,4,4,5,4,2,1,5,12,4,3
"18-10-2014",3,4,2,2,2,5,9,6,27,13,9,7,4,2,2,1,2,2,1,1,1,1,2,2
"19-10-2014",1,1,1,1,1,1,1,1,1,3,2,2,2,2,1,1,2,1,1,2,3,3,1,1
"20-10-2014",1,1,1,1,2,2,2,8,16,13,6,3,3,3,2,2,3,3,4,4,3,6,17,13
"21-10-2014",8,4,2,3,1,4,7,59,117,73,15,20,16,9,6,5,4,3,2,2,4,14,18,28
"22-10-2014",9,4,2,1,1,4,10,44,91,24,9,6,4,3,2,2,2,2,2,2,2,1,1,1
"23-10-2014",1,1,1,1,1,1,1,1,2,2,2,4,6,7,3,3,2,2,2,1,1,1,3,5
"24-10-2014",4,3,2,2,2,4,10,11,49,24,6,4,3,5,3,1,3,2,2,3,3,3,4,2
"25-10-2014",2,2,1,2,2,6,11,11,49,30,6,8,7,7,8,6,4,3,4,6,9,17,15,29
"26-10-2014",21,20,8,5,1,1,1,1,1,2,3,2,2,3,3,2,2,2,2,2,2,2,2,1
"27-10-2014",1,1,1,1,1,2,2,5,9,4,4,5,5,5,3,3,2,2,2,2,1,1,1,1
"28-10-2014",1,1,1,1,1,1,1,2,4,2,3,3,2,4,3,3,2,3,2,4,4,5,2,1
"29-10-2014",1,1,1,1,1,1,3,7,7,7,4,4,5,4,6,6,11,13,8,7,6,8,5,6
"30-10-2014",1,1,1,1,1,8,19,62,58,18,10,6,5,5,4,4,6,4,4,4,3,2,4,2
"31-10-2014",1,1,1,1,1,4,6,7,11,8,6,5,5,5,3,3,3,2,2,2,1,1,1,1
"01-11-2014",1,1,1,1,1,1,3,2,2,4,5,4,4,3,2,2,2,2,2,3,1,1,1,1
"02-11-2014",1,1,1,1,1,1,1,3,3,2,2,3,3,2,3,2,2,3,3,2,3,2,1,1
"03-11-2014",1,1,1,1,2,9,2,6,9,6,6,5,5,5,4,4,3,3,3,3,3,2,2,1
"04-11-2014",1,1,1,1,1,3,14,79,15,5,-9999,-9999,9,11,14,13,11,21,31,111,109,124,91,80
"05-11-2014",45,39,16,8,8,18,62,79,14,11,13,14,16,14,13,12,11,12,11,10,10,10,9,9
"06-11-2014",7,7,7,7,8,10,17,55,44,27,14,13,15,16,16,16,14,12,32,65,66,67,47,30
"07-11-2014",29,19,11,8,9,22,11,29,25,13,14,14,15,14,14,13,15,42,46,14,10,10,9,9
"08-11-2014",8,7,7,7,7,7,11,11,11,10,13,15,12,13,12,11,10,10,15,10,8,12,8,7
"09-11-2014",6,6,7,9,9,10,17,19,41,15,11,13,14,16,15,15,13,12,20,45,59,91,86,74
"10-11-2014",50,22,10,9,14,35,50,91,46,18,14,14,15,17,17,16,15,19,26,50,81,97,85,72
"11-11-2014",49,41,22,15,7,8,10,15,15,12,12,12,14,15,15,13,14,29,50,60,54,11,23,26
"12-11-2014",25,14,7,6,10,25,49,115,85,15,11,13,13,14,15,12,15,12,16,17,16,30,16,8
"13-11-2014",8,7,7,6,7,8,25,79,73,28,18,19,21,20,19,17,17,33,76,76,73,23,34,32
"14-11-2014",19,-9999,-9999,-9999,-9999,-9999,-9999,-9999,-9999,-9999,-9999,-9999,-9999,-9999,-9999,-9999,-9999,-9999,-9999,-9999,-9999,-9999,-9999,-9999
"15-11-2014",-9999,-9999,-9999,-9999,-9999,-9999,-9999,-9999,-9999,-9999,-9999,-9999,-9999,-9999,-9999,-9999,-9999,-9999,-9999,-9999,-9999,-9999,-9999,-9999
"16-11-2014",-9999,-9999,-9999,-9999,-9999,-9999,-9999,-9999,-9999,-9999,-9999,-9999,-9999,-9999,-9999,-9999,-9999,-9999,-9999,-9999,-9999,-9999,-9999,-9999
"17-11-2014",-9999,-9999,-9999,-9999,-9999,-9999,-9999,-9999,-9999,-9999,-9999,-9999,-9999,-9999,-9999,-9999,-9999,-9999,-9999,-9999,-9999,-9999,-9999,-9999
"18-11-2014",-9999,-9999,-9999,-9999,-9999,-9999,-9999,-9999,-9999,-9999,-9999,-9999,-9999,-9999,-9999,-9999,-9999,-9999,-9999,-9999,-9999,-9999,-9999,-9999
"19-11-2014",-9999,-9999,-9999,-9999,-9999,-9999,-9999,-9999,-9999,-9999,-9999,-9999,-9999,2,7,6,6,6,7,6,9,10,15,6
"20-11-2014",6,5,6,6,6,6,17,74,61,10,8,7,7,8,7,7,9,11,13,8,8,11,9,13
"21-11-2014",6,5,6,6,8,8,10,25,20,9,10,7,9,8,8,7,8,13,8,7,15,16,13,8
"22-11-2014",6,5,6,5,6,7,7,23,21,11,9,6,7,7,7,7,13,11,11,10,8,7,6,6
"23-11-2014",6,6,7,6,6,6,6,8,13,8,11,10,10,10,10,9,10,7,7,8,7,8,6,6
"24-11-2014",6,6,6,5,6,10,28,60,52,20,11,9,8,9,8,8,8,13,12,9,12,8,10,13
"25-11-2014",5,6,5,5,6,6,7,9,12,9,8,9,7,7,9,8,8,11,9,12,10,7,7,7
"26-11-2014",6,6,6,6,9,20,17,26,41,29,16,11,8,9,9,7,11,14,14,9,8,9,7,7
"27-11-2014",5,5,5,5,5,6,7,8,38,206,16,11,13,10,10,14,20,21,35,24,16,17,8,7
"28-11-2014",6,6,6,6,6,13,19,51,61,39,24,16,15,14,11,11,11,13,14,17,15,14,10,15
"29-11-2014",16,22,15,16,13,21,28,48,64,18,19,13,9,7,8,9,16,29,89,74,90,113,88,38
"30-11-2014",35,34,16,12,9,9,11,15,32,30,11,12,14,12,17,34,35,59,86,102,114,112,99,82
"01-12-2014",62,47,29,16,19,28,74,194,137,61,19,14,11,10,9,9,10,17,30,22,48,61,58,9
"02-12-2014",6,6,6,8,8,21,37,125,158,65,17,14,10,8,7,7,9,7,9,7,13,17,7,6
"03-12-2014",6,6,6,7,7,15,49,101,97,20,11,10,8,9,8,7,8,9,8,7,6,6,6,6
"04-12-2014",6,5,6,5,8,8,21,68,58,58,19,14,11,12,12,11,10,22,14,43,69,82,28,59
"05-12-2014",21,26,17,15,17,36,17,81,126,83,14,9,11,11,11,8,9,11,14,36,15,10,7,7
"06-12-2014",6,6,6,6,6,6,8,7,11,8,8,8,8,8,7,7,9,27,59,77,57,90,89,64
"07-12-2014",70,48,29,23,15,12,18,38,43,19,12,9,12,10,8,11,21,48,46,78,63,47,14,7
"08-12-2014",6,6,6,5,6,7,6,11,17,9,10,13,10,17,14,15,15,34,14,8,8,9,9,8
"09-12-2014",6,6,5,6,6,11,12,11,17,13,13,14,15,12,12,11,15,13,10,32,60,115,146,136
"10-12-2014",67,38,31,15,12,19,50,59,43,33,22,18,16,19,25,21,15,17,14,11,12,9,8,8
"11-12-2014",6,6,6,6,6,9,12,19,19,33,42,28,22,26,20,18,9,10,9,10,7,7,7,6
"12-12-2014",6,5,6,6,9,9,15,10,7,6,7,9,7,7,8,11,11,10,7,8,6,6,7,6
"13-12-2014",6,5,6,5,5,6,23,21,11,18,13,11,9,8,8,7,7,9,10,10,34,15,19,28
"14-12-2014",38,44,53,36,11,7,8,17,65,18,12,7,8,7,7,7,11,12,72,78,138,145,128,104
"15-12-2014",58,41,28,10,8,12,48,19,20,19,21,10,9,9,10,13,14,16,32,69,86,38,98,51
"16-12-2014",21,14,16,15,8,7,50,96,36,36,29,22,9,7,7,7,9,14,11,11,10,6,6,6
"17-12-2014",6,5,5,5,5,5,6,6,7,7,8,7,7,13,14,9,11,15,32,38,44,46,44,19
"18-12-2014",27,29,15,11,8,17,30,89,101,35,17,21,22,9,10,11,13,40,92,143,159,167,133,117
"19-12-2014",43,17,13,7,6,8,18,55,39,21,21,20,15,13,10,11,11,60,82,138,123,114,109,90
"20-12-2014",104,73,43,31,19,24,98,72,100,36,32,21,9,9,7,7,8,29,41,73,96,135,93,80
"21-12-2014",77,81,59,34,24,17,12,26,35,28,14,10,9,8,7,7,6,7,6,6,6,6,6,6
"22-12-2014",6,6,6,6,6,6,7,11,12,11,11,9,8,8,9,7,15,53,116,136,166,176,158,118
"23-12-2014",86,54,27,28,19,28,41,92,187,145,22,45,54,27,19,16,25,73,122,155,170,157,106,66
"24-12-2014",54,48,26,18,15,44,42,96,191,219,87,67,70,54,33,27,43,109,121,108,117,122,109,70
"25-12-2014",52,57,33,14,14,20,28,33,39,21,11,9,9,8,7,6,6,8,7,10,8,8,9,14
"26-12-2014",12,9,10,8,7,10,14,20,13,20,27,52,38,19,10,8,14,26,62,88,97,40,39,31
"27-12-2014",32,34,21,7,10,12,16,14,11,32,13,9,7,8,8,9,8,10,8,7,7,7,6,7
"28-12-2014",18,19,21,14,11,12,12,12,17,24,13,14,13,12,6,6,6,6,6,6,6,6,6,6
"29-12-2014",6,6,5,6,6,6,7,20,36,19,14,8,7,8,8,8,7,8,17,39,23,11,6,6
"30-12-2014",6,6,6,5,6,8,7,8,11,12,12,8,8,8,7,8,7,7,7,7,6,6,7,6
"31-12-2014",6,6,6,6,6,6,6,7,7,7,8,7,7,7,7,6,6,6,6,6,6,6,5,6
