"01-01-2014",11,16,14,15,16,17,16,11,7,11,10,18,9,14,9,13,16,12,24,24,32,18,17,34
"02-01-2014",22,22,15,22,25,59,38,90,73,53,18,36,12,14,28,25,23,34,25,40,47,62,77,52
"03-01-2014",37,53,59,59,69,150,125,187,284,175,98,32,22,20,19,21,20,23,109,159,160,169,163,145
"04-01-2014",103,104,78,76,75,66,141,154,186,104,42,19,15,24,12,23,38,35,57,113,118,165,194,229
"05-01-2014",204,220,296,306,243,274,256,272,230,147,47,14,8,8,7,5,6,30,46,112,91,72,56,85
"06-01-2014",42,37,27,26,4,10,6,7,9,8,8,10,15,12,18,18,6,29,38,43,22,23,23,26
"07-01-2014",42,7,10,7,6,13,13,23,31,37,35,29,30,34,25,34,27,28,66,71,37,30,113,121
"08-01-2014",69,132,56,54,144,284,281,241,153,70,24,21,29,26,15,17,17,30,32,71,71,150,224,252
"09-01-2014",156,132,119,89,107,322,524,502,397,333,116,58,39,22,26,28,34,64,162,255,193,183,154,218
"10-01-2014",326,297,266,142,157,232,446,531,430,243,86,29,26,19,16,13,10,26,36,41,40,54,52,97
"11-01-2014",92,137,147,191,199,142,155,148,168,126,52,23,14,19,9,10,7,12,8,15,39,42,27,18
"12-01-2014",21,46,144,205,193,189,220,258,141,116,42,8,7,6,7,8,11,9,18,23,16,70,161,167
"13-01-2014",153,142,96,47,53,76,129,181,191,99,63,34,51,33,30,58,39,33,85,117,147,81,1,8
"14-01-2014",37,20,9,10,49,20,61,129,95,319,289,418,189,37,20,13,12,12,30,45,78,81,81,41
"15-01-2014",68,92,92,15,13,36,83,125,160,129,30,22,21,20,10,25,15,18,18,15,10,12,9,6
"16-01-2014",11,11,6,3,5,40,39,112,110,117,82,23,22,20,25,21,27,41,44,104,235,334,311,341
"17-01-2014",268,267,174,204,188,233,295,529,426,451,152,57,23,22,17,12,7,14,22,26,41,110,188,69
"18-01-2014",42,16,106,84,85,86,25,89,92,16,10,13,12,13,21,8,15,22,59,92,97,122,195,230
"19-01-2014",159,123,141,125,177,153,183,215,271,135,27,8,6,9,7,6,8,11,9,9,8,7,7,7
"20-01-2014",3,2,2,2,4,12,12,17,16,22,16,14,15,13,11,9,14,15,13,11,10,9,9,8
"21-01-2014",3,2,2,3,3,16,19,60,116,91,16,8,8,12,6,11,10,8,9,5,9,5,7,10
"22-01-2014",8,4,3,3,2,23,39,47,63,31,16,11,14,13,18,13,12,12,14,28,35,67,130,114
"23-01-2014",77,34,60,23,52,150,250,212,95,68,24,17,18,21,12,17,14,19,40,50,35,12,13,10
"24-01-2014",12,18,27,57,47,157,219,232,293,208,-9999,98,57,24,32,45,21,24,22,13,15,12,8,6
"25-01-2014",2,8,8,18,2,3,3,4,6,9,10,8,9,6,8,11,8,17,13,11,23,24,12,10
"26-01-2014",13,8,10,10,4,6,12,5,7,9,13,12,7,9,9,6,10,9,8,17,12,28,17,17
"27-01-2014",12,3,4,5,2,16,22,43,42,78,45,26,21,19,20,35,20,30,34,54,73,91,88,86
"28-01-2014",56,19,7,5,25,53,74,129,120,113,126,92,78,66,62,39,55,74,97,144,98,27,11,12
"29-01-2014",13,8,4,3,11,41,26,28,74,47,19,13,10,16,14,14,14,16,15,15,47,57,54,93
"30-01-2014",120,81,83,93,125,173,204,275,267,283,177,28,25,30,37,61,78,41,48,41,67,81,67,43
"31-01-2014",21,8,4,5,6,19,18,30,35,30,31,35,37,21,19,29,20,18,15,19,15,13,9,8
"01-02-2014",6,4,3,4,6,8,13,14,11,13,13,22,15,20,15,18,11,12,11,12,14,12,8,7
"02-02-2014",5,5,5,4,6,6,5,7,10,9,9,8,13,11,13,8,9,11,12,10,10,8,9,5
"03-02-2014",4,3,3,2,4,8,10,15,20,24,21,21,18,17,16,18,15,15,15,16,13,11,7,6
"04-02-2014",5,4,3,4,3,8,26,33,23,20,17,22,22,18,23,13,21,17,29,38,24,16,18,12
"05-02-2014",6,5,3,3,3,15,18,34,41,48,33,41,28,20,25,52,60,34,42,36,49,42,32,37
"06-02-2014",39,35,15,9,16,67,118,220,217,160,46,29,16,17,17,14,19,18,56,58,24,14,9,7
"07-02-2014",4,3,2,2,4,11,18,35,32,38,30,17,27,38,27,18,11,12,17,15,22,41,40,46
"08-02-2014",179,85,65,94,138,129,179,190,108,50,14,10,7,7,6,7,6,6,8,6,5,15,38,50
"09-02-2014",31,17,59,36,13,4,3,11,39,23,20,9,8,6,7,5,12,5,9,14,16,29,24,15
"10-02-2014",10,14,5,9,9,63,64,115,126,92,27,17,14,15,8,13,12,12,15,63,113,315,221,129
"11-02-2014",211,169,166,114,124,186,226,296,289,139,55,29,10,17,8,8,8,5,8,36,78,116,135,140
"12-02-2014",72,117,105,107,81,152,151,152,97,38,18,15,18,16,14,18,13,12,9,14,9,12,11,10
"13-02-2014",8,4,4,3,44,28,54,119,71,53,28,17,12,16,16,10,8,5,9,17,15,18,72,71
"14-02-2014",90,118,68,49,97,34,105,111,54,42,21,13,9,10,11,15,16,8,24,25,29,40,82,115
"15-02-2014",98,112,93,87,104,220,34,73,50,6,8,8,11,12,8,12,12,11,20,20,33,34,23,54
"16-02-2014",63,74,105,147,125,152,94,101,153,69,37,13,12,7,9,5,5,4,6,8,21,17,50,88
"17-02-2014",129,216,166,139,214,300,370,368,287,148,43,31,19,13,15,9,6,6,12,25,40,78,133,154
"18-02-2014",177,183,172,122,101,221,365,463,280,220,128,28,-9999,13,10,9,9,19,33,47,70,69,185,305
"19-02-2014",290,266,184,117,160,91,92,144,102,89,58,30,16,13,11,7,13,11,14,40,28,47,122,41
"20-02-2014",23,4,6,5,3,10,21,75,27,37,35,14,13,12,11,8,10,10,15,12,57,71,37,33
"21-02-2014",29,19,22,16,25,48,96,130,55,46,24,28,47,21,40,55,45,41,27,37,40,62,58,34
"22-02-2014",23,23,43,19,16,16,43,77,46,28,23,16,13,14,10,8,6,5,9,22,16,16,10,7
"23-02-2014",7,7,11,11,16,22,26,103,22,10,12,8,7,9,10,14,13,11,10,9,11,15,11,8
"24-02-2014",4,4,4,4,4,10,14,26,25,25,20,21,32,33,35,27,16,18,16,22,20,11,16,11
"25-02-2014",5,4,3,4,6,18,31,35,35,40,42,42,27,24,15,27,29,27,37,28,33,43,26,40
"26-02-2014",12,7,4,9,3,12,39,55,50,47,37,19,19,34,19,19,8,6,10,11,9,8,23,49
"27-02-2014",77,83,74,104,83,96,175,227,183,91,43,34,26,15,12,13,7,8,6,13,39,70,73,95
"28-02-2014",91,80,58,49,83,107,146,152,238,151,72,21,12,10,7,14,12,10,12,19,10,8,6,4
"01-03-2014",3,2,2,3,6,18,37,53,46,65,59,14,8,11,21,17,28,20,28,27,20,30,22,67
"02-03-2014",42,12,17,6,6,11,9,13,13,8,6,10,8,4,6,4,5,6,6,14,45,66,92,21
"03-03-2014",4,4,3,3,3,6,3,4,4,5,5,6,7,7,10,5,6,7,6,9,11,17,36,23
"04-03-2014",12,8,2,2,4,24,13,61,53,22,15,12,10,21,13,18,15,7,9,5,17,18,4,5
"05-03-2014",3,2,9,22,31,104,233,189,190,228,100,24,17,15,10,9,11,9,15,33,65,84,108,123
"06-03-2014",142,112,143,126,127,126,210,233,171,30,25,16,11,12,10,13,9,10,13,17,11,31,50,42
"07-03-2014",66,23,2,4,15,35,104,76,74,54,15,11,18,17,37,57,14,20,31,21,34,13,13,14
"08-03-2014",8,5,8,4,5,8,7,9,10,8,13,13,13,13,14,11,10,9,14,15,10,13,10,6
"09-03-2014",6,4,4,4,4,8,7,5,5,5,5,7,9,8,9,8,6,4,4,6,7,5,4,4
"10-03-2014",3,3,2,2,2,8,11,20,17,12,15,10,11,12,11,11,11,11,12,14,7,10,16,7
"11-03-2014",3,6,4,2,3,23,39,31,19,13,10,11,10,10,11,11,14,9,11,15,10,6,9,11
"12-03-2014",3,2,2,2,2,10,8,14,12,11,11,9,8,10,7,8,10,7,10,17,33,80,105,142
"13-03-2014",27,5,4,11,6,21,22,41,25,14,17,12,11,11,13,8,8,9,15,17,9,14,10,7
"14-03-2014",5,8,4,11,19,53,43,87,72,36,20,34,21,31,16,10,8,10,15,33,47,77,58,72
"15-03-2014",94,94,124,159,94,91,100,96,46,24,15,13,6,7,6,5,6,5,7,4,6,8,4,6
"16-03-2014",9,5,10,15,51,87,156,116,47,9,9,10,7,5,6,7,7,6,7,5,10,15,21,45
"17-03-2014",71,45,46,84,90,117,243,255,239,62,50,26,12,14,16,10,11,7,21,41,20,12,15,17
"18-03-2014",91,90,114,101,123,162,266,305,141,107,71,30,10,14,11,14,7,7,16,47,61,233,224,243
"19-03-2014",171,230,161,121,85,231,174,282,220,85,35,17,13,11,8,7,10,5,7,9,16,27,29,61
"20-03-2014",57,40,34,31,121,117,148,127,46,124,20,17,14,16,11,17,16,13,14,17,16,16,14,17
"21-03-2014",9,6,4,2,4,14,15,27,27,26,12,11,12,23,13,13,15,11,18,18,44,42,43,51
"22-03-2014",29,69,70,35,51,93,146,157,59,21,21,15,11,8,5,6,9,4,3,3,5,5,12,6
"23-03-2014",9,8,16,19,34,60,58,44,27,23,14,13,5,5,6,4,3,3,3,5,5,6,6,3
"24-03-2014",13,6,4,7,14,36,77,100,72,32,21,11,9,10,8,6,5,5,4,6,12,9,23,17
"25-03-2014",5,3,2,3,3,4,4,5,5,4,4,11,4,5,5,5,4,4,5,5,4,8,7,5
"26-03-2014",3,2,3,3,3,7,21,33,20,15,8,11,9,9,9,12,9,9,8,10,8,12,15,9
"27-03-2014",4,3,3,2,5,21,47,46,27,23,25,19,29,11,27,38,34,24,13,18,34,39,36,8
"28-03-2014",4,2,2,2,5,13,8,19,22,15,20,11,11,8,13,9,6,6,8,10,17,14,8,7
"29-03-2014",5,5,4,5,6,6,8,6,8,10,9,8,8,12,8,7,8,8,9,11,11,10,12,9
"30-03-2014",11,7,5,4,5,6,6,8,7,7,8,10,11,8,6,7,7,6,6,13,9,11,10,9
"31-03-2014",3,2,4,3,19,54,58,-9999,63,33,20,29,21,17,11,11,7,7,8,7,9,6,11,3
"01-04-2014",2,5,2,3,6,68,116,220,181,48,38,22,23,14,9,7,7,6,6,4,7,13,13,8
"02-04-2014",9,7,22,55,98,92,167,199,286,196,70,24,31,12,11,11,13,8,9,8,12,19,33,19
"03-04-2014",12,7,8,42,101,161,278,307,328,111,35,19,18,9,10,9,6,8,9,9,9,9,11,6
"04-04-2014",6,5,4,3,3,18,24,10,8,12,11,12,11,8,7,10,6,9,11,7,7,12,7,6
"05-04-2014",3,2,3,2,2,8,11,30,39,57,49,11,13,9,9,7,6,9,12,9,12,16,10,9
"06-04-2014",10,8,10,8,7,15,33,65,13,6,20,12,10,11,6,5,6,6,12,12,9,45,47,51
"07-04-2014",56,46,17,8,5,23,22,20,42,35,25,17,20,25,35,23,19,26,21,25,17,15,9,6
"08-04-2014",5,18,18,30,13,35,49,44,44,45,25,28,33,22,16,10,8,11,9,5,13,11,27,24
"09-04-2014",50,69,27,28,43,81,124,204,175,116,54,28,12,9,10,7,8,6,5,7,8,11,4,4
"10-04-2014",3,3,2,2,2,6,20,29,23,26,11,11,28,15,11,22,10,6,11,8,11,11,9,5
"11-04-2014",4,3,3,3,4,11,16,26,27,23,10,13,12,11,8,9,7,6,5,13,12,9,10,8
"12-04-2014",4,4,4,6,4,8,10,27,47,18,18,12,11,10,7,7,6,4,5,4,8,13,6,15
"13-04-2014",8,19,19,11,7,15,34,19,8,6,7,8,4,6,5,4,3,4,6,7,7,11,12,9
"14-04-2014",18,13,6,9,6,55,96,85,24,16,12,22,20,39,31,21,13,9,4,4,13,10,10,14
"15-04-2014",6,6,16,36,54,38,94,186,108,36,19,13,11,12,6,7,6,8,8,6,9,9,6,14
"16-04-2014",6,5,4,3,7,27,66,32,24,7,10,9,7,9,7,8,7,10,9,7,7,8,8,7
"17-04-2014",5,2,3,3,6,8,10,51,25,10,9,15,20,47,32,29,23,14,14,13,12,5,5,6
"18-04-2014",3,2,4,1,6,15,16,12,9,7,6,4,5,7,8,5,6,4,5,3,5,4,7,7
"19-04-2014",4,3,2,3,3,5,6,10,9,4,5,5,5,4,4,3,4,4,5,6,7,4,5,3
"20-04-2014",2,5,4,7,25,10,98,22,10,6,6,4,3,3,3,3,3,3,3,2,4,6,5,9
"21-04-2014",10,5,4,3,5,4,8,12,4,4,4,4,5,9,7,5,5,3,10,7,14,9,16,4
"22-04-2014",2,6,6,12,15,105,104,122,96,61,39,20,18,12,9,8,8,4,8,4,9,18,51,38
"23-04-2014",8,41,44,47,120,160,176,172,268,205,108,60,43,26,29,27,46,18,22,12,23,14,8,17
"24-04-2014",10,8,12,3,2,3,15,40,19,15,15,11,9,9,8,8,10,13,8,7,8,9,10,8
"25-04-2014",3,4,2,4,9,10,22,28,20,13,14,14,9,10,12,12,15,11,12,5,9,16,4,10
"26-04-2014",22,11,9,9,10,23,44,79,61,33,14,8,9,7,7,7,7,4,5,5,10,15,10,13
"27-04-2014",6,6,5,6,5,7,6,5,6,7,7,4,6,8,6,5,6,7,8,11,7,8,8,17
"28-04-2014",13,4,6,8,9,61,90,83,65,23,13,11,11,7,6,9,11,11,8,8,6,7,7,4
"29-04-2014",3,2,2,2,4,5,8,24,10,9,12,13,12,8,9,8,7,8,9,10,8,10,11,7
"30-04-2014",4,2,2,2,2,12,23,20,19,11,9,14,11,13,10,13,12,7,9,10,13,22,10,11
"01-05-2014",18,5,4,4,4,3,34,7,5,10,10,6,4,6,5,4,3,4,3,6,4,3,5,3
"02-05-2014",3,3,3,4,4,22,17,44,54,26,29,17,11,10,10,9,7,8,9,12,6,11,12,10
"03-05-2014",3,4,3,3,4,8,20,36,21,9,6,6,8,8,6,7,4,5,4,8,8,5,14,16
"04-05-2014",12,4,4,3,3,6,7,13,11,16,11,9,7,7,8,4,4,3,3,5,5,4,5,8
"05-05-2014",4,5,3,4,3,7,11,27,25,13,15,17,14,15,21,-9999,28,32,11,9,9,19,15,13
"06-05-2014",9,4,3,4,8,30,49,32,36,16,10,19,9,17,15,10,10,9,13,12,13,10,14,6
"07-05-2014",4,5,3,3,6,25,48,44,17,17,17,10,24,15,16,15,11,12,11,9,12,16,25,11
"08-05-2014",13,4,6,8,4,23,33,26,15,9,10,11,16,23,14,23,15,11,6,9,20,18,11,11
"09-05-2014",5,6,3,9,16,44,35,28,15,11,12,13,17,14,16,17,10,9,10,14,9,14,8,12
"10-05-2014",10,10,4,5,4,16,5,10,16,8,11,10,7,10,9,8,4,4,3,5,7,11,7,16
"11-05-2014",6,7,4,6,19,60,67,38,44,40,20,12,6,6,8,6,4,4,4,3,4,7,11,9
"12-05-2014",10,3,3,5,28,20,18,63,21,27,12,11,10,13,11,7,9,6,6,7,6,5,9,9
"13-05-2014",7,5,4,5,9,39,35,42,34,28,31,13,12,11,8,7,6,10,7,15,11,8,11,9
"14-05-2014",6,4,4,8,4,19,65,109,72,36,10,9,7,8,6,8,6,9,7,8,7,4,5,3
"15-05-2014",2,2,2,2,2,6,10,21,6,7,7,8,9,9,9,14,14,13,11,14,8,12,5,6
"16-05-2014",4,3,4,2,3,13,6,17,9,8,11,10,10,9,6,10,5,5,9,7,5,9,7,5
"17-05-2014",3,3,4,3,4,6,10,11,6,8,7,6,5,5,5,5,4,5,5,3,5,9,5,5
"18-05-2014",4,4,5,4,6,10,13,20,12,7,9,6,6,5,4,4,5,6,3,2,2,4,4,6
"19-05-2014",6,5,5,4,30,71,90,152,144,57,15,14,14,10,11,10,5,7,12,8,5,7,4,4
"20-05-2014",3,4,2,5,6,35,46,66,81,59,26,23,15,15,10,10,7,5,5,7,16,31,29,22
"21-05-2014",26,27,36,44,45,95,210,34,29,25,94,12,12,17,11,14,12,8,10,10,8,12,24,8
"22-05-2014",10,9,9,31,48,154,218,105,17,19,14,11,13,12,13,11,12,13,17,18,15,18,11,10
"23-05-2014",9,5,5,5,21,102,52,32,33,17,15,19,24,17,12,10,13,8,6,8,9,13,12,12
"24-05-2014",35,62,52,59,97,78,88,81,38,23,22,9,8,6,6,5,5,5,3,3,4,8,8,28
"25-05-2014",9,4,5,5,5,30,32,37,22,11,8,8,5,5,4,4,5,4,3,5,5,8,10,7
"26-05-2014",5,3,6,11,18,44,74,74,73,41,26,17,9,8,8,6,7,6,6,9,9,27,11,25
"27-05-2014",46,55,20,9,6,13,39,36,36,28,29,13,10,7,12,5,5,4,6,3,7,6,7,9
"28-05-2014",3,4,5,4,6,26,36,45,38,17,15,21,15,15,11,12,10,7,7,5,12,38,5,13
"29-05-2014",6,5,3,3,5,16,42,80,64,32,22,9,12,9,8,8,8,6,6,5,3,4,6,3
"30-05-2014",2,2,2,2,2,9,15,13,9,9,8,11,12,10,12,13,10,8,7,8,7,6,6,5
"31-05-2014",6,3,3,4,6,7,7,9,7,6,6,7,8,6,8,10,9,5,4,6,5,6,4,5
"01-06-2014",3,4,5,3,4,7,7,11,7,5,6,5,8,7,6,4,5,6,6,6,7,7,8,6
"02-06-2014",3,2,2,2,9,10,23,47,16,10,9,9,10,10,9,12,17,11,14,9,7,11,5,6
"03-06-2014",4,4,3,4,6,28,24,44,24,20,29,28,14,19,16,15,18,11,5,9,8,7,6,4
"04-06-2014",3,2,2,2,4,10,30,26,31,37,12,8,9,9,11,9,8,10,8,9,9,9,12,10
"05-06-2014",6,9,4,8,8,34,53,61,36,14,15,11,11,25,11,7,7,7,6,5,3,14,14,13
"06-06-2014",31,12,59,53,131,153,124,88,24,9,8,8,12,9,10,11,9,11,6,6,8,15,11,7
"07-06-2014",13,14,22,31,58,57,134,95,56,17,19,8,12,15,7,6,14,10,5,2,5,8,37,60
"08-06-2014",71,97,97,128,120,140,97,220,83,11,6,4,3,6,5,4,4,7,4,4,10,4,3,4
"09-06-2014",3,4,3,1,1,3,3,7,7,6,7,6,7,8,5,7,6,6,6,4,5,8,6,5
"10-06-2014",3,3,2,3,3,11,17,19,14,13,18,20,12,14,14,16,10,14,12,8,10,11,12,15
"11-06-2014",19,5,10,2,2,17,47,43,18,21,9,17,18,13,18,16,11,5,6,6,8,11,9,8
"12-06-2014",8,20,66,24,21,14,13,18,16,21,16,24,16,23,20,18,17,15,10,10,8,10,11,6
"13-06-2014",4,8,17,7,4,16,59,36,15,16,21,24,25,22,22,23,7,5,4,5,9,10,7,13
"14-06-2014",12,18,25,23,10,45,49,42,33,7,15,7,9,5,5,5,3,4,5,3,2,10,9,12
"15-06-2014",3,3,4,4,5,10,22,21,17,11,11,6,5,6,4,3,4,6,7,6,5,20,12,26
"16-06-2014",11,19,14,9,24,51,53,109,69,20,21,21,10,10,8,7,8,5,5,7,8,7,3,6
"17-06-2014",3,3,2,6,5,32,41,36,30,24,14,13,11,7,7,9,15,5,4,12,4,10,11,11
"18-06-2014",6,5,7,12,5,12,26,29,18,25,17,10,9,9,9,15,11,12,7,9,12,18,13,16
"19-06-2014",8,5,7,4,5,55,47,71,39,37,15,-9999,-9999,15,20,12,15,16,8,9,7,8,5,5
"20-06-2014",4,3,3,3,3,7,9,18,10,9,9,13,11,13,15,13,50,36,13,5,56,16,16,12
"21-06-2014",6,7,5,5,12,46,34,43,14,9,8,7,9,7,7,6,6,5,6,4,5,6,5,6
"22-06-2014",3,5,4,4,4,11,19,11,8,6,6,7,5,8,10,11,9,8,8,10,10,6,7,5
"23-06-2014",4,5,4,3,21,41,58,109,43,15,15,16,23,14,9,6,7,6,17,14,15,12,22,30
"24-06-2014",10,10,5,9,23,71,119,74,52,25,23,20,10,8,7,7,11,7,6,6,3,6,10,9
"25-06-2014",22,8,25,13,24,47,103,66,78,20,28,13,10,12,14,9,7,8,7,7,13,28,18,14
"26-06-2014",17,14,6,12,9,52,89,92,50,33,15,10,16,20,28,23,16,22,29,27,11,19,11,32
"27-06-2014",7,15,30,62,88,130,154,231,174,55,34,28,28,24,17,16,16,14,14,9,8,14,17,21
"28-06-2014",11,6,3,7,3,7,6,7,7,7,14,14,13,8,6,7,8,10,9,6,9,8,8,7
"29-06-2014",4,5,4,5,6,8,7,9,11,4,9,8,11,9,9,7,7,7,8,7,7,7,7,12
"30-06-2014",3,7,9,4,16,23,19,42,19,17,22,25,21,19,9,13,7,7,8,5,7,15,7,7
"01-07-2014",5,6,3,3,3,22,68,77,44,51,32,22,19,18,20,23,21,15,22,20,11,12,12,6
"02-07-2014",6,4,3,3,20,43,15,18,18,20,21,29,27,21,18,21,16,12,11,12,9,7,8,12
"03-07-2014",7,5,7,3,13,35,23,29,12,19,21,20,22,20,20,10,12,15,10,12,9,9,5,12
"04-07-2014",6,7,2,2,3,8,6,10,12,10,11,8,7,8,10,11,9,8,8,7,5,8,5,6
"05-07-2014",4,3,3,4,4,7,7,4,5,4,7,9,7,9,8,9,10,5,5,6,6,7,9,8
"06-07-2014",4,5,5,5,5,17,11,16,15,5,5,7,8,8,8,9,7,12,11,9,4,6,6,10
"07-07-2014",8,19,9,7,6,19,56,44,55,16,12,20,22,18,12,9,8,10,9,12,12,12,16,16
"08-07-2014",11,12,32,23,54,74,79,143,47,11,19,28,16,6,8,8,9,6,5,4,5,6,3,6
"09-07-2014",4,4,3,5,8,14,15,34,27,23,15,19,17,13,10,7,7,7,10,12,9,12,17,7
"10-07-2014",4,4,4,3,3,11,12,23,34,25,18,20,9,12,11,10,7,6,6,5,10,10,7,11
"11-07-2014",9,5,5,5,8,21,24,14,44,22,14,11,18,17,9,8,8,8,8,12,10,11,7,5
"12-07-2014",3,3,6,5,4,5,8,10,11,6,10,7,6,5,10,9,8,5,5,5,5,5,6,4
"13-07-2014",6,4,4,4,5,12,14,11,10,8,8,6,5,4,4,4,3,3,3,3,6,10,6,3
"14-07-2014",6,4,3,3,5,14,16,18,11,11,17,11,14,14,12,9,11,6,6,7,7,7,9,4
"15-07-2014",5,5,2,3,3,7,12,22,21,16,19,9,13,16,12,12,24,13,5,4,11,7,6,4
"16-07-2014",4,3,2,2,3,7,8,9,7,9,11,14,13,15,13,18,21,16,12,12,8,8,4,6
"17-07-2014",3,3,2,2,3,11,14,27,9,8,16,18,12,16,7,11,18,13,5,2,3,5,8,5
"18-07-2014",5,6,4,9,14,42,81,64,42,21,20,9,13,8,5,7,5,4,3,6,8,7,12,19
"19-07-2014",16,6,17,14,12,31,41,62,20,8,7,-9999,-9999,-9999,13,16,19,20,9,6,6,21,22,40
"20-07-2014",16,24,23,31,55,46,50,21,11,5,6,4,5,7,8,6,5,7,6,6,7,7,11,8
"21-07-2014",8,13,3,3,35,69,20,81,13,20,17,26,30,22,14,6,7,9,17,18,14,5,9,13
"22-07-2014",8,6,6,9,15,38,85,94,62,29,11,15,9,15,10,7,8,6,4,6,14,13,3,3
"23-07-2014",4,4,3,3,4,8,9,14,14,11,12,16,8,12,8,13,7,9,10,10,7,7,7,6
"24-07-2014",4,5,3,5,4,11,19,32,17,22,19,15,9,8,10,16,5,7,8,7,8,8,5,3
"25-07-2014",3,4,2,3,8,14,40,47,21,14,16,24,20,19,25,5,4,9,7,6,6,9,3,18
"26-07-2014",2,23,8,1,2,18,17,13,2,7,6,5,6,3,7,3,1,5,2,2,2,5,5,5
"27-07-2014",-9999,-9999,-9999,-9999,-9999,-9999,-9999,-9999,-9999,-9999,-9999,-9999,-9999,-9999,-9999,-9999,-9999,-9999,-9999,-9999,-9999,-9999,-9999,-9999
"28-07-2014",-9999,-9999,-9999,-9999,-9999,-9999,-9999,-9999,-9999,-9999,-9999,-9999,-9999,-9999,-9999,-9999,-9999,-9999,-9999,-9999,-9999,-9999,-9999,-9999
"29-07-2014",-9999,-9999,-9999,-9999,-9999,-9999,-9999,-9999,-9999,-9999,-9999,-9999,-9999,-9999,-9999,-9999,-9999,-9999,-9999,-9999,-9999,-9999,-9999,-9999
"30-07-2014",-9999,-9999,-9999,-9999,-9999,-9999,-9999,-9999,-9999,-9999,-9999,-9999,-9999,-9999,-9999,-9999,-9999,-9999,-9999,-9999,-9999,-9999,-9999,-9999
"31-07-2014",-9999,-9999,-9999,-9999,-9999,-9999,-9999,-9999,-9999,-9999,-9999,-9999,-9999,-9999,-9999,-9999,-9999,-9999,-9999,-9999,-9999,-9999,-9999,-9999
"01-08-2014",-9999,-9999,-9999,-9999,-9999,-9999,-9999,-9999,-9999,-9999,-9999,-9999,-9999,-9999,-9999,-9999,-9999,-9999,-9999,-9999,-9999,-9999,-9999,-9999
"02-08-2014",-9999,-9999,-9999,-9999,-9999,-9999,-9999,-9999,-9999,-9999,-9999,-9999,-9999,-9999,-9999,-9999,-9999,-9999,-9999,-9999,-9999,-9999,-9999,-9999
"03-08-2014",-9999,-9999,-9999,-9999,-9999,-9999,-9999,-9999,-9999,-9999,-9999,-9999,-9999,-9999,-9999,-9999,-9999,-9999,-9999,-9999,-9999,-9999,-9999,-9999
"04-08-2014",-9999,-9999,-9999,-9999,-9999,-9999,-9999,-9999,-9999,-9999,-9999,-9999,16,11,9,9,6,5,6,5,7,10,4,10
"05-08-2014",8,12,5,23,12,109,95,68,47,14,12,21,29,34,24,17,17,23,16,14,12,17,33,22
"06-08-2014",47,30,11,33,56,130,110,116,77,16,15,9,12,9,6,9,10,6,24,5,12,10,12,7
"07-08-2014",6,5,6,4,3,4,7,23,26,7,9,8,9,10,11,8,12,13,8,7,4,5,3,4
"08-08-2014",4,4,4,4,9,16,13,19,13,7,7,9,7,10,10,10,9,7,26,11,5,10,10,5
"09-08-2014",3,13,8,9,7,29,23,38,20,20,10,9,12,6,7,8,7,9,15,7,6,7,6,6
"10-08-2014",11,9,9,10,6,35,83,49,29,7,6,8,7,8,7,7,8,8,8,6,6,9,8,11
"11-08-2014",7,54,61,28,91,175,160,103,24,9,22,15,18,15,17,11,15,11,10,8,8,9,6,5
"12-08-2014",5,6,8,23,45,42,111,88,23,14,12,19,25,15,16,12,6,5,6,8,9,12,10,5
"13-08-2014",8,8,27,8,37,30,68,126,32,7,11,12,7,16,12,14,9,10,10,13,10,7,6,8
"14-08-2014",6,5,17,7,18,8,13,32,12,5,7,13,17,14,8,5,5,5,6,5,5,5,5,11
"15-08-2014",6,4,4,5,10,12,20,42,20,12,18,7,6,5,7,4,4,5,4,5,4,4,6,6
"16-08-2014",6,9,5,10,20,11,17,21,7,15,12,10,8,7,6,5,6,5,6,9,6,9,8,7
"17-08-2014",4,8,3,4,7,7,13,10,12,7,8,7,9,7,6,6,7,12,14,9,7,7,9,7
"18-08-2014",4,4,4,3,5,11,12,11,14,14,13,13,13,14,14,13,11,10,10,9,8,9,9,5
"19-08-2014",5,4,4,3,3,7,7,13,11,8,9,12,14,13,15,18,17,14,10,10,9,8,7,9
"20-08-2014",6,3,4,4,8,26,22,38,12,6,11,16,7,12,6,6,5,7,4,4,4,6,7,8
"21-08-2014",4,4,7,4,8,51,49,141,104,42,24,25,12,9,9,7,8,9,5,5,8,9,13,49
"22-08-2014",23,13,9,6,26,118,146,178,214,105,39,29,7,12,8,7,8,6,6,10,13,9,9,8
"23-08-2014",7,25,41,72,28,122,162,173,66,15,24,13,10,7,6,5,6,5,5,8,10,9,7,11
"24-08-2014",13,6,6,8,9,39,31,46,30,13,16,14,8,7,8,8,7,6,7,6,11,18,22,27
"25-08-2014",18,13,4,6,37,62,31,65,74,25,28,20,18,9,8,14,17,19,16,8,11,6,7,9
"26-08-2014",4,4,3,3,4,13,8,12,11,12,18,27,26,20,17,25,14,15,20,14,13,13,6,9
"27-08-2014",4,4,4,13,9,41,108,99,40,22,32,25,11,7,8,7,9,8,9,8,7,11,8,15
"28-08-2014",6,7,9,8,19,49,92,184,174,51,14,34,22,8,9,10,22,20,14,10,7,13,8,8
"29-08-2014",4,4,4,4,4,11,9,16,19,15,21,20,21,29,17,15,13,11,12,12,7,8,6,7
"30-08-2014",4,4,4,4,5,6,14,13,12,10,11,12,15,11,11,13,6,11,11,10,9,10,8,8
"31-08-2014",6,6,4,3,4,5,5,4,10,13,7,7,9,8,12,7,7,10,8,8,10,9,7,6
"01-09-2014",4,9,7,4,3,9,9,30,25,22,13,12,8,13,8,8,7,7,7,5,5,4,4,8
"02-09-2014",3,3,4,5,11,15,32,28,29,25,23,9,12,13,15,12,11,12,10,10,16,8,5,4
"03-09-2014",4,3,3,3,3,5,8,17,27,24,15,15,15,14,12,12,9,9,8,9,18,13,9,9
"04-09-2014",8,4,5,3,4,11,8,11,15,11,19,16,12,13,11,12,11,11,9,8,13,9,9,8
"05-09-2014",8,5,4,4,3,8,13,31,29,26,17,15,9,12,13,15,13,9,5,4,12,7,9,13
"06-09-2014",7,5,4,5,6,19,44,34,27,25,14,11,7,13,17,15,8,7,9,7,3,6,18,14
"07-09-2014",11,6,6,6,9,6,6,10,12,10,12,10,9,7,10,10,8,8,10,6,8,11,43,26
"08-09-2014",5,7,4,3,12,15,13,30,18,12,17,18,11,23,16,27,29,32,15,12,15,8,7,8
"09-09-2014",9,13,6,7,5,9,44,29,26,30,29,26,27,25,13,40,67,63,18,36,58,31,82,58
"10-09-2014",45,44,62,26,67,91,72,134,51,34,23,9,29,29,14,22,31,36,31,14,14,26,21,41
"11-09-2014",104,54,28,39,122,126,179,215,111,38,29,11,25,14,8,10,7,5,4,5,6,17,50,44
"12-09-2014",74,58,42,33,31,78,70,146,120,44,34,27,13,20,13,14,21,11,7,9,10,8,11,10
"13-09-2014",8,10,9,14,19,41,46,70,35,29,17,13,13,9,7,6,7,9,9,8,6,6,5,9
"14-09-2014",14,20,15,16,8,9,15,15,16,10,9,10,7,5,5,5,5,8,4,5,8,8,6,7
"15-09-2014",14,9,13,11,7,39,58,107,101,40,25,21,18,14,17,28,18,20,15,14,9,11,12,11
"16-09-2014",7,7,6,9,4,27,56,111,55,36,33,22,22,15,34,23,27,32,34,27,22,24,36,48
"17-09-2014",29,20,8,8,13,73,72,97,66,37,12,13,12,25,17,25,18,12,9,20,17,8,10,8
"18-09-2014",6,4,3,5,8,15,23,38,39,22,10,17,28,49,24,22,17,16,19,15,14,10,15,11
"19-09-2014",12,8,10,5,5,12,20,38,36,26,19,31,29,32,33,35,18,13,26,19,24,14,35,52
"20-09-2014",9,5,7,6,15,18,58,62,21,35,16,21,12,11,8,7,8,6,4,5,3,6,6,21
"21-09-2014",4,6,4,5,16,55,37,58,37,18,11,12,7,6,7,7,6,5,5,4,7,6,11,7
"22-09-2014",8,6,22,83,90,85,66,118,57,59,39,23,16,16,15,10,11,12,9,18,7,8,18,4
"23-09-2014",7,4,6,7,10,54,143,183,155,70,35,19,26,29,16,18,13,13,10,16,17,19,12,8
"24-09-2014",6,4,4,4,5,14,13,24,25,28,24,29,29,27,22,25,35,30,17,8,9,6,8,9
"25-09-2014",7,6,5,7,18,36,77,118,55,43,27,15,16,12,10,8,9,11,8,31,7,8,7,12
"26-09-2014",7,6,6,4,14,22,56,59,48,52,20,30,32,18,15,20,14,11,7,7,6,16,8,5
"27-09-2014",5,5,4,4,4,5,7,12,7,8,8,7,6,6,12,9,8,7,7,14,8,15,11,10
"28-09-2014",6,5,4,4,6,8,8,23,6,6,6,6,7,8,10,6,5,11,12,11,15,17,13,14
"29-09-2014",8,5,5,4,4,16,13,21,19,15,17,22,27,24,13,11,8,15,10,17,21,24,9,6
"30-09-2014",6,6,3,4,3,28,39,42,49,25,26,32,24,27,23,18,25,27,22,29,46,48,57,89
"01-10-2014",45,58,40,102,157,255,230,146,219,98,35,39,41,36,31,30,28,18,25,27,35,17,13,8
"02-10-2014",19,6,8,15,32,60,183,150,65,40,28,27,27,22,22,24,15,15,18,12,10,11,13,14
"03-10-2014",7,7,6,4,11,53,23,33,31,24,28,31,26,25,24,27,23,20,23,17,12,15,10,9
"04-10-2014",6,5,5,5,6,11,15,24,16,16,15,17,16,18,17,16,13,15,16,6,14,15,5,6
"05-10-2014",6,4,8,16,18,31,54,48,13,9,11,15,9,17,13,7,12,6,10,12,18,13,13,11
"06-10-2014",7,6,4,6,11,31,62,74,78,55,32,21,21,17,7,8,13,11,9,18,32,36,22,37
"07-10-2014",22,27,12,16,38,60,100,175,165,178,76,24,16,27,14,16,17,20,59,71,74,64,58,98
"08-10-2014",118,82,60,46,66,106,117,129,131,75,31,24,22,16,28,33,35,35,22,20,18,12,17,12
"09-10-2014",6,4,4,3,6,46,75,42,41,35,28,27,31,26,22,24,18,22,24,48,60,37,24,13
"10-10-2014",19,11,8,10,11,26,108,92,85,45,15,19,15,12,9,14,12,16,32,38,13,26,24,39
"11-10-2014",17,18,19,5,6,21,111,133,71,29,10,10,18,16,15,17,17,14,15,23,19,21,29,47
"12-10-2014",29,26,7,50,30,92,71,36,73,24,9,20,15,12,13,10,7,8,6,11,10,15,28,33
"13-10-2014",72,56,76,66,69,93,142,171,226,191,37,25,24,23,11,8,12,13,6,7,6,25,61,86
"14-10-2014",87,40,27,48,49,58,112,183,166,100,30,27,23,32,17,11,8,5,5,5,9,7,6,58
"15-10-2014",72,96,69,73,121,102,207,208,231,178,49,26,28,15,17,8,10,7,6,6,7,10,16,25
"16-10-2014",42,101,66,70,74,120,163,195,258,157,76,40,35,21,19,13,24,18,34,30,17,15,47,30
"17-10-2014",28,7,24,79,62,61,52,50,54,24,72,30,16,16,15,21,-9999,12,12,14,13,38,34,29
"18-10-2014",20,6,4,17,97,65,74,65,67,39,49,28,30,12,9,11,7,10,8,8,12,9,8,10
"19-10-2014",7,7,8,7,8,9,8,9,9,11,8,8,12,11,12,9,8,11,11,12,12,10,12,17
"20-10-2014",8,5,6,5,8,42,50,35,48,29,31,34,19,18,13,20,11,10,10,29,36,48,65,43
"21-10-2014",22,9,58,84,84,142,133,218,246,220,105,37,16,19,14,10,7,6,5,6,8,22,28,25
"22-10-2014",63,115,116,106,99,269,246,44,83,49,30,16,18,10,12,17,12,15,19,9,8,9,7,4
"23-10-2014",5,3,3,3,4,6,8,12,10,8,13,35,40,18,17,19,15,13,10,14,13,43,23,12
"24-10-2014",35,34,20,18,34,49,87,74,118,108,41,24,35,22,16,15,18,8,11,9,28,11,7,12
"25-10-2014",4,7,72,88,37,44,109,99,107,42,17,9,14,13,13,17,23,8,16,34,19,15,12,15
"26-10-2014",13,11,19,47,33,29,14,9,9,13,16,15,12,9,14,13,14,13,14,21,20,26,12,9
"27-10-2014",14,7,4,5,11,14,47,61,76,20,23,23,28,30,22,25,21,-9999,19,17,14,14,11,10
"28-10-2014",6,6,5,4,5,12,7,11,9,7,9,9,7,13,16,13,16,15,13,17,16,14,14,10
"29-10-2014",6,5,5,9,8,16,47,92,53,51,30,26,22,29,30,24,46,36,45,67,40,66,65,35
"30-10-2014",28,38,40,101,107,147,198,308,157,69,60,39,20,39,52,22,29,48,54,37,43,19,23,16
"31-10-2014",19,11,7,4,8,55,34,66,31,37,28,37,31,24,25,28,28,26,27,20,18,14,14,13
"01-11-2014",8,6,5,5,7,12,16,14,12,8,15,17,19,13,16,22,16,15,15,10,8,13,13,15
"02-11-2014",8,7,6,7,8,8,13,11,12,11,10,15,12,12,13,12,13,16,16,20,16,23,16,26
"03-11-2014",34,13,11,5,4,30,39,23,46,28,37,42,24,12,15,9,32,31,33,29,21,25,20,29
"04-11-2014",18,13,9,8,7,32,66,83,46,32,29,36,35,33,15,18,54,33,53,36,51,75,82,86
"05-11-2014",85,90,118,58,48,121,204,168,129,52,29,-9999,12,16,14,23,10,17,18,18,49,31,18,9
"06-11-2014",5,3,3,10,56,106,230,329,161,49,20,19,14,10,9,13,11,6,22,53,151,160,133,151
"07-11-2014",104,138,101,47,100,136,138,172,199,84,28,49,21,12,25,19,28,66,30,26,18,18,15,17
"08-11-2014",13,6,4,5,4,28,44,29,28,31,60,33,32,39,30,11,17,43,68,14,43,15,10,26
"09-11-2014",23,12,28,32,75,97,103,124,62,28,14,6,12,4,6,4,3,3,7,14,116,134,162,148
"10-11-2014",95,104,73,91,32,104,82,131,160,165,59,23,21,16,14,13,9,21,31,58,68,68,90,80
"11-11-2014",76,50,48,33,23,36,138,162,76,41,46,37,24,30,18,15,7,37,39,19,15,31,22,43
"12-11-2014",34,11,21,41,31,37,49,61,68,22,20,19,38,29,35,22,48,89,77,45,46,40,47,50
"13-11-2014",24,10,10,11,25,109,66,120,86,73,51,41,28,19,9,9,9,10,50,110,104,103,76,80
"14-11-2014",78,40,12,5,20,18,53,83,64,41,37,22,15,27,29,23,25,35,32,36,36,26,20,18
"15-11-2014",7,5,8,11,11,24,67,68,42,21,9,18,34,23,32,27,39,55,37,33,76,67,125,54
"16-11-2014",67,45,37,57,42,40,37,51,23,14,15,18,14,9,18,10,8,16,33,67,125,151,138,93
"17-11-2014",96,57,47,33,55,99,136,164,107,30,21,8,9,9,13,17,14,143,215,220,254,309,333,385
"18-11-2014",341,278,194,150,189,302,335,408,334,140,31,35,18,15,15,28,30,62,129,77,24,11,17,11
"19-11-2014",6,5,6,25,11,44,44,31,32,26,25,14,14,18,11,15,12,14,16,15,46,29,15,22
"20-11-2014",7,4,3,3,4,32,43,72,72,16,16,11,10,23,11,18,11,44,45,34,28,42,19,39
"21-11-2014",22,26,17,3,3,8,12,20,16,15,15,14,13,12,17,18,10,34,35,32,36,52,45,47
"22-11-2014",12,9,8,15,47,83,33,40,29,15,38,27,16,10,12,11,21,28,49,30,21,33,50,50
"23-11-2014",62,53,45,38,5,4,3,5,5,6,7,9,13,23,25,24,23,19,17,19,16,17,16,12
"24-11-2014",9,5,4,4,9,26,47,67,59,49,41,27,27,25,33,44,38,33,31,39,43,37,26,33
"25-11-2014",30,4,3,3,5,17,37,30,28,29,33,28,38,22,25,32,24,35,33,32,35,35,24,14
"26-11-2014",12,13,5,9,13,56,28,40,47,47,46,48,49,33,28,35,41,40,34,40,30,30,20,14
"27-11-2014",9,7,3,3,8,15,21,56,71,80,47,43,40,50,49,52,59,41,62,57,51,39,30,42
"28-11-2014",28,10,4,5,8,63,63,84,82,88,97,61,66,46,47,45,64,85,124,145,151,156,133,99
"29-11-2014",114,85,80,77,118,193,240,214,234,91,41,24,12,11,11,32,42,86,115,160,205,179,184,150
"30-11-2014",148,131,115,144,71,48,48,62,138,80,46,29,18,14,25,25,62,142,256,337,380,358,326,402
"01-12-2014",346,271,225,122,83,76,96,203,150,145,110,42,31,51,42,32,38,96,89,71,90,94,94,102
"02-12-2014",107,65,62,50,68,140,235,212,180,185,55,27,21,20,17,12,17,15,20,12,26,27,19,10
"03-12-2014",10,15,42,67,75,175,243,279,250,162,104,43,32,41,28,44,62,49,27,13,11,6,5,5
"04-12-2014",4,3,3,9,11,41,101,152,165,127,47,37,14,14,14,58,86,74,49,102,88,57,51,51
"05-12-2014",60,91,86,66,86,70,119,162,240,84,58,26,18,20,14,50,36,19,66,70,104,128,78,84
"06-12-2014",56,38,34,23,11,12,8,11,21,14,10,14,10,13,9,7,13,29,24,17,114,200,194,248
"07-12-2014",249,195,174,222,167,196,189,206,189,118,35,16,13,11,14,6,5,9,37,73,80,100,27,8
"08-12-2014",6,3,3,3,5,16,33,38,32,27,14,23,27,44,29,33,60,102,89,66,39,26,21,19
"09-12-2014",12,8,7,8,18,28,56,54,44,64,35,28,37,30,30,23,25,29,76,48,57,49,45,98
"10-12-2014",110,119,80,41,53,68,87,131,182,102,56,75,66,79,77,62,40,49,37,60,63,35,22,17
"11-12-2014",9,7,4,5,7,25,77,118,96,139,132,101,61,73,71,83,54,43,40,56,49,39,21,10
"12-12-2014",12,19,13,13,8,40,21,33,73,64,30,24,18,18,28,28,72,23,29,30,18,14,19,21
"13-12-2014",15,22,22,38,57,103,170,127,176,99,26,25,26,28,31,29,38,30,33,77,84,126,65,73
"14-12-2014",76,85,64,55,62,51,45,98,70,66,41,18,9,19,17,13,12,48,152,143,141,155,152,145
"15-12-2014",96,71,56,44,27,51,74,101,81,101,55,23,33,46,38,42,30,20,75,207,207,230,215,208
"16-12-2014",143,102,60,44,40,132,168,189,252,176,134,62,30,22,18,26,21,18,32,25,16,8,7,7
"17-12-2014",6,3,4,3,4,7,8,8,10,-9999,11,15,11,11,37,26,45,48,93,87,116,133,141,132
"18-12-2014",125,144,81,77,116,134,184,258,276,86,-9999,-9999,-9999,-9999,-9999,-9999,41,68,115,199,207,173,209,268
"19-12-2014",173,186,153,159,143,305,252,383,331,241,103,36,28,-9999,25,-9999,17,51,211,239,275,269,258,270
"20-12-2014",278,281,255,215,270,279,252,370,280,245,34,20,16,12,11,11,14,50,68,91,181,291,361,385
"21-12-2014",363,269,287,261,272,265,252,356,408,138,26,10,9,10,10,9,18,23,31,36,12,8,9,6
"22-12-2014",6,4,4,4,7,20,19,70,35,29,20,29,44,34,30,24,21,28,48,92,151,123,142,275
"23-12-2014",321,246,219,213,130,260,305,387,437,382,156,49,55,26,35,22,38,91,162,132,370,569,661,534
"24-12-2014",453,376,259,267,254,322,533,680,592,516,175,71,39,27,24,24,19,28,353,511,508,609,587,615
"25-12-2014",532,402,415,327,237,201,242,341,235,193,24,15,12,7,7,6,7,11,15,16,44,22,8,7
"26-12-2014",4,8,98,128,167,217,211,120,123,171,161,184,98,43,21,9,9,20,29,77,104,84,89,128
"27-12-2014",161,58,13,46,62,79,142,118,123,36,15,9,13,12,11,16,12,19,39,48,45,27,41,46
"28-12-2014",39,30,34,32,35,57,113,97,95,71,24,21,16,10,9,7,5,6,6,6,5,5,4,4
"29-12-2014",3,3,3,2,4,6,7,11,42,88,64,12,13,16,14,20,23,18,27,50,57,58,49,12
"30-12-2014",7,5,5,5,6,15,26,46,65,24,55,40,39,55,30,26,31,26,20,17,14,8,9,8
"31-12-2014",4,3,3,3,3,10,9,15,19,13,14,15,15,17,17,18,17,10,10,11,8,9,7,6
