"01-01-2011",8.80,11.05,9.66,8.28,6.98,5.25,4.82,4.12,4.12,3.60,2.69,1.70,1.83,2.13,2.57,2.70,1.92,3.09,2.91,2.78,3.26,3.95,3.26,2.22
"02-01-2011",3.43,2.65,1.92,1.70,1.53,1.01,0.92,0.66,1.40,1.61,0.83,2.22,1.70,3.52,3.00,1.87,1.01,1.57,3.43,4.64,5.72,5.86,3.95,5.77
"03-01-2011",6.42,7.24,5.94,4.47,3.13,3.60,3.17,4.69,5.25,4.38,4.21,3.04,2.00,1.35,1.70,1.53,2.69,1.61,1.44,3.17,2.31,2.48,3.13,2.05
"04-01-2011",3.13,1.61,0.92,1.01,0.83,2.13,1.44,1.53,1.70,1.83,1.79,2.48,2.22,4.51,3.26,1.70,1.87,2.87,2.57,1.35,2.05,3.09,1.57,2.57
"05-01-2011",1.35,1.53,1.18,1.70,1.40,0.92,1.79,4.73,4.30,3.73,3.09,2.05,1.96,2.61,2.39,1.70,1.70,2.22,2.48,1.48,2.65,3.00,2.26,2.35
"06-01-2011",2.00,2.74,1.27,1.09,1.14,1.87,2.31,1.22,1.31,2.57,1.48,1.87,0.14,1.44,1.18,1.35,1.01,1.22,1.35,1.27,1.79,1.53,1.48,1.87
"07-01-2011",1.96,1.70,1.61,1.57,1.22,1.18,1.70,3.39,4.56,5.16,2.22,1.83,3.47,4.21,2.61,2.05,1.57,1.35,1.70,2.91,5.25,6.38,4.86,5.29
"08-01-2011",4.82,3.86,3.13,3.09,2.95,2.83,2.95,3.65,4.82,5.03,2.57,2.87,3.21,2.48,4.04,3.78,3.69,4.12,4.04,2.69,6.16,7.24,8.50,8.37
"09-01-2011",7.41,3.99,3.04,3.30,4.25,4.04,4.30,4.95,5.51,5.16,2.39,2.52,2.13,2.26,2.22,2.87,2.44,2.78,3.95,4.38,5.29,6.20,6.72,6.29
"10-01-2011",5.55,4.90,3.09,3.95,2.83,2.52,1.61,2.05,2.57,4.47,3.78,3.43,3.17,1.83,1.96,4.95,6.11,5.16,4.82,-9999,5.99,5.12,4.69,4.30
"11-01-2011",3.35,2.91,1.61,1.66,1.27,1.53,2.31,4.21,6.89,5.90,-9999,4.17,5.29,3.26,4.99,4.73,4.69,4.25,4.64,3.78,2.74,3.47,3.34,2.83
"12-01-2011",2.13,3.17,1.27,0.49,0.62,1.27,2.31,2.69,5.25,4.60,4.86,4.17,4.73,4.38,2.65,2.74,2.05,2.87,2.52,3.95,4.25,4.38,3.82,2.91
"13-01-2011",1.57,1.27,1.09,0.92,0.57,0.44,2.52,3.78,5.77,6.42,4.73,3.39,2.57,1.27,2.69,3.60,1.44,2.05,3.47,4.17,5.34,3.26,2.83,2.26
"14-01-2011",3.43,1.79,1.92,2.26,1.53,1.01,2.05,3.95,4.86,5.99,4.95,3.82,5.51,4.21,2.39,4.56,3.17,3.82,4.43,2.83,3.09,2.69,2.35,2.65
"15-01-2011",4.04,4.12,4.64,3.09,2.78,3.00,3.17,5.99,4.77,3.09,4.17,4.04,4.90,3.99,3.78,3.52,6.20,5.94,4.04,4.21,4.95,5.25,4.73,5.08
"16-01-2011",3.17,2.91,2.91,1.01,0.62,0.83,1.01,1.35,1.18,1.14,1.70,1.27,1.79,0.83,0.88,1.61,0.75,1.44,1.09,0.88,0.83,1.05,0.96,0.62
"17-01-2011",0.57,0.53,0.57,0.44,0.66,0.53,0.70,1.01,1.09,1.79,1.57,1.18,1.35,2.26,2.09,1.92,1.01,1.35,1.09,1.27,1.61,2.57,0.92,0.92
"18-01-2011",1.87,0.96,0.75,0.92,1.01,1.27,-9999,-9999,-9999,-9999,-9999,0.36,1.79,3.21,3.78,3.43,0.88,1.44,4.99,5.77,6.51,8.19,7.16,7.07
"19-01-2011",0.14,5.25,4.21,4.21,4.08,4.21,3.61,6.64,7.16,8.06,7.07,5.86,4.99,4.38,4.08,5.51,5.60,5.03,5.99,5.25,5.12,6.07,6.03,6.55
"20-01-2011",5.16,3.39,3.78,3.87,3.26,3.52,4.17,6.68,7.33,7.07,6.46,2.78,4.21,4.38,2.31,3.95,4.56,4.82,4.30,5.42,-9999,3.34,3.95,3.09
"21-01-2011",2.87,2.83,2.22,2.22,2.31,2.18,3.00,3.61,5.12,5.68,4.82,5.34,4.21,3.95,3.34,2.57,2.83,2.05,3.00,2.61,0.92,1.35,1.70,0.83
"22-01-2011",0.36,1.27,1.09,1.31,0.53,1.14,2.05,2.61,3.09,3.26,2.69,1.96,3.26,3.34,2.31,2.61,1.70,1.14,0.96,1.61,1.35,1.57,-9999,1.05
"23-01-2011",2.05,2.13,1.31,1.61,1.09,1.31,1.70,2.35,2.05,2.05,1.87,2.13,2.78,2.83,2.26,2.09,2.18,2.65,2.09,2.52,3.35,3.39,2.83,2.65
"24-01-2011",2.31,1.70,1.09,1.96,1.70,1.66,2.87,2.44,4.25,6.59,4.04,3.95,4.08,3.35,3.69,4.38,3.65,2.13,3.00,2.65,1.66,2.09,2.48,-9999
"25-01-2011",1.18,1.09,0.83,0.96,0.75,1.14,2.57,3.35,3.35,2.35,2.57,1.18,3.26,2.09,1.87,3.30,3.09,2.44,2.35,1.87,3.30,2.18,2.39,1.61
"26-01-2011",1.61,1.61,1.44,0.79,0.62,0.83,1.09,0.92,2.22,3.26,2.74,3.13,2.95,3.56,4.77,3.56,3.43,4.47,4.47,4.56,5.77,6.33,7.50,6.64
"27-01-2011",5.94,4.51,3.86,3.00,2.65,2.31,3.52,5.34,5.34,7.98,5.42,3.99,4.08,3.47,3.60,4.21,1.87,0.92,1.53,1.31,1.40,2.09,1.14,0.66
"28-01-2011",0.75,0.40,0.36,0.27,0.31,0.31,0.23,0.49,0.83,0.66,0.44,0.40,0.27,0.31,0.36,1.09,0.83,1.09,1.44,1.53,1.79,1.53,1.14,0.83
"29-01-2011",0.70,1.01,0.66,0.75,0.66,0.44,0.53,0.70,0.44,0.96,1.01,0.83,1.22,0.96,1.40,1.22,0.66,0.83,0.83,0.62,0.57,1.05,1.09,1.48
"30-01-2011",0.57,0.53,0.36,0.36,0.36,0.27,0.66,0.27,0.53,0.70,0.96,1.74,0.83,1.44,1.74,0.88,1.09,1.05,1.01,1.14,1.22,1.83,0.92,1.01
"31-01-2011",0.92,0.83,0.49,0.53,0.40,0.53,0.88,2.09,4.04,3.73,2.31,2.05,3.26,2.39,1.18,3.00,1.14,2.05,1.92,1.22,1.40,1.27,0.96,0.70
"01-02-2011",0.66,0.44,0.57,0.36,0.36,0.44,0.66,1.61,1.27,2.22,1.66,1.44,0.92,0.44,1.40,0.57,1.40,1.44,1.48,1.01,1.74,2.05,1.18,0.83
"02-02-2011",0.96,0.53,0.40,0.36,0.40,0.44,1.18,0.75,1.70,2.18,1.79,1.96,1.53,1.27,1.61,1.70,1.79,2.13,1.61,1.09,1.79,1.66,1.14,0.79
"03-02-2011",0.36,0.49,0.44,0.31,0.23,0.23,0.53,0.31,0.49,0.40,0.44,0.49,0.62,0.62,1.18,0.83,0.70,1.01,0.57,0.57,0.36,0.57,0.27,0.36
"04-02-2011",0.36,0.27,0.44,0.62,0.44,0.62,1.18,2.00,2.48,1.96,2.91,2.57,2.91,2.39,2.83,1.61,2.05,2.35,3.52,2.35,2.57,2.44,1.53,1.40
"05-02-2011",1.22,1.44,1.35,1.05,0.96,0.96,1.40,1.61,1.70,2.31,2.05,2.74,1.74,2.57,2.57,2.00,2.65,2.05,3.21,3.00,4.64,5.60,5.25,5.81
"06-02-2011",5.21,5.16,4.73,4.30,3.52,3.26,3.69,4.21,3.43,3.61,4.04,2.91,3.56,2.52,2.09,2.74,3.17,3.95,2.91,2.91,3.56,4.47,5.51,-9999
"07-02-2011",5.21,5.34,5.25,4.34,2.91,2.31,3.52,4.69,8.02,10.49,4.08,3.39,3.39,1.18,1.83,2.83,2.35,3.34,2.22,1.92,3.09,4.56,6.51,5.64
"08-02-2011",4.17,2.18,1.79,1.70,1.48,1.14,1.44,0.14,4.34,4.77,3.43,2.22,2.65,1.01,0.70,0.66,0.83,0.79,0.66,2.18,4.64,-9999,3.17,3.00
"09-02-2011",2.48,1.83,2.00,1.44,1.74,1.31,1.92,2.83,4.43,5.25,4.73,4.56,4.99,4.43,3.86,3.60,2.78,3.39,2.78,2.65,1.70,2.31,2.22,1.92
"10-02-2011",2.18,1.40,0.92,0.31,0.23,0.70,1.09,1.31,0.75,1.22,0.75,0.66,1.27,0.79,1.27,0.79,0.75,0.44,0.57,0.62,0.40,0.49,0.66,0.66
"11-02-2011",-9999,-9999,-9999,-9999,-9999,-9999,-9999,-9999,-9999,-9999,-9999,-9999,-9999,-9999,-9999,-9999,-9999,-9999,-9999,-9999,-9999,-9999,-9999,-9999
"12-02-2011",-9999,-9999,-9999,-9999,-9999,-9999,-9999,-9999,-9999,-9999,-9999,-9999,-9999,-9999,-9999,-9999,-9999,-9999,-9999,-9999,-9999,-9999,-9999,-9999
"13-02-2011",-9999,-9999,-9999,-9999,-9999,-9999,-9999,-9999,-9999,-9999,-9999,-9999,-9999,-9999,-9999,-9999,-9999,-9999,-9999,-9999,-9999,-9999,-9999,-9999
"14-02-2011",-9999,-9999,-9999,-9999,-9999,-9999,-9999,-9999,-9999,-9999,-9999,-9999,-9999,-9999,-9999,-9999,-9999,-9999,-9999,-9999,-9999,-9999,-9999,-9999
"15-02-2011",-9999,-9999,-9999,-9999,-9999,-9999,-9999,-9999,-9999,-9999,-9999,-9999,-9999,-9999,-9999,-9999,-9999,-9999,-9999,-9999,-9999,-9999,-9999,-9999
"16-02-2011",-9999,-9999,-9999,-9999,-9999,-9999,-9999,-9999,-9999,-9999,-9999,-9999,-9999,-9999,-9999,-9999,-9999,-9999,-9999,-9999,-9999,-9999,-9999,-9999
"17-02-2011",-9999,-9999,-9999,-9999,-9999,-9999,-9999,-9999,-9999,-9999,-9999,-9999,-9999,-9999,-9999,-9999,-9999,-9999,-9999,-9999,-9999,-9999,-9999,-9999
"18-02-2011",-9999,-9999,-9999,-9999,-9999,-9999,-9999,-9999,-9999,-9999,-9999,-9999,-9999,-9999,-9999,-9999,-9999,-9999,-9999,-9999,-9999,-9999,-9999,-9999
"19-02-2011",-9999,-9999,-9999,-9999,-9999,-9999,-9999,-9999,-9999,-9999,-9999,-9999,-9999,-9999,-9999,-9999,-9999,-9999,-9999,-9999,-9999,-9999,-9999,-9999
"20-02-2011",-9999,-9999,-9999,-9999,-9999,-9999,-9999,-9999,-9999,-9999,-9999,-9999,-9999,-9999,-9999,-9999,-9999,-9999,-9999,-9999,-9999,-9999,-9999,-9999
"21-02-2011",-9999,-9999,-9999,-9999,-9999,-9999,-9999,-9999,-9999,-9999,-9999,-9999,-9999,-9999,-9999,-9999,-9999,-9999,-9999,-9999,-9999,-9999,-9999,-9999
"22-02-2011",-9999,-9999,-9999,-9999,-9999,-9999,-9999,-9999,-9999,-9999,-9999,-9999,-9999,-9999,-9999,-9999,-9999,-9999,-9999,-9999,-9999,-9999,-9999,-9999
"23-02-2011",-9999,-9999,-9999,-9999,-9999,-9999,-9999,-9999,-9999,-9999,-9999,-9999,-9999,-9999,-9999,-9999,-9999,-9999,-9999,-9999,-9999,-9999,-9999,-9999
"24-02-2011",-9999,-9999,-9999,-9999,-9999,-9999,-9999,-9999,-9999,-9999,-9999,-9999,-9999,-9999,-9999,-9999,-9999,-9999,-9999,-9999,-9999,-9999,-9999,-9999
"25-02-2011",-9999,-9999,-9999,-9999,-9999,-9999,-9999,-9999,-9999,-9999,-9999,-9999,-9999,-9999,-9999,-9999,-9999,-9999,-9999,-9999,-9999,-9999,-9999,-9999
"26-02-2011",-9999,-9999,-9999,-9999,-9999,-9999,-9999,-9999,-9999,-9999,-9999,-9999,-9999,-9999,-9999,-9999,-9999,-9999,-9999,-9999,-9999,-9999,-9999,-9999
"27-02-2011",-9999,-9999,-9999,-9999,-9999,-9999,-9999,-9999,-9999,-9999,-9999,-9999,-9999,-9999,-9999,-9999,-9999,-9999,-9999,-9999,-9999,-9999,-9999,-9999
"28-02-2011",-9999,-9999,-9999,-9999,-9999,-9999,-9999,-9999,-9999,-9999,-9999,-9999,-9999,-9999,-9999,-9999,-9999,-9999,-9999,-9999,-9999,-9999,-9999,-9999
"01-03-2011",-9999,-9999,-9999,-9999,-9999,-9999,-9999,-9999,-9999,-9999,-9999,-9999,-9999,-9999,-9999,-9999,-9999,-9999,-9999,-9999,-9999,-9999,-9999,-9999
"02-03-2011",-9999,-9999,-9999,-9999,-9999,-9999,-9999,-9999,-9999,-9999,-9999,-9999,-9999,-9999,-9999,-9999,-9999,-9999,-9999,-9999,-9999,-9999,-9999,-9999
"03-03-2011",-9999,-9999,-9999,-9999,-9999,-9999,-9999,-9999,-9999,-9999,-9999,-9999,-9999,-9999,-9999,-9999,-9999,-9999,-9999,-9999,-9999,-9999,-9999,-9999
"04-03-2011",-9999,-9999,-9999,-9999,-9999,-9999,-9999,-9999,-9999,-9999,-9999,-9999,-9999,-9999,-9999,-9999,-9999,-9999,-9999,-9999,-9999,-9999,-9999,-9999
"05-03-2011",-9999,-9999,-9999,-9999,-9999,-9999,-9999,-9999,-9999,-9999,-9999,-9999,-9999,-9999,-9999,-9999,-9999,-9999,-9999,-9999,-9999,-9999,-9999,-9999
"06-03-2011",-9999,-9999,-9999,-9999,-9999,-9999,-9999,-9999,-9999,-9999,-9999,-9999,-9999,-9999,-9999,-9999,-9999,-9999,-9999,-9999,-9999,-9999,-9999,-9999
"07-03-2011",-9999,-9999,-9999,-9999,-9999,-9999,-9999,-9999,-9999,-9999,-9999,-9999,-9999,-9999,-9999,-9999,-9999,-9999,-9999,-9999,-9999,-9999,-9999,-9999
"08-03-2011",-9999,-9999,-9999,-9999,-9999,-9999,-9999,-9999,-9999,-9999,-9999,-9999,-9999,-9999,-9999,-9999,-9999,-9999,-9999,-9999,-9999,-9999,-9999,-9999
"09-03-2011",-9999,-9999,-9999,-9999,-9999,-9999,-9999,-9999,-9999,-9999,-9999,-9999,-9999,-9999,-9999,-9999,-9999,-9999,-9999,-9999,-9999,-9999,-9999,-9999
"10-03-2011",-9999,-9999,-9999,-9999,-9999,-9999,-9999,-9999,-9999,-9999,-9999,-9999,-9999,-9999,-9999,-9999,-9999,-9999,-9999,-9999,-9999,-9999,-9999,-9999
"11-03-2011",-9999,-9999,-9999,-9999,-9999,-9999,-9999,-9999,-9999,-9999,-9999,-9999,-9999,-9999,-9999,-9999,-9999,-9999,-9999,-9999,-9999,-9999,-9999,-9999
"12-03-2011",-9999,-9999,-9999,-9999,-9999,-9999,-9999,-9999,-9999,-9999,-9999,-9999,-9999,-9999,-9999,-9999,-9999,-9999,-9999,-9999,-9999,-9999,-9999,-9999
"13-03-2011",-9999,-9999,-9999,-9999,-9999,-9999,-9999,-9999,-9999,-9999,-9999,-9999,-9999,-9999,-9999,-9999,-9999,-9999,-9999,-9999,-9999,-9999,-9999,-9999
"14-03-2011",-9999,-9999,-9999,-9999,-9999,-9999,-9999,-9999,-9999,-9999,-9999,-9999,-9999,-9999,-9999,-9999,-9999,-9999,-9999,-9999,-9999,-9999,-9999,-9999
"15-03-2011",-9999,-9999,-9999,-9999,-9999,-9999,-9999,-9999,-9999,-9999,-9999,-9999,-9999,-9999,-9999,-9999,-9999,-9999,-9999,-9999,-9999,-9999,-9999,-9999
"16-03-2011",-9999,-9999,-9999,-9999,-9999,-9999,-9999,-9999,-9999,-9999,-9999,-9999,-9999,-9999,-9999,-9999,-9999,-9999,-9999,-9999,-9999,-9999,-9999,-9999
"17-03-2011",-9999,-9999,-9999,-9999,-9999,-9999,-9999,-9999,-9999,-9999,-9999,-9999,-9999,-9999,-9999,-9999,-9999,-9999,-9999,-9999,-9999,-9999,-9999,-9999
"18-03-2011",-9999,-9999,-9999,-9999,-9999,-9999,-9999,-9999,-9999,-9999,-9999,-9999,-9999,-9999,-9999,-9999,-9999,-9999,-9999,-9999,-9999,-9999,-9999,-9999
"19-03-2011",-9999,-9999,-9999,-9999,-9999,-9999,-9999,-9999,-9999,-9999,-9999,-9999,-9999,-9999,-9999,-9999,-9999,-9999,-9999,-9999,-9999,-9999,-9999,-9999
"20-03-2011",-9999,-9999,-9999,-9999,-9999,-9999,-9999,-9999,-9999,-9999,-9999,-9999,-9999,-9999,-9999,-9999,-9999,-9999,-9999,-9999,-9999,-9999,-9999,-9999
"21-03-2011",-9999,-9999,-9999,-9999,-9999,-9999,-9999,-9999,-9999,-9999,-9999,-9999,-9999,-9999,-9999,-9999,-9999,-9999,-9999,-9999,-9999,-9999,-9999,-9999
"22-03-2011",-9999,-9999,-9999,-9999,-9999,-9999,-9999,-9999,-9999,-9999,-9999,-9999,-9999,-9999,-9999,-9999,-9999,-9999,-9999,-9999,-9999,-9999,-9999,-9999
"23-03-2011",-9999,-9999,-9999,-9999,-9999,-9999,-9999,-9999,-9999,-9999,-9999,-9999,-9999,-9999,-9999,-9999,-9999,-9999,-9999,-9999,-9999,-9999,-9999,-9999
"24-03-2011",-9999,-9999,-9999,-9999,-9999,-9999,-9999,-9999,-9999,-9999,-9999,-9999,-9999,-9999,-9999,-9999,-9999,-9999,-9999,-9999,-9999,-9999,-9999,-9999
"25-03-2011",-9999,-9999,-9999,-9999,-9999,-9999,-9999,-9999,-9999,-9999,-9999,-9999,-9999,-9999,-9999,-9999,-9999,-9999,-9999,-9999,-9999,-9999,-9999,-9999
"26-03-2011",-9999,-9999,-9999,-9999,-9999,-9999,-9999,-9999,-9999,-9999,-9999,-9999,-9999,-9999,-9999,-9999,-9999,-9999,-9999,-9999,-9999,-9999,-9999,-9999
"27-03-2011",-9999,-9999,-9999,-9999,-9999,-9999,-9999,-9999,-9999,-9999,-9999,-9999,-9999,-9999,-9999,-9999,-9999,-9999,-9999,-9999,-9999,-9999,-9999,-9999
"28-03-2011",-9999,-9999,-9999,-9999,-9999,-9999,-9999,-9999,-9999,-9999,-9999,-9999,-9999,-9999,-9999,-9999,-9999,-9999,-9999,-9999,-9999,-9999,-9999,-9999
"29-03-2011",-9999,-9999,-9999,-9999,-9999,-9999,-9999,-9999,-9999,-9999,-9999,-9999,-9999,-9999,-9999,-9999,-9999,-9999,-9999,-9999,-9999,-9999,-9999,-9999
"30-03-2011",-9999,-9999,-9999,-9999,-9999,-9999,-9999,-9999,-9999,-9999,-9999,-9999,-9999,-9999,-9999,-9999,-9999,-9999,-9999,-9999,-9999,-9999,-9999,-9999
"31-03-2011",-9999,-9999,-9999,-9999,-9999,-9999,-9999,-9999,-9999,-9999,-9999,-9999,-9999,-9999,-9999,-9999,-9999,-9999,-9999,-9999,-9999,-9999,-9999,-9999
"01-04-2011",-9999,-9999,-9999,-9999,-9999,-9999,-9999,-9999,-9999,-9999,-9999,-9999,-9999,-9999,-9999,-9999,-9999,-9999,-9999,-9999,-9999,-9999,-9999,-9999
"02-04-2011",-9999,-9999,-9999,-9999,-9999,-9999,-9999,-9999,-9999,-9999,-9999,-9999,-9999,-9999,-9999,-9999,-9999,-9999,-9999,-9999,-9999,-9999,-9999,-9999
"03-04-2011",-9999,-9999,-9999,-9999,-9999,-9999,-9999,-9999,-9999,-9999,-9999,-9999,-9999,-9999,-9999,-9999,-9999,-9999,-9999,-9999,-9999,-9999,-9999,-9999
"04-04-2011",-9999,-9999,-9999,-9999,-9999,-9999,-9999,-9999,-9999,-9999,-9999,-9999,-9999,-9999,-9999,-9999,-9999,-9999,-9999,-9999,-9999,-9999,-9999,-9999
"05-04-2011",-9999,-9999,-9999,-9999,-9999,-9999,-9999,-9999,-9999,-9999,-9999,-9999,-9999,-9999,-9999,-9999,-9999,-9999,-9999,-9999,-9999,-9999,-9999,-9999
"06-04-2011",-9999,-9999,-9999,-9999,-9999,-9999,-9999,-9999,-9999,-9999,-9999,-9999,-9999,-9999,-9999,-9999,-9999,-9999,-9999,-9999,-9999,-9999,-9999,-9999
"07-04-2011",-9999,-9999,-9999,-9999,-9999,-9999,-9999,-9999,-9999,-9999,-9999,-9999,-9999,-9999,-9999,-9999,-9999,-9999,-9999,-9999,-9999,-9999,-9999,-9999
"08-04-2011",-9999,-9999,-9999,-9999,-9999,-9999,-9999,-9999,-9999,-9999,-9999,-9999,-9999,-9999,-9999,-9999,-9999,-9999,-9999,-9999,-9999,-9999,-9999,-9999
"09-04-2011",-9999,-9999,-9999,-9999,-9999,-9999,-9999,-9999,-9999,-9999,-9999,-9999,-9999,-9999,-9999,-9999,-9999,-9999,-9999,-9999,-9999,-9999,-9999,-9999
"10-04-2011",-9999,-9999,-9999,-9999,-9999,-9999,-9999,-9999,-9999,-9999,-9999,-9999,-9999,-9999,-9999,-9999,-9999,-9999,-9999,-9999,-9999,-9999,-9999,-9999
"11-04-2011",-9999,-9999,-9999,-9999,-9999,-9999,-9999,-9999,-9999,-9999,-9999,-9999,-9999,-9999,-9999,-9999,-9999,-9999,-9999,-9999,-9999,-9999,-9999,-9999
"12-04-2011",-9999,-9999,-9999,-9999,-9999,-9999,-9999,-9999,-9999,-9999,-9999,-9999,-9999,-9999,-9999,-9999,-9999,-9999,-9999,-9999,-9999,-9999,-9999,-9999
"13-04-2011",-9999,-9999,-9999,-9999,-9999,-9999,-9999,-9999,-9999,-9999,-9999,-9999,-9999,-9999,-9999,-9999,-9999,-9999,-9999,-9999,-9999,-9999,-9999,-9999
"14-04-2011",-9999,-9999,-9999,-9999,-9999,-9999,-9999,-9999,-9999,-9999,-9999,-9999,-9999,-9999,-9999,-9999,-9999,-9999,-9999,-9999,-9999,-9999,-9999,-9999
"15-04-2011",-9999,-9999,-9999,-9999,-9999,-9999,-9999,-9999,-9999,-9999,-9999,-9999,-9999,-9999,-9999,-9999,-9999,-9999,-9999,-9999,-9999,-9999,-9999,-9999
"16-04-2011",-9999,-9999,-9999,-9999,-9999,-9999,-9999,-9999,-9999,-9999,-9999,-9999,-9999,-9999,-9999,-9999,-9999,-9999,-9999,-9999,-9999,-9999,-9999,-9999
"17-04-2011",-9999,-9999,-9999,-9999,-9999,-9999,-9999,-9999,-9999,-9999,-9999,-9999,-9999,-9999,-9999,-9999,-9999,-9999,-9999,-9999,-9999,-9999,-9999,-9999
"18-04-2011",-9999,-9999,-9999,-9999,-9999,-9999,-9999,-9999,-9999,-9999,-9999,-9999,-9999,-9999,-9999,-9999,-9999,-9999,-9999,-9999,-9999,-9999,-9999,-9999
"19-04-2011",-9999,-9999,-9999,-9999,-9999,-9999,-9999,-9999,-9999,-9999,-9999,-9999,-9999,-9999,-9999,-9999,-9999,-9999,-9999,-9999,-9999,-9999,-9999,-9999
"20-04-2011",-9999,-9999,-9999,-9999,-9999,-9999,-9999,-9999,-9999,-9999,-9999,-9999,-9999,-9999,-9999,-9999,-9999,-9999,-9999,-9999,-9999,-9999,-9999,-9999
"21-04-2011",-9999,-9999,-9999,-9999,-9999,-9999,-9999,-9999,-9999,-9999,-9999,-9999,-9999,-9999,-9999,-9999,-9999,-9999,-9999,-9999,-9999,-9999,-9999,-9999
"22-04-2011",-9999,-9999,-9999,-9999,-9999,-9999,-9999,-9999,-9999,-9999,-9999,-9999,-9999,-9999,-9999,-9999,-9999,-9999,-9999,-9999,-9999,-9999,-9999,-9999
"23-04-2011",-9999,-9999,-9999,-9999,-9999,-9999,-9999,-9999,-9999,-9999,-9999,-9999,-9999,-9999,-9999,-9999,-9999,-9999,-9999,-9999,-9999,-9999,-9999,-9999
"24-04-2011",-9999,-9999,-9999,-9999,-9999,-9999,-9999,-9999,-9999,-9999,-9999,-9999,-9999,-9999,-9999,-9999,-9999,-9999,-9999,-9999,-9999,-9999,-9999,-9999
"25-04-2011",-9999,-9999,-9999,-9999,-9999,-9999,-9999,-9999,-9999,-9999,-9999,-9999,-9999,-9999,-9999,-9999,-9999,-9999,-9999,-9999,-9999,-9999,-9999,-9999
"26-04-2011",-9999,-9999,-9999,-9999,-9999,-9999,-9999,-9999,-9999,-9999,-9999,-9999,-9999,-9999,-9999,-9999,-9999,-9999,-9999,-9999,-9999,-9999,-9999,-9999
"27-04-2011",-9999,-9999,-9999,-9999,-9999,-9999,-9999,-9999,-9999,-9999,-9999,-9999,-9999,-9999,-9999,-9999,-9999,-9999,-9999,-9999,-9999,-9999,-9999,-9999
"28-04-2011",-9999,-9999,-9999,-9999,-9999,-9999,-9999,-9999,-9999,-9999,-9999,-9999,-9999,-9999,-9999,-9999,-9999,-9999,-9999,-9999,-9999,-9999,-9999,-9999
"29-04-2011",-9999,-9999,-9999,-9999,-9999,-9999,-9999,-9999,-9999,-9999,-9999,-9999,-9999,-9999,-9999,-9999,-9999,-9999,-9999,-9999,-9999,-9999,-9999,-9999
"30-04-2011",-9999,-9999,-9999,-9999,-9999,-9999,-9999,-9999,-9999,-9999,-9999,-9999,-9999,-9999,-9999,-9999,-9999,-9999,-9999,-9999,-9999,-9999,-9999,-9999
"01-05-2011",-9999,-9999,-9999,-9999,-9999,-9999,-9999,-9999,-9999,-9999,-9999,-9999,-9999,-9999,-9999,-9999,-9999,-9999,-9999,-9999,-9999,-9999,-9999,-9999
"02-05-2011",-9999,-9999,-9999,-9999,-9999,-9999,-9999,-9999,-9999,-9999,-9999,-9999,-9999,-9999,-9999,-9999,-9999,-9999,-9999,-9999,-9999,-9999,-9999,-9999
"03-05-2011",-9999,-9999,-9999,-9999,-9999,-9999,-9999,-9999,-9999,-9999,-9999,-9999,-9999,-9999,-9999,-9999,-9999,-9999,-9999,-9999,-9999,-9999,-9999,-9999
"04-05-2011",-9999,-9999,-9999,-9999,-9999,-9999,-9999,-9999,-9999,-9999,-9999,-9999,-9999,-9999,-9999,-9999,-9999,-9999,-9999,-9999,-9999,-9999,-9999,-9999
"05-05-2011",-9999,-9999,-9999,-9999,-9999,-9999,-9999,-9999,-9999,-9999,-9999,-9999,-9999,-9999,-9999,-9999,-9999,-9999,-9999,-9999,-9999,-9999,-9999,-9999
"06-05-2011",-9999,-9999,-9999,-9999,-9999,-9999,-9999,-9999,-9999,-9999,-9999,-9999,-9999,-9999,-9999,-9999,-9999,-9999,-9999,-9999,-9999,-9999,-9999,-9999
"07-05-2011",-9999,-9999,-9999,-9999,-9999,-9999,-9999,-9999,-9999,-9999,-9999,-9999,-9999,-9999,-9999,-9999,-9999,-9999,-9999,-9999,-9999,-9999,-9999,-9999
"08-05-2011",-9999,-9999,-9999,-9999,-9999,-9999,-9999,-9999,-9999,-9999,-9999,-9999,-9999,-9999,-9999,-9999,-9999,-9999,-9999,-9999,-9999,-9999,-9999,-9999
"09-05-2011",-9999,-9999,-9999,-9999,-9999,-9999,-9999,-9999,-9999,-9999,-9999,-9999,-9999,-9999,-9999,-9999,-9999,-9999,-9999,-9999,-9999,-9999,-9999,-9999
"10-05-2011",-9999,-9999,-9999,-9999,-9999,-9999,-9999,-9999,-9999,-9999,-9999,-9999,-9999,-9999,-9999,-9999,-9999,-9999,-9999,-9999,-9999,-9999,-9999,-9999
"11-05-2011",-9999,-9999,-9999,-9999,-9999,-9999,-9999,-9999,-9999,-9999,-9999,-9999,-9999,-9999,-9999,-9999,-9999,-9999,-9999,-9999,-9999,-9999,-9999,-9999
"12-05-2011",-9999,-9999,-9999,-9999,-9999,-9999,-9999,-9999,-9999,-9999,-9999,-9999,-9999,-9999,-9999,-9999,-9999,-9999,-9999,-9999,-9999,-9999,-9999,-9999
"13-05-2011",-9999,-9999,-9999,-9999,-9999,-9999,-9999,-9999,-9999,-9999,-9999,-9999,-9999,-9999,-9999,-9999,-9999,-9999,-9999,-9999,-9999,-9999,-9999,-9999
"14-05-2011",-9999,-9999,-9999,-9999,-9999,-9999,-9999,-9999,-9999,-9999,-9999,-9999,-9999,-9999,-9999,-9999,-9999,-9999,-9999,-9999,-9999,-9999,-9999,-9999
"15-05-2011",-9999,-9999,-9999,-9999,-9999,-9999,-9999,-9999,-9999,-9999,-9999,-9999,-9999,-9999,-9999,-9999,-9999,-9999,-9999,-9999,-9999,-9999,-9999,-9999
"16-05-2011",-9999,-9999,-9999,-9999,-9999,-9999,-9999,-9999,-9999,-9999,-9999,-9999,-9999,-9999,-9999,-9999,-9999,-9999,-9999,-9999,-9999,-9999,-9999,-9999
"17-05-2011",-9999,-9999,-9999,-9999,-9999,-9999,-9999,-9999,-9999,-9999,-9999,-9999,-9999,-9999,-9999,-9999,-9999,-9999,-9999,-9999,-9999,-9999,-9999,-9999
"18-05-2011",-9999,-9999,-9999,-9999,-9999,-9999,-9999,-9999,-9999,-9999,-9999,-9999,-9999,-9999,-9999,-9999,-9999,-9999,-9999,-9999,-9999,-9999,-9999,-9999
"19-05-2011",-9999,-9999,-9999,-9999,-9999,-9999,-9999,-9999,-9999,-9999,-9999,-9999,-9999,-9999,-9999,-9999,-9999,-9999,-9999,-9999,-9999,-9999,-9999,-9999
"20-05-2011",-9999,-9999,-9999,-9999,-9999,-9999,-9999,-9999,-9999,-9999,-9999,-9999,-9999,-9999,-9999,-9999,-9999,-9999,-9999,-9999,-9999,-9999,-9999,-9999
"21-05-2011",-9999,-9999,-9999,-9999,-9999,-9999,-9999,-9999,-9999,-9999,-9999,-9999,-9999,-9999,-9999,-9999,-9999,-9999,-9999,-9999,-9999,-9999,-9999,-9999
"22-05-2011",-9999,-9999,-9999,-9999,-9999,-9999,-9999,-9999,-9999,-9999,-9999,-9999,-9999,-9999,-9999,-9999,-9999,-9999,-9999,-9999,-9999,-9999,-9999,-9999
"23-05-2011",-9999,-9999,-9999,-9999,-9999,-9999,-9999,-9999,-9999,-9999,-9999,-9999,-9999,-9999,-9999,-9999,-9999,-9999,-9999,-9999,-9999,-9999,-9999,-9999
"24-05-2011",-9999,-9999,-9999,-9999,-9999,-9999,-9999,-9999,-9999,-9999,-9999,-9999,-9999,-9999,-9999,-9999,-9999,-9999,-9999,-9999,-9999,-9999,-9999,-9999
"25-05-2011",-9999,-9999,-9999,-9999,-9999,-9999,-9999,-9999,-9999,-9999,-9999,-9999,-9999,-9999,-9999,-9999,-9999,-9999,-9999,-9999,-9999,-9999,-9999,-9999
"26-05-2011",-9999,-9999,-9999,-9999,-9999,-9999,-9999,-9999,-9999,-9999,-9999,-9999,-9999,-9999,-9999,-9999,-9999,-9999,-9999,-9999,-9999,-9999,-9999,-9999
"27-05-2011",-9999,-9999,-9999,-9999,-9999,-9999,-9999,-9999,-9999,-9999,-9999,-9999,-9999,-9999,-9999,-9999,-9999,-9999,-9999,-9999,-9999,-9999,-9999,-9999
"28-05-2011",-9999,-9999,-9999,-9999,-9999,-9999,-9999,-9999,-9999,-9999,-9999,-9999,-9999,-9999,-9999,-9999,-9999,-9999,-9999,-9999,-9999,-9999,-9999,-9999
"29-05-2011",-9999,-9999,-9999,-9999,-9999,-9999,-9999,-9999,-9999,-9999,-9999,-9999,-9999,-9999,-9999,-9999,-9999,-9999,-9999,-9999,-9999,-9999,-9999,-9999
"30-05-2011",-9999,-9999,-9999,-9999,-9999,-9999,-9999,-9999,-9999,-9999,-9999,-9999,-9999,-9999,-9999,-9999,-9999,-9999,-9999,-9999,-9999,-9999,-9999,-9999
"31-05-2011",-9999,-9999,-9999,-9999,-9999,-9999,-9999,-9999,-9999,-9999,-9999,-9999,-9999,-9999,-9999,-9999,-9999,-9999,-9999,-9999,-9999,-9999,-9999,-9999
"01-06-2011",-9999,-9999,-9999,-9999,-9999,-9999,-9999,-9999,-9999,-9999,-9999,-9999,-9999,-9999,-9999,-9999,-9999,-9999,-9999,-9999,-9999,-9999,-9999,-9999
"02-06-2011",-9999,-9999,-9999,-9999,-9999,-9999,-9999,-9999,-9999,-9999,-9999,-9999,-9999,-9999,-9999,-9999,-9999,-9999,-9999,-9999,-9999,-9999,-9999,-9999
"03-06-2011",-9999,-9999,-9999,-9999,-9999,-9999,-9999,-9999,-9999,-9999,-9999,-9999,-9999,-9999,-9999,-9999,-9999,-9999,-9999,-9999,-9999,-9999,-9999,-9999
"04-06-2011",-9999,-9999,-9999,-9999,-9999,-9999,-9999,-9999,-9999,-9999,-9999,-9999,-9999,-9999,-9999,-9999,-9999,-9999,-9999,-9999,-9999,-9999,-9999,-9999
"05-06-2011",-9999,-9999,-9999,-9999,-9999,-9999,-9999,-9999,-9999,-9999,-9999,-9999,-9999,-9999,-9999,-9999,-9999,-9999,-9999,-9999,-9999,-9999,-9999,-9999
"06-06-2011",-9999,-9999,-9999,-9999,-9999,-9999,-9999,-9999,-9999,-9999,-9999,-9999,-9999,-9999,-9999,-9999,-9999,-9999,-9999,-9999,-9999,-9999,-9999,-9999
"07-06-2011",-9999,-9999,-9999,-9999,-9999,-9999,-9999,-9999,-9999,-9999,-9999,-9999,-9999,-9999,-9999,-9999,-9999,-9999,-9999,-9999,-9999,-9999,-9999,-9999
"08-06-2011",-9999,-9999,-9999,-9999,-9999,-9999,-9999,-9999,-9999,-9999,-9999,-9999,-9999,-9999,-9999,-9999,-9999,-9999,-9999,-9999,-9999,-9999,-9999,-9999
"09-06-2011",-9999,-9999,-9999,-9999,-9999,-9999,-9999,-9999,-9999,-9999,-9999,-9999,-9999,-9999,-9999,-9999,-9999,-9999,-9999,-9999,-9999,-9999,-9999,-9999
"10-06-2011",4.56,4.82,1.22,1.01,1.44,1.57,4.99,11.40,10.79,7.59,6.81,4.99,6.81,8.58,10.23,11.74,7.54,11.92,9.75,12.26,6.55,3.65,3.65,3.52
"11-06-2011",4.82,6.07,3.17,2.39,3.22,4.30,4.60,6.03,6.64,4.82,4.13,5.90,7.59,6.20,4.99,6.46,7.63,3.65,2.13,3.95,2.31,4.04,6.20,6.64
"12-06-2011",4.90,3.17,1.92,2.18,1.83,6.20,5.34,4.26,1.57,1.92,2.65,5.42,1.79,0.66,0.83,1.05,3.35,3.22,4.30,5.90,7.16,8.54,11.44,6.59
"13-06-2011",6.46,3.73,3.56,2.65,1.92,1.01,1.40,3.87,3.04,4.30,3.22,3.87,5.03,4.60,6.38,2.31,6.46,4.99,3.61,2.83,9.67,7.37,5.68,3.78
"14-06-2011",3.82,4.60,2.70,2.09,2.13,2.83,4.43,5.73,10.36,12.78,7.59,12.35,11.83,10.79,3.35,3.91,7.16,14.56,9.62,13.44,13.22,6.29,12.74,8.20
"15-06-2011",9.28,9.23,6.81,6.03,4.26,0.96,2.22,1.61,2.39,6.77,3.87,2.52,2.39,1.31,1.92,5.34,6.42,5.25,6.12,5.77,5.08,5.81,9.75,6.90
"16-06-2011",6.16,4.21,3.99,2.31,3.09,1.66,3.04,5.42,2.74,3.78,4.43,15.47,2.09,3.30,2.83,1.61,4.64,9.06,8.46,5.77,4.60,14.95,10.84,9.32
"17-06-2011",8.50,6.38,6.33,5.60,5.51,5.47,9.06,18.07,12.01,7.24,12.74,10.66,4.21,2.74,5.68,6.20,7.59,9.10,7.94,6.29,9.58,13.00,12.83,9.45
"18-06-2011",10.75,6.55,7.89,5.81,7.33,6.55,9.32,14.43,11.40,12.27,12.18,-9999,11.35,13.74,7.76,4.73,8.71,4.51,4.30,6.51,7.76,6.38,6.68,7.68
"19-06-2011",8.54,9.93,7.11,8.20,6.29,5.86,7.76,8.67,9.49,6.12,7.37,6.12,7.67,8.02,3.39,3.35,3.69,2.78,3.43,3.61,7.16,10.45,13.26,11.18
"20-06-2011",7.41,6.51,4.13,1.44,1.40,3.22,6.12,11.31,17.98,13.48,9.75,11.75,8.20,11.18,8.06,9.75,9.49,8.76,9.80,8.84,7.11,8.50,6.46,7.63
"21-06-2011",6.72,3.52,2.74,1.40,1.48,0.53,1.70,2.65,4.51,3.56,0.23,2.83,1.53,2.26,3.09,2.09,1.40,1.96,3.04,2.22,2.13,1.87,3.69,4.51
"22-06-2011",2.13,2.13,0.92,0.57,0.79,0.79,1.18,2.44,2.48,9.06,6.07,3.65,1.96,1.48,1.57,1.44,1.31,1.83,1.87,1.14,1.27,2.18,6.85,5.68
"23-06-2011",1.44,1.05,2.18,2.74,1.44,1.66,2.87,5.60,13.30,3.35,2.83,4.38,1.14,2.65,2.65,1.61,2.22,1.09,3.13,4.47,2.39,3.87,2.52,2.05
"24-06-2011",4.21,3.30,2.70,0.44,0.49,1.35,3.82,-9999,4.82,2.39,4.04,4.30,3.35,2.05,2.31,1.22,1.35,1.53,1.35,1.79,0.96,1.96,1.53,4.38
"25-06-2011",3.00,2.87,4.38,3.91,3.82,4.77,7.07,5.42,11.83,10.27,7.63,3.26,1.09,6.51,4.69,3.95,3.52,2.35,2.31,4.08,4.47,4.21,1.74,1.92
"26-06-2011",0.88,2.44,0.66,0.44,0.44,0.31,0.49,0.49,0.83,0.44,0.75,1.48,1.01,1.09,1.44,0.70,0.75,0.44,0.57,1.09,2.57,1.87,0.75,3.69
"27-06-2011",1.14,0.75,2.05,1.22,1.01,0.53,1.18,2.09,2.09,3.52,2.48,4.56,1.09,2.70,3.91,2.91,3.09,3.26,3.43,3.35,1.53,1.57,2.00,2.74
"28-06-2011",5.42,2.78,2.57,2.22,1.83,3.30,3.56,9.15,9.23,11.83,7.07,6.55,5.68,7.76,7.72,3.35,3.43,3.95,2.91,8.54,6.03,8.58,5.08,3.26
"29-06-2011",2.44,2.74,2.52,3.91,2.91,2.44,4.56,4.38,7.85,10.49,10.45,9.02,10.36,9.58,7.80,8.24,8.02,3.43,1.53,8.19,8.32,10.62,9.49,6.38
"30-06-2011",4.17,3.13,4.64,2.44,2.61,3.82,6.03,10.71,12.87,10.32,7.41,8.06,8.63,6.29,5.08,4.30,6.59,4.64,7.63,5.64,6.98,9.45,7.50,4.30
"01-07-2011",5.21,5.34,4.30,3.35,1.87,1.22,3.21,3.65,11.48,-9999,-9999,-9999,-9999,-9999,7.33,9.58,9.75,7.85,8.02,6.46,4.04,1.87,2.74,2.57
"02-07-2011",3.39,3.87,3.56,4.04,2.39,2.91,2.09,5.86,6.20,6.98,10.45,10.97,9.15,5.60,6.12,4.56,3.86,4.17,3.17,5.38,6.03,10.19,7.59,5.51
"03-07-2011",5.42,5.77,3.69,3.13,2.65,2.05,2.48,4.21,3.00,2.78,3.91,4.17,5.60,4.51,3.35,2.52,-9999,1.40,1.66,2.18,4.56,7.67,9.49,7.20
"04-07-2011",6.38,3.69,4.08,2.78,3.00,2.57,4.99,10.19,8.45,4.04,9.80,3.61,3.21,4.43,4.21,1.87,0.88,2.35,6.03,5.90,6.33,7.33,4.73,4.64
"05-07-2011",4.08,4.77,2.70,1.79,2.74,3.26,5.47,11.96,15.94,12.05,9.41,10.40,11.27,8.97,7.93,6.51,5.25,7.28,8.50,5.16,9.75,11.87,8.45,5.77
"06-07-2011",-9999,4.08,2.48,1.61,1.57,2.13,6.38,12.52,9.36,14.26,11.92,8.97,8.54,7.20,7.50,8.28,4.69,6.72,6.33,3.61,1.18,0.88,0.66,0.96
"07-07-2011",2.26,1.96,2.31,3.30,2.48,1.79,1.44,4.90,7.76,15.81,-9999,4.64,1.01,5.60,3.00,1.01,0.79,0.57,0.92,0.66,1.01,4.60,4.82,8.89
"08-07-2011",4.99,3.00,3.87,3.17,3.04,3.09,2.39,6.38,8.71,2.09,3.47,1.96,4.95,1.48,0.96,1.18,1.09,-9999,1.48,1.09,1.35,3.35,2.57,2.05
"09-07-2011",1.87,2.74,1.27,0.88,0.57,0.66,0.79,1.61,2.65,2.13,1.09,1.70,1.53,2.44,0.92,1.96,0.66,0.70,0.57,0.83,0.83,1.48,3.00,2.00
"10-07-2011",3.39,1.44,1.53,1.74,3.09,2.18,2.26,3.26,3.47,2.61,1.31,2.13,0.75,0.96,1.57,1.35,0.92,0.40,0.92,0.83,1.22,2.57,1.22,2.00
"11-07-2011",1.22,0.70,2.13,2.05,1.57,1.79,0.57,1.18,1.22,1.57,1.61,2.35,2.22,1.70,2.05,0.79,1.27,0.83,0.70,1.44,2.18,3.65,3.78,2.48
"12-07-2011",2.22,1.22,0.83,0.66,1.22,1.35,0.75,3.00,2.74,1.18,2.31,3.69,1.87,1.35,1.40,2.31,2.39,2.22,0.92,0.70,3.30,2.31,2.13,2.87
"13-07-2011",1.87,1.96,0.70,0.44,0.44,0.57,0.66,1.96,1.44,1.79,1.66,1.61,10.19,1.83,1.87,0.92,1.09,0.88,1.27,1.27,2.26,3.09,2.91,1.83
"14-07-2011",1.79,0.79,0.92,0.53,0.62,0.40,1.79,2.35,4.12,7.98,2.91,3.78,4.64,4.69,2.18,1.14,0.66,0.66,1.40,1.87,3.13,1.87,1.66,1.27
"15-07-2011",0.92,1.61,0.96,0.57,0.31,0.66,3.13,6.12,10.79,6.89,3.21,5.08,5.42,4.90,1.48,1.70,1.87,1.74,0.83,1.48,1.87,2.57,1.40,1.53
"16-07-2011",1.66,1.35,1.35,0.75,1.09,1.92,1.87,3.61,2.91,1.96,3.73,1.83,2.00,0.92,2.78,1.92,0.57,2.48,2.52,4.12,4.25,5.55,4.99,6.29
"17-07-2011",5.81,6.20,3.61,2.61,3.09,3.61,2.48,3.91,5.55,4.51,4.90,3.43,4.12,3.04,2.65,1.92,2.18,1.79,2.31,3.39,6.07,7.46,7.63,5.21
"18-07-2011",4.51,5.29,2.83,2.39,1.79,3.26,4.51,9.49,7.93,6.81,19.23,12.22,9.58,9.75,5.73,5.47,7.59,3.69,0.83,0.83,1.53,3.99,3.43,3.69
"19-07-2011",4.69,2.39,2.91,2.83,3.43,2.87,4.12,5.42,11.35,13.69,9.54,-9999,8.80,7.24,8.54,7.03,4.69,5.77,6.72,6.89,5.73,5.94,7.33,3.52
"20-07-2011",4.60,4.04,3.26,3.43,3.13,5.29,5.03,12.05,9.93,12.26,7.07,8.67,-9999,7.98,6.89,6.85,5.94,3.78,6.16,4.56,7.37,-9999,4.51,3.47
"21-07-2011",3.52,2.61,1.53,2.09,0.83,0.92,2.35,6.07,9.06,8.41,6.07,9.40,3.99,6.46,6.42,6.64,9.19,5.90,6.72,7.93,6.85,3.91,3.26,3.65
"22-07-2011",3.86,3.39,2.22,1.57,2.61,2.31,3.17,7.89,10.70,5.29,7.59,8.50,5.73,7.54,5.94,6.64,5.12,2.52,4.04,2.74,5.77,6.03,5.34,4.12
"23-07-2011",2.61,3.52,2.39,1.96,2.57,5.25,3.69,5.25,6.42,5.08,-9999,7.33,5.99,6.72,7.41,4.38,4.60,3.69,-9999,3.35,3.56,4.30,4.08,4.73
"24-07-2011",4.64,3.13,1.53,1.22,2.57,5.21,4.82,6.03,4.73,3.17,4.51,5.72,3.17,2.78,3.43,3.09,1.66,2.00,2.65,1.92,4.21,4.47,2.69,3.43
"25-07-2011",4.30,3.09,2.00,1.53,1.53,1.44,1.87,7.07,10.44,9.58,6.38,15.29,7.50,6.51,4.77,5.42,3.13,4.12,3.95,3.21,6.38,5.08,5.51,3.04
"26-07-2011",2.26,2.44,1.53,1.48,1.22,1.09,3.69,4.43,6.29,6.68,-9999,-9999,-9999,-9999,1.96,2.31,1.83,1.96,3.69,1.70,6.20,7.76,6.64,4.99
"27-07-2011",4.60,2.74,1.48,1.09,1.61,2.31,3.13,4.38,8.54,7.33,3.99,-9999,-9999,7.72,8.97,7.54,4.90,5.81,4.51,3.35,4.47,5.38,4.47,4.99
"28-07-2011",2.91,2.83,2.57,2.13,1.53,2.65,4.08,5.86,7.28,10.10,3.43,4.04,2.18,2.52,1.22,3.91,4.08,3.43,1.09,1.87,1.70,1.87,2.00,2.65
"29-07-2011",2.43,4.08,4.04,2.35,1.35,3.73,3.43,5.99,6.46,10.49,7.07,4.38,6.38,8.19,4.95,5.42,5.16,6.03,4.04,7.11,6.46,7.93,-9999,5.42
"30-07-2011",3.34,3.91,3.52,1.74,2.39,2.13,2.57,4.12,4.86,5.55,6.42,3.86,4.99,4.21,6.20,2.43,3.39,1.09,2.31,1.31,0.92,1.40,1.05,2.74
"31-07-2011",2.05,2.13,2.35,1.79,1.27,1.53,2.48,3.00,3.30,4.77,3.35,1.35,1.92,1.53,2.43,2.52,1.18,1.61,1.74,2.83,2.00,4.60,3.65,3.00
"01-08-2011",2.13,1.18,1.48,1.27,1.35,1.79,2.26,5.64,4.60,6.89,7.33,8.97,17.07,6.24,4.77,4.43,2.74,3.86,4.56,3.99,4.64,3.95,3.43,2.69
"02-08-2011",1.79,1.27,1.70,0.70,1.31,1.35,2.00,5.08,5.86,7.24,6.11,5.25,1.48,1.53,3.78,2.74,2.43,0.49,0.40,0.40,0.66,1.05,2.57,3.69
"03-08-2011",3.69,1.57,1.09,0.62,1.48,0.62,0.92,3.95,1.79,4.95,5.60,2.22,0.92,0.88,2.65,1.53,1.22,0.92,2.83,1.92,2.09,3.69,2.78,1.27
"04-08-2011",0.75,1.35,1.96,1.31,0.88,0.88,0.57,0.83,4.21,8.67,7.11,1.18,0.88,1.48,1.66,1.27,2.48,3.69,1.48,1.27,1.53,1.96,2.83,3.99
"05-08-2011",3.26,2.52,1.48,1.44,1.48,2.91,2.74,2.91,5.51,6.59,1.44,0.70,1.22,1.14,0.62,0.66,0.49,0.83,0.49,0.53,0.70,0.75,0.57,0.57
"06-08-2011",0.75,0.88,1.01,0.44,0.27,0.40,0.36,0.44,0.70,0.75,0.70,0.75,1.96,0.92,0.83,0.53,0.62,0.44,0.40,0.79,0.88,0.57,0.62,0.62
"07-08-2011",1.18,0.57,0.49,0.57,0.49,0.49,0.40,0.44,1.01,1.83,2.91,1.31,0.70,1.40,0.66,0.92,0.49,0.44,0.31,0.57,0.62,0.53,0.96,0.66
"08-08-2011",0.66,0.40,0.49,0.75,0.92,0.75,0.79,2.83,3.09,1.01,0.57,0.49,0.57,0.57,0.44,1.35,0.70,0.57,0.96,0.62,0.96,0.75,0.75,1.01
"09-08-2011",2.09,0.75,0.70,0.75,1.05,1.01,1.66,3.78,4.69,5.55,4.77,4.38,2.95,3.26,2.39,3.26,3.09,1.66,2.22,4.17,3.13,3.21,2.52,2.31
"10-08-2011",2.39,1.35,1.70,1.09,1.18,0.88,1.61,3.13,7.85,5.29,6.33,2.31,0.57,0.79,0.40,3.30,0.49,1.18,1.87,2.26,2.83,1.40,2.61,2.35
"11-08-2011",1.09,0.57,0.36,0.36,0.31,0.31,0.27,0.31,0.75,2.18,2.13,1.74,2.13,1.27,1.14,1.01,0.88,1.22,1.35,1.35,0.66,0.88,0.83,0.44
"12-08-2011",0.31,0.36,0.31,0.23,0.23,0.44,0.88,4.17,3.09,3.69,3.52,5.25,3.04,2.39,1.53,1.66,1.31,0.96,1.83,1.83,0.49,1.05,1.40,1.35
"13-08-2011",1.44,1.57,1.44,1.35,0.79,0.92,0.53,0.40,0.53,0.79,0.83,1.18,0.88,0.70,0.70,2.52,1.70,0.40,0.23,0.31,0.40,1.18,2.48,2.91
"14-08-2011",1.70,1.74,1.18,0.88,1.01,1.27,1.35,1.09,1.87,1.70,1.53,1.09,0.57,0.66,0.62,0.83,1.01,0.49,0.36,0.27,0.40,0.75,1.87,1.27
"15-08-2011",1.61,1.96,1.57,0.92,0.88,1.44,0.92,1.09,1.31,0.66,0.44,0.66,0.75,1.14,1.18,0.88,1.01,0.83,1.40,1.31,1.35,2.05,1.83,1.27
"16-08-2011",-9999,-9999,-9999,-9999,-9999,-9999,-9999,-9999,-9999,-9999,-9999,-9999,-9999,-9999,-9999,-9999,-9999,-9999,-9999,-9999,-9999,-9999,-9999,-9999
"17-08-2011",-9999,-9999,-9999,-9999,-9999,-9999,-9999,-9999,-9999,-9999,-9999,-9999,-9999,-9999,-9999,-9999,-9999,-9999,-9999,-9999,-9999,-9999,-9999,-9999
"18-08-2011",-9999,-9999,-9999,-9999,-9999,-9999,-9999,-9999,-9999,-9999,-9999,-9999,-9999,-9999,-9999,-9999,-9999,-9999,-9999,-9999,-9999,-9999,-9999,-9999
"19-08-2011",-9999,-9999,-9999,-9999,-9999,-9999,-9999,-9999,-9999,-9999,-9999,-9999,-9999,-9999,-9999,-9999,-9999,-9999,-9999,-9999,-9999,-9999,-9999,-9999
"20-08-2011",-9999,-9999,-9999,-9999,-9999,-9999,-9999,-9999,-9999,-9999,-9999,-9999,-9999,-9999,-9999,-9999,-9999,-9999,-9999,-9999,-9999,-9999,-9999,-9999
"21-08-2011",-9999,-9999,-9999,-9999,-9999,-9999,-9999,-9999,-9999,-9999,-9999,-9999,-9999,-9999,-9999,-9999,-9999,-9999,-9999,-9999,-9999,-9999,-9999,-9999
"22-08-2011",-9999,-9999,-9999,-9999,-9999,-9999,-9999,-9999,-9999,-9999,-9999,-9999,-9999,-9999,-9999,-9999,-9999,-9999,-9999,-9999,-9999,-9999,-9999,-9999
"23-08-2011",-9999,-9999,-9999,-9999,-9999,-9999,-9999,-9999,-9999,-9999,-9999,-9999,-9999,-9999,-9999,-9999,-9999,-9999,-9999,-9999,-9999,-9999,-9999,-9999
"24-08-2011",-9999,-9999,-9999,-9999,-9999,-9999,-9999,-9999,-9999,-9999,-9999,-9999,-9999,-9999,-9999,-9999,-9999,-9999,-9999,-9999,-9999,-9999,-9999,-9999
"25-08-2011",-9999,-9999,-9999,-9999,-9999,-9999,-9999,-9999,-9999,-9999,-9999,-9999,-9999,-9999,-9999,-9999,-9999,-9999,-9999,-9999,-9999,-9999,-9999,-9999
"26-08-2011",-9999,-9999,-9999,-9999,-9999,-9999,-9999,-9999,-9999,-9999,-9999,-9999,-9999,-9999,-9999,-9999,-9999,-9999,-9999,-9999,-9999,-9999,-9999,-9999
"27-08-2011",-9999,-9999,-9999,-9999,-9999,-9999,-9999,-9999,-9999,-9999,-9999,-9999,-9999,-9999,-9999,-9999,-9999,-9999,-9999,-9999,-9999,-9999,-9999,-9999
"28-08-2011",-9999,-9999,-9999,-9999,-9999,-9999,-9999,-9999,-9999,-9999,-9999,-9999,-9999,-9999,-9999,-9999,-9999,-9999,-9999,-9999,-9999,-9999,-9999,-9999
"29-08-2011",-9999,-9999,-9999,-9999,-9999,-9999,-9999,-9999,-9999,-9999,-9999,-9999,-9999,-9999,-9999,-9999,-9999,-9999,-9999,-9999,-9999,-9999,-9999,-9999
"30-08-2011",-9999,-9999,-9999,-9999,-9999,-9999,-9999,-9999,-9999,-9999,-9999,-9999,-9999,-9999,-9999,-9999,-9999,-9999,-9999,-9999,-9999,-9999,-9999,-9999
"31-08-2011",-9999,-9999,-9999,-9999,-9999,-9999,-9999,-9999,-9999,-9999,-9999,-9999,-9999,-9999,-9999,-9999,-9999,-9999,-9999,-9999,-9999,-9999,-9999,-9999
"01-09-2011",-9999,-9999,-9999,-9999,-9999,-9999,-9999,-9999,-9999,-9999,-9999,-9999,-9999,-9999,-9999,-9999,-9999,-9999,-9999,-9999,-9999,-9999,-9999,-9999
"02-09-2011",-9999,-9999,-9999,-9999,-9999,-9999,-9999,-9999,-9999,-9999,-9999,-9999,-9999,-9999,-9999,-9999,-9999,-9999,-9999,-9999,-9999,-9999,-9999,-9999
"03-09-2011",-9999,-9999,-9999,-9999,-9999,-9999,-9999,-9999,-9999,-9999,-9999,-9999,-9999,-9999,-9999,-9999,-9999,-9999,-9999,-9999,-9999,-9999,-9999,-9999
"04-09-2011",-9999,-9999,-9999,-9999,-9999,-9999,-9999,-9999,-9999,-9999,-9999,-9999,-9999,-9999,-9999,-9999,-9999,-9999,-9999,-9999,-9999,-9999,-9999,-9999
"05-09-2011",-9999,-9999,-9999,-9999,-9999,-9999,-9999,-9999,-9999,-9999,-9999,-9999,-9999,-9999,-9999,-9999,-9999,-9999,-9999,-9999,-9999,-9999,-9999,-9999
"06-09-2011",-9999,-9999,-9999,-9999,-9999,-9999,-9999,-9999,-9999,-9999,-9999,-9999,-9999,-9999,-9999,-9999,-9999,-9999,-9999,-9999,-9999,-9999,-9999,-9999
"07-09-2011",-9999,-9999,-9999,-9999,-9999,-9999,-9999,-9999,-9999,-9999,-9999,-9999,-9999,-9999,-9999,-9999,-9999,-9999,-9999,-9999,-9999,-9999,-9999,-9999
"08-09-2011",-9999,-9999,-9999,-9999,-9999,-9999,-9999,-9999,-9999,-9999,-9999,-9999,-9999,-9999,-9999,-9999,-9999,-9999,-9999,-9999,-9999,-9999,-9999,-9999
"09-09-2011",-9999,-9999,-9999,-9999,-9999,-9999,-9999,-9999,-9999,-9999,-9999,-9999,-9999,-9999,-9999,-9999,-9999,-9999,-9999,-9999,-9999,-9999,-9999,-9999
"10-09-2011",-9999,-9999,-9999,-9999,-9999,-9999,-9999,-9999,-9999,-9999,-9999,-9999,-9999,-9999,-9999,-9999,-9999,-9999,-9999,-9999,-9999,-9999,-9999,-9999
"11-09-2011",-9999,-9999,-9999,-9999,-9999,-9999,-9999,-9999,-9999,-9999,-9999,-9999,-9999,-9999,-9999,-9999,-9999,-9999,-9999,-9999,-9999,-9999,-9999,-9999
"12-09-2011",-9999,-9999,-9999,-9999,-9999,-9999,-9999,-9999,-9999,-9999,-9999,-9999,-9999,-9999,-9999,-9999,-9999,-9999,-9999,-9999,-9999,-9999,-9999,-9999
"13-09-2011",-9999,-9999,-9999,-9999,-9999,-9999,-9999,-9999,-9999,-9999,-9999,-9999,-9999,-9999,-9999,-9999,-9999,-9999,-9999,-9999,-9999,-9999,-9999,-9999
"14-09-2011",-9999,-9999,-9999,-9999,-9999,-9999,-9999,-9999,-9999,-9999,-9999,-9999,-9999,-9999,-9999,-9999,-9999,-9999,-9999,-9999,-9999,-9999,-9999,-9999
"15-09-2011",-9999,-9999,-9999,-9999,-9999,-9999,-9999,-9999,-9999,-9999,-9999,-9999,-9999,-9999,-9999,-9999,-9999,-9999,-9999,-9999,-9999,-9999,-9999,-9999
"16-09-2011",-9999,-9999,-9999,-9999,-9999,-9999,-9999,-9999,-9999,-9999,-9999,-9999,-9999,-9999,-9999,-9999,-9999,-9999,-9999,-9999,-9999,-9999,-9999,-9999
"17-09-2011",-9999,-9999,-9999,-9999,-9999,-9999,-9999,-9999,-9999,-9999,-9999,-9999,-9999,-9999,-9999,-9999,-9999,-9999,-9999,-9999,-9999,-9999,-9999,-9999
"18-09-2011",-9999,-9999,-9999,-9999,-9999,-9999,-9999,-9999,-9999,-9999,-9999,-9999,-9999,-9999,-9999,-9999,-9999,-9999,-9999,-9999,-9999,-9999,-9999,-9999
"19-09-2011",-9999,-9999,-9999,-9999,-9999,-9999,-9999,-9999,-9999,-9999,-9999,-9999,-9999,-9999,-9999,-9999,-9999,-9999,-9999,-9999,-9999,-9999,-9999,-9999
"20-09-2011",-9999,-9999,-9999,-9999,-9999,-9999,-9999,-9999,-9999,-9999,-9999,-9999,-9999,-9999,-9999,-9999,-9999,-9999,-9999,-9999,-9999,-9999,-9999,-9999
"21-09-2011",-9999,-9999,-9999,-9999,-9999,-9999,-9999,-9999,-9999,-9999,-9999,-9999,-9999,-9999,-9999,-9999,-9999,-9999,-9999,-9999,-9999,-9999,-9999,-9999
"22-09-2011",-9999,-9999,-9999,-9999,-9999,-9999,-9999,-9999,-9999,-9999,-9999,-9999,-9999,-9999,-9999,-9999,-9999,-9999,-9999,-9999,-9999,-9999,-9999,-9999
"23-09-2011",-9999,-9999,-9999,-9999,-9999,-9999,-9999,-9999,-9999,-9999,-9999,-9999,-9999,-9999,-9999,-9999,-9999,-9999,-9999,-9999,-9999,-9999,-9999,-9999
"24-09-2011",-9999,-9999,-9999,-9999,-9999,-9999,-9999,-9999,-9999,-9999,-9999,-9999,-9999,-9999,-9999,-9999,-9999,-9999,-9999,-9999,-9999,-9999,-9999,-9999
"25-09-2011",-9999,-9999,-9999,-9999,-9999,-9999,-9999,-9999,-9999,-9999,-9999,-9999,-9999,-9999,-9999,-9999,-9999,-9999,-9999,-9999,-9999,-9999,-9999,-9999
"26-09-2011",-9999,-9999,-9999,-9999,-9999,-9999,-9999,-9999,-9999,-9999,-9999,-9999,-9999,-9999,-9999,-9999,-9999,-9999,-9999,-9999,-9999,-9999,-9999,-9999
"27-09-2011",-9999,-9999,-9999,-9999,-9999,-9999,-9999,-9999,-9999,-9999,-9999,-9999,-9999,-9999,-9999,-9999,-9999,-9999,-9999,-9999,-9999,-9999,-9999,-9999
"28-09-2011",-9999,-9999,-9999,-9999,-9999,-9999,-9999,-9999,-9999,-9999,-9999,-9999,-9999,-9999,-9999,-9999,-9999,-9999,-9999,-9999,-9999,-9999,-9999,-9999
"29-09-2011",-9999,-9999,-9999,-9999,-9999,-9999,-9999,-9999,-9999,-9999,-9999,-9999,-9999,-9999,-9999,-9999,-9999,-9999,-9999,-9999,-9999,-9999,-9999,-9999
"30-09-2011",-9999,-9999,-9999,-9999,-9999,-9999,-9999,-9999,-9999,-9999,-9999,-9999,-9999,-9999,-9999,-9999,-9999,-9999,-9999,-9999,-9999,-9999,-9999,-9999
"01-10-2011",-9999,-9999,-9999,-9999,-9999,-9999,-9999,-9999,-9999,-9999,-9999,-9999,-9999,-9999,-9999,-9999,-9999,-9999,-9999,-9999,-9999,-9999,-9999,-9999
"02-10-2011",-9999,-9999,-9999,-9999,-9999,-9999,-9999,-9999,-9999,-9999,-9999,-9999,-9999,-9999,-9999,-9999,-9999,-9999,-9999,-9999,-9999,-9999,-9999,-9999
"03-10-2011",-9999,-9999,-9999,-9999,-9999,-9999,-9999,-9999,-9999,-9999,-9999,-9999,-9999,-9999,-9999,-9999,-9999,-9999,-9999,-9999,-9999,-9999,-9999,-9999
"04-10-2011",-9999,-9999,-9999,-9999,-9999,-9999,-9999,-9999,-9999,-9999,-9999,-9999,-9999,-9999,-9999,-9999,-9999,-9999,-9999,-9999,-9999,-9999,-9999,-9999
"05-10-2011",-9999,-9999,-9999,-9999,-9999,-9999,-9999,-9999,-9999,-9999,-9999,-9999,-9999,-9999,-9999,-9999,-9999,-9999,-9999,-9999,-9999,-9999,-9999,-9999
"06-10-2011",-9999,-9999,-9999,-9999,-9999,-9999,-9999,-9999,-9999,-9999,-9999,-9999,-9999,-9999,-9999,-9999,-9999,-9999,-9999,-9999,-9999,-9999,-9999,-9999
"07-10-2011",-9999,-9999,-9999,-9999,-9999,-9999,-9999,-9999,-9999,-9999,-9999,-9999,-9999,-9999,-9999,-9999,-9999,-9999,-9999,-9999,-9999,-9999,-9999,-9999
"08-10-2011",-9999,-9999,-9999,-9999,-9999,-9999,-9999,-9999,-9999,-9999,-9999,-9999,-9999,-9999,-9999,-9999,-9999,-9999,-9999,-9999,-9999,-9999,-9999,-9999
"09-10-2011",-9999,-9999,-9999,-9999,-9999,-9999,-9999,-9999,-9999,-9999,-9999,-9999,-9999,-9999,-9999,-9999,-9999,-9999,-9999,-9999,-9999,-9999,-9999,-9999
"10-10-2011",-9999,-9999,-9999,-9999,-9999,-9999,-9999,-9999,-9999,-9999,-9999,-9999,-9999,-9999,-9999,-9999,-9999,-9999,-9999,-9999,-9999,-9999,-9999,-9999
"11-10-2011",-9999,-9999,-9999,-9999,-9999,-9999,-9999,-9999,-9999,-9999,-9999,-9999,-9999,-9999,-9999,-9999,-9999,-9999,-9999,-9999,-9999,-9999,-9999,-9999
"12-10-2011",-9999,-9999,-9999,-9999,-9999,-9999,-9999,-9999,-9999,-9999,-9999,-9999,-9999,-9999,-9999,-9999,-9999,-9999,-9999,-9999,-9999,-9999,-9999,-9999
"13-10-2011",-9999,-9999,-9999,-9999,-9999,-9999,-9999,-9999,-9999,-9999,-9999,-9999,-9999,-9999,-9999,-9999,-9999,-9999,-9999,-9999,-9999,-9999,-9999,-9999
"14-10-2011",-9999,-9999,-9999,-9999,-9999,-9999,-9999,-9999,-9999,-9999,-9999,-9999,-9999,-9999,-9999,-9999,-9999,-9999,-9999,-9999,-9999,-9999,-9999,-9999
"15-10-2011",-9999,-9999,-9999,-9999,-9999,-9999,-9999,-9999,-9999,-9999,-9999,-9999,-9999,-9999,-9999,-9999,-9999,-9999,-9999,-9999,-9999,-9999,-9999,-9999
"16-10-2011",-9999,-9999,-9999,-9999,-9999,-9999,-9999,-9999,-9999,-9999,-9999,-9999,-9999,-9999,-9999,-9999,-9999,-9999,-9999,-9999,-9999,-9999,-9999,-9999
"17-10-2011",-9999,-9999,-9999,-9999,-9999,-9999,-9999,-9999,-9999,-9999,-9999,-9999,-9999,-9999,-9999,-9999,-9999,-9999,-9999,-9999,-9999,-9999,-9999,-9999
"18-10-2011",-9999,-9999,-9999,-9999,-9999,-9999,-9999,-9999,-9999,-9999,-9999,-9999,-9999,-9999,-9999,-9999,-9999,-9999,-9999,-9999,-9999,-9999,-9999,-9999
"19-10-2011",-9999,-9999,-9999,-9999,-9999,-9999,-9999,-9999,-9999,-9999,-9999,-9999,-9999,-9999,-9999,-9999,-9999,-9999,-9999,-9999,-9999,-9999,-9999,-9999
"20-10-2011",-9999,-9999,-9999,-9999,-9999,-9999,-9999,-9999,-9999,-9999,-9999,-9999,-9999,-9999,-9999,-9999,-9999,-9999,-9999,-9999,-9999,-9999,-9999,-9999
"21-10-2011",-9999,-9999,-9999,-9999,-9999,-9999,-9999,-9999,-9999,-9999,-9999,-9999,-9999,-9999,-9999,-9999,-9999,-9999,-9999,-9999,-9999,-9999,-9999,-9999
"22-10-2011",8.93,8.02,7.46,7.33,6.33,8.71,6.12,5.08,7.28,6.46,5.94,4.08,3.99,4.08,3.09,3.47,3.95,3.69,2.31,1.70,3.00,3.39,4.30,3.99
"23-10-2011",2.39,2.44,2.48,2.31,1.87,2.87,1.57,0.96,0.75,0.83,0.75,1.01,0.96,0.88,0.92,0.83,0.83,0.88,0.83,0.96,1.01,1.05,1.09,1.01
"24-10-2011",0.92,0.75,0.62,0.66,0.57,0.66,0.57,1.05,1.44,1.35,1.18,1.22,1.53,1.35,1.05,1.27,1.18,1.35,1.09,1.09,1.44,1.31,3.13,3.87
"25-10-2011",2.22,2.22,1.83,0.79,0.83,0.75,1.05,1.53,2.26,2.48,1.53,1.74,1.92,1.79,1.53,1.35,1.35,1.31,1.61,1.83,1.44,1.83,2.39,2.00
"26-10-2011",1.57,1.01,0.92,0.57,0.66,0.53,0.57,0.96,1.70,1.87,1.61,1.61,1.87,-9999,-9999,1.61,1.70,1.70,1.96,2.05,1.92,1.61,1.70,1.01
"27-10-2011",0.96,0.92,0.70,0.66,0.53,0.57,0.66,0.66,0.88,1.14,1.18,1.18,1.35,1.40,1.27,1.18,1.18,1.18,1.27,1.31,1.35,1.70,1.22,1.22
"28-10-2011",0.92,1.27,0.92,0.70,0.57,0.53,0.57,0.57,0.70,0.75,0.57,0.66,0.75,0.79,0.83,0.66,0.75,0.79,0.83,1.09,1.27,1.18,1.61,1.27
"29-10-2011",1.83,1.18,1.35,1.31,0.92,0.92,0.62,0.66,0.75,1.09,1.27,0.79,1.09,1.31,1.18,1.18,0.88,0.83,1.27,1.96,2.48,2.48,3.00,3.52
"30-10-2011",2.48,1.31,0.92,0.66,0.62,0.66,0.49,0.57,0.75,0.88,1.40,1.01,0.96,1.05,0.92,0.83,1.14,1.57,0.92,1.05,0.92,1.09,1.27,1.09
"31-10-2011",0.88,0.75,0.92,0.92,0.75,0.79,0.66,1.53,2.39,3.43,2.48,2.05,1.87,1.57,1.05,1.18,1.01,1.31,1.66,2.31,2.13,2.13,1.83,1.79
"01-11-2011",1.61,1.27,1.22,1.01,1.05,1.22,1.79,2.70,4.90,4.56,1.83,2.00,2.48,3.09,2.78,3.52,4.64,5.34,6.42,6.38,6.42,6.64,7.11,6.42
"02-11-2011",5.34,4.38,2.09,1.57,1.18,1.79,2.52,4.47,4.73,4.73,3.91,3.04,1.61,1.44,1.53,-9999,1.66,1.09,1.35,1.35,1.48,2.65,3.91,3.52
"03-11-2011",3.26,2.65,2.00,1.53,1.09,2.00,3.17,3.09,2.35,2.74,-9999,1.61,1.53,1.87,1.53,2.09,1.87,1.35,1.44,1.35,1.35,1.70,2.74,2.31
"04-11-2011",-9999,-9999,2.31,1.70,1.35,1.35,1.57,2.31,4.21,3.04,2.00,1.96,1.61,1.27,1.22,1.18,1.09,1.14,1.18,1.01,1.40,1.79,1.35,1.96
"05-11-2011",2.78,1.70,1.92,1.96,1.74,1.48,1.66,2.87,2.57,2.87,3.09,2.44,1.27,1.35,1.27,1.53,1.09,0.88,1.09,1.27,1.92,2.39,1.83,2.61
"06-11-2011",2.48,2.91,2.52,1.87,2.13,2.09,2.05,2.48,2.44,2.57,-9999,1.96,2.48,2.26,1.83,1.70,2.39,1.92,1.44,1.22,1.31,1.79,3.21,3.99
"07-11-2011",3.78,3.00,2.18,1.70,1.35,1.31,1.87,3.87,4.82,5.86,3.47,2.31,2.05,1.70,1.61,1.40,1.27,1.22,1.14,1.40,1.87,1.74,1.96,1.53
"08-11-2011",1.66,1.61,1.44,1.18,1.22,1.53,2.00,3.21,4.12,3.56,3.43,2.31,1.70,1.22,1.35,1.31,1.35,1.57,1.61,2.31,2.18,1.53,2.22,1.66
"09-11-2011",-9999,2.57,2.00,1.53,1.27,1.35,1.44,2.74,3.43,5.51,4.69,3.99,4.51,4.56,4.95,7.03,4.73,5.60,5.51,5.60,5.51,6.20,6.38,7.85
"10-11-2011",7.93,7.80,6.16,4.51,4.38,4.04,4.56,6.29,9.32,9.97,7.85,6.89,5.94,5.86,5.81,6.42,6.85,2.48,1.44,1.83,2.61,3.43,2.78,2.39
"11-11-2011",1.35,1.01,0.83,0.83,0.79,0.92,0.83,1.44,1.61,2.09,1.87,1.70,1.61,1.44,1.40,1.44,1.35,1.61,1.79,1.79,-9999,1.27,1.22,1.01
"12-11-2011",0.96,0.83,0.79,0.70,0.70,0.75,0.70,0.92,1.01,1.18,1.18,1.18,1.18,1.35,1.53,1.70,1.44,1.79,1.92,2.22,1.92,2.05,2.18,1.61
"13-11-2011",1.35,0.92,0.75,0.66,0.70,0.75,0.83,0.79,0.83,0.92,0.96,1.31,1.27,1.40,1.40,1.79,1.53,1.27,1.48,1.40,1.53,1.53,1.35,1.01
"14-11-2011",0.96,0.83,0.70,0.66,0.53,0.57,0.92,1.18,1.70,2.48,1.87,1.66,1.31,2.13,1.96,2.18,2.31,2.22,2.22,1.35,1.22,1.09,1.22,1.35
"15-11-2011",1.05,0.92,0.79,0.66,0.83,0.66,1.14,2.61,3.26,3.26,3.09,3.30,3.60,3.86,3.69,3.78,4.34,4.73,4.47,6.50,4.73,4.73,3.78,3.43
"16-11-2011",2.48,1.79,1.48,1.18,1.14,1.09,1.79,3.56,4.30,4.90,4.12,4.60,4.64,4.17,4.30,4.08,4.30,4.64,5.68,3.56,3.26,3.69,3.78,4.77
"17-11-2011",3.43,3.04,1.96,2.65,2.43,2.43,3.56,5.59,7.07,5.77,4.34,3.34,2.48,2.13,2.39,2.13,1.96,2.18,2.09,2.26,2.61,3.34,3.73,2.48
"18-11-2011",2.31,2.09,1.48,1.44,1.31,1.35,1.96,3.95,4.99,3.26,3.21,2.09,1.83,2.91,2.69,2.43,2.39,4.38,4.64,5.68,5.68,5.42,4.08,3.52
"19-11-2011",4.95,5.68,4.30,2.78,3.09,3.73,3.56,2.91,-9999,3.78,4.17,4.64,5.12,4.12,3.00,4.25,3.00,2.05,5.21,7.59,7.50,9.15,9.36,8.93
"20-11-2011",-9999,7.28,5.68,4.38,4.43,3.86,3.86,3.56,3.52,2.91,3.43,2.09,-9999,1.57,1.44,1.40,1.57,1.40,3.30,3.00,3.43,6.11,7.67,8.19
"21-11-2011",7.89,7.85,5.08,3.69,3.21,3.00,3.56,-9999,6.68,8.54,6.63,5.29,4.82,3.26,3.21,5.68,4.34,2.05,3.17,3.00,2.87,6.20,6.33,5.34
"22-11-2011",5.08,4.30,3.65,2.57,2.13,2.48,2.83,5.03,7.67,9.23,7.72,3.43,4.30,3.43,4.82,5.42,7.41,11.05,8.37,5.60,7.76,8.80,7.80,6.72
"23-11-2011",6.55,4.95,3.61,2.87,2.18,1.48,1.14,2.18,2.26,4.73,1.96,1.35,2.35,3.69,2.70,1.92,2.05,1.79,1.40,1.35,1.44,1.96,2.22,2.00
"24-11-2011",-9999,2.39,1.40,1.01,0.66,0.83,0.92,1.18,1.87,1.44,1.27,1.61,1.79,1.70,1.48,1.27,1.44,2.31,-9999,2.61,1.57,1.70,1.57,1.27
"25-11-2011",1.05,0.92,0.88,0.70,0.62,0.57,0.66,0.83,1.01,1.01,1.18,1.22,1.01,1.18,1.18,1.31,1.22,1.09,1.22,1.44,1.79,1.83,1.87,1.22
"26-11-2011",1.05,1.18,0.88,1.18,1.14,1.05,1.44,2.95,3.99,2.09,2.00,1.92,2.91,2.31,2.39,4.08,4.08,3.60,2.83,3.17,2.26,4.08,5.25,4.77
"27-11-2011",4.25,4.04,3.17,2.57,2.00,2.48,2.39,2.52,3.43,2.48,2.31,2.87,2.74,3.43,2.87,2.83,2.61,2.69,2.61,3.26,2.31,5.42,6.59,6.29
"28-11-2011",5.51,5.34,4.64,3.65,3.26,3.17,4.69,7.41,9.49,11.01,8.32,6.63,5.03,5.25,6.03,5.99,6.94,6.98,8.54,7.80,11.53,12.95,12.69,13.39
"29-11-2011",12.05,11.70,9.88,7.15,4.86,3.78,4.86,3.17,2.18,2.05,-9999,-9999,1.61,1.70,1.74,1.57,1.35,2.48,3.78,2.70,3.43,2.31,2.61,1.61
"30-11-2011",1.53,1.66,1.96,1.48,1.31,1.44,2.91,4.64,6.89,7.41,6.51,4.90,4.30,4.30,2.31,-9999,1.35,1.53,3.04,2.26,2.13,4.56,8.06,7.98
"01-12-2011",7.28,6.20,5.16,4.64,2.83,2.13,3.39,5.60,8.71,9.23,6.98,6.51,5.34,5.03,5.77,5.81,6.03,7.03,6.29,9.15,12.74,13.04,14.13,14.73
"02-12-2011",13.56,12.18,10.23,9.15,7.54,6.59,7.63,10.10,12.31,14.17,10.53,7.93,7.07,5.64,6.03,6.59,6.72,7.59,7.41,6.12,9.32,12.61,14.13,13.65
"03-12-2011",8.19,5.68,5.60,7.15,7.24,7.11,6.12,-9999,-9999,-9999,-9999,4.56,4.82,4.64,4.56,4.95,4.64,5.21,4.90,3.69,3.69,3.56,5.55,7.28
"04-12-2011",4.47,6.55,7.46,6.68,6.81,6.46,6.89,4.43,4.30,4.86,4.73,4.25,4.17,3.52,3.17,3.17,3.09,3.78,4.17,5.25,5.34,-9999,7.20,7.89
"05-12-2011",8.63,9.36,8.76,8.54,7.46,6.46,6.33,7.67,8.80,6.64,7.16,6.12,4.99,4.73,5.29,5.21,5.68,5.86,5.55,5.34,5.08,5.03,4.73,4.04
"06-12-2011",3.26,2.31,1.87,1.53,1.09,1.22,1.70,3.69,5.68,-9999,-9999,-9999,-9999,-9999,3.69,4.47,4.64,4.73,3.87,3.61,4.30,6.38,5.34,4.95
"07-12-2011",4.12,3.09,3.82,2.91,2.74,2.83,3.00,4.21,5.94,5.08,5.29,4.90,4.25,3.13,3.61,4.43,5.12,4.86,4.82,5.08,4.64,3.69,2.91,2.83
"08-12-2011",2.39,1.66,1.40,1.27,1.09,1.01,1.66,4.30,5.51,6.20,6.38,5.25,4.21,4.47,3.95,4.30,3.69,4.04,6.03,6.64,4.60,2.31,3.04,3.00
"09-12-2011",2.05,1.48,1.01,0.96,0.88,0.66,1.05,2.05,2.52,3.82,3.61,3.13,2.57,2.57,3.73,3.43,3.65,3.35,4.30,4.43,6.07,6.38,6.81,7.11
"10-12-2011",7.93,7.07,4.51,3.87,-9999,3.82,3.17,3.17,3.52,3.78,3.73,3.52,3.47,3.17,3.09,3.26,3.35,3.95,3.00,3.09,4.86,5.77,6.29,6.76
"11-12-2011",7.67,7.67,8.80,8.37,6.72,6.81,7.59,6.51,4.90,5.94,5.16,5.16,4.12,3.43,3.09,3.13,2.91,2.91,3.21,4.95,4.12,4.82,5.55,5.25
"12-12-2011",6.72,7.41,6.72,6.98,5.77,5.25,4.73,5.60,7.67,8.71,5.86,5.03,4.60,4.60,-9999,4.51,4.99,5.68,7.33,7.20,7.07,6.20,7.50,9.71
"13-12-2011",10.79,7.33,5.34,5.47,5.08,5.16,6.16,5.94,5.34,5.55,10.27,7.03,6.51,5.08,4.64,4.30,5.03,5.77,5.68,5.86,5.94,5.99,5.38,4.56
"14-12-2011",5.16,5.38,5.34,4.95,4.60,3.82,4.12,5.34,6.64,9.58,6.59,6.94,5.86,4.30,4.77,5.34,5.51,5.25,6.12,6.25,5.47,6.42,7.67,8.84
"15-12-2011",8.28,7.93,8.54,8.63,7.59,5.94,5.99,7.93,9.06,8.45,7.33,5.68,4.64,4.56,4.12,4.04,4.99,5.03,5.47,4.21,4.90,3.73,2.87,3.61
"16-12-2011",3.82,3.69,2.95,2.91,2.95,2.83,3.26,3.52,3.82,3.47,3.52,2.48,2.57,3.39,3.35,3.61,3.95,5.03,5.77,6.12,6.07,6.16,5.60,6.20
"17-12-2011",5.34,4.04,3.13,2.74,2.65,2.48,1.92,1.53,-9999,1.83,2.35,2.13,2.44,2.35,2.22,2.44,1.83,1.70,1.48,1.44,1.48,1.83,2.05,2.44
"18-12-2011",2.83,2.52,2.22,2.18,2.05,1.92,1.79,2.13,2.39,2.52,3.04,3.39,3.82,3.95,4.77,2.87,3.39,2.22,1.44,1.53,1.87,1.22,0.88,0.83
"19-12-2011",0.75,0.62,0.53,0.88,0.79,0.75,0.83,0.92,0.92,1.83,1.61,-9999,2.44,1.31,1.35,1.35,1.74,1.87,1.27,1.53,1.18,2.61,3.09,3.09
"20-12-2011",2.09,1.92,1.79,1.66,1.61,1.83,2.48,3.35,4.99,5.29,5.12,4.56,3.69,3.30,3.26,3.52,4.30,4.64,3.61,3.91,4.12,4.08,3.09,2.57
"21-12-2011",1.96,1.83,1.22,1.09,1.09,1.09,1.53,2.87,4.64,5.73,3.30,3.39,3.43,-9999,2.57,2.61,1.96,1.79,1.44,1.31,1.09,1.05,0.96,1.01
"22-12-2011",0.66,0.57,0.57,0.49,0.49,0.49,0.49,0.62,0.57,0.75,0.62,0.79,0.83,0.79,0.83,0.96,1.22,3.43,2.39,1.96,2.35,2.65,2.78,2.78
"23-12-2011",2.22,1.35,1.01,0.88,0.79,0.79,1.18,1.35,1.53,1.79,2.13,2.87,2.95,2.70,2.26,-9999,1.53,1.53,1.70,1.70,1.66,1.18,1.09,1.27
"24-12-2011",1.09,0.92,0.75,0.70,0.83,0.75,0.96,1.44,1.48,1.79,1.40,1.48,0.36,3.26,3.52,3.52,4.38,2.83,2.39,3.61,3.09,2.39,2.31,2.00
"25-12-2011",1.35,0.92,0.88,0.96,1.18,1.05,1.01,0.79,0.79,0.75,0.92,0.79,0.88,0.92,0.92,0.88,0.83,0.96,1.22,1.22,1.53,1.48,1.05,0.96
"26-12-2011",1.09,0.75,0.57,0.66,0.57,0.66,0.66,0.57,0.62,0.57,0.57,0.83,0.75,1.01,0.75,0.83,0.96,0.92,1.31,1.40,1.22,1.53,1.18,1.14
"27-12-2011",0.92,0.79,0.66,0.53,0.57,0.57,0.83,1.35,2.57,3.30,2.91,2.87,1.96,1.61,2.61,2.74,-9999,3.95,3.26,4.04,4.21,4.34,3.82,3.21
"28-12-2011",2.74,2.22,2.70,2.65,3.09,2.31,-9999,-9999,-9999,-9999,-9999,-9999,-9999,-9999,-9999,-9999,-9999,-9999,-9999,-9999,-9999,-9999,-9999,-9999
"29-12-2011",-9999,-9999,-9999,-9999,-9999,-9999,-9999,-9999,-9999,-9999,-9999,-9999,-9999,-9999,-9999,-9999,-9999,-9999,-9999,-9999,-9999,-9999,-9999,-9999
"30-12-2011",-9999,-9999,-9999,-9999,-9999,-9999,-9999,-9999,-9999,2.22,3.95,4.12,4.95,5.99,6.68,6.59,4.30,1.92,1.70,1.66,1.61,-9999,4.64,4.82
"31-12-2011",4.99,3.87,3.52,3.43,3.78,4.12,4.43,3.17,3.30,4.30,4.73,4.04,3.87,3.95,2.78,3.09,2.83,3.52,3.17,3.30,3.61,3.78,3.91,3.35
