"01-01-2010",5,6,7,5,5,4,5,4,5,16,28,53,57,54,59,67,69,61,71,58,24,37,61,72
"02-01-2010",67,72,82,89,91,90,88,82,78,78,80,81,81,82,77,69,74,71,71,69,61,61,63,62
"03-01-2010",55,53,38,59,47,58,35,43,55,61,62,65,64,66,76,73,71,81,73,66,68,75,63,55
"04-01-2010",64,65,59,59,54,47,36,10,23,46,54,55,60,69,70,62,40,39,33,36,34,38,46,49
"05-01-2010",54,56,56,49,45,39,26,9,9,9,8,8,7,23,64,64,58,54,49,45,52,58,68,72
"06-01-2010",71,72,74,77,75,68,69,73,72,70,71,73,74,75,75,72,70,66,59,52,47,57,55,58
"07-01-2010",62,57,47,44,43,26,9,6,7,26,41,47,45,46,49,48,51,17,6,6,6,6,5,5
"08-01-2010",9,7,8,11,7,4,4,5,4,5,8,41,52,46,53,50,50,29,17,20,24,38,47,47
"09-01-2010",59,69,74,73,68,66,51,39,29,53,68,72,73,74,78,81,77,72,67,61,54,56,58,64
"10-01-2010",57,64,59,64,69,76,73,67,62,66,72,83,89,88,83,85,88,78,66,66,64,66,80,72
"11-01-2010",71,81,89,86,77,69,13,49,24,54,66,67,72,68,50,57,60,38,23,27,35,26,37,40
"12-01-2010",51,59,45,30,20,9,5,5,5,5,7,11,22,50,61,55,51,30,30,8,6,5,6,6
"13-01-2010",5,5,5,5,17,46,18,13,8,26,49,68,64,62,72,61,54,44,22,20,28,24,40,27
"14-01-2010",37,45,66,64,54,42,31,24,20,27,40,42,34,23,19,22,13,8,6,12,14,20,24,8
"15-01-2010",14,19,10,21,23,6,5,5,6,19,9,18,40,48,36,37,36,28,27,26,28,36,46,48
"16-01-2010",51,54,57,58,56,54,53,47,48,49,51,53,53,52,51,51,52,52,48,50,51,54,55,55
"17-01-2010",53,52,49,51,51,52,53,51,51,49,49,47,49,41,42,39,36,27,20,18,21,20,29,33
"18-01-2010",19,24,19,31,7,5,5,5,6,7,15,23,24,34,33,30,21,17,19,25,31,30,36,43
"19-01-2010",44,50,52,51,49,52,48,29,-9999,-9999,-9999,-9999,60,47,49,53,35,31,30,41,37,43,46,52
"20-01-2010",50,50,55,54,52,40,34,23,24,31,37,45,53,63,67,64,57,41,15,6,6,6,6,6
"21-01-2010",8,6,7,7,17,21,12,6,-9999,11,31,63,58,68,49,41,42,42,42,31,29,42,54,61
"22-01-2010",69,77,80,80,77,76,63,54,33,37,38,36,43,41,42,37,33,21,20,24,30,42,47,48
"23-01-2010",54,59,60,62,57,52,33,23,26,41,50,55,56,52,50,50,48,41,42,47,47,47,44,49
"24-01-2010",57,61,61,63,61,57,49,44,44,42,46,47,49,58,54,58,44,38,28,32,40,42,52,57
"25-01-2010",62,65,61,59,53,42,31,22,31,48,60,64,62,63,65,67,69,66,59,57,59,62,64,70
"26-01-2010",71,76,80,79,76,70,63,55,42,52,52,63,63,62,56,57,56,51,45,41,41,39,52,62
"27-01-2010",69,74,75,71,57,57,62,53,46,46,47,48,35,36,37,35,37,29,13,10,12,17,18,19
"28-01-2010",19,20,36,42,42,32,25,14,9,12,17,18,13,14,17,15,7,-9999,-9999,-9999,-9999,-9999,-9999,-9999
"29-01-2010",-9999,-9999,-9999,-9999,-9999,-9999,-9999,-9999,-9999,-9999,-9999,-9999,-9999,-9999,-9999,-9999,-9999,-9999,-9999,-9999,-9999,-9999,-9999,-9999
"30-01-2010",-9999,-9999,-9999,-9999,-9999,-9999,-9999,-9999,-9999,-9999,-9999,-9999,-9999,-9999,-9999,-9999,-9999,-9999,-9999,-9999,-9999,-9999,-9999,-9999
"31-01-2010",-9999,-9999,-9999,-9999,-9999,-9999,-9999,-9999,-9999,-9999,-9999,-9999,-9999,-9999,-9999,-9999,-9999,-9999,-9999,-9999,-9999,-9999,-9999,-9999
"01-02-2010",-9999,-9999,-9999,-9999,-9999,-9999,-9999,-9999,-9999,-9999,-9999,-9999,54,63,58,72,75,71,27,7,8,14,6,5
"02-02-2010",5,32,55,31,36,12,25,34,54,60,63,63,63,63,62,69,73,68,63,49,30,64,67,68
"03-02-2010",77,79,74,70,71,65,66,63,49,57,65,66,70,74,82,80,78,59,25,7,7,6,6,7
"04-02-2010",6,5,5,5,4,4,4,4,5,13,47,65,70,78,80,82,74,56,13,7,7,7,6,6
"05-02-2010",5,5,4,5,4,5,4,4,-9999,-9999,-9999,4,29,48,57,54,46,42,38,34,29,28,40,47
"06-02-2010",47,54,55,50,38,25,24,22,12,7,6,8,29,54,67,67,70,76,72,66,66,66,62,35
"07-02-2010",24,14,11,6,7,18,39,29,18,23,24,29,53,68,67,64,51,51,27,24,37,40,22,9
"08-02-2010",6,8,6,7,32,38,20,10,7,18,26,53,65,68,59,59,56,39,13,24,15,12,19,15
"09-02-2010",24,20,31,26,28,19,12,5,8,18,34,44,46,54,64,62,57,39,19,7,8,16,31,51
"10-02-2010",48,40,41,43,42,30,14,8,21,51,48,49,53,53,56,62,63,62,58,56,60,59,66,59
"11-02-2010",44,31,30,47,53,47,18,19,27,60,70,77,84,74,80,75,77,62,51,27,12,28,48,60
"12-02-2010",78,77,60,48,13,5,5,5,7,21,67,67,61,55,57,68,68,64,59,48,62,54,64,67
"13-02-2010",66,49,60,63,51,21,25,66,65,86,90,94,95,88,87,89,92,73,60,71,64,52,71,52
"14-02-2010",49,40,33,16,16,7,10,14,30,44,42,49,64,66,85,90,82,60,28,9,19,18,12,33
"15-02-2010",35,66,48,32,27,67,62,77,81,79,91,92,95,93,89,92,84,82,63,66,53,54,59,30
"16-02-2010",13,10,9,10,6,6,5,6,7,13,32,56,73,77,69,79,76,67,60,46,33,9,6,6
"17-02-2010",16,35,47,32,29,15,7,6,11,28,53,70,72,75,77,75,70,61,27,7,10,8,6,21
"18-02-2010",24,19,24,21,19,7,6,6,6,14,28,60,54,62,59,59,54,30,38,38,28,46,54,33
"19-02-2010",38,69,78,75,50,16,6,6,8,19,40,24,56,68,58,60,60,46,40,47,56,44,45,41
"20-02-2010",49,43,45,52,58,23,16,6,7,15,37,28,40,50,59,52,51,67,56,53,59,55,47,52
"21-02-2010",52,65,70,81,84,81,84,88,84,83,91,92,93,93,96,97,97,93,86,81,87,69,69,78
"22-02-2010",78,58,77,75,62,23,9,6,12,23,50,61,76,81,86,77,82,82,73,56,42,23,11,18
"23-02-2010",10,8,13,24,19,9,5,6,6,6,7,16,55,58,71,77,71,63,51,43,21,7,7,6
"24-02-2010",6,6,6,6,5,5,5,6,6,19,22,37,57,72,80,82,70,60,52,21,29,41,74,86
"25-02-2010",83,84,84,84,83,82,66,42,51,41,57,87,91,91,83,84,78,78,50,26,33,24,20,28
"26-02-2010",19,36,47,50,39,25,13,10,36,68,57,78,85,88,90,86,85,84,53,46,23,22,16,11
"27-02-2010",10,33,15,20,6,28,14,8,23,26,74,92,95,99,96,95,90,94,89,83,81,81,76,76
"28-02-2010",80,82,84,83,85,85,81,74,75,81,84,87,92,94,98,98,96,83,50,57,62,54,42,34
"01-03-2010",29,30,26,20,11,10,6,7,17,29,31,43,40,53,52,67,59,48,34,28,28,10,6,6
"02-03-2010",7,6,6,6,8,5,5,6,8,22,52,71,88,91,90,91,93,82,85,80,78,72,66,52
"03-03-2010",75,78,85,83,87,87,42,25,40,60,74,88,92,89,77,85,79,77,62,38,32,43,43,15
"04-03-2010",20,16,16,24,25,24,7,6,17,55,72,82,78,84,92,87,85,79,41,13,14,56,64,68
"05-03-2010",66,57,46,28,15,18,30,33,55,75,81,84,86,84,86,83,82,84,70,71,73,75,75,73
"06-03-2010",62,75,76,80,70,31,18,9,26,44,80,95,95,85,85,86,84,91,90,84,82,67,58,63
"07-03-2010",68,72,78,77,84,80,77,77,76,71,71,71,66,68,64,65,66,71,65,65,72,73,81,81
"08-03-2010",85,87,88,88,85,81,73,62,63,66,58,55,35,33,48,41,52,44,50,42,29,35,44,49
"09-03-2010",42,35,35,36,39,36,21,28,28,41,55,61,79,80,67,60,61,48,46,51,55,56,59,63
"10-03-2010",67,74,81,81,75,75,66,56,56,58,54,59,60,51,49,56,54,56,57,55,47,49,52,53
"11-03-2010",48,51,55,55,44,45,13,11,16,21,35,58,68,86,90,88,84,74,77,63,64,62,66,70
"12-03-2010",59,56,61,42,32,6,6,8,40,76,86,96,104,101,101,101,98,97,97,95,96,92,79,77
"13-03-2010",90,84,93,89,48,37,10,21,39,61,81,80,74,86,90,90,97,88,87,82,60,60,68,87
"14-03-2010",90,87,86,79,64,79,89,82,83,88,88,88,86,88,89,86,82,80,72,68,71,76,77,78
"15-03-2010",83,84,85,90,87,81,67,61,58,57,59,66,74,83,88,89,84,82,73,72,57,33,6,6
"16-03-2010",7,14,12,9,53,65,50,60,59,55,76,87,81,85,94,101,98,85,71,33,24,7,6,6
"17-03-2010",5,4,10,18,13,5,5,7,14,69,82,96,104,107,106,107,101,92,82,69,77,80,82,86
"18-03-2010",84,81,83,70,55,31,43,21,40,76,83,91,96,94,82,88,84,85,84,76,63,41,25,11
"19-03-2010",8,9,11,18,8,6,6,7,17,54,68,-9999,-9999,-9999,-9999,-9999,-9999,-9999,-9999,-9999,-9999,-9999,-9999,-9999
"20-03-2010",-9999,-9999,-9999,-9999,-9999,-9999,-9999,-9999,-9999,-9999,-9999,-9999,-9999,-9999,-9999,-9999,-9999,-9999,-9999,-9999,-9999,-9999,-9999,-9999
"21-03-2010",-9999,-9999,-9999,-9999,-9999,-9999,-9999,-9999,-9999,-9999,-9999,-9999,-9999,-9999,-9999,-9999,-9999,-9999,-9999,-9999,-9999,-9999,-9999,-9999
"22-03-2010",-9999,-9999,-9999,-9999,-9999,-9999,-9999,-9999,-9999,-9999,-9999,-9999,-9999,-9999,-9999,-9999,-9999,-9999,-9999,-9999,-9999,-9999,-9999,-9999
"23-03-2010",-9999,-9999,-9999,-9999,-9999,-9999,-9999,-9999,-9999,-9999,-9999,-9999,-9999,-9999,-9999,-9999,-9999,-9999,-9999,-9999,-9999,-9999,-9999,-9999
"24-03-2010",-9999,-9999,-9999,-9999,-9999,-9999,-9999,-9999,-9999,-9999,-9999,-9999,-9999,-9999,-9999,-9999,-9999,-9999,-9999,-9999,-9999,-9999,-9999,-9999
"25-03-2010",-9999,-9999,-9999,-9999,-9999,-9999,-9999,-9999,-9999,-9999,-9999,-9999,-9999,-9999,-9999,-9999,-9999,-9999,-9999,-9999,-9999,-9999,-9999,-9999
"26-03-2010",-9999,-9999,-9999,-9999,-9999,-9999,-9999,-9999,-9999,-9999,-9999,-9999,-9999,-9999,-9999,-9999,-9999,-9999,-9999,-9999,-9999,-9999,-9999,-9999
"27-03-2010",-9999,-9999,-9999,-9999,-9999,-9999,-9999,-9999,-9999,-9999,-9999,-9999,-9999,-9999,-9999,-9999,-9999,-9999,-9999,-9999,-9999,-9999,-9999,-9999
"28-03-2010",-9999,-9999,-9999,-9999,-9999,-9999,-9999,-9999,-9999,-9999,-9999,-9999,-9999,-9999,-9999,-9999,-9999,-9999,-9999,-9999,-9999,-9999,-9999,-9999
"29-03-2010",-9999,-9999,-9999,-9999,-9999,-9999,-9999,-9999,-9999,-9999,-9999,-9999,-9999,-9999,-9999,-9999,-9999,-9999,-9999,-9999,-9999,-9999,-9999,-9999
"30-03-2010",-9999,-9999,-9999,-9999,-9999,-9999,-9999,-9999,-9999,-9999,-9999,-9999,-9999,-9999,-9999,-9999,-9999,-9999,-9999,-9999,-9999,-9999,-9999,-9999
"31-03-2010",-9999,-9999,-9999,-9999,-9999,-9999,-9999,-9999,-9999,-9999,-9999,-9999,-9999,-9999,-9999,-9999,-9999,-9999,-9999,-9999,-9999,-9999,-9999,-9999
"01-04-2010",-9999,-9999,-9999,-9999,-9999,-9999,-9999,-9999,-9999,-9999,-9999,-9999,-9999,-9999,-9999,-9999,-9999,-9999,-9999,-9999,-9999,-9999,-9999,-9999
"02-04-2010",-9999,-9999,-9999,-9999,-9999,-9999,-9999,-9999,-9999,-9999,-9999,-9999,-9999,-9999,-9999,-9999,-9999,-9999,-9999,-9999,-9999,-9999,-9999,-9999
"03-04-2010",-9999,-9999,-9999,-9999,-9999,-9999,-9999,-9999,-9999,-9999,-9999,-9999,-9999,-9999,-9999,-9999,-9999,-9999,-9999,-9999,-9999,-9999,-9999,-9999
"04-04-2010",-9999,-9999,-9999,-9999,-9999,-9999,-9999,-9999,-9999,-9999,-9999,-9999,-9999,-9999,-9999,-9999,-9999,-9999,-9999,-9999,-9999,-9999,-9999,-9999
"05-04-2010",-9999,-9999,-9999,-9999,-9999,-9999,-9999,-9999,-9999,-9999,-9999,-9999,-9999,-9999,-9999,-9999,-9999,-9999,-9999,-9999,-9999,-9999,-9999,-9999
"06-04-2010",-9999,-9999,-9999,-9999,-9999,-9999,-9999,-9999,-9999,-9999,-9999,-9999,-9999,-9999,-9999,-9999,-9999,-9999,-9999,-9999,-9999,-9999,-9999,-9999
"07-04-2010",-9999,-9999,-9999,-9999,-9999,-9999,-9999,-9999,-9999,-9999,-9999,-9999,-9999,-9999,-9999,-9999,-9999,-9999,-9999,-9999,-9999,-9999,-9999,-9999
"08-04-2010",-9999,-9999,-9999,-9999,-9999,-9999,-9999,-9999,-9999,-9999,-9999,-9999,-9999,-9999,-9999,-9999,-9999,-9999,-9999,-9999,-9999,-9999,-9999,-9999
"09-04-2010",-9999,-9999,-9999,-9999,-9999,-9999,-9999,-9999,-9999,-9999,-9999,-9999,-9999,-9999,-9999,-9999,-9999,-9999,-9999,-9999,-9999,-9999,-9999,-9999
"10-04-2010",-9999,-9999,-9999,-9999,-9999,-9999,-9999,-9999,-9999,-9999,-9999,-9999,-9999,-9999,-9999,-9999,-9999,-9999,-9999,-9999,-9999,-9999,-9999,-9999
"11-04-2010",-9999,-9999,-9999,-9999,-9999,-9999,-9999,-9999,-9999,-9999,-9999,-9999,-9999,-9999,-9999,-9999,-9999,-9999,-9999,-9999,-9999,-9999,-9999,-9999
"12-04-2010",-9999,-9999,-9999,-9999,-9999,-9999,-9999,-9999,-9999,-9999,-9999,-9999,-9999,-9999,-9999,-9999,-9999,-9999,-9999,-9999,-9999,-9999,-9999,-9999
"13-04-2010",-9999,-9999,-9999,-9999,-9999,-9999,-9999,-9999,-9999,-9999,-9999,-9999,-9999,-9999,-9999,-9999,-9999,-9999,-9999,-9999,-9999,-9999,-9999,-9999
"14-04-2010",-9999,-9999,-9999,-9999,-9999,-9999,-9999,-9999,-9999,-9999,-9999,-9999,-9999,-9999,-9999,-9999,-9999,-9999,-9999,-9999,-9999,-9999,-9999,-9999
"15-04-2010",-9999,-9999,-9999,-9999,-9999,-9999,-9999,-9999,-9999,-9999,-9999,-9999,-9999,-9999,-9999,-9999,-9999,-9999,-9999,-9999,-9999,-9999,-9999,-9999
"16-04-2010",-9999,-9999,-9999,-9999,-9999,-9999,-9999,-9999,-9999,-9999,-9999,-9999,-9999,-9999,-9999,-9999,-9999,-9999,-9999,-9999,-9999,-9999,-9999,-9999
"17-04-2010",-9999,-9999,-9999,-9999,-9999,-9999,-9999,-9999,-9999,-9999,-9999,-9999,-9999,-9999,-9999,-9999,-9999,-9999,-9999,-9999,-9999,-9999,-9999,-9999
"18-04-2010",-9999,-9999,-9999,-9999,-9999,-9999,-9999,-9999,-9999,-9999,-9999,-9999,-9999,-9999,-9999,-9999,-9999,-9999,-9999,-9999,-9999,-9999,-9999,-9999
"19-04-2010",-9999,-9999,-9999,-9999,-9999,-9999,-9999,-9999,-9999,-9999,-9999,-9999,-9999,-9999,-9999,-9999,-9999,-9999,-9999,-9999,-9999,-9999,-9999,-9999
"20-04-2010",-9999,-9999,-9999,-9999,-9999,-9999,-9999,-9999,-9999,-9999,-9999,-9999,-9999,95,105,106,112,111,112,114,107,102,105,102
"21-04-2010",82,80,96,102,91,87,77,84,82,90,88,86,85,86,81,76,79,75,79,77,47,30,11,10
"22-04-2010",5,4,5,3,3,3,4,6,12,34,78,58,66,86,106,108,112,102,102,94,71,63,53,54
"23-04-2010",44,31,18,18,29,21,4,5,25,39,60,85,109,111,116,112,104,103,100,93,90,79,94,100
"24-04-2010",110,103,100,95,84,41,27,20,50,77,90,110,111,109,108,116,113,113,105,90,64,58,62,50
"25-04-2010",35,7,38,49,77,85,80,86,104,111,117,121,124,125,127,127,127,126,126,118,111,104,93,89
"26-04-2010",109,113,110,108,102,102,100,92,95,99,100,102,106,109,110,110,108,107,104,102,100,104,105,108
"27-04-2010",107,106,107,104,101,95,82,77,86,95,99,101,103,104,106,107,106,102,99,93,93,91,96,98
"28-04-2010",98,99,99,97,96,94,94,93,92,95,95,102,104,106,110,109,107,106,100,87,85,74,72,64
"29-04-2010",49,51,59,71,95,96,95,94,95,100,102,102,105,106,106,106,107,107,104,103,79,83,88,93
"30-04-2010",89,100,102,104,104,99,97,93,95,96,100,104,106,105,105,107,107,104,102,93,71,63,55,64
"01-05-2010",79,72,61,45,34,34,55,54,86,102,108,108,113,119,128,132,123,119,112,107,98,93,92,80
"02-05-2010",70,56,46,59,48,41,30,32,62,92,93,100,110,114,121,133,131,117,113,109,107,97,84,57
"03-05-2010",38,13,14,20,18,9,5,10,33,52,53,69,77,91,107,113,115,108,105,90,77,69,63,44
"04-05-2010",18,10,6,19,29,8,5,7,14,37,44,44,69,85,112,105,117,105,92,93,37,7,4,4
"05-05-2010",4,11,28,37,36,34,12,14,30,36,54,69,100,100,122,115,113,127,107,87,67,49,53,36
"06-05-2010",52,41,50,40,19,33,17,11,47,65,40,72,97,106,121,127,120,112,112,108,100,91,76,89
"07-05-2010",104,106,98,57,41,25,13,17,53,61,92,98,105,107,105,107,108,106,104,100,78,59,85,82
"08-05-2010",34,43,42,26,21,7,8,18,31,58,92,49,78,106,119,114,95,91,102,96,51,64,72,57
"09-05-2010",38,16,23,18,45,74,60,67,81,103,103,104,105,105,105,105,114,124,122,135,135,119,111,95
"10-05-2010",80,53,49,65,57,25,9,18,32,53,79,87,92,119,136,128,121,114,110,103,80,90,73,48
"11-05-2010",57,30,37,45,38,18,7,12,32,53,66,84,93,123,132,131,137,131,117,91,70,59,51,29
"12-05-2010",21,8,15,29,33,12,7,10,16,49,43,38,108,119,128,118,114,108,100,90,71,57,50,47
"13-05-2010",56,53,38,7,50,11,7,26,34,62,98,99,98,93,99,106,102,100,103,103,88,69,51,39
"14-05-2010",57,51,56,68,58,49,9,11,23,43,67,96,94,92,96,99,100,96,94,98,87,84,87,80
"15-05-2010",72,60,65,63,39,25,28,27,34,31,32,42,64,67,75,90,96,92,81,70,82,90,92,95
"16-05-2010",96,94,95,100,99,96,94,91,91,93,96,98,99,102,108,111,103,100,98,94,91,90,90,90
"17-05-2010",95,93,96,97,99,89,76,81,83,90,96,100,102,104,103,103,106,104,102,99,90,86,94,87
"18-05-2010",98,102,102,98,100,96,86,85,86,86,89,82,85,79,84,85,88,88,86,87,80,71,69,70
"19-05-2010",51,59,58,52,49,57,53,47,56,68,81,77,84,85,82,96,94,99,98,92,91,94,86,68
"20-05-2010",82,52,35,24,23,33,18,32,57,65,87,92,104,107,107,103,102,98,95,97,85,77,73,70
"21-05-2010",65,70,58,54,54,44,26,24,35,56,53,65,70,72,70,70,88,85,78,76,64,67,70,66
"22-05-2010",65,67,66,65,84,82,77,79,86,88,88,88,91,96,102,101,97,94,94,91,85,62,43,50
"23-05-2010",15,10,14,18,10,8,10,27,41,52,64,74,88,95,95,91,88,91,94,89,70,48,18,5
"24-05-2010",7,5,5,7,12,18,11,15,35,45,54,73,89,90,95,94,98,99,105,99,76,81,66,45
"25-05-2010",33,13,7,16,30,16,5,9,22,38,63,58,81,105,111,110,105,97,94,90,74,65,67,45
"26-05-2010",39,18,25,26,26,13,6,13,22,31,54,66,98,111,99,95,115,107,91,79,56,41,33,37
"27-05-2010",26,5,18,23,14,7,7,15,35,58,71,69,92,119,119,119,111,110,113,98,59,37,29,27
"28-05-2010",22,10,8,12,49,13,5,10,15,30,58,76,98,99,114,116,105,110,111,88,60,79,106,98
"29-05-2010",94,93,57,31,18,9,10,26,84,95,105,90,108,110,108,119,145,148,133,132,127,103,95,65
"30-05-2010",71,51,62,41,31,16,15,33,59,79,53,100,87,126,117,124,121,102,94,114,85,65,43,25
"31-05-2010",5,4,6,4,8,21,5,5,8,19,57,91,105,121,118,108,101,98,99,96,93,90,88,92
"01-06-2010",86,76,58,52,73,64,38,47,68,79,89,94,95,97,99,104,99,78,56,62,68,74,74,75
"02-06-2010",72,69,69,67,46,49,48,54,59,65,84,94,97,112,119,108,96,88,85,82,79,79,81,81
"03-06-2010",81,81,82,82,82,58,52,42,52,71,90,107,111,115,122,110,104,98,83,82,72,65,53,54
"04-06-2010",51,61,59,58,46,31,18,24,25,56,87,83,82,91,95,90,83,76,71,65,58,59,67,60
"05-06-2010",49,40,34,47,51,44,57,45,30,41,39,58,63,70,79,81,87,91,76,70,73,79,80,85
"06-06-2010",80,91,92,86,87,78,78,82,85,86,92,97,96,98,98,98,94,90,87,84,81,70,62,63
"07-06-2010",64,65,73,70,72,60,57,54,71,77,80,86,91,91,97,122,118,113,112,92,68,57,50,54
"08-06-2010",36,34,18,34,32,10,10,10,29,44,74,89,91,113,116,115,125,116,110,98,83,63,69,78
"09-06-2010",77,44,24,51,37,22,16,39,33,55,83,107,103,61,61,79,106,115,101,59,67,33,9,11
"10-06-2010",29,11,27,30,26,22,7,14,39,82,91,90,88,88,93,96,102,103,98,94,79,76,81,82
"11-06-2010",84,68,92,92,92,89,83,85,94,101,109,111,110,111,112,111,112,113,116,111,101,86,58,67
"12-06-2010",44,51,69,50,61,91,103,100,102,110,113,112,110,111,117,117,135,137,128,101,73,76,70,62
"13-06-2010",26,19,26,33,29,23,33,43,66,93,72,85,112,130,126,131,131,116,103,88,84,73,56,54
"14-06-2010",42,35,16,26,23,6,10,11,33,79,68,71,120,129,127,132,148,123,113,110,93,76,67,49
"15-06-2010",33,36,28,21,17,11,11,11,39,72,86,89,131,141,124,110,137,136,135,130,103,83,85,60
"16-06-2010",33,25,14,16,16,6,4,6,19,42,45,66,99,97,85,105,120,110,93,89,88,78,62,49
"17-06-2010",21,24,27,13,5,5,6,9,25,38,40,72,84,87,96,96,120,109,100,97,101,95,71,57
"18-06-2010",89,95,70,58,56,30,32,78,89,93,99,99,103,100,110,93,97,91,85,75,72,76,58,77
"19-06-2010",81,78,70,63,45,24,35,56,72,90,104,97,119,113,112,104,103,97,80,89,89,88,85,81
"20-06-2010",74,81,80,82,71,57,51,60,63,82,89,90,96,100,108,106,102,97,101,100,96,94,89,82
"21-06-2010",90,86,82,71,65,64,53,51,63,90,94,101,103,108,106,105,104,102,94,96,95,80,92,88
"22-06-2010",83,78,85,87,83,84,75,76,86,92,91,96,98,97,96,91,92,97,97,95,94,95,91,91
"23-06-2010",88,85,82,80,73,64,59,62,71,73,78,74,76,80,79,79,70,66,75,72,62,49,56,50
"24-06-2010",53,50,41,59,56,31,34,33,43,55,59,68,74,69,70,62,61,65,62,62,58,67,75,71
"25-06-2010",71,65,50,67,63,71,71,66,74,80,85,90,93,93,72,97,114,128,115,124,111,97,97,95
"26-06-2010",105,93,90,80,67,53,33,40,49,66,87,96,102,107,109,111,114,113,112,106,95,83,80,70
"27-06-2010",65,63,53,53,54,46,33,48,58,60,65,96,102,92,85,110,108,96,86,70,64,62,65,73
"28-06-2010",77,89,78,81,69,43,13,13,24,60,81,93,78,80,77,84,112,99,102,96,85,61,52,41
"29-06-2010",47,16,17,27,23,23,10,17,25,43,61,99,113,121,114,114,105,107,100,97,90,80,75,64
"30-06-2010",50,37,19,16,26,18,9,16,36,53,77,100,85,88,102,110,92,74,99,88,69,43,22,7
"01-07-2010",11,4,7,26,21,8,7,17,46,76,91,104,99,148,143,113,105,91,90,85,77,61,55,55
"02-07-2010",20,15,26,34,35,15,12,25,55,79,109,110,114,132,156,173,165,134,90,78,76,59,46,55
"03-07-2010",28,40,59,45,57,38,41,72,90,96,103,112,116,115,107,114,106,97,94,93,88,74,74,83
"04-07-2010",74,31,33,27,45,44,38,67,92,102,109,115,133,138,134,113,113,121,111,102,91,81,61,59
"05-07-2010",59,44,38,45,41,18,11,18,46,68,102,111,116,116,136,143,99,95,94,92,86,83,80,70
"06-07-2010",63,40,34,46,70,74,65,57,72,93,113,135,155,166,165,177,154,132,113,90,85,80,71,65
"07-07-2010",59,44,40,56,56,37,22,21,78,93,103,110,117,121,123,124,131,147,84,75,92,79,63,46
"08-07-2010",63,47,28,49,41,25,35,40,75,87,88,87,91,96,101,101,99,96,96,92,94,89,93,89
"09-07-2010",85,81,83,80,75,72,68,64,70,78,86,92,94,98,99,97,95,96,95,86,77,67,55,39
"10-07-2010",60,74,81,76,67,66,67,50,69,85,95,98,97,95,100,104,98,101,98,95,89,86,80,77
"11-07-2010",81,75,50,56,61,78,81,73,80,90,94,92,97,99,102,102,116,106,99,93,87,77,70,65
"12-07-2010",64,50,43,47,43,25,13,20,47,73,101,116,116,141,154,158,152,152,132,146,135,106,94,86
"13-07-2010",65,73,81,50,42,37,31,28,46,62,92,97,122,128,114,131,142,122,128,126,112,93,77,42
"14-07-2010",24,24,26,40,31,13,11,14,30,68,109,113,111,114,108,106,102,104,112,100,93,72,71,64
"15-07-2010",57,44,38,38,31,21,21,18,32,79,111,110,103,104,107,140,132,119,111,97,89,85,84,95
"16-07-2010",102,99,101,103,93,65,58,75,80,99,103,103,105,110,110,108,105,103,102,100,102,103,97,101
"17-07-2010",100,102,99,98,98,91,90,92,106,112,112,113,114,114,114,112,108,108,106,102,97,89,98,96
"18-07-2010",98,104,103,101,106,105,107,105,108,111,114,113,114,114,115,118,115,111,109,109,103,100,96,96
"19-07-2010",102,102,97,100,102,103,94,93,95,100,105,109,110,111,111,111,112,112,113,112,106,104,105,107
"20-07-2010",107,107,108,111,109,105,98,95,92,100,108,109,112,115,115,115,114,112,112,108,96,87,85,91
"21-07-2010",79,73,75,76,72,65,20,20,55,91,119,138,121,146,192,185,163,140,125,122,109,97,81,85
"22-07-2010",101,72,65,74,52,46,14,70,71,106,110,112,114,113,114,113,116,114,112,110,109,99,106,109
"23-07-2010",107,109,114,117,123,110,104,94,95,101,107,107,109,109,110,115,113,112,110,107,99,82,84,80
"24-07-2010",71,78,65,65,54,43,42,51,75,105,135,147,173,148,134,125,129,123,123,113,105,91,87,93
"25-07-2010",83,58,59,48,59,65,65,67,64,88,115,122,131,140,141,125,116,116,116,110,104,99,91,90
"26-07-2010",89,102,102,103,93,82,73,71,79,96,104,119,119,110,96,110,117,105,81,81,75,67,58,54
"27-07-2010",55,71,85,82,76,69,70,69,73,76,99,105,102,106,109,110,109,109,104,96,97,94,95,98
"28-07-2010",96,93,86,85,79,79,78,79,84,94,100,106,112,116,119,120,121,114,105,104,106,110,98,96
"29-07-2010",101,94,81,87,76,90,87,79,85,92,98,101,102,99,-9999,-9999,-9999,-9999,-9999,-9999,-9999,-9999,-9999,-9999
"30-07-2010",-9999,-9999,-9999,-9999,-9999,-9999,-9999,-9999,-9999,-9999,-9999,-9999,-9999,-9999,-9999,-9999,-9999,-9999,-9999,-9999,-9999,-9999,-9999,-9999
"31-07-2010",-9999,-9999,-9999,-9999,-9999,-9999,-9999,-9999,-9999,-9999,-9999,-9999,-9999,-9999,-9999,-9999,-9999,-9999,-9999,-9999,-9999,-9999,-9999,-9999
"01-08-2010",-9999,-9999,-9999,-9999,-9999,-9999,-9999,-9999,-9999,-9999,-9999,-9999,-9999,-9999,-9999,-9999,-9999,-9999,-9999,-9999,-9999,-9999,-9999,-9999
"02-08-2010",-9999,-9999,-9999,-9999,-9999,-9999,-9999,-9999,-9999,-9999,-9999,-9999,-9999,-9999,-9999,-9999,-9999,-9999,-9999,-9999,-9999,-9999,-9999,-9999
"03-08-2010",-9999,-9999,-9999,-9999,-9999,-9999,-9999,-9999,-9999,-9999,-9999,-9999,-9999,-9999,-9999,-9999,-9999,-9999,-9999,-9999,-9999,-9999,-9999,-9999
"04-08-2010",-9999,-9999,-9999,-9999,-9999,-9999,-9999,-9999,-9999,-9999,-9999,-9999,-9999,-9999,-9999,-9999,-9999,-9999,-9999,-9999,-9999,-9999,-9999,-9999
"05-08-2010",-9999,-9999,-9999,-9999,-9999,-9999,-9999,-9999,-9999,-9999,-9999,-9999,-9999,127,158,175,147,128,96,92,81,82,73,72
"06-08-2010",67,68,63,50,49,30,31,31,48,61,81,102,105,111,111,103,99,94,89,84,80,75,69,70
"07-08-2010",71,70,65,67,69,61,45,30,50,65,81,90,111,98,92,107,98,101,88,74,58,64,62,71
"08-08-2010",57,46,68,62,72,58,40,34,56,-9999,-9999,-9999,-9999,-9999,-9999,-9999,-9999,-9999,-9999,-9999,-9999,-9999,-9999,-9999
"09-08-2010",-9999,-9999,-9999,-9999,-9999,-9999,-9999,-9999,-9999,-9999,-9999,-9999,-9999,-9999,-9999,-9999,-9999,-9999,-9999,-9999,-9999,-9999,-9999,-9999
"10-08-2010",-9999,-9999,-9999,-9999,-9999,-9999,-9999,-9999,-9999,75,90,95,99,101,103,108,110,109,105,102,95,87,87,71
"11-08-2010",65,75,84,98,80,90,86,60,78,100,116,123,134,128,128,137,137,141,120,110,97,92,96,77
"12-08-2010",82,86,75,55,58,48,35,20,39,78,115,146,167,174,159,162,183,168,147,117,96,109,113,91
"13-08-2010",83,90,66,60,75,61,41,29,63,102,136,165,162,162,182,207,191,136,124,105,100,87,87,78
"14-08-2010",100,103,46,51,55,53,36,38,85,107,119,113,114,116,131,151,153,119,120,118,106,89,79,60
"15-08-2010",69,79,100,107,82,81,77,102,95,109,111,110,109,109,109,110,110,110,112,108,108,96,80,84
"16-08-2010",73,98,97,101,102,99,98,97,82,107,111,115,115,115,113,115,117,117,115,107,102,88,61,69
"17-08-2010",55,37,41,44,45,37,15,15,17,34,63,86,118,131,159,141,116,110,114,83,72,87,91,95
"18-08-2010",91,90,65,89,68,46,15,12,44,102,127,125,125,128,149,147,144,130,111,110,107,110,113,112
"19-08-2010",112,77,69,80,79,76,61,73,89,111,124,124,128,127,128,129,142,138,120,113,105,101,105,110
"20-08-2010",91,69,75,80,76,65,58,48,104,116,117,118,121,121,118,117,117,113,113,110,105,104,105,108
"21-08-2010",114,113,116,109,99,95,99,101,101,105,110,109,109,108,107,105,105,104,105,105,104,101,103,99
"22-08-2010",96,94,96,95,94,95,94,92,90,92,94,98,101,101,100,98,97,96,97,97,100,96,97,96
"23-08-2010",95,94,97,98,93,90,81,84,91,95,96,98,98,99,99,101,103,102,100,98,93,90,91,88
"24-08-2010",97,97,98,95,91,90,78,72,84,88,96,106,102,105,105,106,104,102,101,97,80,70,61,50
"25-08-2010",54,45,41,40,42,43,22,11,34,73,95,116,130,144,132,153,157,144,137,114,63,68,75,70
"26-08-2010",58,58,47,57,52,49,11,7,14,78,108,113,117,114,112,115,117,117,110,102,95,90,82,73
"27-08-2010",71,79,93,82,76,70,49,74,89,96,97,99,96,96,96,95,97,97,97,91,75,68,74,72
"28-08-2010",65,57,52,47,56,42,25,15,46,76,118,139,134,134,169,136,112,114,106,93,74,70,89,82
"29-08-2010",69,54,51,33,29,28,22,28,44,66,79,105,130,136,127,113,115,116,98,78,59,49,53,32
"30-08-2010",25,15,34,53,59,60,30,42,72,79,96,108,128,146,177,160,128,99,70,61,51,56,60,53
"31-08-2010",59,65,70,75,78,73,76,73,81,79,97,109,110,98,91,93,95,93,86,77,79,79,85,89
"01-09-2010",85,86,87,90,87,83,76,69,77,81,87,93,97,100,103,106,108,100,101,89,81,74,70,57
"02-09-2010",65,76,70,60,49,42,57,53,59,71,82,90,96,110,120,116,104,98,96,89,84,77,77,62
"03-09-2010",64,62,58,55,43,47,48,24,46,71,84,95,97,104,114,114,105,102,100,99,100,100,99,96
"04-09-2010",92,95,95,86,67,77,80,86,85,94,107,118,132,138,152,133,127,132,118,112,107,93,88,89
"05-09-2010",93,89,87,86,80,80,76,67,78,92,95,101,104,97,91,89,84,85,84,79,73,68,73,70
"06-09-2010",71,77,75,86,81,78,66,68,64,58,58,64,70,72,65,83,84,79,77,67,60,62,57,33
"07-09-2010",42,45,47,40,39,27,6,8,22,69,91,106,116,129,120,139,137,123,95,83,78,79,79,77
"08-09-2010",52,30,34,44,45,46,24,15,34,62,85,106,105,105,152,157,148,131,116,102,93,84,87,85
"09-09-2010",48,18,35,48,47,16,6,7,21,57,92,103,108,123,137,135,155,142,109,86,59,62,63,58
"10-09-2010",28,40,38,37,42,25,8,29,25,60,-9999,98,111,102,102,102,106,97,90,88,83,78,84,81
"11-09-2010",84,83,70,63,69,67,66,66,65,69,77,83,88,90,85,81,78,72,67,51,47,26,35,31
"12-09-2010",35,18,63,66,69,72,60,73,76,81,85,86,84,85,86,87,86,85,78,76,62,59,61,61
"13-09-2010",60,71,50,42,36,39,31,20,47,61,71,83,97,109,94,72,85,84,80,70,62,63,63,63
"14-09-2010",67,66,60,62,51,47,34,19,30,55,93,101,104,104,104,102,100,98,91,81,64,55,48,86
"15-09-2010",58,42,73,93,87,81,75,72,79,88,91,93,96,97,99,100,102,100,92,82,71,39,40,21
"16-09-2010",20,24,33,32,41,14,6,7,17,65,92,101,106,104,107,103,107,113,106,68,43,42,24,38
"17-09-2010",48,11,8,17,24,21,11,10,12,24,72,92,114,105,102,102,93,84,89,87,71,46,34,5
"18-09-2010",5,10,22,30,32,17,10,7,22,46,51,93,126,133,129,101,102,103,96,81,56,51,61,48
"19-09-2010",6,7,6,5,7,8,6,8,20,49,75,76,71,96,105,93,98,94,81,65,53,44,38,37
"20-09-2010",13,6,5,5,5,5,5,5,8,23,36,64,94,33,80,97,91,91,58,76,77,84,77,79
"21-09-2010",71,68,80,92,81,73,61,56,60,73,79,78,78,82,85,87,89,87,83,82,78,78,78,77
"22-09-2010",72,81,79,81,77,66,64,63,66,72,75,78,81,84,90,90,89,90,88,81,76,81,83,84
"23-09-2010",84,87,83,84,81,78,78,69,68,78,80,84,84,86,86,88,86,85,83,79,73,75,78,80
"24-09-2010",78,78,77,70,61,37,25,22,32,65,73,84,88,82,92,91,78,76,78,70,67,70,71,71
"25-09-2010",67,71,76,76,67,58,49,41,33,36,48,57,73,77,68,66,68,67,58,53,49,47,43,29
"26-09-2010",22,47,54,58,58,56,47,27,26,46,62,70,78,78,78,78,75,73,71,70,58,50,54,59
"27-09-2010",57,52,58,45,35,18,6,6,10,32,68,79,86,86,88,88,93,88,80,66,48,35,16,29
"28-09-2010",40,16,13,33,19,9,8,9,9,16,28,62,73,68,76,67,78,71,67,47,42,42,17,10
"29-09-2010",14,16,36,45,43,33,23,11,10,20,53,63,66,72,75,73,69,58,49,57,61,60,59,65
"30-09-2010",75,85,85,86,70,76,72,68,70,76,84,91,96,93,100,108,106,88,83,77,70,77,78,83
"01-10-2010",82,83,84,86,84,75,67,59,53,61,72,79,82,82,91,106,106,96,90,89,83,70,78,85
"02-10-2010",91,94,95,92,90,85,79,80,78,82,83,81,86,89,92,93,94,95,89,88,83,77,79,78
"03-10-2010",76,70,63,57,65,61,47,62,66,83,92,95,100,103,104,105,104,96,92,88,83,84,87,80
"04-10-2010",78,83,84,81,75,58,25,10,30,66,72,81,88,95,99,99,93,84,80,79,76,80,82,78
"05-10-2010",82,83,81,79,78,69,54,41,40,56,60,68,80,90,84,101,120,85,68,64,67,54,61,59
"06-10-2010",51,55,48,44,36,18,6,6,8,27,45,44,52,67,80,75,71,69,56,47,48,35,27,38
"07-10-2010",53,60,64,62,61,58,58,48,43,47,47,50,52,53,62,67,71,70,69,64,64,65,64,67
"08-10-2010",69,70,70,69,67,63,57,52,56,58,65,67,67,67,67,66,62,61,63,60,64,60,62,61
"09-10-2010",64,66,63,62,61,61,59,47,42,51,59,65,68,64,75,77,70,60,58,52,45,43,44,45
"10-10-2010",44,53,58,55,38,45,47,43,46,52,55,61,60,60,57,57,57,53,47,40,42,36,40,37
"11-10-2010",41,46,48,58,68,43,23,12,21,30,48,63,65,55,60,59,47,41,30,20,13,17,33,47
"12-10-2010",57,60,65,66,65,49,15,6,7,7,6,8,14,24,30,30,45,48,40,27,28,31,32,33
"13-10-2010",35,34,42,48,45,26,6,6,7,12,17,24,15,12,14,24,33,25,20,10,14,14,10,7
"14-10-2010",4,6,5,8,10,4,6,5,6,18,32,43,51,53,53,49,48,49,42,40,12,5,6,5
"15-10-2010",5,6,5,5,5,5,4,5,6,13,39,59,67,71,73,72,68,70,58,48,40,27,9,5
"16-10-2010",5,6,11,8,8,5,4,5,7,18,54,73,77,80,77,80,78,67,66,53,62,24,14,6
"17-10-2010",7,11,5,6,5,5,5,5,10,32,62,78,83,84,88,88,87,83,76,58,51,45,62,58
"18-10-2010",60,66,67,66,58,30,15,6,11,19,6,12,23,24,30,34,25,26,19,7,14,17,5,5
"19-10-2010",6,17,37,39,43,31,18,50,43,55,65,67,74,75,73,71,68,67,56,57,49,40,36,32
"20-10-2010",47,72,75,73,60,35,12,26,29,52,63,73,83,79,80,75,73,62,53,45,37,41,43,42
"21-10-2010",41,32,18,9,13,5,5,5,6,22,46,71,77,81,81,80,76,69,55,43,33,36,34,15
"22-10-2010",15,32,45,48,53,50,40,24,39,48,56,60,61,63,68,66,69,65,59,53,55,48,57,65
"23-10-2010",65,61,63,63,58,45,20,11,32,50,63,62,53,58,59,68,67,67,63,59,60,33,18,10
"24-10-2010",7,10,8,26,19,15,9,7,23,33,52,78,85,89,91,84,78,71,48,27,24,27,37,20
"25-10-2010",37,45,36,32,27,34,22,4,7,10,18,56,56,50,52,53,60,61,62,48,12,16,38,50
"26-10-2010",61,64,69,66,45,30,14,5,6,10,21,30,53,63,45,49,37,36,15,5,5,5,5,5
"27-10-2010",4,6,11,24,27,17,8,5,7,10,15,23,34,64,55,42,38,41,49,41,55,62,48,29
"28-10-2010",36,24,27,18,14,15,20,17,15,34,43,43,41,40,45,49,50,49,49,50,49,48,50,50
"29-10-2010",49,47,47,48,47,48,46,35,32,45,57,58,57,58,64,67,66,61,55,39,35,25,20,20
"30-10-2010",27,12,27,25,11,9,10,6,8,11,42,69,73,75,80,78,69,63,53,44,17,20,19,12
"31-10-2010",10,7,5,5,4,8,4,5,17,28,54,65,71,72,79,75,77,69,31,20,17,13,5,4
"01-11-2010",4,10,23,31,41,39,33,22,23,27,62,62,73,77,61,60,55,32,21,14,22,18,16,28
"02-11-2010",23,22,41,45,45,36,25,19,22,51,58,72,83,74,76,76,54,52,17,11,14,7,8,23
"03-11-2010",14,14,25,34,17,15,22,12,15,25,43,61,55,53,61,59,27,8,10,9,16,19,20,11
"04-11-2010",4,3,13,31,31,26,7,6,16,29,48,61,76,76,61,50,35,23,8,5,5,5,5,5
"05-11-2010",5,4,4,4,4,4,4,4,5,13,17,25,45,63,58,55,39,12,4,4,4,5,5,4
"06-11-2010",4,4,5,7,7,4,4,6,11,22,38,59,63,58,52,61,56,17,7,4,5,5,5,5
"07-11-2010",5,4,4,4,4,4,4,5,11,29,40,41,59,59,62,68,78,63,43,16,5,5,14,20
"08-11-2010",10,5,6,17,8,6,5,7,14,19,42,55,54,51,44,48,51,54,53,53,52,62,60,60
"09-11-2010",67,63,66,68,64,51,37,46,48,60,65,65,65,67,69,67,61,67,62,60,60,61,58,55
"10-11-2010",61,64,66,69,66,51,31,28,46,51,54,54,61,67,64,65,59,50,52,30,41,40,20,15
"11-11-2010",23,26,15,20,20,6,5,6,14,22,40,60,64,63,57,57,44,30,19,11,20,24,9,15
"12-11-2010",10,10,33,46,51,26,15,10,7,8,10,37,26,17,13,6,5,5,5,5,5,5,15,14
"13-11-2010",12,22,42,47,44,48,47,43,52,51,52,56,56,58,61,61,55,54,47,50,46,56,53,61
"14-11-2010",56,60,64,60,56,63,57,57,56,58,64,66,66,67,67,66,58,45,44,38,39,41,35,36
"15-11-2010",44,49,51,50,47,31,14,5,6,11,27,23,27,33,34,38,38,31,14,6,6,7,11,7
"16-11-2010",5,5,6,17,12,5,5,5,7,16,52,71,53,56,58,58,60,30,9,5,7,12,8,5
"17-11-2010",5,5,5,13,16,8,5,5,6,17,55,61,61,60,56,48,42,17,5,5,6,6,5,6
"18-11-2010",5,5,5,5,16,28,5,5,8,37,-9999,-9999,-9999,65,68,66,48,10,5,5,5,5,5,6
"19-11-2010",6,5,8,18,20,11,5,6,8,19,49,52,62,64,63,64,50,36,15,6,5,7,6,6
"20-11-2010",5,5,5,5,6,5,5,6,8,13,34,54,61,75,73,68,51,29,11,6,6,6,6,6
"21-11-2010",5,5,5,5,5,5,5,6,9,25,34,43,53,52,58,51,40,17,5,5,6,5,5,5
"22-11-2010",5,5,5,6,7,5,4,5,5,13,26,41,47,44,45,38,38,34,33,41,37,46,51,47
"23-11-2010",51,52,52,50,46,37,30,17,36,41,54,56,56,58,71,66,62,56,53,62,66,59,61,62
"24-11-2010",67,60,52,35,34,9,5,6,10,12,38,60,62,68,69,66,64,58,62,60,63,66,68,57
"25-11-2010",47,55,54,49,51,38,11,6,9,25,61,56,61,67,67,53,43,45,34,25,7,6,5,5
"26-11-2010",5,6,29,45,37,16,5,11,43,47,61,62,54,62,59,51,52,57,58,56,53,58,64,68
"27-11-2010",68,62,61,60,56,51,49,43,11,1,39,54,60,63,61,59,49,42,38,45,44,33,19,23
"28-11-2010",16,7,5,5,5,7,6,6,8,15,25,32,44,42,41,44,44,36,34,32,38,44,51,51
"29-11-2010",50,50,45,45,39,35,19,16,17,33,38,39,43,46,48,43,38,39,42,51,47,51,57,59
"30-11-2010",40,49,43,57,64,54,11,12,16,28,37,45,58,58,51,39,31,18,11,5,6,5,5,6
"01-12-2010",19,43,48,52,47,26,10,9,7,15,29,38,44,38,33,32,27,26,21,17,11,8,5,12
"02-12-2010",6,5,6,19,11,9,6,5,6,15,25,27,28,19,26,18,7,7,35,34,9,5,5,5
"03-12-2010",6,10,11,20,24,33,24,8,11,34,48,56,55,55,51,50,48,42,36,31,23,11,7,7
"04-12-2010",15,47,52,54,57,49,41,35,35,53,60,65,66,69,71,71,67,60,54,58,74,77,76,71
"05-12-2010",69,72,67,66,67,60,58,54,52,62,64,70,72,75,76,75,68,58,50,47,41,43,48,22
"06-12-2010",23,24,27,29,25,5,5,5,7,18,39,50,53,60,58,60,49,16,4,4,5,4,5,5
"07-12-2010",5,4,3,3,3,3,3,4,4,5,13,18,29,37,40,39,36,6,3,4,4,5,5,5
"08-12-2010",4,4,4,4,4,4,4,4,4,9,23,38,45,48,48,41,29,7,4,4,5,5,5,5
"09-12-2010",5,4,4,4,4,4,4,4,5,6,14,31,29,34,39,40,45,40,39,52,47,50,52,57
"10-12-2010",52,54,55,54,46,49,51,46,36,27,40,49,45,44,55,59,62,60,60,61,62,64,65,66
"11-12-2010",66,62,62,62,62,61,59,56,52,47,50,53,48,49,56,52,52,57,53,55,54,46,51,53
"12-12-2010",53,54,53,55,58,50,40,27,42,52,56,64,63,63,63,58,44,10,5,6,6,7,6,5
"13-12-2010",4,4,4,9,12,6,4,4,5,17,10,8,7,13,11,19,9,16,16,14,12,19,12,17
"14-12-2010",19,19,18,23,25,21,6,5,-9999,-9999,-9999,-9999,-9999,-9999,-9999,48,30,5,4,5,5,9,16,-9999
"15-12-2010",-9999,-9999,-9999,-9999,-9999,-9999,-9999,-9999,-9999,-9999,-9999,-9999,-9999,-9999,-9999,-9999,-9999,-9999,-9999,-9999,-9999,-9999,-9999,-9999
"16-12-2010",-9999,-9999,-9999,-9999,-9999,-9999,-9999,-9999,-9999,-9999,-9999,-9999,-9999,-9999,-9999,-9999,-9999,-9999,-9999,-9999,-9999,-9999,-9999,-9999
"17-12-2010",-9999,-9999,-9999,-9999,-9999,-9999,-9999,-9999,-9999,-9999,10,21,22,23,27,42,33,19,11,9,24,24,37,40
"18-12-2010",27,50,51,57,48,47,25,5,6,18,48,53,58,59,61,51,48,52,43,35,40,39,34,30
"19-12-2010",23,49,65,61,28,35,53,19,7,16,21,17,17,17,15,9,6,5,6,6,7,8,7,6
"20-12-2010",5,5,5,5,4,5,5,5,5,5,10,20,24,28,24,25,24,22,22,19,18,8,15,18
"21-12-2010",20,16,35,32,37,17,6,14,15,24,39,52,55,49,48,43,23,12,10,8,12,6,6,6
"22-12-2010",5,5,5,5,5,8,5,5,6,9,-9999,-9999,-9999,-9999,-9999,-9999,42,19,6,5,4,5,6,6
"23-12-2010",5,4,4,7,7,4,4,4,5,5,19,38,48,55,52,52,36,21,17,11,11,18,22,30
"24-12-2010",36,35,32,42,38,32,6,7,25,35,41,47,53,57,52,49,48,54,51,52,49,32,49,59
"25-12-2010",64,66,66,65,60,50,51,47,54,55,59,64,68,78,80,68,57,54,52,47,39,38,38,24
"26-12-2010",10,6,4,8,12,7,4,4,8,23,30,52,56,63,64,61,48,40,25,14,34,41,24,30
"27-12-2010",33,11,7,4,5,4,4,4,4,4,12,25,35,29,27,14,6,6,5,4,5,21,10,5
"28-12-2010",4,4,10,23,23,21,25,10,9,20,21,38,27,29,36,31,27,21,22,8,18,17,14,28
"29-12-2010",21,16,19,23,21,32,15,15,19,35,37,36,41,44,47,46,41,38,32,36,38,31,39,39
"30-12-2010",40,45,44,46,41,39,27,26,28,34,42,47,48,46,43,46,45,35,14,24,29,30,17,32
"31-12-2010",40,37,28,45,39,21,3,3,4,11,33,52,64,65,60,58,35,9,5,5,6,5,5,5
"01-01-2011",5,-9999,-9999,-9999,-9999,-9999,-9999,-9999,-9999,-9999,-9999,-9999,-9999,-9999,-9999,-9999,-9999,-9999,-9999,-9999,-9999,-9999,-9999,-9999
