"01-01-2013",6,4,3,3,3,3,3,3,3,3,8,7,5,4,3,3,3,4,3,5,4,4,5,4
"02-01-2013",3,2,3,3,2,3,2,4,4,6,4,54,49,28,26,30,33,41,16,6,6,4,4,6
"03-01-2013",4,3,3,3,3,2,3,9,5,5,4,18,17,22,7,4,3,3,-9999,4,3,4,4,3
"04-01-2013",3,3,3,2,2,3,3,3,4,3,4,6,4,4,5,4,3,3,4,3,3,3,3,3
"05-01-2013",3,3,4,3,2,3,2,3,3,3,7,8,11,11,7,5,5,4,6,5,5,4,4,3
"06-01-2013",3,3,2,2,2,2,2,3,3,3,3,3,3,4,3,3,3,4,4,4,4,3,3,3
"07-01-2013",3,3,3,3,2,3,2,3,3,4,4,9,6,4,-9999,4,3,3,3,3,3,3,2,3
"08-01-2013",3,3,3,3,2,2,3,3,3,4,4,4,4,4,4,4,4,3,3,3,3,3,4,3
"09-01-2013",4,3,2,2,3,3,3,7,6,5,5,8,10,25,13,14,19,24,20,17,15,27,5,4
"10-01-2013",6,6,5,4,4,5,6,4,6,4,8,19,11,8,7,6,10,7,7,5,5,11,12,7
"11-01-2013",6,10,11,7,4,5,10,20,32,40,76,89,69,85,25,39,25,20,20,12,16,16,7,6
"12-01-2013",4,5,4,3,4,4,3,37,40,32,4,4,4,5,4,3,3,3,3,3,2,3,3,3
"13-01-2013",2,2,2,3,2,3,3,3,4,5,10,15,6,8,7,4,4,5,5,6,7,-9999,5,5
"14-01-2013",5,3,4,5,3,3,7,7,6,44,14,84,24,7,9,16,9,34,14,6,7,5,5,4
"15-01-2013",3,3,4,2,3,3,3,3,3,3,8,5,3,3,3,3,3,3,3,3,3,3,3,3
"16-01-2013",2,2,2,2,2,3,2,3,3,3,3,3,3,3,3,3,2,3,3,3,3,3,2,3
"17-01-2013",2,3,2,2,2,3,3,4,4,4,4,3,3,3,2,3,2,3,3,3,4,3,2,2
"18-01-2013",2,2,3,3,3,3,3,3,3,3,3,3,3,3,3,5,4,3,5,6,4,3,3,4
"19-01-2013",6,4,3,3,4,3,3,3,4,4,16,8,5,4,4,3,4,3,3,3,4,4,3,4
"20-01-2013",3,3,3,3,3,3,3,3,3,3,4,3,3,4,4,5,5,7,5,4,3,3,3,3
"21-01-2013",3,3,2,3,3,3,3,3,3,3,4,11,3,3,3,3,3,3,3,3,3,2,3,3
"22-01-2013",2,2,3,3,2,2,-9999,3,3,4,3,3,2,3,3,3,3,3,3,3,3,3,3,3
"23-01-2013",3,3,3,2,3,3,3,3,4,4,5,5,5,3,3,3,4,3,3,3,3,3,3,3
"24-01-2013",2,2,2,2,2,2,2,2,2,3,3,4,9,19,15,12,14,3,3,3,3,3,2,3
"25-01-2013",4,3,2,2,3,2,2,3,5,4,2,3,5,3,4,3,3,3,3,3,3,4,3,3
"26-01-2013",3,3,2,3,3,3,4,4,3,3,4,4,4,4,4,4,3,4,3,4,4,3,4,3
"27-01-2013",3,3,3,3,2,3,3,3,3,5,4,4,4,4,4,4,4,4,4,6,7,7,9,12
"28-01-2013",4,6,7,7,8,6,3,11,7,25,18,106,56,12,8,8,8,4,3,4,4,3,4,4
"29-01-2013",3,3,3,3,2,3,3,3,6,34,50,23,3,3,3,3,3,2,3,3,3,2,2,3
"30-01-2013",2,2,2,2,2,2,3,3,3,4,10,5,13,9,7,6,5,3,3,3,3,2,3,3
"31-01-2013",3,3,3,2,3,3,2,3,3,4,14,23,7,3,4,3,3,3,3,3,4,3,3,3
"01-02-2013",2,2,2,2,2,3,3,4,4,6,14,29,9,5,5,7,4,4,4,7,4,4,5,5
"02-02-2013",4,4,3,3,3,2,3,3,3,3,3,4,6,6,5,3,3,4,2,3,3,3,-9999,3
"03-02-2013",3,3,2,2,2,3,2,3,3,2,3,2,3,3,3,3,2,3,3,4,4,4,4,3
"04-02-2013",3,2,3,2,3,3,3,3,3,3,3,3,9,8,14,5,4,5,4,3,4,4,4,4
"05-02-2013",3,3,2,2,2,2,2,3,7,3,4,4,4,5,4,4,4,3,4,4,3,3,3,4
"06-02-2013",3,3,2,2,3,2,3,4,4,3,5,4,3,4,6,4,3,3,3,2,3,3,2,2
"07-02-2013",2,2,2,2,2,2,2,3,3,2,2,3,3,3,3,3,2,3,3,3,4,3,3,2
"08-02-2013",2,2,2,2,2,3,3,3,4,3,3,3,3,4,3,3,3,3,3,2,2,3,3,2
"09-02-2013",3,3,2,2,2,2,2,3,6,3,7,5,6,5,5,3,4,4,4,6,4,3,3,2
"10-02-2013",5,4,4,4,6,3,3,3,3,4,4,4,4,4,3,3,3,3,4,4,3,4,4,4
"11-02-2013",3,3,3,3,4,14,4,6,3,4,8,3,3,3,4,4,3,3,3,4,4,3,3,3
"12-02-2013",2,3,2,2,2,2,2,2,3,3,3,3,3,3,3,3,3,3,2,3,3,3,2,3
"13-02-2013",3,2,2,2,2,3,2,3,2,2,3,3,3,3,3,3,3,3,3,3,3,4,4,3
"14-02-2013",2,2,2,2,3,2,3,3,3,3,3,3,2,3,3,3,2,3,3,4,5,3,3,4
"15-02-2013",3,2,2,2,2,3,3,4,5,5,4,4,6,6,6,3,3,3,3,3,3,3,3,3
"16-02-2013",3,3,2,2,2,2,3,3,3,4,4,4,3,4,4,4,4,3,4,5,4,5,4,3
"17-02-2013",3,2,2,2,2,2,3,3,3,4,5,4,3,3,3,3,3,4,3,3,5,4,4,3
"18-02-2013",4,3,3,2,2,2,3,4,5,7,4,5,5,4,3,3,4,3,4,3,3,6,4,3
"19-02-2013",3,2,2,2,2,2,3,3,4,4,3,3,3,3,4,4,3,3,4,4,4,4,4,3
"20-02-2013",2,2,3,3,2,2,3,3,5,12,22,21,12,7,5,4,3,3,3,4,5,3,3,4
"21-02-2013",3,2,-9999,2,2,3,-9999,3,4,-9999,16,5,3,3,3,3,4,3,3,3,3,4,2,3
"22-02-2013",3,3,2,2,2,2,2,3,4,4,5,4,4,4,4,3,3,3,4,4,5,4,3,4
"23-02-2013",3,3,3,3,3,3,3,3,3,3,3,3,5,19,5,12,8,8,11,5,15,12,3,3
"24-02-2013",3,4,3,7,2,2,3,2,3,2,3,2,3,3,4,3,3,3,2,3,2,2,2,2
"25-02-2013",2,2,2,2,2,2,2,2,3,3,3,3,2,2,3,2,3,3,2,2,3,2,2,2
"26-02-2013",2,2,3,2,2,2,3,4,4,8,5,5,1,3,4,4,4,4,3,2,2,3,2,2
"27-02-2013",2,2,2,2,2,2,2,3,3,3,6,9,4,3,3,3,3,3,3,3,4,3,3,2
"28-02-2013",2,2,2,2,2,2,3,4,4,5,4,8,4,4,5,4,4,3,3,3,3,3,2,2
"01-03-2013",2,2,3,2,2,2,3,4,5,6,32,18,9,5,4,4,4,4,3,3,6,3,3,2
"02-03-2013",2,2,2,2,2,2,2,3,4,5,21,13,7,17,25,10,3,3,3,3,4,3,2,3
"03-03-2013",3,2,3,2,2,2,2,2,3,3,3,3,3,4,5,4,3,3,4,6,4,4,3,3
"04-03-2013",2,3,3,2,2,2,3,3,2,3,3,3,3,3,3,3,3,4,3,2,2,2,2,3
"05-03-2013",2,2,2,2,3,3,3,4,8,8,7,9,4,3,3,3,3,3,3,3,3,3,3,2
"06-03-2013",2,2,3,2,2,2,2,3,3,2,2,3,3,3,2,3,3,3,3,3,-9999,3,3,3
"07-03-2013",2,2,2,3,2,2,3,3,3,3,3,3,6,4,5,5,4,3,3,3,3,3,3,2
"08-03-2013",3,2,2,3,2,2,2,4,5,3,3,3,3,3,4,4,3,4,4,4,3,3,2,3
"09-03-2013",3,2,3,3,2,2,3,3,4,3,3,3,3,8,3,3,4,3,4,3,4,3,4,3
"10-03-2013",2,2,2,3,2,3,2,2,5,14,9,4,5,4,3,3,3,3,2,3,3,2,2,2
"11-03-2013",2,2,2,2,2,2,2,19,14,3,4,3,4,4,4,3,3,3,3,2,2,3,4,3
"12-03-2013",3,2,3,2,2,2,3,2,3,3,5,4,3,3,4,3,3,2,3,4,3,3,3,3
"13-03-2013",3,3,2,2,2,2,2,2,3,2,2,3,3,3,3,3,3,2,2,3,2,2,2,2
"14-03-2013",2,2,2,2,2,2,2,3,3,2,2,2,2,2,2,2,3,2,2,2,3,3,2,2
"15-03-2013",2,2,2,2,2,2,2,2,2,3,3,4,6,6,3,3,3,3,3,2,3,2,2,2
"16-03-2013",2,2,2,2,2,2,2,2,3,3,3,3,3,3,3,2,2,2,2,2,2,2,2,2
"17-03-2013",2,2,2,2,2,2,2,3,3,3,3,2,4,4,4,3,3,3,3,4,3,3,3,3
"18-03-2013",3,3,2,3,3,2,2,2,3,2,3,2,2,2,3,3,3,3,3,3,3,3,3,3
"19-03-2013",3,3,3,3,3,3,3,3,4,4,5,5,3,3,3,3,3,-9999,3,3,3,4,4,3
"20-03-2013",3,2,2,2,3,2,2,3,3,9,24,14,6,4,4,3,3,3,3,3,3,4,6,3
"21-03-2013",2,2,3,2,3,2,3,3,5,9,6,5,4,3,3,4,3,2,2,3,3,3,3,3
"22-03-2013",2,2,3,2,2,2,3,4,4,3,4,3,3,3,3,2,2,2,2,2,2,2,3,2
"23-03-2013",2,2,2,2,2,2,2,2,3,3,2,2,3,3,4,3,3,3,3,4,4,3,3,2
"24-03-2013",3,3,2,2,3,3,3,3,3,3,4,4,3,3,3,4,4,3,3,4,4,4,4,3
"25-03-2013",3,2,3,3,3,2,3,3,2,3,3,3,2,2,3,3,3,2,2,2,2,2,2,2
"26-03-2013",2,2,2,2,2,3,2,3,3,3,3,3,3,3,3,3,3,3,2,3,3,3,3,3
"27-03-2013",2,3,3,2,3,2,3,3,3,2,4,2,6,3,3,3,2,3,3,3,3,3,3,3
"28-03-2013",3,2,2,3,3,3,3,6,4,5,4,3,3,4,3,3,3,4,3,3,3,4,3,3
"29-03-2013",3,2,2,2,2,2,3,3,3,4,3,4,3,4,4,4,4,4,4,4,3,4,3,3
"30-03-2013",3,3,3,2,2,4,2,3,3,4,4,3,3,8,8,5,4,4,5,5,4,7,6,6
"31-03-2013",3,3,2,2,2,2,2,2,3,3,3,5,5,24,7,3,3,3,3,3,3,3,4,2
"01-04-2013",2,3,2,2,2,2,3,-9999,4,5,12,5,5,4,3,3,3,3,3,3,2,2,2,2
"02-04-2013",2,2,2,2,2,2,3,3,3,3,3,3,2,13,10,9,3,4,5,3,3,3,3,3
"03-04-2013",5,2,3,3,4,3,4,5,4,6,8,4,7,4,4,4,4,4,4,3,3,2,2,3
"04-04-2013",3,3,2,3,3,3,2,2,3,7,7,4,4,3,3,3,3,3,4,3,3,2,2,2
"05-04-2013",2,2,2,2,2,2,3,3,4,3,4,6,3,3,2,3,3,3,3,3,4,3,3,3
"06-04-2013",2,2,2,2,2,2,2,2,3,3,6,12,4,5,4,3,3,4,3,4,4,4,4,4
"07-04-2013",4,3,3,3,3,3,2,2,3,2,2,2,3,2,2,2,3,3,3,3,3,3,3,2
"08-04-2013",2,2,2,2,2,2,3,3,3,3,3,3,3,3,3,4,3,2,3,3,2,2,2,3
"09-04-2013",2,2,2,2,2,2,2,3,2,2,2,3,2,3,2,3,3,3,3,3,3,2,3,3
"10-04-2013",2,3,2,2,2,2,2,2,3,3,5,4,3,4,3,3,3,3,3,3,3,4,4,2
"11-04-2013",3,2,2,2,2,2,2,3,3,9,12,4,3,2,3,3,4,3,3,3,3,3,2,2
"12-04-2013",2,2,2,2,2,3,3,3,3,3,4,3,4,3,4,4,4,3,3,3,3,4,3,3
"13-04-2013",3,2,3,2,3,2,2,3,3,4,5,4,4,3,4,4,4,4,4,4,3,3,3,3
"14-04-2013",2,3,2,2,2,2,2,2,2,2,2,2,3,3,3,2,3,3,3,3,3,2,3,4
"15-04-2013",3,2,2,2,2,2,2,3,3,2,3,2,3,3,3,3,3,3,3,3,3,4,4,4
"16-04-2013",4,3,3,2,2,2,2,3,2,2,2,3,2,3,3,3,2,2,-9999,-9999,-9999,-9999,-9999,-9999
"17-04-2013",-9999,-9999,-9999,-9999,-9999,-9999,-9999,-9999,-9999,-9999,-9999,-9999,-9999,-9999,-9999,-9999,-9999,-9999,-9999,-9999,-9999,-9999,-9999,-9999
"18-04-2013",-9999,-9999,-9999,-9999,-9999,-9999,-9999,-9999,-9999,-9999,-9999,-9999,-9999,-9999,-9999,-9999,-9999,-9999,-9999,-9999,-9999,-9999,-9999,-9999
"19-04-2013",-9999,-9999,-9999,-9999,-9999,-9999,-9999,-9999,-9999,-9999,-9999,-9999,-9999,-9999,-9999,-9999,-9999,-9999,-9999,-9999,-9999,-9999,-9999,-9999
"20-04-2013",-9999,-9999,-9999,-9999,-9999,-9999,-9999,-9999,-9999,-9999,-9999,-9999,-9999,-9999,-9999,2,2,2,2,2,2,2,2,2
"21-04-2013",3,3,2,2,2,3,2,3,2,5,10,12,6,3,3,3,3,3,3,3,2,3,2,3
"22-04-2013",2,2,2,2,2,2,2,3,2,2,2,2,2,3,3,3,3,3,3,3,2,3,3,2
"23-04-2013",2,2,2,2,2,2,2,2,3,3,3,3,3,3,3,3,3,3,2,3,3,3,2,2
"24-04-2013",2,2,2,11,14,4,4,4,7,27,28,27,18,5,3,4,-9999,3,3,3,3,3,3,2
"25-04-2013",2,2,2,1,2,2,2,2,3,8,28,24,17,5,4,3,3,4,4,3,3,2,2,2
"26-04-2013",2,2,2,2,2,2,2,2,5,24,8,9,8,5,4,4,3,3,3,3,3,2,3,3
"27-04-2013",3,3,2,3,2,2,2,2,3,6,5,3,3,3,3,3,3,3,3,3,3,3,3,2
"28-04-2013",2,-9999,2,2,2,2,2,2,2,2,3,3,3,3,3,3,4,4,3,3,4,4,4,2
"29-04-2013",2,2,2,2,2,2,2,2,3,11,17,13,8,-9999,3,4,3,3,3,3,4,3,2,2
"30-04-2013",2,2,2,2,2,2,2,2,2,6,25,29,-9999,-9999,4,4,5,5,5,4,4,3,3,2
"01-05-2013",2,2,2,2,2,2,2,2,3,5,7,3,4,4,4,5,5,5,4,4,4,4,3,3
"02-05-2013",4,2,3,2,2,2,2,2,2,3,6,3,5,4,4,4,4,4,4,4,3,3,3,2
"03-05-2013",2,2,2,2,1,1,2,2,2,4,4,4,4,4,4,4,4,4,4,4,4,3,3,3
"04-05-2013",4,5,2,3,2,2,2,2,5,5,6,5,4,4,4,4,4,5,4,4,4,3,3,2
"05-05-2013",2,2,3,2,7,2,2,3,3,3,5,3,4,4,4,5,5,4,4,3,3,3,2,3
"06-05-2013",2,2,2,4,3,2,2,2,2,2,2,3,3,3,3,3,4,4,3,3,3,3,3,3
"07-05-2013",2,2,2,2,2,4,2,3,4,3,3,4,4,3,3,4,3,3,3,3,3,3,3,3
"08-05-2013",3,3,3,2,1,2,2,3,3,3,4,3,3,3,3,3,3,3,3,2,3,3,2,2
"09-05-2013",1,2,2,-9999,2,2,1,2,2,3,2,2,2,2,2,2,2,3,2,2,2,3,2,2
"10-05-2013",2,5,1,1,2,2,1,1,3,15,13,4,5,4,4,3,4,4,3,3,3,3,2,2
"11-05-2013",2,2,1,2,-9999,1,2,1,2,10,7,3,4,4,4,3,3,4,3,3,3,3,2,2
"12-05-2013",2,2,2,2,1,1,2,2,1,2,3,4,3,3,3,4,3,4,3,3,3,2,2,2
"13-05-2013",1,1,1,1,1,1,4,4,7,8,3,3,3,3,2,4,3,3,3,3,2,1,2,1
"14-05-2013",1,1,2,1,1,2,2,2,2,2,3,2,3,3,3,3,4,3,3,3,2,2,2,1
"15-05-2013",1,1,1,2,1,1,2,2,9,33,16,5,3,3,3,4,3,4,4,3,3,3,3,2
"16-05-2013",2,1,2,2,3,1,2,6,3,8,12,6,4,3,3,3,3,3,4,4,3,3,2,3
"17-05-2013",3,2,2,2,2,1,2,3,8,9,8,5,4,4,3,4,4,5,4,3,3,3,4,3
"18-05-2013",2,2,1,2,4,1,3,3,4,8,5,4,3,4,4,5,5,5,5,4,4,3,3,2
"19-05-2013",2,2,2,2,2,2,2,3,2,6,8,10,4,4,4,5,5,6,5,4,4,4,4,2
"20-05-2013",3,3,3,2,2,2,3,3,4,8,3,3,4,4,4,6,5,5,5,4,3,3,3,2
"21-05-2013",2,2,2,2,2,2,2,3,2,2,3,4,4,5,4,5,5,5,5,4,3,4,3,2
"22-05-2013",2,4,3,3,3,3,4,4,8,14,3,3,4,4,4,4,5,5,5,5,4,3,3,3
"23-05-2013",2,2,2,2,1,2,2,3,2,2,2,2,3,4,4,4,5,5,5,4,4,4,3,3
"24-05-2013",2,2,2,2,2,2,3,3,4,4,2,3,4,3,4,3,4,4,4,3,3,3,3,3
"25-05-2013",3,3,3,2,2,2,3,3,4,4,3,3,3,3,4,3,4,4,4,5,4,3,3,2
"26-05-2013",3,2,2,2,2,2,1,1,2,2,1,2,3,3,4,4,4,4,4,4,4,3,2,3
"27-05-2013",2,2,1,2,2,2,2,3,6,5,2,3,3,3,5,3,5,4,4,4,4,2,2,2
"28-05-2013",2,2,2,2,1,2,2,4,4,7,6,6,5,5,4,3,3,4,3,3,3,3,3,2
"29-05-2013",2,2,2,2,3,2,3,4,6,10,7,5,4,4,4,4,5,5,4,4,4,4,3,3
"30-05-2013",2,2,3,4,4,3,1,3,4,3,3,4,4,4,3,4,5,5,4,4,4,3,4,3
"31-05-2013",2,2,3,3,3,2,2,4,5,6,5,2,3,3,4,4,3,4,4,3,3,3,3,4
"01-06-2013",3,2,2,3,2,2,3,4,6,5,4,4,4,3,4,4,5,4,4,5,2,3,3,2
"02-06-2013",2,2,2,2,2,2,2,2,2,2,2,3,4,4,3,3,3,3,4,3,3,3,3,3
"03-06-2013",3,4,3,2,3,2,11,7,4,4,7,5,4,4,4,4,4,4,4,3,3,3,3,2
"04-06-2013",3,2,2,2,2,1,2,2,3,3,-9999,-9999,4,4,4,4,3,3,3,3,3,3,3,2
"05-06-2013",2,2,1,2,2,1,2,3,8,28,10,7,4,3,3,3,3,3,4,4,2,2,3,3
"06-06-2013",3,2,2,2,1,2,2,3,2,2,2,3,4,4,3,3,4,4,3,3,3,2,3,2
"07-06-2013",2,1,1,2,1,2,2,2,2,7,7,4,3,3,3,3,3,3,3,3,3,3,3,2
"08-06-2013",2,2,2,2,2,2,2,2,1,2,2,2,2,3,3,3,3,3,3,3,3,2,2,2
"09-06-2013",3,2,2,2,2,2,2,4,7,6,3,3,3,4,3,3,4,4,3,3,3,2,3,2
"10-06-2013",2,3,2,2,2,1,2,2,2,3,3,3,3,3,3,3,3,3,4,3,3,2,3,2
"11-06-2013",3,2,2,2,3,2,2,2,4,2,2,5,5,4,3,3,3,3,3,3,3,2,2,2
"12-06-2013",2,2,2,1,1,1,1,2,2,2,2,2,2,3,2,2,2,2,3,3,2,3,3,3
"13-06-2013",2,2,2,2,2,2,3,3,3,2,2,2,2,3,7,3,3,3,3,3,3,3,3,2
"14-06-2013",4,2,2,2,2,2,2,3,3,2,2,2,2,3,3,3,3,3,3,3,3,3,3,2
"15-06-2013",2,2,2,2,2,2,3,2,5,3,3,2,3,3,3,3,3,3,3,3,3,3,2,2
"16-06-2013",1,3,2,2,1,2,2,2,2,2,1,1,3,4,3,4,4,5,4,4,4,3,3,2
"17-06-2013",2,2,2,2,2,1,1,2,4,15,10,5,4,3,4,4,5,5,5,4,4,4,3,2
"18-06-2013",2,2,2,2,2,2,2,2,3,7,4,3,3,3,4,4,5,5,5,4,4,4,3,3
"19-06-2013",2,2,2,1,2,2,2,2,11,6,4,3,3,4,4,4,5,5,5,5,4,4,3,2
"20-06-2013",3,4,4,3,3,3,2,4,8,7,6,4,4,3,4,4,5,5,4,4,4,3,3,2
"21-06-2013",2,2,3,3,2,2,3,3,3,3,3,2,3,3,3,4,4,5,5,4,4,3,3,3
"22-06-2013",3,4,4,3,3,3,4,5,5,4,3,3,3,3,3,4,4,4,4,4,4,3,3,2
"23-06-2013",3,2,2,1,1,1,3,2,5,5,3,3,2,3,3,4,5,4,4,4,3,3,3,2
"24-06-2013",2,2,1,1,1,2,1,2,3,4,3,3,3,3,4,4,4,5,5,4,3,3,3,2
"25-06-2013",1,2,2,2,2,2,2,2,6,11,7,4,3,3,4,4,4,5,5,4,4,4,3,2
"26-06-2013",2,2,1,1,1,2,2,2,2,2,2,2,3,4,4,4,5,5,4,4,4,3,3,2
"27-06-2013",1,2,1,1,2,2,2,2,2,2,2,2,3,5,4,4,4,4,4,3,3,3,3,1
"28-06-2013",1,1,2,2,2,2,2,2,3,3,2,6,4,4,3,3,4,4,4,4,3,3,3,2
"29-06-2013",1,1,1,2,2,2,2,2,2,3,4,3,3,3,3,4,4,4,3,3,3,3,2,2
"30-06-2013",2,1,2,1,2,2,2,2,2,2,2,3,3,3,3,3,3,3,3,2,3,3,3,2
"01-07-2013",2,2,3,3,2,1,2,2,2,2,2,3,3,3,3,3,3,3,3,3,2,3,2,2
"02-07-2013",2,2,2,1,2,2,2,2,2,2,4,4,4,3,3,4,3,4,4,3,3,3,3,2
"03-07-2013",1,1,1,2,2,2,2,3,12,11,12,7,5,4,4,3,4,4,3,4,3,3,3,3
"04-07-2013",2,2,2,2,2,2,3,3,2,2,3,3,3,3,3,3,4,4,4,3,3,3,3,2
"05-07-2013",2,2,2,2,1,1,2,3,4,4,5,7,4,4,4,3,3,4,4,4,3,3,3,2
"06-07-2013",1,2,2,2,2,2,2,2,1,1,4,3,3,3,3,3,3,3,3,3,3,2,3,2
"07-07-2013",2,2,2,2,2,1,2,2,2,2,1,2,3,3,3,3,3,4,3,3,3,3,3,2
"08-07-2013",3,2,2,2,3,2,3,3,3,2,2,2,3,3,4,4,4,4,4,4,4,4,3,3
"09-07-2013",2,2,2,1,2,2,2,3,3,2,2,3,4,3,3,4,4,4,5,4,3,3,3,2
"10-07-2013",1,2,2,2,2,2,2,6,4,12,7,2,3,3,3,3,2,2,2,2,2,3,2,2
"11-07-2013",2,2,2,1,2,1,2,2,2,3,4,3,3,2,3,3,2,2,2,2,2,2,2,2
"12-07-2013",1,1,2,1,1,2,2,2,6,3,2,2,2,3,2,2,2,2,2,2,2,2,1,2
"13-07-2013",2,3,2,1,1,2,1,1,2,2,2,1,2,2,2,2,1,1,1,1,2,2,2,1
"14-07-2013",1,1,1,1,1,1,2,1,1,1,2,2,2,2,2,1,2,2,1,2,1,2,2,1
"15-07-2013",2,2,1,1,1,2,2,2,2,2,2,2,3,2,2,2,2,2,2,2,2,1,1,2
"16-07-2013",2,1,2,2,1,2,2,2,2,2,2,2,2,3,2,2,2,2,2,2,2,2,2,1
"17-07-2013",1,2,2,1,1,1,2,2,2,4,6,5,4,2,2,2,2,2,2,1,2,2,2,2
"18-07-2013",2,1,1,2,2,2,2,2,3,4,4,3,3,2,2,2,2,2,1,2,1,1,1,2
"19-07-2013",2,2,2,3,2,1,2,2,2,7,6,3,3,2,2,2,2,2,2,2,2,2,2,1
"20-07-2013",2,1,1,1,1,2,1,2,3,5,3,4,2,2,2,2,2,1,2,1,1,1,1,1
"21-07-2013",1,1,2,2,1,1,2,1,1,3,2,1,2,2,2,2,2,2,2,2,2,1,1,2
"22-07-2013",1,2,2,2,1,2,1,2,2,1,2,2,3,2,3,2,2,2,2,2,2,2,1,2
"23-07-2013",2,2,2,2,1,2,3,1,2,3,4,4,3,2,2,1,2,2,2,2,1,1,1,1
"24-07-2013",1,2,1,1,1,1,1,6,8,7,9,5,3,3,3,2,2,1,2,2,2,1,1,2
"25-07-2013",1,1,2,1,1,2,2,2,2,10,15,13,3,3,2,2,2,2,2,2,2,2,1,2
"26-07-2013",1,1,1,1,2,2,2,2,2,2,2,2,2,2,2,1,2,1,2,2,2,2,1,2
"27-07-2013",1,2,2,2,1,2,1,2,2,2,2,2,2,2,1,2,2,1,2,1,2,2,2,1
"28-07-2013",2,2,1,1,2,2,2,2,2,2,1,2,2,2,2,1,2,2,2,1,2,1,2,1
"29-07-2013",1,1,1,1,1,1,2,2,2,2,2,2,2,2,2,2,2,2,2,1,2,2,2,1
"30-07-2013",2,1,2,2,1,2,2,2,3,3,4,4,3,2,2,2,2,1,2,1,2,2,2,3
"31-07-2013",2,1,1,1,1,2,2,2,2,2,2,2,2,2,2,2,2,2,2,2,2,2,1,1
"01-08-2013",2,1,1,1,1,1,1,2,3,2,3,3,2,2,1,2,2,2,2,2,3,3,2,2
"02-08-2013",2,2,2,2,2,2,2,2,2,3,4,2,2,2,2,2,2,2,2,2,2,1,2,2
"03-08-2013",2,2,1,1,1,1,1,1,2,2,3,2,3,2,2,2,2,1,2,2,1,1,2,2
"04-08-2013",1,1,1,2,1,2,2,2,2,2,2,2,2,2,2,2,2,2,2,1,2,1,1,1
"05-08-2013",2,1,1,2,2,2,3,2,2,3,2,2,2,2,2,2,2,2,2,2,2,2,2,2
"06-08-2013",2,3,2,2,2,1,1,2,3,5,5,3,2,2,2,2,2,2,2,1,1,1,2,1
"07-08-2013",2,2,2,2,2,2,1,2,4,6,3,3,2,2,2,2,2,2,2,2,2,1,1,2
"08-08-2013",2,2,3,3,1,2,2,1,4,5,5,4,2,2,2,1,2,1,1,1,2,2,2,2
"09-08-2013",1,2,1,1,1,2,2,2,1,2,3,3,1,2,2,2,2,2,1,1,1,1,1,1
"10-08-2013",1,1,1,1,1,1,1,2,2,3,2,2,1,2,2,1,2,1,2,2,1,2,2,1
"11-08-2013",1,1,2,2,1,3,2,2,2,2,2,2,2,2,2,2,2,4,2,2,2,2,2,2
"12-08-2013",2,2,2,2,2,2,2,2,3,3,3,2,2,2,3,2,2,2,2,2,2,1,2,2
"13-08-2013",1,1,1,2,2,1,1,2,1,2,2,2,2,2,1,2,1,2,2,1,1,2,1,1
"14-08-2013",1,1,1,2,1,1,2,2,2,2,2,2,2,2,1,1,2,2,1,1,2,2,2,2
"15-08-2013",1,1,1,1,1,1,1,1,1,2,4,3,2,1,1,1,1,2,2,2,1,1,1,1
"16-08-2013",1,2,2,1,1,2,2,2,1,1,2,2,2,1,2,1,2,1,2,2,2,3,3,2
"17-08-2013",2,1,2,2,2,2,2,2,3,5,3,2,2,2,2,2,2,2,2,1,2,2,2,2
"18-08-2013",1,2,1,2,2,2,2,2,3,2,3,2,2,2,2,1,1,2,2,2,2,1,2,2
"19-08-2013",2,1,2,2,2,2,2,1,2,5,5,3,2,2,2,2,2,2,2,2,2,3,1,2
"20-08-2013",1,1,2,1,1,2,2,1,2,2,4,3,2,2,2,2,2,1,2,2,2,2,2,2
"21-08-2013",2,1,2,1,1,2,2,2,2,1,2,2,2,1,2,2,2,1,2,1,2,2,2,2
"22-08-2013",1,2,2,1,1,2,2,2,2,3,5,5,3,2,2,2,2,2,2,2,2,2,2,2
"23-08-2013",1,1,1,2,1,2,2,2,3,5,3,3,2,2,2,2,2,2,2,2,1,2,1,2
"24-08-2013",1,1,1,1,1,1,1,2,2,3,2,2,2,1,2,2,2,2,2,2,1,2,2,4
"25-08-2013",2,2,2,2,1,2,2,1,2,2,2,2,2,2,2,2,2,2,2,2,2,2,2,2
"26-08-2013",2,2,1,1,1,2,2,3,3,3,3,3,2,2,2,2,2,2,2,1,1,1,2,1
"27-08-2013",2,1,1,1,2,2,2,2,3,3,4,4,4,5,2,2,2,2,2,2,2,3,2,2
"28-08-2013",2,1,2,3,2,2,2,2,3,2,2,2,2,2,2,2,3,2,3,3,2,2,2,1
"29-08-2013",2,2,2,3,3,3,4,3,3,6,9,4,3,2,2,2,2,2,2,2,2,2,2,2
"30-08-2013",2,2,2,2,2,2,3,2,2,2,2,2,3,3,2,2,2,2,2,2,2,2,2,1
"31-08-2013",2,1,2,2,2,2,2,2,2,2,2,2,3,2,2,2,2,2,2,2,2,2,2,2
"01-09-2013",2,2,2,2,2,2,2,2,2,1,2,2,2,2,2,2,2,2,2,2,1,2,2,2
"02-09-2013",2,2,2,2,2,2,2,2,3,3,3,2,3,4,3,4,3,2,2,2,3,3,3,3
"03-09-2013",2,2,2,2,2,2,2,2,2,3,2,2,3,2,2,3,2,3,2,2,2,2,2,2
"04-09-2013",2,2,2,2,2,2,2,2,2,2,2,2,3,2,2,2,3,2,2,2,2,2,2,2
"05-09-2013",2,2,2,1,2,2,2,2,5,5,3,2,3,2,2,3,2,2,3,2,2,2,2,2
"06-09-2013",2,2,2,2,2,1,2,2,2,2,12,6,4,3,2,2,2,2,2,2,2,2,1,1
"07-09-2013",1,2,2,2,2,2,2,2,2,7,11,8,3,3,3,2,2,2,2,2,1,2,2,1
"08-09-2013",1,2,2,2,1,2,2,1,2,2,3,3,3,3,3,2,2,2,2,1,2,2,2,2
"09-09-2013",1,2,2,2,2,2,2,2,3,3,3,3,2,2,2,2,2,2,2,2,1,2,2,1
"10-09-2013",2,2,2,2,2,2,2,2,2,2,3,2,3,2,1,3,3,2,2,2,2,2,2,2
"11-09-2013",1,2,2,1,2,1,1,2,2,2,2,2,2,2,2,3,2,2,3,2,2,2,2,2
"12-09-2013",2,2,2,2,2,1,2,2,5,13,10,4,3,2,3,3,2,2,2,2,2,3,3,2
"13-09-2013",1,1,2,2,2,2,2,3,4,4,12,5,5,3,3,2,3,3,3,19,3,2,2,2
"14-09-2013",1,1,1,2,1,1,2,2,3,3,2,2,2,3,2,3,3,2,2,2,2,2,2,2
"15-09-2013",2,2,2,3,2,2,2,2,2,3,5,4,3,2,2,2,2,2,2,3,3,2,2,2
"16-09-2013",1,2,1,2,1,2,2,2,3,2,2,2,2,2,4,3,3,3,3,2,2,2,2,2
"17-09-2013",2,2,2,2,2,2,2,2,3,8,6,3,4,4,3,3,2,2,2,2,3,3,2,2
"18-09-2013",2,2,2,2,2,2,2,2,2,3,2,3,3,3,3,3,3,2,2,2,2,2,2,1
"19-09-2013",1,2,2,2,2,1,2,2,4,4,5,11,7,3,2,3,2,2,2,2,2,2,2,2
"20-09-2013",2,2,2,2,2,2,2,2,2,3,3,2,2,2,2,3,2,2,2,2,2,2,2,2
"21-09-2013",2,1,2,1,1,2,2,2,2,2,2,2,3,3,3,3,2,2,2,2,2,2,2,2
"22-09-2013",2,2,2,2,1,2,2,2,2,2,2,2,2,3,3,2,2,2,2,2,2,2,2,2
"23-09-2013",3,2,2,2,2,1,2,3,3,12,8,3,4,3,3,3,3,2,3,2,2,2,2,2
"24-09-2013",2,2,2,1,2,2,2,2,3,4,3,3,3,2,3,3,3,3,3,2,3,2,2,2
"25-09-2013",2,2,2,3,2,2,2,2,3,4,12,7,7,4,4,3,3,3,3,2,2,2,2,2
"26-09-2013",2,2,2,2,2,2,2,3,3,7,19,15,8,5,3,3,3,2,3,3,3,3,3,2
"27-09-2013",2,3,2,3,2,2,2,3,3,8,7,7,4,4,4,3,2,2,3,2,2,2,2,3
"28-09-2013",2,2,2,2,2,2,2,3,2,2,3,3,3,3,2,2,2,2,3,2,2,2,2,2
"29-09-2013",2,2,2,2,2,2,2,1,2,2,2,2,2,2,2,2,3,1,2,2,2,2,2,2
"30-09-2013",1,2,2,2,2,1,2,2,2,2,2,2,2,3,3,4,3,2,3,3,-9999,-9999,2,1
"01-10-2013",1,1,2,1,2,2,1,2,3,4,4,7,5,4,3,3,2,2,2,2,2,2,2,2
"02-10-2013",1,2,1,2,2,1,1,2,3,3,3,3,3,3,3,3,3,2,2,2,2,2,2,2
"03-10-2013",2,2,2,2,2,1,2,2,2,3,3,3,3,2,2,3,4,3,2,3,2,2,2,2
"04-10-2013",2,1,2,1,1,1,2,2,3,3,2,2,3,4,5,5,4,4,3,3,2,3,2,2
"05-10-2013",2,3,2,1,2,1,2,2,5,3,4,5,5,4,3,2,2,3,3,3,3,2,2,2
"06-10-2013",2,2,2,2,2,2,2,2,2,2,2,2,3,3,3,3,2,3,2,3,2,2,2,2
"07-10-2013",2,2,2,2,2,1,2,2,3,3,2,2,2,3,3,3,3,2,2,3,3,2,2,3
"08-10-2013",3,2,2,2,2,2,3,3,5,3,3,3,4,3,2,3,3,3,3,3,4,3,4,3
"09-10-2013",2,2,2,2,2,2,3,3,4,3,11,4,4,5,4,3,4,4,4,3,3,3,3,3
"10-10-2013",3,3,3,3,3,3,3,3,3,3,4,3,4,4,3,4,4,4,4,4,4,4,4,4
"11-10-2013",3,3,2,2,3,3,3,4,4,4,13,4,14,11,4,3,3,4,4,4,4,3,3,3
"12-10-2013",3,3,3,3,3,3,3,3,4,6,9,21,19,17,11,7,5,4,10,3,4,4,4,4
"13-10-2013",3,3,2,3,3,3,3,3,3,4,9,7,4,3,3,3,3,3,3,3,3,3,3,3
"14-10-2013",3,3,3,3,3,3,3,3,4,4,3,3,4,4,4,5,5,4,4,4,3,3,3,3
"15-10-2013",3,3,3,2,3,3,3,3,4,3,4,4,4,3,4,4,4,3,3,3,3,3,3,3
"16-10-2013",3,2,2,2,3,3,3,2,4,4,3,3,3,3,3,3,3,3,3,3,3,3,3,3
"17-10-2013",3,3,3,3,2,3,3,4,3,4,4,4,5,5,4,4,4,4,3,4,3,3,3,3
"18-10-2013",3,3,3,2,3,3,3,4,3,3,3,4,4,4,4,4,4,4,3,4,3,3,3,3
"19-10-2013",3,3,3,2,2,3,3,3,3,3,3,4,3,3,3,3,3,4,4,3,4,3,3,3
"20-10-2013",3,2,3,3,3,3,3,3,3,3,3,3,3,4,3,3,3,4,4,3,3,4,3,3
"21-10-2013",3,3,3,2,3,3,3,3,4,3,36,15,10,8,6,7,5,4,4,5,4,4,3,3
"22-10-2013",3,3,3,3,3,15,4,4,4,4,17,39,17,8,8,6,4,4,4,4,3,3,4,4
"23-10-2013",4,4,4,3,3,3,3,3,5,4,4,4,4,4,4,4,4,4,4,5,3,4,4,3
"24-10-2013",3,3,3,3,2,3,3,3,4,4,4,7,9,11,8,6,4,4,4,4,3,3,3,3
"25-10-2013",3,3,3,3,3,3,3,3,3,3,14,22,6,5,5,4,3,3,4,4,4,4,3,3
"26-10-2013",3,2,3,3,3,3,3,3,4,4,4,6,7,5,4,3,3,4,4,4,4,4,3,3
"27-10-2013",3,3,3,3,3,2,3,4,4,4,3,5,6,5,5,4,4,3,3,4,4,3,4,3
"28-10-2013",3,3,3,3,3,3,3,4,4,6,8,10,6,5,7,4,4,4,4,3,3,4,3,3
"29-10-2013",3,3,3,3,3,2,2,3,4,13,28,21,11,7,4,4,4,4,5,5,4,4,3,3
"30-10-2013",4,3,4,3,3,3,3,3,4,4,8,5,4,4,4,4,4,4,5,4,3,3,3,3
"31-10-2013",3,3,3,3,2,3,3,3,4,5,6,5,5,4,3,4,4,3,4,4,3,3,3,4
"01-11-2013",5,4,3,4,3,3,3,3,4,6,13,11,6,6,5,5,4,4,4,3,3,4,4,3
"02-11-2013",3,3,3,3,3,2,3,3,5,7,15,7,5,5,5,5,4,3,3,3,3,3,3,3
"03-11-2013",3,2,3,3,2,3,3,2,3,3,3,4,4,5,4,3,3,4,4,3,4,3,4,3
"04-11-2013",3,3,3,2,3,3,4,4,4,8,21,20,19,5,4,4,4,4,4,4,3,4,4,4
"05-11-2013",3,3,3,3,3,2,3,4,3,3,3,3,3,3,3,3,3,3,3,3,3,3,3,3
"06-11-2013",3,2,3,3,2,2,2,3,3,3,3,3,3,3,3,3,3,3,4,3,3,3,3,3
"07-11-2013",3,3,3,2,3,3,3,4,6,18,12,10,8,6,5,3,4,4,4,3,4,4,3,3
"08-11-2013",3,3,2,2,2,3,3,3,3,8,5,5,5,5,6,4,4,4,4,4,3,3,3,3
"09-11-2013",3,3,3,3,2,2,3,3,3,3,5,5,7,5,4,3,4,4,4,4,4,3,3,3
"10-11-2013",3,3,3,2,3,3,2,3,3,4,4,4,4,4,4,3,4,4,3,3,3,3,3,4
"11-11-2013",3,3,3,3,3,3,3,3,3,3,10,20,17,9,4,4,4,4,3,4,3,4,3,3
"12-11-2013",2,3,3,2,3,3,3,3,3,3,3,3,3,3,3,3,3,3,3,3,3,4,4,3
"13-11-2013",3,4,3,3,3,3,3,3,3,3,3,3,3,5,4,4,4,4,3,4,3,3,3,3
"14-11-2013",3,2,3,3,2,2,3,4,4,4,3,3,4,4,3,4,4,4,4,4,4,3,3,3
"15-11-2013",3,3,3,2,3,2,3,3,4,4,4,14,2,4,4,4,5,4,6,6,5,4,4,4
"16-11-2013",3,3,3,3,3,3,3,3,3,3,4,5,5,5,5,4,4,4,4,5,5,5,5,4
"17-11-2013",3,3,3,3,3,3,3,4,4,5,4,4,5,6,5,4,4,5,5,5,5,4,5,4
"18-11-2013",3,3,3,3,3,3,3,6,10,18,16,17,11,8,5,4,4,17,8,8,4,4,4,4
"19-11-2013",3,3,3,3,3,3,4,4,5,5,5,12,21,6,4,9,6,4,4,3,3,3,4,7
"20-11-2013",4,3,3,3,3,3,3,3,3,3,5,18,17,11,5,6,4,4,4,4,3,3,3,3
"21-11-2013",3,3,3,2,3,3,3,3,4,4,6,8,8,5,4,5,4,4,4,3,3,3,3,3
"22-11-2013",3,3,3,3,3,3,4,10,5,17,22,18,9,6,6,5,4,5,4,5,3,3,3,3
"23-11-2013",3,3,3,3,3,3,3,2,3,3,3,3,4,4,3,3,4,3,3,3,4,3,4,4
"24-11-2013",4,4,3,3,3,3,3,3,3,4,4,7,5,8,5,4,4,5,5,4,4,3,3,3
"25-11-2013",3,3,3,3,3,3,3,3,3,6,5,45,19,11,20,26,82,25,6,5,5,5,5,4
"26-11-2013",4,3,3,3,3,4,4,4,5,5,5,6,7,7,8,6,6,8,7,6,7,5,8,6
"27-11-2013",6,5,4,4,3,5,4,5,9,8,12,14,7,6,12,10,6,4,4,4,4,4,4,4
"28-11-2013",3,4,3,3,3,3,3,5,6,6,5,5,6,5,5,6,5,4,4,4,4,4,4,4
"29-11-2013",6,4,5,4,4,4,4,4,6,16,9,5,5,5,5,4,4,4,4,4,4,4,5,3
"30-11-2013",3,4,3,3,4,3,4,4,7,10,14,65,57,57,60,50,29,8,8,28,69,35,10,9
"01-12-2013",7,5,6,5,4,4,4,4,4,4,4,5,7,6,7,6,5,6,6,6,8,7,7,3
"02-12-2013",4,4,3,3,4,4,4,5,18,6,4,30,53,7,5,5,5,5,6,6,6,6,5,4
"03-12-2013",3,4,3,3,3,3,4,4,5,5,4,4,5,4,5,7,6,7,7,10,6,5,6,5
"04-12-2013",4,4,3,4,6,7,4,5,6,20,34,45,29,18,11,10,5,5,5,5,5,6,5,4
"05-12-2013",4,5,4,7,4,4,6,5,5,8,43,55,35,21,16,17,5,4,4,4,4,5,5,4
"06-12-2013",4,4,4,4,4,3,3,4,6,5,5,5,9,48,56,23,10,11,8,13,11,6,5,22
"07-12-2013",4,4,4,3,3,3,3,3,4,5,5,5,6,6,5,4,5,5,4,5,5,4,4,5
"08-12-2013",5,4,4,4,4,5,4,6,5,6,11,12,11,10,10,8,6,6,5,6,7,5,4,4
"09-12-2013",4,3,3,3,3,3,4,4,5,12,23,58,58,29,27,38,24,20,22,12,6,6,6,4
"10-12-2013",4,7,6,4,3,3,4,5,7,11,10,9,9,8,7,7,5,5,4,6,6,8,5,5
"11-12-2013",4,3,4,3,3,4,4,9,8,7,19,15,6,5,5,6,6,6,6,5,6,7,4,4
"12-12-2013",4,5,5,4,4,3,4,4,4,8,36,7,8,5,6,5,4,5,6,6,6,5,5,5
"13-12-2013",4,4,4,3,3,4,3,5,5,5,5,5,8,28,21,14,12,11,15,18,9,6,5,4
"14-12-2013",4,3,4,3,3,3,4,4,5,8,23,39,22,23,13,9,8,9,8,8,6,9,9,6
"15-12-2013",5,4,4,4,3,4,4,4,5,6,8,13,30,20,13,12,10,8,9,8,7,11,11,6
"16-12-2013",4,4,4,4,3,4,5,6,6,5,5,6,5,6,5,5,5,5,6,7,7,6,6,5
"17-12-2013",5,4,4,4,4,4,5,7,38,8,6,14,14,18,14,11,11,12,10,8,8,7,7,6
"18-12-2013",5,4,4,3,4,4,5,6,4,7,53,98,50,22,13,11,6,7,7,8,8,6,7,6
"19-12-2013",4,4,5,4,4,5,4,5,10,24,34,97,68,14,20,17,14,13,7,6,4,7,6,6
"20-12-2013",4,4,3,3,3,3,4,4,7,9,31,114,28,28,30,23,16,25,18,37,11,5,5,5
"21-12-2013",4,23,5,5,4,5,4,5,7,15,12,6,7,7,5,6,5,5,5,5,5,6,5,4
"22-12-2013",4,3,4,4,4,4,4,4,5,6,13,29,17,22,12,7,5,8,5,6,7,7,5,5
"23-12-2013",4,4,4,4,4,4,5,5,8,15,31,100,68,35,26,19,20,17,10,8,9,8,5,5
"24-12-2013",4,4,4,4,4,4,4,5,6,5,5,9,33,91,156,24,37,14,6,5,40,8,17,8
"25-12-2013",53,40,23,6,4,15,22,18,17,10,8,10,28,29,28,58,89,11,11,10,8,6,43,47
"26-12-2013",6,9,11,4,5,4,5,6,104,12,7,6,7,6,7,31,7,5,4,4,4,4,4,4
"27-12-2013",4,3,3,3,3,3,3,3,3,4,3,3,3,4,4,3,3,3,5,5,4,4,4,4
"28-12-2013",3,3,3,3,3,3,3,3,4,4,5,5,5,5,5,5,4,4,4,4,4,4,4,4
"29-12-2013",4,4,3,3,3,3,3,4,4,5,12,10,15,21,19,8,6,5,5,6,4,4,4,4
"30-12-2013",3,3,3,3,4,3,3,4,5,13,62,57,28,22,26,7,6,5,4,5,6,6,5,5
"31-12-2013",4,3,4,4,3,4,4,3,5,4,4,6,6,6,7,5,8,7,6,6,7,5,4,-9999
