"01-01-2010",0.88,1.09,0.87,0.75,0.79,0.72,0.71,0.74,0.79,0.75,0.73,0.78,0.79,0.83,0.80,0.79,0.80,0.76,0.84,0.79,0.77,0.84,0.90,0.90
"02-01-2010",0.81,0.79,0.74,0.72,0.74,0.72,0.72,0.77,0.78,0.83,0.87,1.15,1.14,1.25,1.31,1.21,1.24,1.25,1.29,1.59,1.49,1.65,1.78,1.20
"03-01-2010",1.21,0.99,0.93,0.95,0.92,0.82,0.86,0.80,0.82,0.80,0.81,0.80,0.81,0.88,0.91,1.00,1.06,1.07,1.21,1.26,1.34,1.23,1.20,1.48
"04-01-2010",1.71,1.50,1.43,1.27,1.24,1.24,1.13,1.10,1.12,1.35,1.40,1.17,1.09,1.02,1.07,1.16,1.08,1.06,1.18,1.37,1.61,1.51,1.34,1.20
"05-01-2010",1.09,1.00,0.88,0.88,0.85,0.86,0.87,0.88,0.89,0.85,0.83,0.90,1.06,1.08,1.04,1.03,0.81,1.04,1.31,1.46,1.26,1.12,1.12,1.09
"06-01-2010",1.03,0.88,0.80,0.72,0.73,0.72,0.72,0.73,0.72,0.88,0.77,0.72,0.75,0.74,0.78,0.73,0.72,0.82,1.47,1.27,0.99,0.93,0.90,0.89
"07-01-2010",0.90,0.89,0.83,0.85,0.81,0.82,0.81,0.73,0.72,0.93,0.96,0.83,0.78,0.83,0.78,0.79,0.84,0.88,1.21,1.82,1.78,2.00,2.77,1.98
"08-01-2010",1.60,1.14,1.07,0.99,1.15,1.06,0.98,0.96,1.22,1.10,1.10,0.99,0.87,0.81,0.72,0.72,0.76,0.74,0.85,0.91,0.83,0.83,0.85,1.03
"09-01-2010",1.05,1.20,0.81,0.81,0.93,0.79,0.77,0.81,0.82,0.86,0.74,0.71,0.85,0.83,0.81,0.81,0.82,0.89,0.86,0.90,0.85,1.06,0.92,0.85
"10-01-2010",0.80,0.78,0.79,0.83,0.80,0.77,0.76,0.80,0.78,0.81,0.79,0.75,0.78,1.00,0.99,1.10,0.93,1.05,1.09,1.37,1.12,1.08,1.07,1.17
"11-01-2010",1.08,1.03,0.97,0.93,0.95,0.89,0.85,0.59,1.34,1.43,1.15,1.09,1.05,1.03,1.00,1.02,1.00,1.00,1.09,1.14,1.12,1.19,1.31,1.34
"12-01-2010",1.26,1.03,0.98,0.97,0.95,0.95,0.92,0.92,1.23,1.21,1.47,1.58,1.51,1.30,1.25,0.95,0.98,1.01,1.41,1.62,2.09,2.36,1.76,1.47
"13-01-2010",1.55,1.42,1.20,0.54,0.99,0.91,0.91,0.98,1.29,1.43,1.42,1.41,1.02,0.98,1.08,1.01,0.97,0.35,1.22,1.34,1.35,1.30,1.36,1.17
"14-01-2010",1.05,1.06,1.07,1.08,1.13,1.10,1.32,1.32,1.75,2.69,2.58,2.03,1.72,1.59,1.57,1.58,1.45,1.52,1.53,1.74,1.63,1.66,1.54,1.57
"15-01-2010",1.45,1.46,2.01,1.73,1.53,1.37,1.29,1.36,1.58,1.55,1.43,1.38,1.60,1.53,1.37,1.16,1.27,1.16,1.32,1.56,1.51,1.65,1.55,1.65
"16-01-2010",1.61,1.55,1.50,1.37,1.25,1.13,1.10,1.06,1.14,1.18,1.24,1.39,1.24,1.20,1.38,1.39,1.42,1.36,1.00,1.20,1.62,1.64,1.47,1.46
"17-01-2010",1.43,1.49,1.50,1.60,1.60,1.48,1.43,1.37,1.54,1.54,1.46,1.38,1.30,1.27,1.23,1.18,1.18,1.30,1.45,1.55,1.61,1.52,1.66,1.64
"18-01-2010",1.69,1.39,1.36,1.25,1.20,1.10,1.03,0.99,1.14,1.23,1.29,1.24,1.23,1.19,1.16,1.19,1.15,1.14,1.26,1.36,1.59,1.42,1.64,1.68
"19-01-2010",1.83,1.58,1.55,1.52,1.45,1.40,1.44,1.51,2.00,2.85,2.90,2.13,1.65,1.49,1.21,1.12,1.04,1.03,1.20,1.31,1.43,1.58,1.96,1.91
"20-01-2010",1.84,1.99,1.76,1.70,1.64,1.48,1.52,1.50,2.04,2.71,2.40,2.03,1.81,1.66,1.49,1.25,1.24,1.24,1.43,1.53,1.71,2.07,2.55,2.72
"21-01-2010",2.74,2.66,2.63,2.52,2.30,2.08,1.83,1.58,1.60,1.90,1.89,1.64,1.41,0.43,1.13,1.13,1.01,1.14,1.30,1.26,1.30,1.51,1.43,1.27
"22-01-2010",1.33,1.24,1.15,1.04,1.06,1.05,1.00,1.06,1.26,1.61,1.58,1.42,1.36,1.35,1.29,1.41,1.33,1.45,1.56,1.55,1.74,1.55,0.77,1.48
"23-01-2010",1.40,1.36,1.29,1.27,1.29,1.19,1.18,1.17,1.33,0.73,1.52,1.69,1.49,1.38,1.30,1.28,1.15,1.34,1.42,1.53,1.65,1.72,1.66,1.47
"24-01-2010",1.45,1.59,1.87,1.86,1.64,1.53,1.58,1.60,1.54,1.65,1.77,1.72,1.66,1.69,1.85,1.71,1.48,1.29,1.34,2.36,2.67,3.08,2.79,2.99
"25-01-2010",3.68,3.57,2.91,2.37,1.89,1.56,1.39,1.35,1.71,1.69,1.93,1.70,1.52,1.47,1.59,1.41,1.19,1.27,1.44,1.34,1.31,1.25,1.18,1.12
"26-01-2010",1.17,1.12,1.08,0.99,1.01,0.96,1.01,1.02,1.32,1.67,1.53,1.40,1.33,1.31,1.17,1.10,1.05,1.09,1.32,1.44,1.38,1.49,1.63,1.97
"27-01-2010",1.61,1.39,1.24,1.19,1.05,1.05,1.11,1.12,1.17,1.08,1.33,1.33,1.20,1.13,1.44,1.31,1.26,1.15,1.20,1.44,1.69,1.67,1.79,1.51
"28-01-2010",1.37,1.43,1.37,1.24,1.32,1.15,1.11,1.18,1.33,1.61,1.45,1.57,1.75,1.71,1.24,1.25,1.22,1.24,1.31,1.53,1.89,1.90,2.00,2.20
"29-01-2010",1.79,1.64,1.49,1.26,1.15,1.05,1.03,1.05,1.27,1.31,1.11,1.16,1.07,0.97,0.98,1.14,1.01,1.15,1.14,1.47,1.66,1.90,2.16,1.70
"30-01-2010",1.46,1.22,1.09,1.05,1.01,1.03,1.03,1.01,1.05,1.03,1.25,1.27,1.14,1.14,1.17,0.96,0.93,0.99,1.31,1.08,1.19,1.27,1.13,0.98
"31-01-2010",1.08,1.06,1.07,0.90,0.84,0.84,0.83,0.83,0.85,0.91,1.12,1.07,1.29,1.25,1.23,1.12,1.16,1.27,1.20,1.46,1.24,1.38,1.37,1.37
"01-02-2010",1.35,1.14,1.00,0.93,0.83,0.81,0.85,0.90,0.88,0.90,0.88,0.97,0.87,0.88,0.84,0.86,0.92,0.91,1.03,1.09,1.58,2.06,2.03,2.00
"02-02-2010",1.78,1.36,1.02,0.96,0.99,0.90,0.88,0.90,1.28,1.36,1.22,1.04,0.95,0.98,0.96,0.96,0.95,0.96,0.95,0.96,1.01,1.10,1.18,1.16
"03-02-2010",1.04,0.93,0.87,0.82,0.82,0.85,0.87,0.88,1.16,1.60,1.48,1.17,1.03,1.02,0.97,0.92,0.86,0.87,1.08,1.24,1.31,1.74,2.23,2.62
"04-02-2010",2.74,2.72,2.52,1.93,1.60,1.49,1.44,1.49,1.78,2.01,1.85,1.64,1.47,1.36,1.22,1.12,1.02,0.99,1.15,1.97,1.91,2.15,2.58,2.71
"05-02-2010",2.59,2.04,2.09,1.88,1.77,1.81,1.45,1.32,1.45,1.58,1.76,1.98,1.95,1.47,1.22,0.97,0.90,0.85,0.92,1.12,1.32,1.37,1.30,1.33
"06-02-2010",1.10,0.92,0.87,0.82,0.81,0.79,0.81,0.80,0.84,0.90,0.83,0.83,1.00,0.83,1.03,1.08,0.94,0.94,1.17,1.29,1.54,1.52,2.14,1.99
"07-02-2010",2.31,1.77,1.26,0.96,0.91,0.78,0.76,0.79,0.78,0.85,0.88,0.93,1.06,1.01,0.97,0.95,0.98,1.03,1.04,1.17,1.31,1.63,1.88,1.97
"08-02-2010",1.99,1.76,1.42,1.32,1.15,1.03,1.12,1.10,1.35,1.43,1.48,1.29,1.17,1.18,1.18,1.14,1.12,1.16,1.03,1.05,1.31,1.81,2.33,2.28
"09-02-2010",1.96,1.87,1.60,1.50,1.36,1.36,1.23,1.20,1.46,1.57,1.49,1.42,1.46,1.37,1.11,1.02,0.99,0.98,1.04,1.05,1.15,1.33,1.27,1.12
"10-02-2010",1.09,1.03,1.01,0.98,0.95,0.88,0.87,0.90,1.03,1.01,1.02,1.00,1.05,1.00,1.01,1.06,1.40,1.54,1.19,1.28,1.52,1.66,2.05,1.51
"11-02-2010",1.39,0.94,0.95,0.92,0.90,0.86,0.85,0.88,1.10,1.11,1.02,1.24,1.07,1.09,1.27,1.10,1.05,0.99,0.99,1.17,1.18,1.28,1.20,1.15
"12-02-2010",1.06,1.02,0.99,0.97,0.84,0.79,0.81,0.84,1.03,1.20,1.24,1.17,1.07,1.17,1.05,1.06,1.07,1.04,1.05,1.13,1.24,1.39,1.35,1.26
"13-02-2010",1.41,1.20,0.99,1.06,0.94,0.88,0.87,0.90,0.93,1.03,1.12,1.13,1.15,1.15,1.31,1.36,1.27,1.28,1.22,1.87,2.44,2.96,3.02,3.25
"14-02-2010",3.62,3.06,2.12,1.65,1.34,1.16,1.27,1.19,1.33,1.31,1.25,1.43,1.65,1.78,1.94,1.88,1.41,1.32,1.27,2.24,2.19,2.36,2.44,2.78
"15-02-2010",1.67,1.25,1.16,1.03,1.01,0.92,0.92,0.90,0.94,0.98,0.98,1.15,1.28,1.32,1.32,1.06,0.95,1.39,1.34,2.00,2.14,2.56,2.72,2.60
"16-02-2010",2.61,3.04,2.33,2.05,1.72,1.48,1.32,1.31,1.74,1.56,1.36,1.31,1.21,1.13,1.10,0.97,1.17,1.31,1.36,1.15,0.99,1.22,1.28,1.06
"17-02-2010",0.97,1.05,1.05,0.96,0.87,0.90,0.93,0.90,1.00,0.96,1.16,0.95,0.92,0.92,0.91,0.92,0.91,1.02,1.40,1.65,1.10,0.91,0.93,0.97
"18-02-2010",0.80,0.79,0.85,0.82,0.80,0.77,0.77,0.88,1.21,1.22,1.11,0.90,0.88,0.86,0.92,0.96,0.92,0.90,1.12,1.33,1.10,1.43,1.59,1.68
"19-02-2010",1.85,1.88,1.59,1.47,1.31,1.10,1.03,1.01,0.98,0.36,1.53,1.50,1.38,1.12,1.08,1.08,0.92,0.94,0.97,0.97,1.11,1.02,0.94,0.90
"20-02-2010",0.81,0.83,0.81,0.82,0.78,0.77,0.76,0.75,0.89,0.80,0.79,0.82,0.81,0.82,0.83,0.83,0.88,0.89,1.04,0.95,0.98,0.99,1.07,1.12
"21-02-2010",0.94,0.92,0.85,0.79,0.77,0.70,0.72,0.78,0.85,0.93,0.93,0.96,0.94,0.98,0.99,0.80,0.81,0.79,0.86,0.97,1.12,1.74,1.87,1.80
"22-02-2010",1.64,1.60,1.51,1.45,1.30,1.13,1.06,1.02,1.20,1.29,1.18,1.09,1.14,1.11,0.96,0.86,0.86,0.87,0.86,0.82,1.04,1.08,1.10,1.08
"23-02-2010",1.02,1.02,0.91,0.86,0.91,0.87,0.88,1.05,1.49,1.65,1.26,1.04,0.87,0.85,0.87,0.91,1.17,1.10,0.97,0.91,0.89,0.93,1.29,1.48
"24-02-2010",1.57,1.48,1.24,1.17,1.24,1.15,0.93,0.95,1.17,1.18,1.20,1.19,1.20,1.08,1.09,0.98,1.08,1.15,1.05,1.07,1.15,1.27,1.18,1.06
"25-02-2010",1.08,1.10,1.11,1.17,1.04,0.95,0.93,0.93,1.01,1.14,1.09,1.03,0.97,0.85,0.82,0.83,0.82,0.85,0.90,0.97,1.02,0.93,1.08,1.29
"26-02-2010",1.45,1.29,1.34,1.26,1.19,1.09,1.10,1.18,1.41,1.61,1.36,1.17,1.05,1.05,1.04,1.06,0.99,1.13,1.22,0.99,0.96,0.96,0.98,0.94
"27-02-2010",0.95,0.89,0.84,0.80,0.85,0.79,0.83,0.86,0.98,0.95,0.99,0.91,0.79,0.77,0.82,0.80,0.88,0.85,0.87,0.89,1.06,0.97,0.96,1.08
"28-02-2010",1.23,1.17,1.04,1.02,0.80,0.71,0.99,1.02,0.94,0.96,0.95,0.98,1.26,1.10,1.09,1.14,1.21,1.18,1.72,1.80,1.73,1.57,1.35,1.71
"01-03-2010",1.44,1.28,1.23,1.09,1.01,1.00,0.86,0.88,1.05,1.20,1.25,1.28,1.13,1.01,1.00,0.94,1.05,1.01,1.09,1.22,1.31,1.72,2.58,3.16
"02-03-2010",2.96,2.25,2.20,1.99,1.78,1.57,1.53,1.59,1.50,1.52,1.52,1.20,0.98,0.84,0.87,0.86,0.82,0.85,0.82,0.94,1.09,1.00,1.15,1.20
"03-03-2010",1.16,1.18,1.10,1.01,0.96,0.88,0.88,0.94,1.37,1.64,1.18,0.89,0.89,0.90,0.91,0.96,0.92,0.92,0.98,1.14,1.36,1.43,1.54,1.17
"04-03-2010",1.15,1.00,0.92,0.85,0.87,0.86,0.89,0.90,1.08,1.50,1.64,2.17,1.35,1.04,1.04,0.93,0.87,0.87,0.93,0.89,0.92,1.04,0.98,1.00
"05-03-2010",1.10,1.01,0.95,0.91,0.88,0.82,0.81,0.90,1.01,1.06,0.99,0.95,0.88,0.87,0.83,0.84,0.80,0.82,0.87,0.89,0.91,1.07,1.16,1.20
"06-03-2010",1.04,1.02,0.93,0.95,0.81,0.79,0.80,0.80,0.80,0.88,0.95,0.88,0.87,0.87,0.90,0.88,0.87,0.89,0.96,1.12,1.21,1.19,1.36,1.34
"07-03-2010",1.45,1.37,1.36,1.37,1.29,1.06,1.03,1.03,0.94,0.91,0.91,0.94,1.01,0.99,0.92,0.88,0.92,0.93,1.05,1.13,1.20,1.11,1.30,1.08
"08-03-2010",1.07,1.00,0.92,0.90,0.84,0.85,0.82,0.94,1.13,1.29,1.39,1.34,1.47,1.49,1.35,1.42,1.35,1.22,1.27,1.20,1.30,1.15,1.11,1.15
"09-03-2010",1.08,0.99,1.13,1.20,1.13,1.08,1.12,1.17,1.43,1.36,1.30,1.46,1.32,1.13,0.94,0.97,1.04,0.98,1.04,1.14,1.16,1.15,1.16,1.21
"10-03-2010",1.03,0.93,0.87,0.83,0.88,0.87,0.84,0.88,1.02,1.07,0.99,0.95,1.12,1.06,1.04,1.04,1.21,1.11,1.18,1.18,1.24,1.12,1.07,1.11
"11-03-2010",1.20,1.17,1.05,0.97,0.94,0.94,0.91,1.09,1.20,1.30,1.23,1.37,1.47,1.33,1.33,1.14,1.04,1.00,1.05,1.09,1.08,1.10,0.97,0.99
"12-03-2010",0.90,0.87,0.87,0.83,0.79,0.76,0.79,0.86,0.97,1.17,1.02,1.04,1.09,1.05,1.05,1.10,1.06,1.04,1.11,1.14,1.55,1.96,1.96,2.10
"13-03-2010",2.23,2.22,2.15,1.63,1.32,1.18,1.22,1.36,1.40,1.30,1.29,1.55,1.49,1.42,1.32,1.28,1.16,1.16,1.11,1.37,2.02,1.66,1.93,2.01
"14-03-2010",1.88,1.54,1.34,1.11,0.97,0.93,0.93,0.88,0.94,0.97,0.94,0.89,0.95,0.92,1.00,0.96,0.99,0.99,1.04,1.15,1.62,1.75,1.48,1.37
"15-03-2010",1.39,1.33,1.14,1.27,1.02,0.96,0.93,1.13,1.40,1.55,1.38,1.05,0.91,0.88,0.84,0.89,0.87,0.91,0.95,0.93,1.07,1.01,1.16,1.33
"16-03-2010",1.33,1.46,1.37,1.33,1.25,1.11,1.25,1.25,1.58,1.59,1.31,1.17,1.00,0.95,0.93,0.91,0.88,0.96,0.90,0.95,1.03,1.36,1.55,1.84
"17-03-2010",1.66,1.50,1.44,1.37,1.42,1.30,1.27,1.39,1.58,1.52,1.33,1.15,1.01,0.94,0.86,0.91,0.95,1.02,1.15,1.23,1.21,1.23,1.37,1.25
"18-03-2010",1.13,1.18,1.21,1.08,1.04,1.08,1.00,1.18,1.40,1.40,1.20,1.03,0.95,0.95,0.89,0.84,0.79,0.83,0.82,0.94,0.94,1.08,1.24,1.59
"19-03-2010",1.84,1.56,1.44,1.56,1.48,1.40,1.31,1.33,1.39,1.26,1.24,1.29,1.25,1.11,1.15,1.14,1.31,1.27,1.06,1.18,1.11,1.15,1.20,1.58
"20-03-2010",1.69,1.46,1.27,1.12,1.15,1.00,0.97,1.00,1.04,1.07,1.07,1.08,1.01,1.04,1.02,1.08,0.99,1.04,1.07,1.11,0.94,1.05,1.04,1.47
"21-03-2010",1.64,1.42,1.13,1.29,1.06,0.93,0.91,1.08,1.22,1.12,1.06,1.06,1.06,1.02,0.96,1.04,1.10,1.11,1.15,1.10,1.01,1.03,1.06,1.32
"22-03-2010",1.64,1.47,1.47,1.34,1.26,1.23,1.24,1.27,1.40,1.29,1.34,1.17,1.14,1.13,1.14,1.18,1.36,1.38,1.24,1.47,1.26,1.18,1.23,1.17
"23-03-2010",1.22,1.27,1.38,1.41,1.35,1.29,1.26,1.33,1.38,1.56,1.68,1.52,1.61,1.58,1.93,1.72,1.59,1.39,1.69,1.67,1.66,1.68,1.68,1.75
"24-03-2010",1.30,1.13,1.11,1.01,0.96,0.97,0.94,0.93,0.99,1.06,1.06,1.12,1.19,1.15,1.13,1.14,0.98,1.40,1.39,1.43,1.35,1.45,1.54,1.65
"25-03-2010",1.76,0.63,1.52,1.51,1.34,1.22,1.09,1.04,1.01,1.06,1.01,1.00,1.01,1.02,0.98,1.36,1.38,1.55,1.33,1.66,1.42,1.34,1.52,1.76
"26-03-2010",1.48,1.31,1.33,1.22,1.09,1.09,1.00,1.05,1.11,1.14,1.35,1.40,1.36,1.08,1.08,1.44,1.63,1.40,0.81,1.20,1.07,1.06,1.46,1.48
"27-03-2010",1.02,0.72,1.45,1.20,1.12,1.00,0.89,1.00,1.05,1.07,1.08,1.08,1.08,0.98,0.87,0.76,0.84,0.82,0.85,1.23,1.12,1.08,0.47,0.86
"28-03-2010",1.06,0.93,0.81,0.74,0.72,0.72,0.74,0.77,0.88,0.87,0.89,0.84,0.77,0.81,0.76,0.74,0.75,0.72,0.75,0.89,0.90,0.86,0.87,0.90
"29-03-2010",0.98,1.11,1.02,0.92,1.02,1.00,0.60,1.21,1.42,1.16,1.06,0.95,0.97,0.88,0.90,0.95,0.95,0.92,0.98,1.04,1.17,1.31,1.16,1.39
"30-03-2010",0.99,1.16,1.25,1.25,0.97,0.96,0.94,0.92,0.81,0.89,1.03,0.97,1.04,0.97,0.77,0.77,0.79,0.84,0.83,0.85,0.93,0.87,0.82,0.75
"31-03-2010",0.76,0.77,0.73,0.69,0.73,0.77,0.82,0.91,1.19,1.03,1.03,0.80,0.71,0.75,0.71,0.74,0.88,0.93,0.90,0.81,1.09,1.17,0.95,1.01
"01-04-2010",0.95,0.84,0.80,0.87,0.81,0.88,0.95,0.98,1.02,1.26,1.15,0.93,0.88,0.90,0.97,0.95,1.00,1.12,1.08,0.56,1.06,1.11,1.16,1.03
"02-04-2010",1.14,1.06,1.09,1.05,1.06,1.07,1.05,1.04,1.03,1.06,1.04,1.00,1.00,1.05,1.10,1.05,0.92,0.99,0.99,0.95,1.00,0.94,1.11,1.28
"03-04-2010",1.33,1.19,1.14,1.14,1.06,0.99,0.57,1.14,1.25,1.07,0.95,0.95,0.95,0.94,1.05,1.10,1.17,1.13,1.00,1.12,1.13,1.17,1.21,1.39
"04-04-2010",1.35,1.43,1.36,1.35,1.13,1.16,1.18,1.41,1.27,1.22,1.51,1.36,1.20,1.09,0.82,0.90,0.81,0.76,0.79,0.80,1.09,1.19,1.05,1.17
"05-04-2010",1.12,1.18,0.96,1.14,0.94,0.98,1.02,0.86,0.91,0.91,0.99,0.90,0.85,0.85,0.87,0.83,0.96,0.96,0.90,0.86,0.88,0.95,1.21,1.12
"06-04-2010",1.02,1.03,0.92,0.83,0.78,0.85,0.87,0.92,1.06,0.90,0.90,0.87,0.81,0.81,0.77,0.78,0.83,0.83,0.84,0.82,0.46,0.87,1.00,1.04
"07-04-2010",1.07,1.07,0.99,0.98,0.95,0.96,1.02,1.06,1.09,1.03,1.02,0.96,1.01,1.02,0.96,1.10,1.02,1.16,1.24,1.05,1.24,1.27,1.25,1.17
"08-04-2010",1.16,1.26,1.31,1.28,1.19,1.24,1.20,1.50,1.60,1.11,1.06,0.97,0.98,0.91,0.87,0.87,0.84,0.92,1.07,0.99,1.03,1.11,1.22,1.44
"09-04-2010",1.62,1.35,1.20,1.11,1.16,1.19,1.24,1.42,1.42,1.29,1.37,1.40,-9999,0.92,0.99,1.01,1.17,1.39,1.51,1.39,1.33,1.04,1.06,1.22
"10-04-2010",1.16,0.99,1.00,1.06,1.04,1.14,1.15,1.23,1.30,1.32,1.23,1.04,0.91,0.95,1.07,1.02,1.02,0.93,1.09,1.09,1.12,1.01,1.06,1.03
"11-04-2010",1.04,1.01,1.11,1.08,1.14,1.07,1.14,1.16,1.26,0.89,0.70,1.00,1.04,0.94,0.96,0.97,0.93,1.12,1.06,1.03,0.98,1.18,1.23,1.37
"12-04-2010",1.38,1.43,1.23,1.09,1.01,1.01,0.98,0.94,1.17,1.28,1.18,1.02,0.95,0.91,0.76,0.77,0.77,0.90,1.13,1.21,1.15,0.90,0.89,1.09
"13-04-2010",1.04,1.08,1.00,0.94,0.89,0.88,0.85,0.94,1.25,1.09,0.94,1.07,1.13,1.10,0.99,0.81,0.87,0.90,0.71,1.01,1.21,1.19,1.19,1.29
"14-04-2010",1.25,0.94,0.96,1.03,1.05,0.99,0.95,1.05,1.32,1.22,1.17,1.07,0.99,0.93,0.91,0.93,0.87,0.79,0.73,0.76,0.82,0.89,0.87,1.15
"15-04-2010",0.87,0.75,0.73,0.76,0.72,0.73,0.83,0.94,1.02,0.90,0.76,0.76,0.86,0.91,1.02,0.78,0.82,0.99,1.04,1.00,1.11,1.50,1.61,1.85
"16-04-2010",1.69,1.51,1.44,1.52,1.18,1.16,1.12,1.16,1.15,1.22,1.32,1.02,0.83,0.72,0.72,0.75,0.81,0.73,0.74,0.69,0.74,0.83,1.10,0.93
"17-04-2010",1.02,1.08,1.12,1.22,1.32,1.35,1.30,1.28,1.40,1.29,1.10,1.20,0.94,0.91,0.86,0.72,0.66,0.69,0.67,0.77,1.23,1.03,0.85,0.83
"18-04-2010",1.08,1.36,1.42,1.29,1.25,0.96,1.24,1.29,1.37,1.16,1.01,1.00,0.75,0.70,0.75,0.74,0.76,0.77,0.91,0.85,0.85,0.87,0.79,0.83
"19-04-2010",0.84,0.88,0.86,0.95,0.78,0.85,0.83,0.94,1.00,0.99,0.81,0.94,0.91,0.86,0.84,0.75,0.75,0.82,0.86,0.91,0.98,1.13,1.14,1.09
"20-04-2010",1.02,0.90,0.94,0.83,0.83,0.89,0.80,0.94,1.19,1.15,1.03,0.92,0.88,0.81,0.99,1.03,0.95,0.86,0.90,0.96,1.07,0.96,1.09,1.01
"21-04-2010",1.11,1.09,1.14,1.10,1.03,0.97,1.03,1.04,1.11,1.16,1.01,0.91,0.86,0.84,0.96,1.17,1.11,1.17,0.97,1.02,1.04,1.26,1.28,1.39
"22-04-2010",1.36,1.49,1.46,1.37,1.06,1.12,1.05,1.13,1.16,1.36,-9999,-9999,1.09,1.23,1.02,1.07,1.11,1.35,1.16,1.11,1.02,1.02,1.28,1.20
"23-04-2010",1.33,1.06,1.00,0.86,0.85,0.85,0.79,0.87,0.95,0.93,1.00,1.01,0.95,0.88,0.98,1.04,1.06,1.03,1.02,1.03,1.17,1.36,1.14,1.59
"24-04-2010",1.35,1.23,1.01,0.81,0.81,0.86,0.88,0.90,0.94,0.85,0.81,0.83,0.83,0.84,0.77,0.81,0.88,0.65,0.98,0.85,0.74,0.91,0.97,0.90
"25-04-2010",0.84,0.81,0.90,0.84,0.79,0.85,0.71,0.72,0.73,0.76,0.75,0.75,0.84,0.96,1.05,0.95,0.86,0.96,1.48,1.31,1.03,0.79,0.76,0.78
"26-04-2010",0.75,0.77,0.68,0.72,0.72,0.72,0.71,0.66,0.86,0.86,0.79,0.76,0.82,0.77,0.81,0.83,0.82,1.00,0.99,0.90,0.87,0.88,0.78,0.75
"27-04-2010",0.72,0.69,0.75,0.70,0.73,0.74,0.73,0.74,0.81,0.75,0.79,0.74,0.77,0.78,0.84,0.79,1.18,0.91,1.16,1.12,1.01,0.87,1.48,0.80
"28-04-2010",0.91,0.90,0.94,0.94,1.01,0.96,1.03,1.24,1.44,1.19,1.11,1.02,1.06,0.88,0.88,1.04,0.84,1.23,1.31,1.10,0.89,0.95,0.91,0.92
"29-04-2010",1.02,1.05,1.13,0.95,0.98,0.95,0.80,0.76,0.88,0.83,0.73,0.76,0.74,0.80,0.96,1.21,1.47,1.35,1.07,1.05,1.01,1.03,0.98,1.12
"30-04-2010",1.35,1.26,1.23,1.01,1.09,1.15,1.04,1.19,1.70,1.23,1.12,1.09,1.10,1.02,0.94,1.21,1.01,1.28,1.67,1.36,1.09,0.99,1.16,1.31
"01-05-2010",1.37,1.43,1.45,1.29,1.29,1.25,1.17,1.01,1.06,0.93,0.92,0.99,0.92,0.92,1.00,1.32,1.32,1.86,1.78,1.41,1.04,0.86,0.97,1.05
"02-05-2010",1.02,0.99,0.96,0.96,1.18,1.02,0.99,1.08,0.86,0.97,0.96,0.88,0.79,0.80,0.75,0.67,0.66,0.75,0.74,0.75,0.66,0.67,0.74,0.82
"03-05-2010",1.05,1.09,1.00,1.03,0.94,1.07,1.11,1.08,1.16,1.02,0.93,0.99,1.00,0.87,0.81,0.87,1.31,1.71,2.50,1.93,1.43,1.13,1.34,1.44
"04-05-2010",1.31,1.14,1.16,1.20,1.10,1.12,1.15,1.09,1.06,1.11,1.07,1.05,0.98,0.87,0.85,0.77,0.68,0.65,0.63,0.69,0.71,0.81,0.98,1.13
"05-05-2010",1.31,1.18,0.99,0.99,1.03,1.05,0.92,0.86,1.16,1.30,1.18,1.13,1.07,1.15,0.97,0.70,0.64,0.65,0.65,0.72,0.94,0.91,0.95,1.01
"06-05-2010",0.73,0.95,1.02,0.86,0.68,0.70,0.69,0.71,1.78,2.64,1.40,1.46,1.14,1.02,0.83,0.69,0.69,0.68,0.74,0.65,0.74,0.68,0.98,1.00
"07-05-2010",1.09,1.14,0.84,0.90,0.88,0.83,0.84,0.95,1.19,1.03,0.84,0.86,0.84,0.80,0.83,1.03,1.08,1.16,1.19,1.26,1.06,0.79,0.81,0.83
"08-05-2010",1.06,1.09,0.95,0.91,0.81,0.81,0.84,0.90,0.96,0.93,0.92,0.82,0.97,1.00,1.02,0.34,0.92,0.87,1.01,1.28,1.16,1.02,1.09,0.92
"09-05-2010",0.89,1.25,1.03,1.10,1.04,1.13,1.12,1.04,0.92,0.85,0.75,0.78,0.82,0.82,0.93,1.04,1.13,1.20,1.22,1.28,1.19,0.87,0.87,0.85
"10-05-2010",0.86,0.90,0.94,1.00,1.00,1.00,0.98,1.03,1.37,1.11,0.92,0.91,0.84,0.81,0.87,1.22,1.67,1.47,1.74,1.37,1.29,1.15,0.92,0.95
"11-05-2010",1.49,1.43,1.37,1.41,1.24,1.26,1.06,1.24,1.26,1.21,1.13,1.27,1.15,1.08,0.91,1.45,2.71,1.77,1.81,1.65,0.84,0.75,0.81,0.72
"12-05-2010",0.74,0.76,1.04,1.13,1.39,1.20,0.99,0.99,1.22,1.15,0.97,0.99,0.83,0.70,0.69,0.67,0.67,0.65,0.72,0.75,0.68,0.79,0.99,1.03
"13-05-2010",0.77,0.75,0.77,0.87,1.03,0.90,1.04,1.00,1.21,1.35,0.91,0.76,0.71,0.66,0.76,0.97,1.19,1.27,1.75,1.83,1.63,1.38,0.95,0.93
"14-05-2010",0.89,0.82,0.89,0.96,0.91,0.99,0.83,1.06,1.04,0.88,0.84,0.81,0.78,0.82,0.80,0.94,0.79,0.68,0.73,0.70,0.72,0.74,0.71,0.72
"15-05-2010",0.73,0.66,0.67,0.72,0.78,0.86,0.80,0.73,0.68,0.70,0.68,0.69,0.68,0.64,0.66,0.70,0.70,0.64,0.66,0.64,0.64,0.64,0.69,0.77
"16-05-2010",0.88,0.76,0.76,0.73,0.75,0.70,0.75,0.79,0.00,0.00,0.08,0.12,0.14,0.14,0.14,0.13,0.14,0.14,0.14,0.14,0.13,0.13,0.12,0.11
"17-05-2010",0.12,0.13,0.13,0.12,0.12,0.14,0.14,0.12,0.13,0.13,0.14,0.12,0.14,0.14,0.13,0.13,0.14,0.13,0.14,0.14,0.14,0.13,0.12,0.14
"18-05-2010",0.13,0.14,0.12,0.13,0.13,0.12,0.13,0.13,0.14,0.12,0.13,0.14,0.13,0.14,0.14,0.14,0.14,0.13,0.14,0.14,0.12,0.12,0.13,0.12
"19-05-2010",0.12,0.12,0.13,0.12,0.13,0.12,0.12,0.13,0.12,0.13,0.12,0.13,0.13,0.13,0.12,0.13,0.11,0.12,0.12,0.12,0.12,0.12,0.12,0.12
"20-05-2010",0.12,0.13,0.14,0.13,0.13,0.13,0.13,0.13,0.14,0.14,0.14,0.13,0.14,0.13,0.14,0.13,0.13,0.14,0.14,0.13,0.13,0.13,0.13,0.13
"21-05-2010",0.12,0.13,0.13,0.14,0.13,0.14,0.14,0.14,0.13,0.14,0.14,0.13,0.12,0.13,0.13,0.12,0.12,0.13,0.11,0.12,0.13,0.13,0.13,0.12
"22-05-2010",0.12,0.14,0.13,0.12,0.12,0.12,0.15,0.13,0.13,0.11,0.13,0.14,0.12,0.13,0.13,0.13,0.13,0.12,0.13,0.13,0.13,0.12,0.12,0.12
"23-05-2010",0.12,0.13,0.13,0.13,0.13,0.13,0.14,0.12,0.13,0.14,0.14,0.14,0.14,0.14,0.13,0.13,0.13,0.13,0.13,0.13,0.13,0.12,0.12,0.13
"24-05-2010",0.11,0.12,0.13,0.12,0.13,0.13,0.14,0.12,0.12,0.13,0.14,0.13,0.14,0.13,0.15,0.13,0.13,0.14,0.14,0.14,0.14,0.14,0.13,0.13
"25-05-2010",0.13,0.14,0.12,0.14,0.13,0.12,0.12,0.12,0.14,0.13,0.11,0.13,0.12,0.12,0.14,0.12,0.13,0.12,0.13,0.13,0.14,0.14,0.14,0.14
"26-05-2010",0.12,0.14,0.13,0.86,1.17,1.09,1.23,1.24,1.09,1.05,0.99,0.90,0.77,0.72,0.75,0.96,1.63,1.35,2.50,2.12,1.42,1.07,0.89,0.93
"27-05-2010",0.98,1.08,0.82,0.95,1.18,1.03,1.16,1.14,1.06,1.07,0.90,0.94,0.83,1.33,1.13,1.20,1.80,2.63,1.91,1.63,1.54,1.41,1.00,0.93
"28-05-2010",0.93,1.03,0.91,0.92,0.89,0.93,0.92,0.99,1.06,0.94,1.08,1.06,0.96,0.82,0.78,0.85,0.72,1.06,1.58,2.02,1.39,1.18,1.67,0.96
"29-05-2010",0.97,1.12,1.17,1.05,0.91,1.12,1.04,0.98,0.94,0.90,0.96,1.02,0.89,0.76,0.88,1.85,1.73,1.56,1.76,1.05,1.05,0.89,1.25,1.07
"30-05-2010",1.08,0.87,0.86,0.85,0.82,0.95,0.83,0.79,0.86,1.03,0.83,0.75,0.74,0.75,0.65,0.70,0.67,0.72,0.98,0.92,0.87,1.12,1.22,0.96
"31-05-2010",1.19,1.03,0.81,0.79,0.75,0.81,0.85,0.78,1.03,1.15,1.14,0.89,0.74,0.77,1.03,1.06,0.75,0.75,0.80,0.68,0.67,0.65,0.83,0.90
"01-06-2010",0.80,0.65,0.68,0.76,0.73,0.81,0.87,1.03,1.15,0.98,0.81,0.75,0.84,0.88,0.93,0.98,0.91,0.92,1.08,1.29,1.14,0.97,0.90,0.92
"02-06-2010",0.95,0.93,0.88,0.88,0.78,0.94,0.93,0.37,1.01,0.86,0.92,0.92,0.90,0.88,0.86,0.80,0.71,0.67,0.66,0.69,0.70,0.67,0.77,0.97
"03-06-2010",1.07,0.98,0.96,0.84,0.90,1.04,0.82,0.95,0.95,1.00,0.88,0.82,0.71,0.80,0.84,0.88,0.92,0.69,0.60,0.63,0.73,1.01,0.97,1.14
"04-06-2010",0.99,1.03,0.85,0.97,0.84,0.76,0.82,0.85,0.96,0.81,0.76,0.77,0.75,0.82,0.81,0.70,0.97,0.70,0.82,0.92,0.81,1.22,1.35,1.31
"05-06-2010",1.33,1.14,1.18,1.05,1.06,1.13,1.03,1.06,0.93,0.85,0.82,0.87,0.81,0.85,0.88,0.82,0.81,0.73,0.72,0.75,0.87,0.76,0.98,1.15
"06-06-2010",1.17,0.96,1.04,1.03,0.86,0.95,0.96,0.96,0.85,0.77,0.86,0.70,0.62,0.65,0.76,1.02,0.65,0.60,0.65,0.79,1.01,0.92,0.85,0.98
"07-06-2010",0.91,1.02,0.98,1.09,0.98,0.98,1.18,0.94,0.99,0.93,0.85,0.81,0.81,0.72,0.73,1.05,1.11,1.46,1.31,1.04,1.17,0.73,0.74,0.72
"08-06-2010",0.73,0.69,0.76,0.80,0.72,0.80,0.82,0.84,0.87,0.89,0.89,0.79,0.73,0.68,1.23,1.00,0.86,0.74,0.77,0.85,0.95,1.00,1.07,1.11
"09-06-2010",1.09,0.97,0.94,1.03,0.98,1.14,0.85,0.86,0.98,1.04,1.03,0.94,1.00,0.99,0.86,0.75,0.72,0.72,1.81,2.00,1.15,0.78,0.98,1.12
"10-06-2010",1.27,0.86,0.91,1.04,0.86,0.95,1.02,1.07,0.91,0.80,1.00,0.93,0.88,0.94,0.84,0.65,1.04,1.24,2.32,1.38,0.82,1.40,2.16,1.41
"11-06-2010",1.45,1.25,1.18,1.10,0.93,0.83,0.98,0.83,1.03,0.95,0.83,0.91,0.95,0.85,1.05,1.44,0.98,1.66,1.76,1.26,1.50,0.90,0.95,0.91
"12-06-2010",1.11,1.16,1.07,0.79,0.83,0.76,0.93,0.75,0.80,0.80,0.72,0.73,0.74,0.84,1.04,1.28,1.78,1.39,0.81,1.39,1.01,0.86,0.98,0.84
"13-06-2010",0.90,0.92,0.97,0.94,0.90,0.80,0.87,0.90,0.82,0.70,0.72,0.72,0.72,0.72,0.72,0.69,0.67,0.71,0.64,0.64,0.67,0.64,0.65,0.65
"14-06-2010",0.66,0.64,0.80,0.74,0.72,0.72,0.70,0.84,0.79,0.87,0.79,0.78,0.75,0.73,0.81,1.14,1.26,1.08,1.70,1.61,1.50,0.87,0.85,0.99
"15-06-2010",0.84,0.69,0.74,0.80,0.70,0.76,0.76,0.80,0.78,0.79,0.74,0.75,0.71,0.85,1.41,1.47,1.76,1.66,1.64,1.39,1.09,1.00,0.90,0.91
"16-06-2010",0.86,0.93,0.75,0.67,0.69,0.69,0.68,0.75,0.72,0.73,0.72,0.66,0.69,0.69,0.73,0.64,0.95,0.65,0.64,0.64,0.71,0.89,0.89,1.10
"17-06-2010",1.23,1.10,0.75,0.83,0.89,0.77,0.66,0.78,0.77,0.78,0.79,0.82,0.80,0.71,1.08,1.53,1.97,1.37,1.94,1.97,1.50,0.96,1.00,1.02
"18-06-2010",0.86,0.96,0.85,0.77,0.84,0.77,0.78,1.00,1.04,0.84,0.83,0.87,0.81,0.71,0.79,1.60,1.77,1.09,0.81,0.73,0.66,0.69,0.76,0.79
"19-06-2010",0.66,0.73,0.76,0.69,0.73,0.78,0.80,0.82,0.77,0.73,0.71,0.66,0.65,0.67,0.63,0.69,0.76,0.73,0.67,0.67,0.65,0.65,0.66,0.66
"20-06-2010",0.70,0.71,0.66,0.62,0.64,0.60,0.65,0.62,0.59,0.59,0.77,0.92,0.95,1.08,0.98,0.71,0.93,0.87,0.98,0.99,0.85,0.65,0.66,0.68
"21-06-2010",0.80,0.88,1.02,0.78,0.83,0.89,0.76,0.81,0.92,0.77,0.77,0.69,0.74,1.03,1.04,0.96,0.77,0.80,0.98,0.97,0.88,0.90,0.87,0.85
"22-06-2010",0.81,0.83,0.68,0.81,0.83,0.85,0.83,0.81,0.89,0.94,0.84,0.80,1.07,0.95,0.84,0.94,0.81,0.77,0.81,0.87,0.93,1.00,1.00,0.94
"23-06-2010",0.90,0.87,0.84,0.88,1.00,0.92,0.80,1.04,1.15,0.95,0.86,0.80,0.98,1.05,0.90,0.86,0.92,0.87,0.79,0.83,0.84,0.83,0.75,0.78
"24-06-2010",0.90,0.94,0.86,0.76,0.79,0.84,0.92,0.90,1.02,0.84,0.87,0.94,0.96,0.77,0.71,0.69,0.95,1.20,1.07,1.24,1.25,1.03,1.09,0.86
"25-06-2010",0.86,0.81,0.89,0.80,0.86,0.92,0.89,1.06,1.01,0.81,0.86,0.90,0.83,0.74,0.98,1.27,1.13,1.42,1.46,1.36,1.03,1.04,0.92,0.81
"26-06-2010",0.96,0.85,0.92,1.06,1.05,1.00,1.08,1.02,0.93,0.91,0.92,0.92,0.88,1.10,0.99,1.21,1.33,1.44,1.47,1.30,1.22,0.97,0.89,1.01
"27-06-2010",0.83,0.82,0.93,1.08,0.96,1.10,1.10,0.99,0.98,0.89,0.79,0.85,0.77,0.87,1.19,1.12,1.33,1.44,1.48,1.34,1.49,1.18,1.01,0.81
"28-06-2010",0.90,1.23,1.03,1.00,1.00,0.95,1.02,1.16,1.17,0.88,0.94,0.92,0.95,0.88,0.82,0.76,1.23,0.87,0.75,0.83,0.82,0.78,0.86,0.91
"29-06-2010",0.93,0.96,1.12,0.99,1.03,1.00,1.08,1.13,1.14,1.03,0.99,0.97,0.88,0.81,0.74,0.83,0.74,0.95,0.87,0.82,0.86,1.22,1.09,1.05
"30-06-2010",1.19,1.32,1.04,1.07,0.98,1.13,1.00,0.95,1.03,1.07,1.07,1.05,1.00,0.93,1.18,1.15,1.51,1.36,0.83,0.74,0.94,0.85,1.45,1.25
"01-07-2010",1.12,1.24,1.34,0.99,0.80,1.07,1.17,1.14,0.95,0.94,1.05,0.91,0.79,0.81,0.78,0.99,0.92,1.20,1.10,0.81,0.89,1.09,1.43,1.36
"02-07-2010",1.23,1.03,1.08,1.01,1.08,1.03,1.11,1.10,1.05,0.94,1.06,1.12,0.99,0.82,1.05,1.36,0.87,1.08,0.86,0.89,1.00,1.12,0.94,0.91
"03-07-2010",1.08,1.17,1.03,1.12,0.79,1.03,1.09,1.06,1.03,0.93,1.04,1.09,0.82,0.91,1.08,0.91,0.93,1.12,0.80,0.76,0.85,0.93,1.37,1.27
"04-07-2010",1.24,1.41,0.95,1.25,1.15,1.20,1.05,0.98,1.01,0.86,0.91,0.85,0.83,0.82,1.27,1.42,1.81,1.45,1.24,0.75,0.75,0.80,0.91,0.92
"05-07-2010",0.82,0.76,0.82,0.86,0.81,0.92,0.95,0.93,0.97,1.05,1.02,1.03,0.93,0.78,0.90,1.07,1.19,1.71,1.87,1.90,1.31,1.54,1.10,1.36
"06-07-2010",1.32,1.51,1.41,1.18,1.10,1.04,1.00,1.25,1.22,0.97,1.00,0.89,0.81,0.85,0.81,1.16,1.84,1.85,1.90,2.05,1.60,1.10,1.01,1.20
"07-07-2010",1.18,1.01,0.89,0.90,1.01,0.97,0.99,0.94,1.21,0.95,1.01,0.83,0.79,0.72,0.38,0.87,1.54,2.23,1.72,1.81,0.95,0.80,0.90,0.90
"08-07-2010",0.87,0.80,0.84,0.79,0.89,0.86,0.89,0.99,1.01,0.79,0.83,0.80,0.74,0.89,0.75,0.74,0.76,0.77,0.77,1.05,0.84,0.90,0.94,0.94
"09-07-2010",1.02,0.92,0.95,1.07,0.94,0.90,0.82,0.87,0.98,0.83,0.74,0.36,0.72,0.72,1.12,0.91,0.86,1.53,1.74,1.64,1.47,1.04,0.93,1.09
"10-07-2010",1.12,1.26,1.11,1.09,1.06,1.10,1.31,1.14,0.95,0.87,0.95,0.98,0.90,0.80,0.76,0.81,0.89,0.82,1.07,1.11,1.07,1.00,0.95,0.99
"11-07-2010",0.99,1.10,1.01,1.07,0.99,0.99,0.96,1.03,0.93,0.83,0.82,0.82,0.74,0.81,0.73,0.74,0.77,0.81,0.80,0.79,0.81,0.83,0.85,0.93
"12-07-2010",0.90,1.00,0.89,0.94,0.89,0.91,0.92,0.96,1.04,0.98,0.98,1.09,0.83,0.78,0.76,0.79,0.86,1.24,1.94,2.63,1.76,1.17,1.05,0.99
"13-07-2010",1.09,1.22,1.07,1.05,0.97,1.00,1.06,1.23,1.33,0.98,0.94,1.00,1.13,0.93,1.24,1.37,1.52,1.35,2.39,2.21,1.73,1.08,1.06,1.21
"14-07-2010",1.33,1.27,1.24,1.21,1.11,1.10,1.11,1.38,1.21,1.02,0.95,0.90,0.96,1.07,1.04,1.04,1.91,2.25,2.37,1.28,1.12,1.09,1.10,1.21
"15-07-2010",1.35,1.13,1.10,1.23,1.01,1.01,1.05,1.20,1.19,0.87,0.99,1.01,0.94,0.83,0.79,0.85,0.80,1.18,2.72,1.81,1.59,1.30,1.67,1.59
"16-07-2010",1.12,1.13,1.02,0.99,0.97,0.94,0.86,1.12,1.04,0.98,0.80,0.76,0.74,0.78,0.85,0.85,0.84,0.87,0.98,1.00,1.17,0.95,0.90,0.89
"17-07-2010",0.88,0.85,0.83,0.82,0.81,0.82,0.93,0.98,0.91,0.80,0.87,0.93,0.98,0.76,0.76,0.81,1.29,1.72,1.91,1.54,0.83,0.91,1.01,1.54
"18-07-2010",1.10,1.13,1.15,1.06,0.93,0.95,0.91,0.81,0.87,0.81,0.89,0.88,0.87,0.83,0.79,0.80,0.72,0.83,0.87,1.52,0.94,0.87,0.91,0.86
"19-07-2010",0.81,0.86,0.88,0.95,0.95,0.89,1.02,1.03,1.10,1.00,1.03,1.05,0.96,0.87,1.10,1.17,0.76,0.77,1.38,1.06,1.03,1.30,0.46,1.12
"20-07-2010",1.17,1.19,1.28,1.31,1.13,1.11,1.05,1.29,1.24,1.04,1.06,1.23,1.03,0.85,0.79,0.86,0.68,1.30,1.07,1.35,0.90,1.04,1.02,0.88
"21-07-2010",0.95,1.00,1.10,0.95,0.90,1.00,1.12,1.01,1.15,1.02,0.98,0.89,0.83,0.81,0.88,1.70,1.41,1.14,0.88,0.87,0.91,0.88,0.89,0.59
"22-07-2010",1.00,1.05,1.03,1.07,1.03,0.95,0.98,1.08,1.18,1.04,1.01,0.89,0.96,0.86,0.80,0.78,0.89,0.42,0.90,0.83,0.83,1.05,1.12,0.92
"23-07-2010",1.04,1.13,0.91,0.98,1.03,0.90,0.94,1.13,1.15,1.21,1.03,1.05,1.01,0.96,0.79,0.95,1.14,1.09,2.00,1.70,2.14,1.29,1.38,1.55
"24-07-2010",1.45,1.14,1.05,1.04,0.99,0.97,0.93,0.97,1.08,1.03,0.95,0.93,0.96,0.80,0.76,0.81,1.97,1.99,1.46,1.10,1.83,0.87,1.13,1.25
"25-07-2010",0.89,0.53,0.90,0.94,0.95,0.94,0.91,0.99,0.83,0.91,0.88,0.83,1.03,1.15,1.26,1.30,1.49,1.22,1.23,1.54,1.22,0.94,0.87,0.91
"26-07-2010",0.79,0.84,0.93,0.79,0.84,0.90,0.81,0.94,1.03,0.93,0.92,0.81,0.88,0.87,0.92,1.39,1.38,1.39,1.33,1.31,1.09,0.92,0.98,0.82
"27-07-2010",0.78,0.71,0.79,0.78,0.74,0.87,0.88,0.85,0.95,0.87,0.80,1.05,0.70,0.51,1.04,0.97,0.90,0.96,0.95,0.99,1.07,0.83,0.96,0.87
"28-07-2010",0.91,1.00,0.93,1.00,0.95,0.87,1.01,1.00,0.93,0.89,0.79,0.91,0.89,0.98,1.04,1.12,1.26,1.26,1.63,1.39,1.45,1.02,0.94,0.90
"29-07-2010",0.98,0.95,0.96,0.93,1.06,0.98,1.03,1.14,1.15,0.98,0.97,1.00,0.91,0.83,0.70,0.73,0.72,0.75,1.54,2.12,1.37,1.77,0.97,1.00
"30-07-2010",1.10,0.97,0.98,0.87,0.86,0.99,0.98,1.10,0.45,1.05,0.94,0.89,0.93,0.70,0.72,0.75,0.74,1.28,2.09,1.89,2.03,1.08,1.21,1.03
"31-07-2010",0.97,0.96,0.89,0.87,0.95,0.94,0.93,0.92,0.95,0.86,0.85,0.78,0.72,0.70,0.67,0.70,0.82,0.89,0.83,0.74,1.27,1.46,0.93,0.50
"01-08-2010",0.73,0.94,1.04,1.02,0.82,0.50,1.00,1.03,1.05,0.88,0.87,0.87,0.91,1.10,0.43,0.67,0.69,0.77,0.84,2.42,1.78,1.42,0.99,1.15
"02-08-2010",1.16,1.06,0.93,0.89,0.93,0.97,0.98,1.08,1.16,1.02,0.93,0.90,0.88,0.85,1.38,1.00,0.76,0.90,1.26,2.35,1.69,1.31,1.09,1.38
"03-08-2010",1.31,1.29,1.07,1.03,0.96,1.03,1.02,1.10,0.99,1.00,1.02,1.01,0.94,0.84,0.90,0.76,0.81,0.88,2.87,1.89,1.12,0.98,1.13,1.02
"04-08-2010",1.08,1.20,1.09,1.10,1.02,1.00,1.02,1.06,0.55,0.96,1.13,1.14,1.02,0.92,1.09,0.36,0.90,0.75,0.90,0.79,0.89,0.92,1.16,1.27
"05-08-2010",1.02,1.35,1.06,1.01,1.13,1.07,1.06,1.08,1.04,0.92,0.99,0.96,0.91,0.85,0.72,0.75,0.83,0.78,0.87,1.03,1.16,0.93,0.79,0.82
"06-08-2010",0.82,0.95,0.87,0.34,0.78,0.79,0.85,0.82,0.90,0.98,0.91,0.87,0.76,0.73,0.75,0.70,0.96,2.07,1.49,1.70,1.63,1.64,1.01,0.85
"07-08-2010",0.89,0.94,0.93,0.95,0.90,0.83,0.88,0.86,0.88,0.85,0.74,0.78,0.73,0.73,0.74,0.72,1.29,1.23,2.22,1.66,1.58,1.15,0.90,0.93
"08-08-2010",0.97,0.99,0.93,0.82,0.56,1.08,0.98,1.08,1.03,0.81,0.83,0.83,0.76,0.72,0.85,0.72,0.74,0.85,0.82,1.11,0.93,0.95,1.00,1.11
"09-08-2010",1.34,1.14,0.95,1.03,0.99,1.00,0.94,1.05,1.03,0.98,0.89,0.90,0.81,0.77,0.85,0.92,1.77,1.02,2.23,2.20,1.63,0.99,0.94,0.43
"10-08-2010",1.03,0.98,0.96,1.00,0.93,0.98,1.02,1.11,1.36,1.02,0.99,0.98,0.99,0.94,0.78,0.85,0.82,1.19,1.67,2.19,1.20,0.89,0.98,1.29
"11-08-2010",1.13,1.13,1.17,1.13,0.63,0.80,1.08,1.17,1.39,1.17,0.98,1.02,1.04,0.77,0.74,0.71,0.76,0.83,1.45,1.83,1.13,1.35,1.18,1.52
"12-08-2010",1.44,1.33,1.18,1.21,1.15,1.20,1.56,1.77,1.94,1.23,1.14,1.22,1.27,0.99,0.79,0.78,0.15,0.57,1.46,2.10,1.51,0.94,1.10,1.15
"13-08-2010",1.22,1.22,1.32,1.29,1.28,1.10,1.07,1.15,1.35,1.09,1.01,0.96,1.11,0.82,0.77,0.77,0.43,1.23,2.35,1.60,1.22,1.43,1.62,1.68
"14-08-2010",1.32,1.37,1.37,1.26,1.27,1.29,1.24,1.16,1.23,1.01,0.91,0.97,1.03,0.95,0.77,0.76,0.62,0.63,1.03,1.66,1.15,1.00,1.30,1.48
"15-08-2010",1.47,1.34,1.03,1.09,1.12,1.06,1.12,1.08,0.99,1.02,0.98,0.98,1.02,0.99,0.94,0.98,1.38,1.76,2.16,1.39,1.19,1.09,1.50,2.06
"16-08-2010",1.64,1.48,1.26,1.24,1.10,0.96,1.01,1.12,1.33,0.93,0.94,0.87,0.86,0.82,0.84,0.86,1.17,1.75,1.00,1.41,1.52,1.07,1.43,1.20
"17-08-2010",1.28,1.22,1.05,1.11,0.99,1.02,1.04,1.12,1.03,0.92,0.84,0.84,0.90,0.77,1.20,1.21,1.40,0.72,1.88,1.83,0.75,0.97,0.89,0.99
"18-08-2010",1.10,1.06,0.99,1.12,1.05,1.15,1.11,1.16,1.41,1.29,0.87,0.85,0.77,0.79,0.79,0.88,0.80,0.80,0.85,1.77,1.71,1.18,1.26,1.41
"19-08-2010",1.48,1.15,1.03,1.10,0.98,0.93,0.92,1.12,1.11,0.92,0.87,0.95,0.87,1.09,1.19,0.87,0.84,1.06,1.38,1.77,1.55,1.17,0.92,0.89
"20-08-2010",1.07,0.96,0.97,0.97,1.00,0.54,1.00,1.04,1.22,0.96,0.92,0.84,0.85,0.86,0.79,0.79,0.97,0.88,1.56,2.36,1.07,1.26,1.21,1.16
"21-08-2010",1.15,1.19,1.19,1.11,1.13,1.19,1.13,1.05,1.13,1.06,0.86,0.78,0.77,0.80,0.78,0.75,0.78,0.77,0.78,0.32,0.89,0.78,0.76,0.74
"22-08-2010",0.80,0.87,0.80,0.80,0.43,0.77,0.79,0.75,0.74,0.85,0.86,0.81,0.54,0.82,1.03,0.88,0.84,0.83,0.84,0.87,0.80,0.82,0.83,0.80
"23-08-2010",0.81,0.85,0.75,0.81,0.91,0.78,0.80,0.93,1.26,0.95,0.86,0.94,0.77,0.76,0.75,0.73,0.72,0.74,1.79,1.55,1.40,1.01,0.97,1.11
"24-08-2010",1.22,1.21,1.21,1.03,1.13,1.06,1.05,1.08,1.26,1.05,0.96,0.60,0.67,0.69,0.73,1.14,0.89,1.82,1.22,1.61,1.14,0.71,0.79,1.61
"25-08-2010",1.61,1.41,1.27,1.25,1.19,1.24,1.21,1.31,1.77,1.26,1.26,1.04,0.92,0.87,0.88,0.96,1.19,1.14,1.90,1.77,1.05,1.12,1.50,1.25
"26-08-2010",1.34,1.24,1.12,0.68,1.40,0.51,1.09,1.28,1.08,0.89,1.06,1.07,1.06,0.93,0.90,0.89,0.95,0.45,2.26,2.10,1.32,1.29,0.84,1.72
"27-08-2010",1.65,1.47,1.32,1.35,1.32,1.16,1.25,1.31,1.57,1.24,1.27,1.34,1.21,0.94,0.80,0.84,0.87,1.35,1.64,1.24,1.18,0.99,1.17,1.14
"28-08-2010",1.29,1.27,1.11,0.91,1.02,1.02,1.02,1.16,1.05,1.02,1.01,1.03,1.05,0.90,0.35,0.93,1.22,2.06,0.94,1.15,0.85,0.79,0.79,0.82
"29-08-2010",0.82,0.90,0.84,0.88,0.79,0.85,0.78,0.88,0.90,0.89,0.92,0.74,0.75,0.77,0.56,0.76,1.13,1.45,1.29,1.48,1.06,0.93,0.85,0.96
"30-08-2010",0.89,1.04,0.99,0.86,0.82,0.86,0.88,0.97,1.22,1.34,1.14,0.86,0.83,0.87,0.90,0.73,0.70,0.31,0.79,1.35,0.99,0.95,1.02,0.94
"31-08-2010",1.02,0.87,1.03,1.06,0.95,0.86,0.87,0.94,0.90,0.94,0.84,0.95,1.00,1.02,1.01,0.95,0.94,1.02,0.98,1.00,0.94,0.97,0.92,0.90
"01-09-2010",0.84,0.87,0.88,0.84,0.86,0.97,0.86,1.11,1.11,0.97,0.86,0.79,0.82,0.83,0.89,0.93,0.98,1.05,1.13,1.20,1.20,1.04,0.88,0.92
"02-09-2010",0.89,0.86,0.84,0.91,0.38,0.93,0.99,1.13,0.44,1.15,1.03,1.03,0.88,0.95,0.99,0.94,0.88,1.07,1.17,1.16,1.20,1.08,1.06,1.35
"03-09-2010",1.90,2.34,1.43,1.20,1.42,1.30,1.22,1.23,1.46,1.25,1.16,1.09,0.45,0.90,0.77,0.71,0.74,0.71,1.01,0.99,1.01,0.99,0.52,1.00
"04-09-2010",0.90,1.03,0.95,0.51,1.02,0.88,0.85,0.92,0.92,1.00,0.94,0.86,0.95,0.99,0.99,0.82,0.81,0.79,0.86,0.83,0.92,1.04,0.93,1.10
"05-09-2010",0.95,0.80,0.91,0.87,0.92,1.05,0.95,0.90,0.91,1.03,0.96,0.83,0.93,0.87,0.73,0.85,0.81,0.81,0.76,0.77,0.74,0.76,0.78,0.81
"06-09-2010",0.91,0.79,0.78,0.80,0.76,0.76,0.42,1.06,1.10,1.15,0.96,1.07,1.14,1.14,0.89,0.98,0.63,0.92,1.10,0.93,1.04,0.52,0.86,0.88
"07-09-2010",0.87,0.90,0.92,0.86,0.92,0.95,0.96,1.08,1.35,1.00,0.90,1.12,1.10,0.83,0.36,0.92,0.99,1.22,1.35,1.24,0.49,1.04,1.29,1.09
"08-09-2010",1.14,1.11,1.02,0.82,0.87,0.96,0.51,0.89,1.06,1.14,0.90,0.90,0.81,0.76,0.74,0.87,1.21,1.35,1.42,1.19,0.59,0.64,1.19,0.65
"09-09-2010",1.50,1.09,1.13,1.27,1.16,1.05,1.00,1.26,1.49,1.16,0.99,1.14,1.13,1.02,1.20,0.98,1.27,1.40,1.16,1.40,0.95,1.18,1.69,1.72
"10-09-2010",1.69,1.43,1.31,1.09,1.18,1.04,1.24,1.12,1.44,1.06,0.98,1.00,0.95,0.41,1.20,1.54,0.79,0.72,1.24,1.05,1.05,1.06,0.90,1.10
"11-09-2010",1.17,0.95,1.11,1.37,1.13,1.02,1.07,1.07,1.24,1.11,1.01,0.91,0.88,0.95,1.04,1.09,0.93,0.89,0.80,1.01,1.04,1.23,0.64,1.25
"12-09-2010",1.18,1.15,0.64,1.13,1.07,1.13,1.02,1.02,1.22,1.08,0.95,1.06,1.04,0.86,0.85,0.81,1.12,1.36,1.02,0.77,0.69,0.92,1.18,1.24
"13-09-2010",1.13,1.10,0.97,1.12,1.09,0.91,1.01,1.02,1.46,1.18,1.17,1.17,1.17,1.08,1.00,1.01,1.02,0.77,1.20,0.95,1.05,1.13,1.02,1.15
"14-09-2010",1.50,1.32,0.63,1.14,1.17,1.26,1.13,1.22,1.67,1.46,1.21,1.12,1.12,0.85,1.10,1.05,1.01,0.83,0.97,1.09,1.22,1.47,1.55,1.22
"15-09-2010",1.01,1.21,1.21,0.55,0.49,1.06,1.20,1.27,1.42,1.34,1.39,1.28,0.60,0.90,0.87,0.82,0.80,0.64,0.81,1.21,1.15,0.98,1.11,1.21
"16-09-2010",1.09,1.28,1.23,0.99,0.91,0.65,1.18,1.26,1.45,1.29,1.21,1.24,1.21,1.15,1.23,1.26,1.41,1.40,1.34,1.04,0.96,1.05,0.63,1.30
"17-09-2010",1.38,1.47,1.20,1.22,1.30,1.30,1.26,1.39,1.41,1.33,1.30,1.26,1.08,1.14,1.32,1.14,1.56,1.15,1.28,1.18,1.06,1.18,1.14,1.77
"18-09-2010",1.36,1.53,1.51,1.25,1.12,1.28,1.08,1.35,1.17,1.24,1.05,1.13,0.88,0.84,0.91,0.88,1.21,1.80,1.05,1.43,1.60,0.96,0.99,1.24
"19-09-2010",1.51,1.29,1.17,1.24,0.65,1.26,1.12,1.17,1.31,1.21,1.08,0.98,0.40,0.89,0.77,0.96,0.70,1.04,1.16,0.91,1.12,0.91,1.27,1.18
"20-09-2010",1.18,1.39,1.33,1.33,1.20,1.23,1.22,1.14,1.72,1.66,1.38,1.19,0.52,0.97,1.20,1.19,0.98,1.29,1.67,1.51,1.24,1.06,1.16,1.06
"21-09-2010",0.90,0.91,0.95,1.02,1.01,0.36,1.17,1.35,1.65,1.67,1.28,1.26,1.07,0.98,0.86,0.94,1.17,0.93,1.14,1.15,1.06,1.02,1.05,1.01
"22-09-2010",0.94,0.84,0.87,0.88,0.95,0.96,1.04,1.06,1.86,1.34,1.02,0.85,0.44,0.79,0.81,0.76,0.76,0.75,0.88,0.92,0.86,0.86,0.80,0.90
"23-09-2010",0.83,0.79,0.80,0.76,0.83,0.79,0.90,0.84,0.98,0.51,0.67,0.77,0.73,0.84,0.83,0.80,0.84,0.87,1.03,0.91,1.09,0.81,0.82,0.80
"24-09-2010",0.83,0.86,0.97,0.90,0.88,0.91,0.87,1.04,1.66,1.56,0.55,0.47,0.72,0.73,0.76,0.72,0.73,0.72,0.75,0.82,0.78,0.80,0.76,0.73
"25-09-2010",0.74,0.80,0.77,0.75,0.72,0.31,0.74,0.73,0.81,0.86,0.94,0.89,1.00,0.78,0.80,0.78,0.81,0.65,0.65,0.81,0.90,0.75,0.75,0.73
"26-09-2010",0.69,0.72,0.72,0.70,0.66,0.65,0.74,0.82,0.78,0.75,0.86,0.67,0.76,0.86,0.89,0.79,0.80,0.90,0.92,0.82,0.89,0.98,0.97,1.01
"27-09-2010",1.20,1.11,1.04,1.04,1.13,1.00,0.92,1.07,1.42,0.40,1.15,1.11,1.22,0.89,0.97,0.92,0.89,0.82,0.75,0.87,1.01,0.90,0.98,1.20
"28-09-2010",1.02,1.14,0.96,1.04,0.90,0.80,0.75,0.77,0.99,0.88,0.92,0.85,0.74,0.75,0.75,0.76,0.72,0.73,0.83,0.82,0.91,0.83,0.93,0.87
"29-09-2010",0.78,0.81,0.81,0.85,0.78,0.80,0.80,0.93,1.32,1.23,1.38,1.17,1.14,1.06,0.90,0.92,0.84,0.88,0.89,0.98,0.92,0.83,0.86,0.93
"30-09-2010",0.89,1.04,1.02,0.93,0.96,0.88,0.94,0.98,1.57,1.04,0.90,0.79,0.83,0.81,0.87,0.94,0.96,0.98,0.86,0.95,1.03,1.26,1.23,1.29
"01-10-2010",1.19,1.26,1.20,1.08,1.05,1.06,0.96,1.04,1.46,1.49,1.21,1.14,1.21,1.03,0.91,0.96,0.88,0.95,0.97,0.96,1.19,1.31,1.51,1.46
"02-10-2010",1.29,1.19,1.33,1.35,1.24,1.16,1.28,1.23,1.42,1.19,1.16,1.05,0.94,1.03,1.02,1.10,1.06,0.91,0.89,1.07,1.09,0.93,1.33,1.36
"03-10-2010",1.32,1.40,1.36,1.19,1.11,1.11,1.02,0.96,1.01,0.91,0.86,0.98,0.87,0.79,0.80,0.75,0.78,0.78,0.90,1.03,1.05,1.10,0.37,1.08
"04-10-2010",1.07,0.79,0.80,0.94,0.99,0.73,0.47,0.95,1.14,1.19,0.97,1.14,0.88,0.84,0.77,0.82,0.84,0.79,0.88,1.17,1.24,1.56,1.75,1.21
"05-10-2010",1.40,1.50,1.02,1.08,0.92,0.94,0.85,0.90,0.99,1.04,1.12,1.02,0.82,0.83,0.81,0.88,0.79,0.72,0.91,1.11,1.25,1.26,2.11,1.47
"06-10-2010",1.41,1.52,1.15,0.95,0.85,0.60,0.64,0.77,1.06,1.02,0.89,0.98,1.00,0.91,0.99,0.91,0.92,-9999,-9999,1.30,1.26,1.60,1.50,1.22
"07-10-2010",1.08,0.94,0.94,0.99,0.99,0.99,0.85,0.85,1.07,1.25,1.06,1.03,1.23,1.01,0.95,0.95,0.99,0.91,1.08,1.13,1.07,0.98,0.91,0.89
"08-10-2010",0.83,0.84,0.74,0.73,0.69,0.73,0.73,0.74,0.99,1.03,0.90,0.82,0.87,0.82,0.87,0.89,0.93,0.95,0.91,1.00,1.14,1.08,1.08,0.97
"09-10-2010",0.86,0.79,0.78,0.78,0.73,0.73,0.78,0.83,0.92,1.17,1.03,1.02,0.95,0.90,0.91,0.99,1.05,1.01,1.10,1.25,1.40,1.15,1.07,1.05
"10-10-2010",1.38,1.50,0.50,1.20,1.11,1.06,1.02,0.95,0.91,0.96,0.96,0.91,0.86,0.88,0.88,0.87,1.02,1.00,1.04,1.01,1.35,1.50,1.33,1.48
"11-10-2010",1.64,1.68,1.43,1.23,1.16,0.99,1.04,0.92,1.09,1.17,1.10,1.18,1.36,1.23,1.16,0.93,0.86,0.92,0.94,1.00,1.12,1.04,1.11,1.02
"12-10-2010",0.96,0.95,0.91,0.78,0.71,0.81,0.77,0.80,1.79,1.77,1.07,0.98,0.97,1.06,1.20,1.29,1.04,1.14,1.19,2.05,2.54,2.51,1.91,2.21
"13-10-2010",2.46,1.81,1.69,1.71,1.78,1.69,1.55,1.48,1.87,1.54,1.49,1.39,1.40,0.89,0.79,0.75,0.75,0.72,0.71,0.95,1.14,1.08,1.03,1.26
"14-10-2010",1.18,1.03,0.96,0.79,0.75,0.87,0.84,0.87,0.97,1.16,1.05,0.88,0.86,0.76,0.85,1.01,0.98,1.04,1.38,1.75,1.65,1.78,1.94,1.74
"15-10-2010",1.92,1.81,1.58,1.45,1.23,1.19,1.04,1.01,1.26,1.51,1.26,1.06,1.03,1.06,1.03,0.94,1.07,1.01,1.06,1.28,1.67,1.72,1.53,1.54
"16-10-2010",1.64,1.43,0.99,0.96,0.93,0.90,0.95,0.92,1.05,0.91,0.88,0.99,0.94,0.77,0.76,0.73,0.74,0.85,0.97,1.13,1.47,1.34,1.49,1.40
"17-10-2010",1.08,0.86,0.82,0.85,0.83,0.75,0.74,0.70,0.78,0.84,0.76,0.82,0.82,0.71,0.76,0.74,0.79,0.75,1.01,1.13,1.19,1.31,1.52,1.41
"18-10-2010",1.28,1.12,0.94,0.97,0.86,0.91,0.94,0.86,0.89,0.87,0.99,0.97,0.88,0.95,1.18,1.22,0.92,0.83,1.02,0.99,1.36,1.97,1.40,0.92
"19-10-2010",1.03,0.90,0.71,0.72,0.65,0.69,0.65,0.63,0.70,0.71,0.73,0.78,0.79,0.73,0.75,0.76,0.80,0.82,0.88,0.94,1.06,1.04,1.03,0.89
"20-10-2010",0.85,0.84,0.82,0.73,0.82,0.72,0.73,0.79,1.08,1.08,0.86,0.87,0.94,1.03,0.99,0.95,0.93,0.95,1.11,1.36,1.42,1.89,1.89,1.92
"21-10-2010",1.60,1.43,1.18,1.17,0.98,0.95,0.92,0.91,1.49,1.86,1.44,1.02,0.96,0.93,0.86,0.88,0.91,0.94,1.15,1.29,1.86,2.21,2.10,2.12
"22-10-2010",1.76,2.05,1.94,1.58,1.33,1.26,1.17,1.16,1.31,1.43,1.44,1.21,1.06,1.15,1.11,1.02,0.88,0.91,0.90,0.92,0.96,0.93,0.93,0.98
"23-10-2010",0.92,0.88,0.90,0.93,1.06,1.01,0.95,1.02,1.05,1.26,1.15,1.15,1.11,1.10,1.02,1.02,0.92,0.96,1.15,1.17,1.28,1.39,1.49,1.39
"24-10-2010",1.50,1.39,1.38,1.29,1.28,1.36,1.15,1.04,1.12,1.19,1.04,1.06,1.09,1.02,0.93,1.01,1.13,1.03,1.19,1.23,1.81,1.66,1.98,1.77
"25-10-2010",1.42,1.11,1.02,0.90,0.84,0.81,0.79,0.81,0.93,1.05,1.03,1.07,1.03,1.08,1.14,1.01,0.90,0.86,0.82,0.87,0.79,0.86,1.02,0.91
"26-10-2010",1.21,1.02,1.01,0.80,0.82,0.84,0.78,0.89,1.30,1.31,1.06,0.87,0.86,0.75,0.72,0.68,0.69,0.68,0.77,0.80,1.21,1.04,0.89,1.01
"27-10-2010",1.04,0.85,0.80,0.95,0.85,0.73,0.76,0.77,1.03,1.17,1.44,1.01,0.83,0.95,1.18,1.04,0.91,0.98,1.16,1.67,1.65,1.74,1.54,1.55
"28-10-2010",1.25,1.22,0.95,0.99,0.96,0.95,0.92,0.85,0.83,0.91,0.88,0.94,0.95,0.92,0.96,0.92,0.92,1.04,1.00,1.12,1.25,1.26,1.15,1.31
"29-10-2010",1.18,1.03,1.01,0.94,0.89,0.88,0.92,0.99,1.25,1.92,1.73,1.63,1.24,1.10,1.11,1.11,1.13,1.30,1.47,1.58,1.47,1.18,1.25,1.53
"30-10-2010",1.62,1.91,1.67,1.58,1.36,1.39,1.31,1.20,1.35,1.24,1.20,1.21,1.29,1.25,1.13,1.10,1.07,1.33,1.37,1.56,1.70,1.91,2.27,2.47
"31-10-2010",2.36,2.11,1.87,1.62,1.43,1.26,1.25,1.23,1.14,1.08,1.04,1.06,1.02,1.04,1.05,1.13,1.31,1.16,1.19,1.32,1.25,1.31,1.74,1.35
"01-11-2010",1.57,1.25,1.25,1.07,0.96,0.84,0.85,0.90,1.04,1.08,1.11,1.03,0.99,0.94,0.99,1.06,1.24,0.97,1.23,1.10,1.21,1.41,1.44,1.45
"02-11-2010",1.40,1.11,1.13,0.99,0.91,0.81,0.80,0.86,0.97,0.97,1.14,1.18,1.00,0.54,0.90,0.80,0.75,0.89,1.14,1.46,1.35,1.79,1.53,1.45
"03-11-2010",1.49,1.62,1.12,1.13,0.95,0.98,0.88,0.99,1.28,1.27,1.01,1.19,1.15,1.14,0.90,0.74,1.20,1.31,1.51,2.77,2.57,3.28,3.08,3.22
"04-11-2010",1.71,1.56,1.39,1.35,1.33,1.42,1.29,1.31,1.78,1.64,1.26,1.08,1.05,1.06,1.23,1.17,1.10,1.01,1.49,2.23,3.09,3.18,3.10,3.16
"05-11-2010",2.16,1.97,2.02,1.99,1.85,1.54,1.40,1.34,1.32,1.43,1.40,1.40,1.45,1.31,1.42,1.54,1.55,1.97,1.90,2.70,2.77,2.64,2.99,2.70
"06-11-2010",2.47,2.41,2.24,2.01,2.07,2.02,1.84,1.76,1.67,1.57,1.46,1.38,1.41,1.29,1.41,1.52,1.71,2.17,1.89,2.10,2.29,2.35,2.51,2.72
"07-11-2010",1.30,2.06,2.27,2.01,1.61,1.55,1.42,1.42,1.29,1.20,1.02,1.04,1.04,1.08,1.14,1.06,0.81,0.84,0.91,0.93,1.37,1.49,1.30,0.97
"08-11-2010",0.77,0.84,0.73,0.70,0.70,0.67,0.71,0.69,0.82,0.73,0.77,0.91,1.07,1.00,0.95,0.81,0.74,0.82,1.02,1.16,1.23,1.42,1.28,1.22
"09-11-2010",0.82,0.78,0.67,0.69,0.65,0.73,0.69,0.75,1.05,0.95,0.92,1.02,1.04,1.01,1.07,0.95,0.78,0.76,0.74,0.73,0.77,1.38,1.01,0.83
"10-11-2010",0.75,0.72,0.69,0.67,0.65,0.64,0.65,0.65,0.74,0.71,0.68,0.76,0.64,0.66,0.74,0.67,0.66,0.67,1.11,1.05,1.12,0.98,1.20,0.87
"11-11-2010",0.86,0.79,0.74,0.66,0.74,0.75,0.80,0.80,0.93,0.98,0.84,0.74,0.67,0.69,0.72,0.73,0.68,0.73,0.85,1.10,1.51,1.13,0.93,0.84
"12-11-2010",0.94,1.01,0.97,0.92,1.01,1.03,1.03,1.07,1.28,1.08,0.96,0.90,0.89,0.87,0.97,0.96,0.99,0.94,0.89,1.14,1.58,1.45,1.63,1.73
"13-11-2010",1.92,1.83,1.60,1.42,1.34,1.27,1.10,1.03,1.01,1.04,1.00,1.07,1.13,1.12,1.21,1.26,1.13,1.22,1.16,1.45,1.37,1.35,1.29,1.36
"14-11-2010",1.63,1.76,1.70,2.05,1.83,1.71,1.52,1.47,1.44,1.34,1.31,1.19,1.18,1.12,1.19,1.37,1.47,1.63,1.91,1.73,1.91,2.28,2.46,2.13
"15-11-2010",2.28,2.23,2.27,2.07,2.05,1.84,1.67,1.58,1.79,1.97,1.79,1.56,1.35,0.41,1.20,1.38,1.47,1.37,1.93,2.19,2.64,2.70,3.08,2.82
"16-11-2010",2.93,3.09,2.71,2.31,1.76,1.49,1.36,1.28,1.25,1.26,1.50,1.34,1.26,1.09,1.06,1.23,1.15,0.84,0.96,1.08,1.18,1.57,1.67,1.55
"17-11-2010",1.55,1.19,1.13,0.94,0.84,0.85,0.89,0.83,0.88,1.06,1.05,1.02,0.86,0.86,0.85,0.78,0.80,0.89,0.88,0.88,0.93,1.16,0.40,0.96
"18-11-2010",0.92,0.96,0.89,0.79,0.73,0.76,0.76,0.76,0.94,0.92,0.79,0.82,0.81,0.74,0.78,0.79,0.77,1.02,1.08,1.47,1.22,1.24,1.42,1.45
"19-11-2010",1.29,1.22,0.96,0.88,0.82,0.81,0.87,0.84,1.03,1.17,1.02,0.95,0.83,0.96,1.12,0.89,0.93,1.14,1.02,1.18,1.25,1.44,1.90,1.58
"20-11-2010",1.21,1.15,1.21,1.17,1.11,0.99,0.91,0.87,0.84,0.83,0.82,0.82,0.89,0.97,0.96,0.95,0.99,1.04,1.26,1.37,1.87,1.94,1.71,1.60
"21-11-2010",1.76,1.44,1.39,1.41,1.40,1.31,1.04,1.03,0.99,1.03,0.91,0.91,0.80,0.79,0.85,0.71,0.72,0.84,0.84,1.10,1.54,1.56,1.43,1.16
"22-11-2010",1.01,0.85,0.86,0.88,0.79,0.77,0.77,0.74,0.84,0.90,0.71,0.67,0.95,0.76,0.70,0.68,0.74,0.73,0.76,0.77,0.85,0.76,0.74,0.72
"23-11-2010",0.81,0.75,0.68,0.67,0.66,0.73,0.64,0.43,0.79,0.89,0.97,0.95,0.89,0.81,0.95,0.81,1.05,0.98,0.86,0.95,1.01,1.09,1.06,1.08
"24-11-2010",1.03,0.99,0.96,0.94,0.84,0.76,0.77,0.92,1.02,1.07,1.02,0.95,0.90,0.96,0.85,1.03,0.97,0.99,1.10,1.15,1.31,1.37,1.46,1.40
"25-11-2010",1.17,1.18,1.17,1.06,0.96,0.90,0.88,0.88,1.00,1.13,1.04,0.91,0.91,0.90,0.84,0.80,0.92,0.95,1.13,1.28,1.35,1.28,1.37,1.51
"26-11-2010",1.48,1.42,1.28,1.22,1.02,0.95,0.93,0.94,1.21,1.45,1.52,1.50,1.28,1.17,1.29,1.37,0.98,0.88,0.75,0.80,0.61,0.43,0.81,0.79
"27-11-2010",0.84,0.77,0.83,0.82,0.79,0.81,0.72,0.70,0.78,0.83,0.84,0.81,0.87,0.83,0.79,0.85,0.90,0.89,1.14,1.27,2.10,2.17,2.36,2.02
"28-11-2010",2.27,2.54,2.39,2.41,2.15,2.02,1.73,1.34,1.27,1.00,1.05,1.08,0.84,0.75,0.79,0.79,0.96,0.99,0.88,0.90,1.28,0.90,0.82,0.76
"29-11-2010",0.81,0.71,0.66,0.65,0.69,0.70,0.66,0.73,0.89,0.82,0.78,0.73,0.71,0.81,1.08,0.85,0.92,0.95,0.92,1.05,1.29,1.19,1.19,1.17
"30-11-2010",1.23,1.14,1.14,1.20,1.16,1.08,0.98,0.92,1.29,1.38,1.16,1.04,0.82,0.72,0.75,0.75,0.76,0.78,0.79,0.78,0.79,0.77,0.77,0.81
"01-12-2010",0.87,0.75,0.78,0.75,0.71,0.71,0.67,0.76,1.05,0.73,0.71,0.70,0.65,0.67,0.75,0.76,0.79,1.17,1.17,1.16,1.14,1.10,1.12,1.15
"02-12-2010",1.07,0.99,0.94,0.83,0.75,0.74,0.72,0.75,0.94,0.91,0.76,0.76,0.73,0.73,0.86,0.83,0.80,0.95,0.87,0.79,0.83,0.89,0.94,0.95
"03-12-2010",1.08,0.97,0.92,0.91,0.78,0.77,0.77,0.80,1.01,0.88,0.74,0.74,0.70,0.67,0.74,0.74,0.73,0.77,0.75,0.73,0.84,0.82,0.76,0.96
"04-12-2010",0.96,0.86,0.83,0.82,0.68,0.70,0.74,0.71,0.75,0.76,0.87,1.17,1.02,0.95,0.84,0.82,0.81,0.91,1.05,1.06,0.94,0.96,1.25,1.36
"05-12-2010",1.73,1.55,1.26,1.06,1.09,0.98,0.92,0.89,0.94,0.90,0.90,0.87,0.97,0.84,0.88,0.98,0.98,1.05,1.29,1.32,1.52,1.45,1.58,1.65
"06-12-2010",1.62,1.62,1.73,1.36,1.19,1.07,1.00,0.96,1.01,1.22,1.05,1.02,1.00,1.10,1.27,1.50,1.29,1.23,1.71,1.65,1.87,1.98,1.73,1.59
"07-12-2010",1.68,1.74,1.67,1.54,1.37,1.52,1.44,1.34,1.50,1.29,1.18,1.41,1.14,1.24,1.42,1.32,1.38,1.27,1.34,1.23,1.50,1.76,1.76,1.66
"08-12-2010",1.17,1.76,1.76,1.57,1.79,1.60,0.90,1.08,1.26,1.28,1.23,1.26,1.12,1.04,0.97,2.72,1.88,1.12,1.17,1.32,1.41,1.44,1.52,2.03
"09-12-2010",1.88,1.42,1.26,1.12,0.99,0.95,0.87,1.10,1.37,1.51,1.29,1.24,1.20,1.17,1.04,0.95,1.23,1.09,1.08,1.07,0.92,1.07,1.33,1.34
"10-12-2010",1.62,1.65,1.78,1.28,1.06,0.94,0.82,0.79,0.85,0.88,0.87,0.89,0.82,0.83,0.77,0.72,0.74,0.78,0.82,0.90,0.88,0.92,0.96,0.92
"11-12-2010",0.86,0.76,0.73,0.73,0.72,0.72,0.69,0.71,0.76,0.78,0.72,0.75,0.80,0.80,0.80,0.80,0.80,0.87,1.00,1.07,0.99,0.95,0.98,0.96
"12-12-2010",1.04,1.02,1.03,1.02,1.00,0.97,0.86,0.94,1.05,0.97,1.03,0.92,0.89,1.00,0.97,0.91,0.95,1.00,1.61,1.76,1.79,1.83,2.25,2.10
"13-12-2010",1.55,1.24,0.89,0.82,0.77,0.73,0.74,0.81,0.84,0.97,1.04,1.11,1.22,1.05,0.94,0.95,1.31,1.37,1.35,1.33,1.46,1.47,1.46,1.53
"14-12-2010",1.63,1.62,1.55,1.35,1.35,1.13,1.00,1.03,1.01,1.10,0.99,0.88,0.87,0.87,0.87,0.92,0.90,1.06,1.09,1.03,0.96,0.98,0.93,0.88
"15-12-2010",-9999,-9999,-9999,-9999,-9999,-9999,-9999,-9999,-9999,-9999,-9999,-9999,-9999,-9999,-9999,-9999,-9999,-9999,-9999,-9999,-9999,-9999,-9999,-9999
"16-12-2010",-9999,-9999,-9999,-9999,-9999,-9999,-9999,-9999,-9999,-9999,-9999,-9999,-9999,-9999,-9999,-9999,-9999,-9999,-9999,-9999,-9999,-9999,-9999,-9999
"17-12-2010",-9999,-9999,-9999,-9999,-9999,-9999,-9999,-9999,-9999,-9999,-9999,-9999,-9999,-9999,-9999,-9999,-9999,-9999,-9999,-9999,-9999,-9999,-9999,-9999
"18-12-2010",-9999,-9999,-9999,-9999,-9999,-9999,-9999,-9999,-9999,-9999,-9999,-9999,-9999,-9999,-9999,-9999,-9999,-9999,-9999,-9999,-9999,-9999,-9999,-9999
"19-12-2010",-9999,-9999,-9999,-9999,-9999,-9999,-9999,-9999,-9999,-9999,-9999,-9999,-9999,-9999,-9999,-9999,-9999,-9999,-9999,-9999,-9999,-9999,-9999,-9999
"20-12-2010",-9999,-9999,-9999,-9999,-9999,-9999,-9999,-9999,-9999,-9999,-9999,-9999,-9999,-9999,-9999,-9999,-9999,-9999,-9999,-9999,-9999,-9999,-9999,-9999
"21-12-2010",-9999,-9999,-9999,-9999,-9999,-9999,-9999,-9999,-9999,-9999,-9999,-9999,-9999,-9999,-9999,-9999,-9999,-9999,1.18,1.14,1.78,2.13,1.91,1.55
"22-12-2010",1.46,1.25,1.18,1.19,1.08,0.96,1.03,1.16,1.36,1.47,1.36,1.35,1.42,1.23,1.03,0.92,0.87,0.94,0.94,0.99,1.41,1.37,1.30,1.34
"23-12-2010",1.51,1.41,1.63,1.63,1.44,1.23,1.11,1.01,1.36,1.96,1.81,2.52,2.07,1.19,0.84,0.79,0.82,0.92,0.94,1.14,1.29,1.14,1.07,0.97
"24-12-2010",0.97,0.87,0.80,0.75,0.70,0.65,0.64,0.71,0.72,0.75,0.71,0.72,0.74,0.77,0.75,0.72,0.36,0.82,0.98,1.13,0.85,0.82,0.79,1.10
"25-12-2010",0.85,0.82,0.72,0.72,0.72,0.72,0.72,0.74,0.76,0.84,0.84,0.81,1.11,1.32,1.26,1.33,0.57,0.96,1.22,0.43,1.56,1.34,1.54,1.36
"26-12-2010",1.37,1.41,1.55,1.26,1.20,0.41,1.05,1.00,0.94,0.82,0.55,1.02,0.96,1.09,1.07,1.11,1.08,1.09,1.01,1.09,1.40,1.25,1.23,1.11
"27-12-2010",1.09,1.10,1.07,1.03,0.91,0.86,0.90,0.89,0.99,1.01,1.01,1.12,1.39,1.41,1.34,1.22,1.36,1.27,1.23,1.37,1.54,1.84,1.14,0.33
"28-12-2010",1.28,1.26,1.08,0.95,0.93,0.90,0.87,0.82,0.87,0.94,1.01,1.00,0.90,0.47,0.93,0.95,0.94,1.01,1.02,1.24,1.26,1.50,1.75,2.02
"29-12-2010",2.21,2.44,2.28,1.92,0.49,1.40,1.30,1.11,1.17,1.25,1.39,1.46,1.34,0.79,0.85,1.16,1.20,1.21,1.54,2.06,2.38,2.51,2.60,2.69
"30-12-2010",3.20,3.39,2.95,2.78,2.33,1.89,1.59,0.86,1.97,2.09,2.14,2.00,1.99,1.84,1.73,1.51,1.31,1.20,1.44,2.04,3.04,3.56,2.25,2.80
"31-12-2010",4.16,3.96,3.37,2.57,1.81,1.74,1.73,1.56,1.67,2.05,2.05,1.92,2.11,2.10,2.00,1.80,1.53,1.38,1.43,1.92,3.15,3.12,2.59,-9999
