"01-01-2010",30,39,29,33,34,28,39,24,30,33,35,33,32,33,36,35,32,27,38,38,40,35,44,30
"02-01-2010",33,39,36,34,37,39,36,31,36,32,26,33,30,28,39,35,33,37,34,37,35,40,37,37
"03-01-2010",41,47,42,46,45,43,39,47,44,45,43,50,49,52,43,45,41,42,31,45,54,51,29,39
"04-01-2010",35,40,32,36,34,32,32,32,29,31,31,33,27,27,32,24,33,33,30,34,36,28,36,34
"05-01-2010",33,41,42,34,33,33,29,32,29,38,29,30,35,33,33,27,28,34,45,33,41,42,33,49
"06-01-2010",51,36,50,44,33,34,35,32,39,45,31,35,43,43,69,51,32,29,38,33,34,26,32,34
"07-01-2010",30,29,28,33,32,31,38,36,45,39,36,36,43,49,44,42,30,24,32,21,28,30,29,27
"08-01-2010",27,26,29,25,24,42,35,28,38,38,38,44,49,30,28,26,31,25,24,23,25,23,26,29
"09-01-2010",24,28,21,26,30,28,26,26,28,32,23,23,25,22,23,27,25,25,26,25,29,22,30,28
"10-01-2010",24,24,25,22,25,23,28,26,27,23,25,27,25,25,24,24,30,26,26,30,25,26,23,20
"11-01-2010",23,28,23,20,23,23,20,22,21,23,25,25,22,24,22,24,21,24,24,20,23,30,23,30
"12-01-2010",26,23,25,25,27,25,30,23,25,26,28,28,26,25,33,4,8,19,21,22,22,22,22,21
"13-01-2010",22,22,22,21,22,22,21,22,18,-9999,1,57,23,22,23,24,22,23,23,24,24,24,24,24
"14-01-2010",23,23,23,23,23,22,22,23,22,22,23,23,23,22,23,23,24,22,23,22,24,23,24,23
"15-01-2010",22,23,22,23,22,22,22,23,23,22,23,23,22,23,24,24,24,25,24,25,25,24,25,24
"16-01-2010",24,24,25,25,26,27,26,26,26,26,26,27,27,26,27,26,26,24,25,24,25,25,23,25
"17-01-2010",26,24,23,23,23,23,22,22,22,24,23,24,25,25,25,24,24,26,23,23,23,22,23,23
"18-01-2010",23,22,22,23,25,24,23,23,23,23,23,23,24,23,24,26,27,25,24,24,24,23,24,24
"19-01-2010",24,23,23,23,22,24,23,22,23,23,23,22,24,28,30,30,32,31,30,28,25,24,24,24
"20-01-2010",23,23,23,23,22,23,23,23,23,23,23,23,23,24,25,27,27,26,27,26,25,24,25,25
"21-01-2010",25,25,24,24,23,23,22,23,23,23,23,23,22,24,26,26,27,26,28,27,26,25,28,27
"22-01-2010",29,28,29,28,28,29,25,23,22,23,24,24,25,27,26,25,25,25,24,23,24,23,24,23
"23-01-2010",23,23,23,24,24,23,23,23,23,24,24,25,26,26,25,26,26,28,27,25,28,27,27,27
"24-01-2010",24,24,24,24,24,23,22,23,23,23,23,25,25,26,26,27,29,26,25,26,27,27,25,27
"25-01-2010",27,26,25,23,24,23,23,23,23,22,23,23,23,23,24,24,25,25,26,27,27,28,27,29
"26-01-2010",26,26,27,27,25,24,25,23,23,22,22,23,24,24,25,25,27,26,25,24,24,23,24,25
"27-01-2010",24,24,24,23,23,24,23,23,24,23,23,24,24,23,24,24,25,26,25,24,24,23,24,23
"28-01-2010",23,23,23,24,23,24,23,23,22,22,23,23,23,24,24,23,23,23,24,24,23,24,24,24
"29-01-2010",23,23,25,23,24,25,24,22,23,23,24,25,26,26,24,25,25,25,23,24,23,23,23,22
"30-01-2010",23,24,25,24,24,24,24,23,23,24,24,25,26,25,27,27,28,27,27,27,27,27,31,30
"31-01-2010",28,27,29,30,30,30,28,27,28,27,27,28,27,28,30,28,28,28,27,26,26,26,26,27
"01-02-2010",27,28,29,28,32,27,28,29,35,31,26,30,36,38,36,34,32,33,28,26,24,25,24,24
"02-02-2010",25,26,26,26,27,27,28,24,23,28,28,38,42,38,36,38,41,37,42,40,35,35,37,38
"03-02-2010",37,36,40,40,35,35,33,27,24,24,26,31,31,33,36,41,35,32,32,28,24,26,25,25
"04-02-2010",26,26,26,24,23,24,23,23,23,24,23,23,25,27,28,31,29,26,24,25,26,25,24,25
"05-02-2010",23,24,23,22,22,24,22,23,22,23,23,22,24,25,25,29,31,30,26,25,25,26,26,25
"06-02-2010",30,30,29,26,27,28,33,27,28,28,33,30,33,37,30,30,29,25,28,30,22,26,24,25
"07-02-2010",24,29,29,30,30,32,32,29,29,28,30,27,30,31,33,27,29,24,25,23,23,27,27,24
"08-02-2010",27,25,26,26,27,26,27,28,24,27,21,30,28,28,29,27,22,34,29,26,24,26,26,23
"09-02-2010",24,26,24,24,24,22,28,24,22,26,24,24,22,25,27,32,32,35,30,27,24,25,26,27
"10-02-2010",27,31,27,31,26,29,31,26,27,30,29,25,26,26,25,24,24,26,26,26,23,22,27,27
"11-02-2010",29,31,27,28,28,32,33,31,30,31,36,30,34,30,29,37,33,30,26,30,28,29,26,35
"12-02-2010",29,28,35,32,37,34,30,30,26,27,30,31,28,28,30,30,31,37,29,37,33,33,30,30
"13-02-2010",35,37,29,27,34,28,33,31,30,32,36,38,35,37,34,45,42,38,25,26,33,29,33,26
"14-02-2010",21,30,26,29,26,29,24,25,28,28,31,35,34,36,27,22,36,33,32,28,28,30,27,34
"15-02-2010",28,35,36,36,34,38,33,31,26,29,30,33,36,28,33,28,26,31,30,27,27,27,26,30
"16-02-2010",27,26,25,23,25,22,23,24,25,24,20,24,27,26,29,35,25,28,27,30,31,26,29,31
"17-02-2010",31,26,27,22,27,23,29,28,26,23,29,27,29,33,34,29,29,32,27,37,39,32,27,32
"18-02-2010",38,31,37,32,35,30,30,34,38,25,41,32,35,40,38,31,33,28,23,34,29,33,41,32
"19-02-2010",33,35,27,29,26,36,25,31,21,19,22,22,23,24,24,27,28,30,29,29,27,29,28,29
"20-02-2010",28,26,27,27,28,27,28,27,26,28,28,28,28,27,28,28,27,24,27,26,26,28,26,29
"21-02-2010",29,34,37,38,41,40,34,27,29,31,33,34,36,34,43,48,44,45,41,31,27,25,26,25
"22-02-2010",25,24,24,25,25,25,25,24,23,23,23,23,25,27,32,33,33,31,33,29,28,27,27,28
"23-02-2010",27,27,28,27,27,26,24,23,23,23,24,28,29,28,27,25,25,25,28,27,27,26,26,24
"24-02-2010",24,24,24,23,23,23,25,24,23,23,24,24,25,27,28,29,28,26,27,27,28,27,27,26
"25-02-2010",26,24,25,24,27,26,26,26,25,23,24,27,33,40,39,38,37,36,31,30,34,30,24,24
"26-02-2010",23,23,23,23,23,22,22,22,22,24,22,24,25,27,27,26,26,28,28,27,26,27,28,27
"27-02-2010",29,29,30,28,28,27,30,24,27,26,29,39,41,41,40,38,43,45,43,34,38,37,30,27
"28-02-2010",26,26,25,25,25,25,24,24,25,25,27,26,27,26,26,24,26,25,24,23,23,24,25,24
"01-03-2010",23,23,23,23,24,23,24,22,23,23,23,22,25,25,27,29,29,27,25,24,24,23,23,24
"02-03-2010",24,23,24,23,23,23,22,23,23,23,24,28,35,38,37,39,40,39,32,26,27,28,25,27
"03-03-2010",25,24,24,25,28,25,25,23,22,24,25,29,28,28,26,26,27,26,25,23,24,24,26,26
"04-03-2010",25,26,26,26,27,28,26,24,25,24,23,26,28,28,28,30,29,27,28,30,30,26,25,26
"05-03-2010",26,25,26,26,26,30,28,26,23,23,29,39,40,39,41,41,40,39,34,31,30,27,26,28
"06-03-2010",29,28,26,32,32,34,33,29,26,29,38,41,44,45,42,41,39,35,33,34,32,29,26,26
"07-03-2010",26,26,24,23,25,25,24,25,25,26,26,28,28,32,33,32,30,29,30,30,28,28,28,29
"08-03-2010",31,35,34,33,36,35,35,30,29,24,24,23,24,24,26,24,27,26,26,30,30,29,29,29
"09-03-2010",29,27,26,26,24,25,23,23,23,23,24,24,24,42,59,37,29,28,26,27,27,26,29,25
"10-03-2010",30,30,32,32,31,30,31,30,25,26,28,27,29,33,32,29,30,32,32,32,32,34,33,30
"11-03-2010",30,32,35,32,33,30,27,25,22,23,22,24,22,30,26,36,31,40,31,28,36,34,30,35
"12-03-2010",38,35,41,46,41,35,42,36,34,34,31,38,40,38,33,34,35,41,38,27,23,30,21,27
"13-03-2010",26,25,25,21,21,24,19,24,25,25,21,27,29,31,33,31,34,31,28,25,25,24,31,30
"14-03-2010",23,27,29,42,33,38,39,37,44,38,39,38,37,37,41,42,35,39,45,32,38,28,37,35
"15-03-2010",37,34,37,34,25,29,32,29,28,27,37,43,41,41,45,57,51,45,49,38,38,46,35,27
"16-03-2010",30,26,41,30,28,34,29,31,25,26,34,41,39,39,36,34,37,42,36,32,37,42,37,26
"17-03-2010",27,25,37,36,35,33,27,31,25,30,26,33,46,39,42,27,40,30,32,31,32,32,35,35
"18-03-2010",41,28,34,32,35,20,29,32,42,46,29,32,38,41,43,52,52,55,58,48,33,33,31,35
"19-03-2010",51,37,49,41,40,38,41,40,33,39,40,42,51,38,36,30,41,43,42,32,32,35,30,39
"20-03-2010",37,30,37,27,28,33,32,25,29,36,27,37,37,32,41,39,37,38,31,28,38,31,26,24
"21-03-2010",32,29,26,33,39,41,28,26,31,43,28,30,37,32,34,34,31,34,34,36,29,25,25,22
"22-03-2010",24,22,21,26,23,21,21,23,24,23,23,25,27,24,26,25,27,25,28,27,24,23,24,22
"23-03-2010",21,23,22,23,22,23,24,22,24,23,21,24,19,23,23,25,25,26,23,32,32,27,34,45
"24-03-2010",42,35,60,59,41,39,33,44,30,62,84,70,55,63,51,39,50,52,54,76,70,45,39,32
"25-03-2010",47,44,57,57,42,30,44,41,37,35,34,49,62,54,42,60,64,44,54,70,73,98,104,94
"26-03-2010",124,109,71,63,61,74,73,49,69,84,140,19,94,52,31,29,32,34,33,30,31,27,26,26
"27-03-2010",26,25,25,25,26,26,24,24,25,25,24,28,30,31,35,36,36,35,33,30,30,31,33,33
"28-03-2010",30,33,38,44,45,43,43,32,35,36,41,46,50,52,57,57,56,59,46,39,46,43,33,32
"29-03-2010",32,28,30,27,25,25,23,24,26,26,30,33,38,43,44,44,49,47,38,32,31,30,26,27
"30-03-2010",27,25,24,26,27,25,26,29,39,26,27,31,31,35,37,38,38,35,36,33,33,36,37,36
"31-03-2010",34,34,38,37,37,32,33,26,27,28,32,35,37,37,37,34,35,37,31,30,28,31,28,29
"01-04-2010",32,31,30,28,26,26,24,24,24,26,30,33,33,34,37,37,38,43,43,36,33,30,30,29
"02-04-2010",26,28,26,26,25,24,24,25,27,28,29,30,30,36,36,38,43,45,40,37,38,29,25,25
"03-04-2010",26,25,24,24,25,24,23,24,25,28,30,31,33,38,37,35,38,46,42,34,29,30,26,24
"04-04-2010",27,24,24,26,27,24,24,25,27,28,29,31,34,36,37,38,38,38,36,32,26,29,29,25
"05-04-2010",28,27,26,25,30,25,26,28,28,30,30,33,32,37,41,41,38,34,35,32,29,29,28,28
"06-04-2010",27,27,27,28,34,28,28,27,28,29,35,39,43,43,45,41,40,44,47,45,41,44,36,31
"07-04-2010",28,26,28,24,26,26,24,25,26,28,28,31,33,34,35,34,32,33,30,27,25,25,26,29
"08-04-2010",25,23,24,24,23,23,23,24,24,27,27,30,32,36,32,32,31,29,28,28,25,25,24,24
"09-04-2010",23,24,24,23,24,24,24,24,24,24,28,40,-9999,37,30,33,39,39,39,34,41,35,41,38
"10-04-2010",31,34,32,30,28,29,26,23,32,30,30,30,35,35,44,43,40,39,34,34,32,37,34,32
"11-04-2010",32,31,26,25,24,25,27,24,24,25,27,30,33,36,38,36,41,31,36,38,37,31,27,25
"12-04-2010",23,27,27,27,27,27,26,26,23,24,27,29,31,40,41,42,39,32,31,27,34,31,30,27
"13-04-2010",29,31,28,28,29,29,28,26,24,25,26,25,26,26,31,35,32,27,30,29,27,26,25,23
"14-04-2010",28,26,24,25,27,25,26,24,26,23,25,28,28,31,30,32,37,35,35,36,34,35,30,30
"15-04-2010",35,38,37,37,38,36,29,28,29,33,33,31,29,31,31,31,28,28,28,27,26,24,24,23
"16-04-2010",25,23,23,23,25,23,24,23,23,23,24,27,33,35,36,37,37,37,36,38,33,30,30,32
"17-04-2010",33,25,24,20,25,26,29,27,26,32,28,38,36,33,41,39,36,39,40,57,45,46,38,36
"18-04-2010",49,69,62,90,64,40,44,33,58,70,60,46,28,44,42,52,40,43,56,56,46,34,40,42
"19-04-2010",59,47,56,34,58,74,106,72,61,42,59,65,92,63,57,53,126,88,83,57,71,74,45,78
"20-04-2010",45,62,55,79,80,64,45,43,66,49,59,56,61,66,64,58,80,68,45,62,65,92,94,73
"21-04-2010",88,113,128,121,120,78,68,52,44,41,44,64,76,55,64,65,62,69,62,67,58,62,37,45
"22-04-2010",47,76,81,88,95,46,79,101,85,98,93,75,65,66,58,56,73,58,65,89,83,65,74,71
"23-04-2010",86,89,63,88,84,85,62,49,49,43,54,49,48,59,74,64,45,57,39,61,65,50,39,44
"24-04-2010",34,54,46,65,44,75,65,50,71,62,60,64,77,68,70,77,63,67,71,95,85,72,72,74
"25-04-2010",-9999,-9999,-9999,-9999,-9999,-9999,-9999,-9999,-9999,-9999,-9999,-9999,-9999,-9999,-9999,-9999,-9999,-9999,-9999,-9999,-9999,-9999,-9999,-9999
"26-04-2010",-9999,-9999,-9999,-9999,-9999,-9999,-9999,-9999,-9999,-9999,-9999,-9999,-9999,-9999,-9999,-9999,-9999,-9999,-9999,-9999,-9999,-9999,-9999,-9999
"27-04-2010",-9999,-9999,-9999,-9999,-9999,-9999,-9999,-9999,-9999,-9999,-9999,-9999,-9999,-9999,-9999,-9999,-9999,-9999,-9999,-9999,-9999,-9999,-9999,-9999
"28-04-2010",-9999,-9999,-9999,-9999,-9999,-9999,-9999,-9999,-9999,-9999,-9999,-9999,-9999,-9999,-9999,-9999,-9999,-9999,-9999,-9999,-9999,-9999,-9999,-9999
"29-04-2010",-9999,-9999,-9999,-9999,-9999,-9999,-9999,-9999,-9999,-9999,-9999,-9999,-9999,-9999,-9999,-9999,-9999,-9999,-9999,-9999,-9999,-9999,-9999,-9999
"30-04-2010",-9999,-9999,-9999,-9999,-9999,-9999,-9999,-9999,-9999,-9999,-9999,-9999,-9999,-9999,-9999,-9999,-9999,-9999,-9999,-9999,-9999,-9999,-9999,-9999
"01-05-2010",-9999,-9999,-9999,-9999,-9999,-9999,-9999,-9999,-9999,-9999,-9999,-9999,-9999,-9999,-9999,-9999,-9999,-9999,-9999,-9999,-9999,-9999,-9999,-9999
"02-05-2010",-9999,-9999,-9999,-9999,-9999,-9999,-9999,-9999,-9999,-9999,-9999,-9999,-9999,-9999,-9999,-9999,-9999,-9999,-9999,-9999,-9999,-9999,-9999,-9999
"03-05-2010",-9999,-9999,-9999,-9999,-9999,-9999,-9999,-9999,-9999,-9999,-9999,-9999,-9999,-9999,-9999,-9999,-9999,-9999,-9999,-9999,-9999,-9999,-9999,-9999
"04-05-2010",-9999,-9999,-9999,-9999,-9999,-9999,-9999,-9999,-9999,-9999,-9999,-9999,-9999,-9999,-9999,-9999,-9999,-9999,-9999,-9999,-9999,-9999,-9999,-9999
"05-05-2010",-9999,-9999,-9999,-9999,-9999,-9999,-9999,-9999,-9999,-9999,-9999,-9999,-9999,-9999,-9999,-9999,-9999,-9999,-9999,-9999,-9999,-9999,-9999,-9999
"06-05-2010",-9999,-9999,-9999,-9999,-9999,-9999,-9999,-9999,-9999,-9999,-9999,-9999,-9999,-9999,-9999,-9999,-9999,-9999,-9999,-9999,-9999,-9999,-9999,-9999
"07-05-2010",-9999,-9999,-9999,-9999,-9999,-9999,-9999,-9999,-9999,-9999,-9999,-9999,-9999,-9999,-9999,-9999,-9999,-9999,-9999,-9999,-9999,-9999,-9999,-9999
"08-05-2010",-9999,-9999,-9999,-9999,-9999,-9999,-9999,-9999,-9999,-9999,-9999,-9999,-9999,-9999,-9999,-9999,-9999,-9999,-9999,-9999,-9999,-9999,-9999,-9999
"09-05-2010",-9999,-9999,-9999,-9999,-9999,-9999,-9999,-9999,-9999,-9999,-9999,-9999,-9999,-9999,-9999,-9999,-9999,-9999,-9999,-9999,-9999,-9999,-9999,-9999
"10-05-2010",82,84,90,89,86,84,79,73,73,95,92,106,77,54,67,86,73,73,77,86,98,82,67,56
"11-05-2010",69,93,67,75,98,84,88,90,84,94,80,102,85,83,52,63,60,67,43,54,72,85,109,83
"12-05-2010",56,61,84,63,62,69,103,109,92,101,61,86,99,83,71,59,63,72,75,83,64,84,79,78
"13-05-2010",84,76,63,71,74,77,60,84,78,58,87,95,90,82,78,57,69,48,75,99,61,93,79,65
"14-05-2010",67,79,71,63,72,62,69,102,64,84,82,71,82,71,64,56,77,72,91,85,89,92,60,59
"15-05-2010",79,78,58,68,45,80,71,47,64,73,50,65,68,59,51,49,63,55,67,76,75,83,66,95
"16-05-2010",100,122,84,82,99,68,101,79,1,1,22,41,47,49,50,51,50,48,46,45,40,34,28,25
"17-05-2010",29,31,36,29,29,36,34,29,30,32,38,40,43,36,36,35,42,47,49,51,41,32,32,33
"18-05-2010",30,27,31,37,35,39,41,42,40,38,40,44,47,44,45,48,47,46,41,38,37,40,38,32
"19-05-2010",28,27,26,26,24,24,24,23,25,24,27,27,30,33,37,43,46,48,47,44,36,29,26,25
"20-05-2010",24,25,25,25,25,26,24,23,23,24,25,27,29,35,32,29,28,27,27,29,29,26,30,28
"21-05-2010",29,28,29,27,27,28,29,28,27,25,24,26,28,28,27,28,32,34,33,29,30,28,29,28
"22-05-2010",27,26,26,26,27,27,28,25,25,26,28,31,32,32,35,32,29,35,30,28,26,25,25,26
"23-05-2010",24,24,24,23,23,22,24,24,24,24,25,27,30,33,36,40,36,30,27,24,26,25,24,25
"24-05-2010",24,24,24,23,24,24,24,24,24,25,26,27,28,29,30,34,39,37,32,29,30,28,27,25
"25-05-2010",23,23,23,23,23,24,24,23,23,24,25,27,29,31,34,33,36,33,29,33,36,36,34,31
"26-05-2010",27,24,25,24,24,23,24,24,24,25,26,30,32,34,35,34,37,33,35,32,34,37,33,31
"27-05-2010",27,26,28,24,24,24,23,25,25,26,27,32,33,35,34,35,35,37,35,34,35,35,35,34
"28-05-2010",31,28,28,27,27,26,25,25,25,25,26,27,29,33,36,38,42,35,38,36,33,32,32,33
"29-05-2010",28,25,24,26,25,24,25,25,26,27,29,32,36,36,31,30,34,30,33,33,36,32,32,30
"30-05-2010",27,28,30,28,28,25,28,26,27,26,29,31,33,34,36,36,36,32,30,32,30,27,27,26
"31-05-2010",26,25,27,27,28,25,25,25,27,26,29,32,34,33,33,34,37,36,36,37,38,37,36,34
"01-06-2010",36,38,36,34,34,30,30,28,27,36,42,32,27,28,29,32,35,29,32,37,38,37,32,27
"02-06-2010",30,32,27,27,25,25,25,23,25,26,26,27,28,30,31,32,33,34,36,35,36,32,30,31
"03-06-2010",29,25,26,28,25,25,28,28,28,34,29,29,33,33,29,38,34,37,30,38,33,37,27,35
"04-06-2010",26,29,29,26,34,27,24,27,31,31,35,28,35,43,41,31,37,27,33,37,37,24,22,24
"05-06-2010",23,28,27,41,28,23,20,28,24,28,28,27,32,25,29,36,32,29,35,31,33,29,29,27
"06-06-2010",26,28,26,27,28,28,27,22,25,26,28,34,34,34,32,34,33,39,34,31,32,34,29,32
"07-06-2010",28,29,28,26,26,23,24,24,25,26,28,31,32,34,30,29,32,34,32,33,34,34,33,29
"08-06-2010",28,30,28,27,26,25,21,31,48,35,30,30,34,48,62,49,61,46,36,63,81,110,54,56
"09-06-2010",45,40,57,47,66,42,43,49,50,43,30,44,41,49,71,47,66,53,55,54,108,80,57,47
"10-06-2010",69,84,59,59,62,72,120,163,56,46,68,65,63,56,55,69,82,50,69,59,50,70,65,66
"11-06-2010",34,54,51,50,63,55,67,56,55,48,46,48,65,68,57,66,50,71,75,114,105,87,119,68
"12-06-2010",100,66,46,46,53,63,48,53,44,62,53,48,85,96,80,70,78,63,32,35,33,32,32,32
"13-06-2010",28,27,27,27,27,26,26,26,29,29,29,31,33,33,33,34,34,29,30,30,30,32,31,31
"14-06-2010",32,31,29,29,29,29,26,27,26,26,28,28,30,31,29,27,30,30,29,31,29,28,27,26
"15-06-2010",29,29,27,28,27,27,26,26,26,28,29,30,31,29,26,30,29,31,31,29,31,28,28,26
"16-06-2010",26,24,27,27,27,26,25,26,26,27,26,26,26,26,26,27,28,27,28,27,27,26,25,25
"17-06-2010",25,25,26,25,25,25,26,25,26,26,26,27,28,28,25,27,31,28,27,26,27,28,28,27
"18-06-2010",27,27,27,27,27,28,27,24,26,28,29,31,31,30,26,31,31,29,31,30,31,31,29,29
"19-06-2010",29,27,27,27,27,25,26,26,27,27,28,30,29,31,31,31,32,33,33,33,34,33,33,33
"20-06-2010",33,32,33,32,32,32,32,32,32,31,28,30,29,30,30,32,34,37,35,35,35,36,36,33
"21-06-2010",27,28,29,31,27,27,27,26,27,30,31,31,30,30,29,31,33,33,32,32,34,29,29,28
"22-06-2010",28,29,28,28,28,27,27,27,27,27,29,29,29,31,35,38,41,40,37,31,28,27,28,27
"23-06-2010",26,28,26,25,26,26,25,24,24,27,26,27,28,29,33,34,35,36,34,34,32,29,29,28
"24-06-2010",28,30,29,27,28,26,26,24,26,26,26,27,29,31,33,34,29,30,29,30,31,31,31,29
"25-06-2010",31,31,30,28,26,24,25,23,28,35,81,35,34,34,32,38,48,48,41,43,41,38,38,30
"26-06-2010",40,33,30,35,33,22,34,31,33,26,31,37,36,36,38,38,39,40,41,41,41,34,34,35
"27-06-2010",33,31,26,28,25,22,26,26,27,31,31,35,37,39,39,46,41,42,39,41,36,33,36,33
"28-06-2010",31,30,27,26,25,23,23,26,25,27,25,35,35,40,44,38,35,32,34,30,34,32,31,26
"29-06-2010",28,26,26,26,25,25,24,21,22,29,26,25,33,34,37,32,32,30,30,33,30,25,26,26
"30-06-2010",25,24,26,24,24,22,26,23,25,22,27,28,31,32,34,35,31,31,32,35,32,32,27,24
"01-07-2010",27,23,25,24,24,26,23,24,23,28,30,34,35,41,32,38,36,36,34,34,34,39,28,32
"02-07-2010",33,32,31,42,39,38,32,47,36,31,33,31,34,36,44,40,38,37,39,33,36,30,32,29
"03-07-2010",25,28,33,41,40,42,37,34,41,29,54,65,46,49,52,44,48,65,45,45,45,41,47,84
"04-07-2010",93,101,61,41,41,34,34,39,53,60,114,79,67,45,49,45,44,41,47,48,38,47,40,54
"05-07-2010",54,49,61,54,52,43,43,46,45,88,143,130,66,81,47,61,98,88,60,73,113,76,64,113
"06-07-2010",98,68,44,73,60,39,43,56,72,74,57,55,66,66,82,71,59,52,70,63,62,59,47,62
"07-07-2010",65,61,41,46,44,50,41,44,55,57,81,60,106,88,94,73,89,62,61,91,58,85,66,41
"08-07-2010",66,48,41,44,47,57,65,42,67,59,64,73,80,94,62,58,54,67,50,56,57,117,79,68
"09-07-2010",61,66,65,52,71,70,70,68,56,99,105,83,97,67,73,68,64,49,60,71,58,61,63,55
"10-07-2010",51,43,63,55,58,48,59,72,69,68,82,60,66,76,56,72,67,66,66,55,47,92,68,72
"11-07-2010",-9999,-9999,-9999,-9999,-9999,-9999,-9999,-9999,-9999,-9999,-9999,-9999,-9999,-9999,-9999,-9999,-9999,-9999,-9999,-9999,-9999,-9999,-9999,-9999
"12-07-2010",-9999,-9999,-9999,-9999,-9999,-9999,-9999,-9999,-9999,-9999,-9999,-9999,-9999,-9999,-9999,-9999,-9999,-9999,-9999,-9999,-9999,-9999,-9999,-9999
"13-07-2010",93,98,61,81,61,91,104,66,82,74,77,72,62,91,92,100,119,104,100,103,106,112,127,80
"14-07-2010",59,59,54,55,37,58,66,62,57,57,36,56,57,61,67,72,75,71,95,99,91,84,64,76
"15-07-2010",50,40,41,53,59,53,61,43,54,58,65,69,66,64,70,79,84,70,80,97,78,66,90,82
"16-07-2010",69,76,52,60,56,72,63,50,62,84,82,73,46,66,105,71,65,58,90,72,96,74,55,72
"17-07-2010",61,55,64,63,68,83,79,66,80,73,93,76,62,69,67,73,60,64,71,77,60,68,71,91
"18-07-2010",74,96,71,48,56,69,64,52,53,60,95,97,87,86,79,85,76,75,86,59,87,77,73,79
"19-07-2010",57,91,59,75,61,65,63,66,68,76,73,71,71,75,86,98,52,81,85,79,67,60,62,64
"20-07-2010",80,64,70,70,61,75,66,60,75,93,75,78,96,73,79,73,99,84,82,72,89,70,64,77
"21-07-2010",109,87,65,66,80,56,69,65,82,83,70,144,91,112,92,68,78,61,75,78,61,69,76,78
"22-07-2010",67,92,87,88,79,90,89,82,90,86,96,76,69,64,95,97,66,40,34,36,35,31,31,30
"23-07-2010",26,27,27,25,25,25,24,24,24,26,29,33,38,44,41,42,39,39,37,36,36,34,29,27
"24-07-2010",26,27,26,26,25,25,26,25,26,29,31,36,39,42,42,41,46,50,49,39,46,44,43,43
"25-07-2010",40,35,34,32,30,32,31,30,32,34,37,38,40,41,41,43,46,41,39,38,34,37,37,37
"26-07-2010",36,34,34,34,32,30,30,28,28,30,32,36,38,38,37,44,43,41,43,39,38,37,39,36
"27-07-2010",36,34,31,34,33,27,30,28,28,33,33,40,43,42,48,50,49,52,49,41,39,36,34,36
"28-07-2010",33,30,29,26,27,26,24,26,27,31,31,36,39,41,42,39,42,43,42,38,38,37,36,33
"29-07-2010",33,33,31,30,28,27,24,24,26,29,30,35,39,42,41,43,43,45,36,41,41,39,38,35
"30-07-2010",31,34,33,32,29,29,28,27,29,33,67,62,45,45,45,46,47,39,43,44,45,41,38,37
"31-07-2010",35,33,34,30,31,31,28,30,30,34,37,41,41,45,48,47,45,47,46,41,37,36,35,35
"01-08-2010",32,30,28,25,26,25,25,24,28,31,32,33,35,36,39,40,41,41,34,37,38,36,34,30
"02-08-2010",32,32,32,30,29,27,25,25,27,30,34,38,42,42,43,43,41,42,40,41,41,40,35,32
"03-08-2010",29,26,31,27,29,25,27,28,31,34,37,43,50,53,54,54,56,52,44,47,47,43,40,38
"04-08-2010",32,27,29,30,26,28,28,27,30,33,34,41,46,44,44,38,43,34,34,34,29,28,27,26
"05-08-2010",26,24,26,24,23,23,23,24,26,28,30,32,39,43,44,45,47,43,42,41,36,38,38,35
"06-08-2010",34,34,32,32,30,29,30,28,29,29,31,37,40,43,44,44,42,42,43,35,35,38,37,35
"07-08-2010",32,30,27,26,27,27,26,27,26,31,34,38,42,43,42,42,39,35,39,38,41,39,39,34
"08-08-2010",32,29,30,29,29,27,25,26,29,32,33,35,36,37,40,41,43,43,43,40,40,37,34,30
"09-08-2010",29,31,31,29,28,29,24,28,28,31,33,36,37,42,44,47,47,42,44,43,41,40,35,35
"10-08-2010",34,33,33,34,33,28,27,25,28,31,35,39,46,52,53,52,53,50,48,47,45,45,41,36
"11-08-2010",33,30,29,28,28,26,25,25,26,32,36,43,50,48,49,49,50,50,48,47,45,44,35,31
"12-08-2010",29,30,26,28,26,27,24,25,30,34,36,43,52,50,49,49,20,42,46,49,47,41,36,33
"13-08-2010",30,27,26,27,28,27,27,25,31,35,40,44,52,50,50,50,51,48,46,49,48,46,37,31
"14-08-2010",30,29,29,29,26,27,26,28,29,35,37,40,48,51,50,50,52,52,51,51,50,46,39,35
"15-08-2010",31,34,38,30,34,30,29,35,34,37,39,42,47,51,52,52,50,55,56,51,47,39,34,29
"16-08-2010",30,28,31,31,33,30,30,27,29,34,36,40,42,44,48,43,44,49,44,47,44,47,43,37
"17-08-2010",30,30,30,29,29,27,27,27,31,35,39,41,42,44,46,48,52,50,47,43,45,44,42,38
"18-08-2010",34,32,31,30,29,30,31,26,29,35,38,40,43,45,44,44,46,47,46,43,43,41,33,32
"19-08-2010",32,35,31,34,34,34,30,29,30,33,36,38,40,42,44,48,43,46,44,45,44,42,40,39
"20-08-2010",37,35,33,32,31,33,31,28,31,34,36,39,42,45,45,45,44,46,48,47,43,40,36,36
"21-08-2010",32,33,33,31,31,29,30,29,31,36,40,44,45,47,46,45,46,46,47,47,46,46,46,45
"22-08-2010",43,41,42,40,41,41,41,41,40,40,44,42,42,42,42,44,42,43,43,44,42,42,40,41
"23-08-2010",39,38,39,37,36,36,37,34,36,38,39,42,44,46,46,46,46,47,47,45,45,42,38,36
"24-08-2010",31,29,32,28,28,27,29,26,31,32,36,41,44,46,42,46,45,46,49,48,44,43,33,35
"25-08-2010",30,30,30,27,27,25,27,23,25,31,35,39,42,42,42,45,44,41,46,48,45,38,33,35
"26-08-2010",33,33,31,28,27,27,29,26,26,31,33,40,43,48,48,47,47,49,56,54,49,43,35,33
"27-08-2010",32,33,32,29,30,29,26,24,27,32,35,42,49,48,50,51,51,46,51,48,47,43,37,34
"28-08-2010",30,31,33,31,34,25,31,26,37,39,38,43,52,51,47,46,44,52,45,46,46,40,42,37
"29-08-2010",40,32,41,32,32,32,34,30,32,34,34,42,37,41,39,37,37,39,40,39,34,35,31,32
"30-08-2010",33,30,31,30,29,29,30,30,25,28,32,35,36,38,39,41,41,40,40,39,38,39,37,35
"31-08-2010",35,32,30,28,31,30,30,29,30,31,36,30,35,40,46,47,47,49,48,42,40,41,37,42
"01-09-2010",39,38,37,33,28,29,27,27,30,30,35,47,43,45,42,47,46,47,49,50,45,43,40,37
"02-09-2010",39,34,34,30,28,27,25,25,25,27,29,30,34,36,41,43,40,47,50,47,43,39,35,30
"03-09-2010",25,27,27,25,24,26,25,24,25,27,29,32,39,38,41,42,40,36,33,28,25,29,24,25
"04-09-2010",24,24,23,24,23,24,25,24,25,25,27,27,27,27,32,32,32,31,29,28,27,26,25,26
"05-09-2010",27,27,26,26,25,25,25,24,24,27,26,27,32,32,31,32,32,32,32,33,34,34,34,31
"06-09-2010",32,30,30,30,30,27,24,23,25,27,29,29,30,32,34,35,37,34,32,34,30,32,31,28
"07-09-2010",26,27,24,24,25,23,24,23,24,25,25,28,34,38,37,34,34,36,36,37,36,34,32,28
"08-09-2010",28,28,23,24,26,26,26,24,24,26,28,31,38,40,39,35,37,40,42,39,38,35,32,26
"09-09-2010",28,25,24,26,26,26,25,24,25,28,29,33,36,36,36,35,38,38,37,36,35,30,25,25
"10-09-2010",27,26,28,27,26,24,25,23,26,27,30,32,35,34,33,35,36,34,35,33,31,30,29,27
"11-09-2010",26,25,23,24,24,24,23,24,25,27,31,35,32,27,26,27,29,29,28,28,26,25,24,24
"12-09-2010",24,24,23,23,24,23,24,23,23,24,26,27,29,32,34,34,28,29,28,33,29,28,26,26
"13-09-2010",25,24,24,25,24,24,23,22,23,23,24,25,28,32,32,33,33,32,35,33,32,32,30,27
"14-09-2010",22,26,24,23,24,23,23,23,23,24,25,26,33,34,32,33,34,35,32,32,32,24,23,26
"15-09-2010",25,23,23,24,23,23,23,23,24,25,25,29,34,38,37,39,36,35,33,34,36,37,35,32
"16-09-2010",28,27,28,28,27,24,24,23,25,25,29,29,35,38,33,40,36,41,45,39,42,32,29,26
"17-09-2010",32,28,33,27,21,32,30,27,29,23,26,30,36,33,35,41,37,40,37,38,37,32,30,24
"18-09-2010",27,24,27,25,21,23,23,24,26,25,27,30,35,38,40,36,33,34,31,35,35,35,31,26
"19-09-2010",24,25,25,26,23,23,23,23,23,25,26,29,33,38,37,29,34,37,33,35,29,31,28,27
"20-09-2010",28,26,26,26,21,23,25,25,23,24,26,31,30,32,36,39,36,35,36,35,28,30,29,32
"21-09-2010",33,31,30,30,25,26,25,22,25,26,25,33,34,31,42,46,47,33,31,41,46,47,45,36
"22-09-2010",43,39,39,36,33,29,27,28,24,31,36,36,36,40,36,44,41,40,39,48,59,51,46,48
"23-09-2010",54,35,47,59,46,68,72,58,65,55,38,38,36,35,35,37,34,34,36,37,38,37,34,34
"24-09-2010",30,27,26,27,29,25,27,23,23,26,30,32,31,35,36,35,36,36,34,34,35,35,33,33
"25-09-2010",32,30,29,30,29,28,28,28,27,27,27,27,28,29,28,29,28,27,28,29,28,28,29,29
"26-09-2010",29,28,30,32,32,31,28,27,28,28,30,30,28,28,29,35,36,35,35,32,27,27,25,25
"27-09-2010",25,25,24,23,23,24,23,23,23,24,24,24,27,30,28,31,35,36,34,32,31,27,26,26
"28-09-2010",25,25,27,24,24,26,26,26,25,26,24,26,26,28,28,29,31,32,29,29,28,27,26,27
"29-09-2010",26,26,26,26,25,25,23,24,22,22,23,23,24,26,27,36,35,33,32,29,31,34,29,27
"30-09-2010",25,23,24,25,24,24,25,23,26,35,44,51,51,64,56,37,37,37,36,31,32,30,24,24
"01-10-2010",24,23,22,22,22,23,23,21,23,22,23,23,24,27,31,34,33,34,37,32,29,28,26,23
"02-10-2010",24,22,24,23,24,22,22,22,23,24,24,26,24,28,30,35,36,36,34,35,35,32,26,28
"03-10-2010",23,24,23,24,23,23,24,22,23,23,24,26,29,31,34,35,36,36,31,30,28,30,25,26
"04-10-2010",25,24,24,25,24,23,25,24,22,22,23,28,29,31,36,37,34,35,32,31,30,23,26,24
"05-10-2010",25,26,24,26,26,25,24,24,23,24,25,27,31,35,36,35,36,35,33,29,28,27,27,26
"06-10-2010",23,23,27,29,27,27,28,26,26,26,29,29,29,26,26,29,27,35,30,26,24,24,24,24
"07-10-2010",24,25,25,24,23,23,23,23,23,21,24,23,22,23,24,27,27,29,27,26,28,27,29,28
"08-10-2010",29,28,30,31,30,28,29,29,26,24,25,26,26,27,27,29,27,28,29,26,25,25,26,29
"09-10-2010",32,33,35,35,31,32,26,24,22,25,24,26,25,26,26,27,27,25,26,24,25,26,25,24
"10-10-2010",22,23,23,23,24,23,23,24,23,24,24,26,26,25,26,26,26,25,29,26,25,26,24,23
"11-10-2010",24,23,24,23,23,22,23,24,23,24,25,19,23,23,22,27,27,25,28,24,31,25,27,27
"12-10-2010",32,27,29,32,22,25,31,24,25,24,25,24,28,26,25,23,27,27,26,26,29,21,17,27
"13-10-2010",24,20,26,17,26,24,25,25,22,24,24,27,28,21,29,25,25,26,31,33,30,31,28,26
"14-10-2010",31,28,27,27,29,43,47,33,24,25,31,25,22,25,36,33,38,29,24,25,25,25,28,24
"15-10-2010",28,25,28,26,28,31,33,38,35,28,24,26,29,26,28,28,28,28,24,26,24,33,27,42
"16-10-2010",42,27,30,34,33,32,36,45,34,35,36,39,35,39,43,32,27,28,25,29,28,22,23,32
"17-10-2010",39,35,31,39,41,34,30,31,28,22,21,26,31,31,27,30,29,26,30,28,30,23,28,26
"18-10-2010",26,29,24,27,25,23,25,24,22,22,23,23,22,30,23,24,28,23,27,25,22,25,25,29
"19-10-2010",28,30,30,30,31,35,32,33,32,32,32,31,34,34,31,33,32,31,30,30,28,30,35,35
"20-10-2010",39,33,30,41,56,56,43,40,32,40,47,52,86,37,45,50,51,48,74,100,41,34,41,38
"21-10-2010",41,44,40,36,42,41,32,38,43,78,46,99,106,125,141,93,60,34,66,84,59,61,84,49
"22-10-2010",72,126,93,96,48,58,42,48,56,41,104,91,41,49,49,52,52,44,42,41,61,64,66,54
"23-10-2010",53,45,65,37,47,65,52,56,61,48,70,66,89,97,101,81,105,100,77,63,41,41,46,49
"24-10-2010",34,60,45,34,37,58,53,56,53,44,59,56,60,50,44,42,47,68,56,77,83,48,73,65
"25-10-2010",104,86,87,81,72,78,70,74,87,72,72,64,53,57,55,70,65,55,67,76,57,71,76,80
"26-10-2010",83,57,48,51,51,52,44,43,61,39,52,38,47,46,44,46,56,69,59,51,46,57,62,43
"27-10-2010",-9999,-9999,-9999,-9999,-9999,-9999,-9999,-9999,-9999,-9999,-9999,-9999,-9999,-9999,-9999,-9999,-9999,-9999,-9999,-9999,-9999,-9999,-9999,-9999
"28-10-2010",-9999,-9999,-9999,-9999,-9999,-9999,-9999,-9999,-9999,-9999,-9999,-9999,-9999,-9999,-9999,-9999,-9999,-9999,-9999,-9999,-9999,-9999,-9999,-9999
"29-10-2010",53,79,73,90,71,77,78,77,61,111,45,137,22,23,24,24,22,22,22,22,23,23,23,23
"30-10-2010",23,23,23,22,22,22,22,23,22,22,23,22,22,24,23,24,25,24,25,23,23,24,23,24
"31-10-2010",23,23,23,22,23,23,23,23,22,22,22,23,22,23,23,23,23,25,26,24,23,23,23,23
"01-11-2010",23,23,22,22,22,23,22,22,22,22,23,22,23,23,23,23,25,27,24,23,23,23,23,23
"02-11-2010",23,23,23,23,23,24,22,22,22,23,22,23,23,25,26,30,32,29,24,24,24,24,24,24
"03-11-2010",23,24,22,23,24,24,23,23,21,23,24,23,25,26,30,29,26,25,23,23,22,23,24,24
"04-11-2010",23,23,23,23,23,22,22,22,23,22,23,22,23,22,25,25,25,25,22,22,23,23,23,23
"05-11-2010",23,23,22,23,22,22,22,22,22,21,22,22,23,22,22,22,23,22,22,22,22,23,23,23
"06-11-2010",22,23,23,22,22,22,23,23,23,23,22,22,22,22,23,21,23,22,22,22,23,23,24,25
"07-11-2010",24,24,24,24,23,23,23,23,23,22,22,22,23,23,24,27,29,29,27,24,23,23,26,28
"08-11-2010",28,28,29,29,30,27,27,27,27,28,28,25,25,25,27,31,29,28,27,26,25,25,24,29
"09-11-2010",30,31,31,33,32,30,29,26,26,27,28,27,27,27,28,31,33,34,33,32,27,27,30,32
"10-11-2010",31,32,32,32,32,32,31,29,29,30,31,31,31,31,32,33,33,31,27,27,27,27,27,28
"11-11-2010",29,29,29,29,29,27,27,26,24,26,28,30,31,31,31,32,31,29,28,25,25,26,27,26
"12-11-2010",26,24,23,25,22,23,22,21,22,23,23,23,24,25,28,27,27,28,25,23,22,22,22,23
"13-11-2010",22,22,23,23,22,22,23,22,23,22,22,22,21,23,22,24,25,27,22,24,22,24,22,23
"14-11-2010",22,24,22,24,21,24,23,21,30,57,35,38,38,28,38,43,38,51,44,42,50,41,43,42
"15-11-2010",38,43,33,57,68,63,75,61,36,61,62,63,72,59,68,33,35,44,37,33,45,39,45,39
"16-11-2010",36,48,41,42,41,38,58,33,38,35,40,42,24,44,81,40,58,45,43,47,50,60,78,68
"17-11-2010",95,126,73,85,73,62,80,75,88,85,97,84,76,80,66,91,97,55,67,54,52,51,42,48
"18-11-2010",50,51,40,36,64,64,58,66,79,65,81,72,36,57,49,40,34,43,48,39,32,57,54,41
"19-11-2010",52,44,50,53,62,51,46,42,32,40,49,50,47,51,43,52,45,50,58,38,49,35,47,40
"20-11-2010",48,42,43,40,38,43,39,44,48,37,52,47,48,63,39,59,55,46,36,59,74,57,54,47
"21-11-2010",47,59,54,52,65,43,51,28,45,34,38,40,45,42,44,52,46,51,57,72,54,46,38,40
"22-11-2010",60,76,62,96,79,54,51,65,55,80,58,41,67,47,73,72,54,52,46,53,68,98,104,88
"23-11-2010",80,42,58,42,48,94,97,54,35,33,43,37,56,36,31,31,34,37,37,31,26,36,34,32
"24-11-2010",29,39,40,39,36,31,30,26,24,29,23,31,29,29,30,27,22,24,25,24,26,25,21,30
"25-11-2010",-9999,-9999,-9999,-9999,-9999,-9999,-9999,-9999,-9999,-9999,-9999,-9999,-9999,-9999,-9999,-9999,-9999,-9999,-9999,-9999,-9999,-9999,-9999,-9999
"26-11-2010",-9999,-9999,-9999,-9999,-9999,-9999,-9999,-9999,-9999,-9999,-9999,-9999,-9999,-9999,-9999,-9999,-9999,-9999,-9999,-9999,-9999,-9999,-9999,-9999
"27-11-2010",33,31,28,28,30,29,36,34,30,29,28,29,29,28,29,27,26,24,23,23,24,24,24,24
"28-11-2010",24,24,24,24,23,23,23,22,23,24,25,24,28,28,26,27,27,27,27,26,25,26,27,27
"29-11-2010",28,30,29,29,31,33,30,25,25,26,27,27,27,25,28,31,30,28,28,26,26,26,24,26
"30-11-2010",24,22,23,22,23,22,23,22,22,23,25,26,29,30,30,29,29,29,28,28,28,28,28,25
"01-12-2010",25,26,26,27,26,27,28,25,26,28,29,29,28,28,28,27,26,25,25,25,25,27,24,25
"02-12-2010",26,24,26,26,26,26,26,26,24,26,26,26,28,27,27,28,28,26,28,28,28,26,26,26
"03-12-2010",26,25,25,25,25,26,27,26,25,27,26,27,28,28,28,28,28,28,30,29,28,31,27,25
"04-12-2010",26,29,32,31,32,30,30,28,30,29,26,26,29,29,32,33,32,26,27,30,32,25,25,24
"05-12-2010",24,26,25,24,23,25,23,23,23,24,25,25,28,27,27,32,30,28,25,23,23,23,24,23
"06-12-2010",23,23,23,23,23,22,23,22,22,22,22,23,22,23,23,22,22,23,23,23,23,23,23,23
"07-12-2010",23,23,23,23,23,22,22,22,22,22,22,22,22,24,24,23,24,23,24,23,22,24,23,23
"08-12-2010",23,22,22,22,22,22,22,22,22,23,22,22,22,22,23,22,23,24,24,22,23,23,22,23
"09-12-2010",22,20,20,26,47,41,51,28,32,45,46,38,45,48,61,37,54,57,52,37,58,47,35,34
"10-12-2010",46,66,71,106,75,76,51,78,68,100,103,44,44,72,54,48,53,39,57,55,58,59,68,104
"11-12-2010",91,87,58,49,52,49,54,67,47,56,48,46,64,46,40,48,47,48,44,41,61,56,55,45
"12-12-2010",39,50,36,47,44,43,39,28,46,36,35,35,36,45,44,36,41,47,37,33,36,44,54,40
"13-12-2010",32,36,45,33,47,79,72,64,65,53,29,30,41,23,36,30,32,31,43,33,32,31,49,66
"14-12-2010",48,29,32,30,29,27,36,30,22,27,30,34,34,25,31,27,26,39,43,35,29,34,38,30
"15-12-2010",-9999,-9999,-9999,-9999,-9999,-9999,-9999,-9999,-9999,-9999,-9999,-9999,-9999,-9999,-9999,-9999,-9999,-9999,-9999,-9999,-9999,-9999,-9999,-9999
"16-12-2010",-9999,-9999,-9999,-9999,-9999,-9999,-9999,-9999,-9999,-9999,-9999,-9999,-9999,-9999,-9999,-9999,-9999,-9999,-9999,-9999,-9999,-9999,-9999,-9999
"17-12-2010",-9999,-9999,-9999,-9999,-9999,-9999,-9999,-9999,-9999,-9999,-9999,-9999,-9999,-9999,-9999,-9999,-9999,-9999,-9999,-9999,-9999,-9999,-9999,-9999
"18-12-2010",-9999,-9999,-9999,-9999,-9999,-9999,-9999,-9999,-9999,-9999,-9999,-9999,-9999,-9999,-9999,-9999,-9999,-9999,-9999,-9999,-9999,-9999,-9999,-9999
"19-12-2010",-9999,-9999,-9999,-9999,-9999,-9999,-9999,-9999,-9999,-9999,-9999,-9999,-9999,-9999,-9999,-9999,-9999,-9999,-9999,-9999,-9999,-9999,-9999,-9999
"20-12-2010",-9999,-9999,-9999,-9999,-9999,-9999,-9999,-9999,-9999,-9999,-9999,-9999,-9999,-9999,-9999,-9999,-9999,-9999,-9999,-9999,-9999,-9999,-9999,-9999
"21-12-2010",-9999,-9999,-9999,-9999,-9999,-9999,-9999,-9999,-9999,-9999,-9999,-9999,-9999,-9999,-9999,-9999,-9999,-9999,-9999,-9999,-9999,-9999,-9999,-9999
"22-12-2010",-9999,-9999,-9999,-9999,-9999,-9999,-9999,-9999,-9999,-9999,-9999,-9999,-9999,-9999,-9999,-9999,-9999,-9999,-9999,-9999,-9999,-9999,-9999,-9999
"23-12-2010",-9999,-9999,-9999,-9999,-9999,-9999,-9999,-9999,-9999,-9999,-9999,-9999,-9999,-9999,-9999,-9999,-9999,-9999,-9999,-9999,-9999,-9999,-9999,-9999
"24-12-2010",-9999,-9999,-9999,-9999,-9999,-9999,-9999,-9999,-9999,-9999,-9999,-9999,-9999,-9999,-9999,-9999,-9999,-9999,-9999,-9999,-9999,-9999,-9999,-9999
"25-12-2010",-9999,-9999,-9999,-9999,-9999,-9999,-9999,-9999,-9999,-9999,-9999,-9999,-9999,-9999,-9999,-9999,-9999,-9999,-9999,-9999,-9999,-9999,-9999,-9999
"26-12-2010",-9999,-9999,-9999,-9999,-9999,-9999,-9999,-9999,-9999,-9999,-9999,-9999,-9999,-9999,-9999,-9999,-9999,-9999,-9999,-9999,-9999,-9999,-9999,-9999
"27-12-2010",-9999,-9999,-9999,-9999,-9999,-9999,-9999,-9999,-9999,-9999,-9999,-9999,-9999,-9999,-9999,-9999,-9999,-9999,-9999,-9999,-9999,-9999,-9999,-9999
"28-12-2010",-9999,-9999,-9999,-9999,-9999,-9999,-9999,-9999,-9999,-9999,-9999,-9999,-9999,-9999,-9999,-9999,-9999,-9999,-9999,-9999,-9999,-9999,-9999,-9999
"29-12-2010",-9999,-9999,-9999,-9999,-9999,-9999,-9999,-9999,-9999,-9999,-9999,-9999,-9999,-9999,-9999,-9999,-9999,-9999,-9999,-9999,-9999,-9999,-9999,-9999
"30-12-2010",-9999,-9999,-9999,-9999,-9999,-9999,-9999,-9999,-9999,-9999,-9999,-9999,-9999,-9999,-9999,-9999,-9999,-9999,-9999,-9999,-9999,-9999,-9999,-9999
"31-12-2010",-9999,-9999,-9999,-9999,-9999,-9999,-9999,-9999,-9999,-9999,-9999,-9999,-9999,-9999,-9999,-9999,-9999,-9999,-9999,-9999,-9999,-9999,-9999,-9999
