"01-01-2012",3,3,2,2,2,2,2,3,3,3,3,3,3,2,2,2,2,3,3,3,4,4,6,12
"02-01-2012",10,4,3,3,2,2,3,6,12,5,3,3,3,3,3,2,3,7,6,5,8,19,27,22
"03-01-2012",13,7,5,4,4,4,5,11,20,10,4,3,3,3,3,3,4,9,24,24,19,23,38,25
"04-01-2012",16,11,6,6,4,6,18,28,39,27,12,5,4,4,4,4,4,11,17,25,40,42,35,32
"05-01-2012",30,25,16,9,6,6,10,9,12,19,11,5,4,4,4,4,4,6,5,6,6,4,3,3
"06-01-2012",3,3,2,2,2,2,2,2,2,2,2,2,2,2,2,2,2,2,2,3,3,3,3,2
"07-01-2012",2,2,2,2,2,2,2,2,2,2,2,2,2,3,3,3,3,2,3,3,2,3,3,2
"08-01-2012",2,2,2,2,2,2,2,2,2,3,3,3,2,3,2,2,3,3,3,6,7,7,7,4
"09-01-2012",4,5,5,4,3,3,5,13,15,14,7,4,3,3,3,3,3,3,4,5,5,4,4,3
"10-01-2012",3,3,2,2,2,2,2,2,3,3,3,3,3,3,3,2,3,2,3,3,3,2,2,2
"11-01-2012",2,2,2,2,2,2,2,2,2,2,3,2,2,2,2,2,2,2,2,2,2,2,2,2
"12-01-2012",2,2,2,2,2,2,2,2,3,3,3,2,2,2,2,2,2,2,2,3,3,4,4,3
"13-01-2012",3,3,2,3,3,3,4,9,16,11,5,3,3,3,3,3,3,6,13,33,49,38,28,21
"14-01-2012",13,7,5,4,4,4,6,10,11,11,9,6,5,5,4,3,3,3,3,4,3,3,3,3
"15-01-2012",2,2,2,2,2,2,2,3,2,3,3,3,3,3,3,2,3,3,4,4,4,3,3,3
"16-01-2012",3,3,2,2,2,2,2,3,2,3,3,2,2,2,2,2,2,2,3,4,4,4,7,5
"17-01-2012",3,3,3,3,3,3,6,15,20,8,4,3,3,3,3,2,3,3,7,11,6,10,8,4
"18-01-2012",3,4,3,3,3,4,5,10,13,6,4,3,3,3,2,2,2,3,11,23,31,30,24,12
"19-01-2012",9,8,6,4,4,5,8,11,22,14,4,3,3,3,3,3,3,3,4,4,5,16,17,9
"20-01-2012",9,6,4,4,4,5,11,23,39,27,16,8,6,5,4,4,3,3,3,3,3,3,3,4
"21-01-2012",3,3,3,3,3,2,2,2,2,3,3,3,3,3,3,3,3,3,5,4,3,3,3,3
"22-01-2012",3,2,2,2,2,2,2,3,4,3,3,3,2,3,3,3,3,3,4,5,7,13,11,7
"23-01-2012",8,8,6,4,6,7,10,17,27,29,13,5,4,5,4,4,4,4,5,6,6,11,18,16
"24-01-2012",11,6,5,4,5,5,6,6,12,18,15,7,5,5,4,4,4,5,5,8,19,22,16,10
"25-01-2012",7,6,5,4,4,4,4,4,8,8,6,5,4,3,3,3,2,3,2,3,3,3,3,3
"26-01-2012",2,3,2,3,3,3,4,6,13,9,5,4,3,3,3,3,3,3,3,3,3,3,3,3
"27-01-2012",2,2,3,2,2,3,3,3,7,6,4,3,2,3,2,2,2,3,4,5,5,5,3,3
"28-01-2012",3,3,3,2,3,3,3,3,4,4,4,4,4,4,3,3,3,3,3,3,3,3,3,3
"29-01-2012",2,2,2,2,2,2,2,2,2,3,3,2,2,2,2,2,2,2,2,3,2,2,2,2
"30-01-2012",2,2,2,2,2,2,1,2,2,2,2,2,2,2,2,1,2,2,2,2,2,2,1,2
"31-01-2012",2,2,2,1,2,2,2,2,2,2,2,2,2,2,2,2,2,2,2,2,2,2,2,2
"01-02-2012",2,2,2,2,2,2,2,2,2,2,3,3,3,3,3,3,3,3,3,4,3,3,3,2
"02-02-2012",2,2,2,2,2,2,3,3,3,3,3,3,3,3,3,3,3,3,3,3,4,4,3,3
"03-02-2012",3,3,3,4,3,3,3,3,4,4,3,3,3,3,3,3,3,3,4,4,5,4,4,3
"04-02-2012",3,3,3,3,3,3,4,3,3,3,3,3,2,2,3,2,3,2,2,3,3,3,3,3
"05-02-2012",2,2,3,2,2,3,3,2,3,2,3,2,2,3,3,2,2,2,2,2,2,2,2,2
"06-02-2012",3,2,3,2,2,3,2,3,4,4,4,3,2,2,2,2,2,2,2,2,2,2,2,2
"07-02-2012",2,2,3,2,2,2,2,3,4,3,3,3,3,2,3,2,2,3,3,4,3,3,3,3
"08-02-2012",2,2,2,1,2,2,2,2,2,2,2,2,2,2,2,2,2,2,2,2,2,2,2,2
"09-02-2012",2,2,2,2,1,2,2,2,2,2,2,2,2,2,2,2,2,2,2,2,3,2,2,2
"10-02-2012",2,2,2,2,2,2,2,2,3,2,2,3,2,3,3,3,2,3,3,3,3,3,3,2
"11-02-2012",2,2,2,2,2,3,2,2,2,2,2,2,2,2,3,2,3,3,3,3,3,3,3,3
"12-02-2012",3,3,3,2,2,2,2,2,3,3,3,3,3,3,3,3,3,3,3,4,4,4,5,5
"13-02-2012",5,4,3,3,3,2,3,2,3,3,3,3,3,2,3,3,2,2,2,2,2,2,2,2
"14-02-2012",2,2,2,2,2,2,2,3,4,5,4,3,3,3,3,3,3,3,4,4,5,4,3,3
"15-02-2012",3,3,3,2,2,3,3,7,11,5,3,3,3,3,3,2,2,2,2,2,3,2,2,2
"16-02-2012",2,2,2,2,2,2,2,4,7,5,4,4,3,3,3,3,2,3,2,2,2,2,2,2
"17-02-2012",2,2,2,2,2,2,2,2,2,2,2,2,2,2,2,2,2,2,3,4,5,7,5,4
"18-02-2012",4,3,3,3,3,3,3,4,7,5,4,4,3,3,3,3,3,3,3,4,6,5,6,6
"19-02-2012",4,3,3,3,3,3,3,4,4,4,3,3,3,3,3,3,3,3,3,4,6,8,6,5
"20-02-2012",4,3,3,3,2,3,5,9,-9999,-9999,-9999,-9999,4,-9999,4,4,4,4,3,3,3,4,3,3
"21-02-2012",3,3,3,3,3,3,4,5,6,4,4,3,4,3,3,3,3,3,3,3,3,3,3,3
"22-02-2012",3,3,3,3,3,3,3,3,3,3,3,3,3,3,3,3,3,3,3,3,3,3,3,3
"23-02-2012",3,3,2,3,2,2,2,3,3,3,3,3,3,3,2,2,2,3,3,3,3,3,3,2
"24-02-2012",3,2,3,2,2,3,5,6,7,4,3,3,3,3,3,3,3,6,10,6,10,21,12,7
"25-02-2012",5,4,4,3,3,3,4,8,9,5,4,4,4,4,4,4,4,4,4,4,5,7,12,12
"26-02-2012",6,4,4,4,3,3,3,3,3,4,4,3,4,4,4,3,3,3,3,3,3,3,3,2
"27-02-2012",2,3,3,3,2,2,2,2,2,2,2,2,2,2,2,2,2,2,2,2,1,2,2,1
"28-02-2012",2,1,2,2,2,2,2,2,2,2,2,2,2,2,1,2,1,2,2,2,2,2,1,2
"29-02-2012",2,2,2,2,2,2,3,3,4,3,3,2,2,3,3,3,2,2,2,2,2,2,2,2
"01-03-2012",2,2,2,2,2,2,2,2,3,3,2,2,3,3,2,2,2,2,2,2,3,3,5,4
"02-03-2012",4,3,3,3,2,2,4,11,23,9,4,3,3,3,3,3,3,3,4,6,8,12,14,11
"03-03-2012",11,7,5,3,3,3,5,7,6,4,4,4,4,4,4,4,4,4,5,6,6,5,4,4
"04-03-2012",4,3,3,3,2,2,2,3,3,3,3,3,3,3,3,3,3,3,3,3,3,4,4,3
"05-03-2012",3,3,3,3,3,3,4,6,9,6,4,3,4,4,3,3,3,3,3,3,4,4,4,4
"06-03-2012",3,3,3,3,3,2,3,3,3,3,3,3,3,4,3,3,3,3,4,4,4,4,4,3
"07-03-2012",3,3,3,3,3,3,3,3,4,4,3,3,3,4,3,3,3,3,3,3,3,3,3,3
"08-03-2012",3,3,3,2,3,2,3,4,4,4,3,3,4,3,3,3,3,3,3,3,3,3,3,3
"09-03-2012",3,3,3,3,3,3,5,8,6,4,-9999,-9999,-9999,2,1,1,1,1,1,1,1,1,1,1
"10-03-2012",1,1,1,1,1,1,1,1,1,1,1,1,1,1,1,1,1,1,1,1,1,1,1,1
"11-03-2012",1,1,1,1,1,1,1,1,1,1,1,1,1,1,1,1,1,1,1,1,1,1,1,1
"12-03-2012",1,1,1,1,1,1,1,1,1,1,1,1,1,1,1,1,1,1,1,1,1,1,1,1
"13-03-2012",1,1,1,1,1,1,1,1,1,1,1,1,1,1,1,1,1,1,1,1,1,1,1,1
"14-03-2012",1,1,1,1,1,1,1,1,1,1,1,1,1,1,1,1,1,1,1,1,2,3,3,1
"15-03-2012",1,1,1,1,1,1,1,2,2,2,1,1,1,1,1,1,1,1,1,2,1,2,2,2
"16-03-2012",2,1,1,1,1,1,1,1,1,1,1,1,1,1,1,1,1,1,1,1,1,2,2,2
"17-03-2012",1,1,1,1,1,1,2,5,2,1,1,1,1,1,1,2,2,2,2,3,5,8,10,6
"18-03-2012",3,2,2,2,1,1,1,2,1,1,2,1,1,2,2,2,2,2,2,2,2,2,2,2
"19-03-2012",2,2,1,1,1,1,3,4,3,2,2,2,2,2,2,2,2,2,1,2,2,3,2,1
"20-03-2012",1,1,1,1,1,1,4,8,3,2,2,2,2,2,2,2,2,2,2,2,2,3,3,2
"21-03-2012",1,2,1,1,1,1,2,4,-9999,-9999,2,2,2,2,2,2,2,2,2,3,5,3,2,2
"22-03-2012",2,2,1,1,1,2,2,5,3,2,2,2,1,2,2,1,1,2,1,2,3,3,2,1
"23-03-2012",1,1,1,1,1,1,3,5,3,2,2,2,2,1,1,1,1,1,1,2,3,2,2,2
"24-03-2012",1,1,1,1,1,1,2,3,2,2,2,2,1,1,2,2,2,2,2,2,1,2,1,1
"25-03-2012",1,1,1,1,1,1,1,1,2,2,1,1,1,1,1,1,1,1,1,1,2,2,1,2
"26-03-2012",1,1,1,1,1,2,3,-9999,4,2,2,2,2,2,2,2,2,2,1,2,2,2,2,2
"27-03-2012",1,1,1,1,1,1,1,1,1,1,1,1,1,1,1,1,1,1,1,1,1,1,2,2
"28-03-2012",1,1,1,1,1,1,2,5,4,2,2,1,1,1,1,1,1,1,1,1,1,1,1,1
"29-03-2012",1,1,1,1,1,1,1,3,3,2,2,1,1,1,1,2,2,2,2,2,2,2,2,1
"30-03-2012",1,1,1,1,1,1,1,3,6,4,3,2,2,2,1,1,2,1,1,1,1,1,1,1
"31-03-2012",1,1,1,1,1,1,1,1,1,2,2,1,1,2,1,1,1,1,1,1,1,1,1,1
"01-04-2012",1,1,1,1,1,1,1,1,1,1,1,1,1,1,1,1,1,1,1,1,1,1,1,1
"02-04-2012",1,1,1,1,1,1,1,1,1,1,1,1,1,1,1,1,1,1,1,1,1,1,1,1
"03-04-2012",1,1,1,1,1,1,1,5,6,3,2,1,1,1,1,1,1,1,1,1,1,1,1,1
"04-04-2012",1,2,1,1,1,1,1,2,1,1,2,3,2,2,2,2,2,2,2,1,1,1,2,1
"05-04-2012",1,1,1,1,1,1,1,4,5,2,2,2,1,2,1,2,2,2,1,2,1,1,1,1
"06-04-2012",1,1,1,1,1,1,1,2,1,1,2,2,2,2,1,1,1,1,1,2,1,1,1,1
"07-04-2012",1,1,1,1,1,1,1,2,2,2,2,2,2,2,2,2,2,2,2,2,1,1,2,1
"08-04-2012",1,1,1,1,1,1,1,1,1,1,1,1,1,1,1,1,1,1,1,1,1,1,1,1
"09-04-2012",1,1,1,1,1,1,1,1,1,1,1,1,1,1,1,1,1,1,1,1,1,1,1,1
"10-04-2012",1,1,1,1,1,1,1,1,1,1,1,1,1,1,1,1,1,1,1,1,1,1,1,2
"11-04-2012",3,2,1,1,1,1,3,10,8,2,1,1,1,1,1,1,1,1,1,1,1,1,1,2
"12-04-2012",1,1,1,1,1,1,1,3,3,1,2,1,1,1,1,1,2,2,1,1,1,1,1,2
"13-04-2012",1,1,1,1,1,1,1,1,1,1,1,2,1,1,1,1,1,1,1,1,1,1,1,1
"14-04-2012",1,1,1,1,1,1,1,1,1,1,1,1,1,1,1,1,1,1,1,1,1,1,1,1
"15-04-2012",1,1,1,1,1,1,1,2,2,1,1,1,1,1,1,1,1,1,1,1,1,1,1,1
"16-04-2012",1,1,1,1,1,1,1,1,1,1,1,1,1,1,1,1,1,-9999,-9999,-9999,-9999,-9999,-9999,-9999
"17-04-2012",-9999,-9999,-9999,-9999,-9999,-9999,-9999,3,1,1,1,1,1,1,1,1,1,1,1,1,1,1,1,1
"18-04-2012",1,1,1,1,1,1,1,1,1,1,1,1,1,1,1,1,1,1,1,1,1,1,1,1
"19-04-2012",1,1,1,1,1,1,1,1,1,1,1,1,1,1,1,1,1,1,1,1,1,1,1,1
"20-04-2012",1,1,1,1,1,1,1,1,1,1,1,1,1,1,1,1,1,1,-9999,-9999,4,1,1,1
"21-04-2012",1,1,1,1,1,1,1,1,1,1,1,1,1,1,1,1,1,1,1,1,1,1,1,1
"22-04-2012",1,1,1,1,1,1,1,1,1,1,1,1,1,1,1,1,1,2,1,2,1,1,2,1
"23-04-2012",1,1,1,1,1,1,1,1,1,1,1,2,1,2,2,1,2,1,1,1,1,1,1,1
"24-04-2012",1,1,1,1,1,1,1,1,2,1,2,2,2,7,3,4,2,2,1,1,1,1,1,1
"25-04-2012",1,1,1,1,1,1,1,1,1,1,1,1,1,1,1,1,1,2,2,2,2,1,1,2
"26-04-2012",1,1,1,1,1,1,1,3,4,3,2,2,1,1,2,2,2,2,2,2,2,2,2,2
"27-04-2012",2,1,2,1,1,1,2,6,5,2,2,2,2,1,1,2,1,1,2,2,1,1,1,1
"28-04-2012",1,1,1,1,1,1,1,1,1,1,1,1,1,1,1,1,1,1,1,1,1,1,1,1
"29-04-2012",1,1,1,1,1,1,1,1,1,1,1,1,1,1,1,1,1,1,1,1,1,1,1,1
"30-04-2012",1,1,1,1,1,1,1,1,1,1,1,1,1,1,1,1,1,2,2,2,2,2,2,2
"01-05-2012",2,1,1,1,1,1,1,1,1,1,1,1,1,1,1,1,1,2,2,2,2,1,1,1
"02-05-2012",2,1,1,1,1,1,1,2,2,2,2,2,2,2,2,2,2,2,2,2,2,2,3,3
"03-05-2012",2,2,1,1,1,1,1,2,2,2,2,2,2,2,2,2,2,2,2,2,2,2,2,2
"04-05-2012",2,2,2,2,1,1,2,2,3,2,2,2,2,2,2,2,2,2,2,2,2,2,1,1
"05-05-2012",1,1,1,1,1,1,1,1,1,1,2,1,2,2,2,2,2,2,3,2,2,2,2,1
"06-05-2012",2,1,1,1,1,1,1,1,1,1,1,1,2,1,2,2,2,2,2,2,2,2,2,2
"07-05-2012",2,1,1,1,1,1,1,2,2,2,2,2,2,2,2,2,2,2,3,2,2,2,2,2
"08-05-2012",2,2,2,2,1,1,2,2,2,2,2,2,2,2,2,3,2,2,2,2,2,2,2,2
"09-05-2012",3,2,1,1,1,1,2,2,1,2,1,1,2,1,1,2,1,2,2,1,1,1,1,1
"10-05-2012",2,1,1,1,1,1,1,1,1,1,1,1,1,1,1,1,1,1,1,1,1,1,1,1
"11-05-2012",1,1,1,1,1,1,1,1,1,1,1,1,1,1,1,1,1,1,2,1,1,1,1,1
"12-05-2012",1,1,1,1,1,1,1,2,1,1,1,1,2,2,1,2,1,2,2,2,2,2,2,2
"13-05-2012",2,2,1,2,1,1,1,1,1,1,1,2,2,2,2,2,2,2,3,2,2,2,2,2
"14-05-2012",2,2,1,1,1,1,1,1,1,2,1,2,2,2,2,2,2,2,2,1,1,1,1,1
"15-05-2012",1,1,1,1,1,1,1,1,1,1,1,1,1,1,1,1,1,1,1,1,1,1,1,1
"16-05-2012",1,1,1,1,1,1,1,1,1,1,1,1,1,1,1,2,1,2,2,1,1,1,1,1
"17-05-2012",1,1,1,1,1,1,1,1,1,1,1,1,1,1,1,1,1,1,1,1,1,1,1,1
"18-05-2012",1,1,1,1,1,1,1,1,1,1,1,1,1,1,1,1,1,1,1,1,1,1,1,1
"19-05-2012",1,1,1,1,1,1,1,1,1,1,1,1,1,1,1,1,1,2,2,2,2,2,1,1
"20-05-2012",1,1,1,1,1,1,1,1,1,1,1,1,2,2,2,2,2,2,2,2,2,2,1,1
"21-05-2012",1,1,1,1,1,1,1,2,2,2,2,2,2,2,2,2,2,2,2,2,1,2,1,1
"22-05-2012",1,1,1,1,1,1,1,2,1,2,2,2,2,1,1,1,1,1,2,2,1,1,1,1
"23-05-2012",1,1,1,1,1,1,1,1,1,1,1,1,1,1,1,1,1,1,1,1,1,1,1,1
"24-05-2012",1,1,1,1,1,1,1,1,1,1,1,1,1,1,1,1,1,1,1,2,1,2,1,1
"25-05-2012",1,1,1,1,1,1,2,2,2,2,2,1,2,2,2,2,2,2,2,2,2,2,2,1
"26-05-2012",2,2,2,1,1,1,1,1,1,1,1,1,2,2,2,2,2,1,1,2,1,1,1,1
"27-05-2012",1,1,1,1,1,1,1,1,1,1,1,1,2,2,1,1,1,1,1,1,1,1,1,1
"28-05-2012",1,1,1,1,1,1,1,2,1,1,2,1,1,2,1,1,2,1,2,2,1,1,1,1
"29-05-2012",1,1,1,1,1,1,1,2,1,1,1,1,1,2,1,2,2,1,1,2,1,1,1,1
"30-05-2012",1,1,1,1,1,1,1,2,1,1,2,1,2,2,1,1,1,1,1,2,1,1,1,1
"31-05-2012",1,1,1,1,1,1,1,1,1,1,1,1,2,2,1,2,2,2,2,2,2,2,2,1
"01-06-2012",1,1,1,1,1,1,1,2,2,2,2,2,2,2,2,2,2,2,2,2,2,2,1,1
"02-06-2012",2,2,1,1,1,1,1,2,1,2,2,2,2,2,2,2,3,3,3,3,2,1,2,2
"03-06-2012",2,2,1,1,1,1,1,2,1,2,2,2,2,3,2,2,3,3,3,3,2,2,2,2
"04-06-2012",2,2,2,2,2,1,1,2,2,2,2,2,2,3,2,3,3,3,3,3,2,2,2,2
"05-06-2012",2,2,2,2,2,1,2,2,2,2,2,2,2,3,2,2,2,2,2,2,2,2,1,1
"06-06-2012",1,1,1,1,1,1,1,2,2,1,1,1,1,2,2,2,2,2,2,3,2,2,2,2
"07-06-2012",2,2,2,2,2,2,2,3,2,2,2,2,2,2,2,2,2,3,3,3,2,2,2,2
"08-06-2012",2,2,2,2,2,2,2,3,2,2,2,2,2,3,2,2,3,3,3,3,2,2,3,3
"09-06-2012",3,4,3,2,2,2,2,2,2,2,3,2,2,2,2,3,3,3,3,3,3,2,3,2
"10-06-2012",2,2,2,2,3,2,2,2,-9999,-9999,-9999,-9999,2,2,2,2,2,3,3,3,2,2,3,3
"11-06-2012",3,2,2,2,2,2,2,2,3,3,2,3,3,3,3,4,4,5,5,4,3,3,3,3
"12-06-2012",3,3,2,3,2,2,3,3,3,3,2,3,3,3,3,3,4,5,5,4,4,4,4,4
"13-06-2012",4,3,3,3,2,2,3,4,3,3,2,3,3,3,4,5,5,5,6,5,4,3,3,3
"14-06-2012",3,2,2,2,2,2,3,3,3,3,2,2,3,2,2,3,3,3,4,3,3,3,3,3
"15-06-2012",3,3,3,2,2,2,2,3,2,2,2,2,2,2,2,2,3,3,3,2,2,2,2,2
"16-06-2012",2,2,2,3,2,2,2,1,1,1,2,2,2,2,2,2,2,2,2,2,2,2,1,2
"17-06-2012",2,1,1,1,1,1,1,1,1,1,1,1,1,1,1,2,1,2,2,2,1,2,2,1
"18-06-2012",1,1,1,1,1,1,1,1,1,1,1,1,1,1,1,1,1,2,2,2,2,2,2,2
"19-06-2012",2,1,1,1,1,1,1,1,1,1,1,1,1,1,1,2,2,2,2,2,2,2,2,1
"20-06-2012",2,1,1,1,1,1,1,1,1,1,1,1,2,2,2,2,2,2,3,2,2,2,2,2
"21-06-2012",2,2,1,1,1,1,1,1,1,1,1,1,2,2,2,2,2,3,3,2,2,2,2,2
"22-06-2012",2,2,2,2,2,1,2,2,2,3,2,2,2,2,2,2,3,3,3,3,3,3,3,2
"23-06-2012",3,2,2,2,2,1,2,2,2,2,2,2,3,2,2,3,3,4,4,3,3,3,3,2
"24-06-2012",3,3,2,3,2,2,2,2,2,2,2,2,2,2,3,3,3,3,3,3,3,2,2,2
"25-06-2012",3,2,2,2,1,2,2,2,2,2,2,2,2,2,3,3,3,4,4,3,3,3,3,3
"26-06-2012",3,3,3,3,2,2,3,3,2,1,1,1,1,1,1,1,1,1,1,1,1,1,1,1
"27-06-2012",1,1,1,1,1,1,2,1,1,1,1,1,1,1,1,1,1,1,1,1,1,1,1,1
"28-06-2012",1,1,1,2,1,1,2,2,2,1,1,1,1,1,1,1,1,1,1,1,1,1,1,1
"29-06-2012",1,1,1,1,1,1,2,3,2,2,1,1,1,1,1,1,1,1,1,1,1,1,1,1
"30-06-2012",1,1,1,1,1,1,1,2,2,1,1,1,1,1,1,1,1,1,1,1,1,1,1,1
"01-07-2012",1,1,1,1,1,1,1,1,1,1,1,1,1,1,1,1,1,1,1,1,1,1,1,1
"02-07-2012",1,1,1,1,1,1,1,1,1,1,1,1,1,1,1,1,1,1,1,1,1,1,1,1
"03-07-2012",1,1,1,1,1,1,1,1,1,1,1,1,1,1,1,1,1,1,1,1,1,1,1,1
"04-07-2012",1,2,1,1,1,1,2,3,2,-9999,-9999,3,2,2,1,2,2,1,2,2,2,2,2,2
"05-07-2012",2,3,3,3,3,3,5,5,5,4,4,3,3,3,2,2,2,2,2,2,2,2,3,2
"06-07-2012",2,3,3,3,3,3,4,6,4,4,4,3,3,3,2,2,2,2,2,2,3,2,3,2
"07-07-2012",2,3,3,3,4,3,4,4,4,3,3,2,3,3,2,2,2,2,2,2,2,2,3,2
"08-07-2012",3,3,3,3,3,3,3,3,3,3,3,2,2,2,2,2,2,2,2,3,2,2,3,2
"09-07-2012",3,3,3,3,3,2,3,4,3,3,4,2,2,2,2,2,2,2,2,2,2,3,3,3
"10-07-2012",2,3,3,3,3,3,3,4,3,3,3,3,2,3,2,2,2,2,2,2,2,2,3,2
"11-07-2012",3,3,2,3,3,3,3,3,3,3,3,2,2,2,2,2,2,2,2,2,2,3,4,3
"12-07-2012",3,4,3,3,3,3,3,5,4,4,4,2,2,3,2,2,2,2,2,2,2,2,2,2
"13-07-2012",2,3,2,3,3,2,3,4,3,3,3,2,2,2,2,2,2,2,2,2,2,2,3,2
"14-07-2012",2,3,3,3,3,2,3,4,4,3,3,2,2,3,2,2,2,1,2,2,2,2,2,2
"15-07-2012",2,3,3,2,3,2,2,3,3,3,3,2,2,2,2,2,2,2,2,2,2,2,3,3
"16-07-2012",3,3,3,3,3,3,3,4,4,3,3,2,2,2,2,2,2,2,2,2,2,2,3,2
"17-07-2012",2,3,2,2,2,2,2,3,2,2,2,1,1,2,1,1,1,1,1,2,2,2,3,2
"18-07-2012",2,3,3,2,3,2,3,3,3,2,2,2,2,3,2,1,2,1,1,2,2,2,2,2
"19-07-2012",2,3,2,3,3,2,2,3,2,2,2,1,1,2,1,1,1,1,1,2,2,2,2,2
"20-07-2012",2,2,2,2,3,2,3,3,3,2,2,2,2,2,2,1,1,1,2,2,2,2,2,2
"21-07-2012",2,3,3,2,3,3,3,3,3,2,3,2,2,2,1,1,1,1,2,2,2,2,2,2
"22-07-2012",2,2,2,2,3,2,2,3,3,2,2,2,2,2,2,2,2,2,2,2,2,2,2,2
"23-07-2012",2,3,2,2,3,3,2,3,3,2,2,2,2,2,2,1,1,1,1,2,2,2,2,2
"24-07-2012",2,2,2,2,2,2,2,3,3,2,2,2,2,2,2,1,1,1,1,2,2,2,3,3
"25-07-2012",3,3,3,3,4,4,3,4,4,3,3,3,2,2,2,2,2,2,2,2,2,3,3,3
"26-07-2012",3,3,4,3,4,3,3,4,4,3,3,3,2,2,3,2,2,2,2,2,2,2,3,3
"27-07-2012",3,4,4,3,4,4,3,4,4,3,3,3,2,2,2,2,2,2,1,2,2,2,3,3
"28-07-2012",3,3,4,3,3,3,3,3,4,3,3,2,2,2,2,2,2,2,2,2,3,2,3,3
"29-07-2012",3,3,3,3,3,3,2,3,3,3,2,2,2,2,2,2,2,2,2,2,2,2,2,3
"30-07-2012",3,4,4,4,3,3,3,4,4,3,3,3,2,2,2,2,2,2,2,2,2,2,2,4
"31-07-2012",3,3,4,3,3,3,7,3,4,4,3,2,2,2,2,2,1,2,2,2,2,3,3,3
"01-08-2012",3,3,3,3,3,3,3,3,4,4,3,2,2,2,2,2,2,2,2,2,2,2,2,2
"02-08-2012",2,2,2,3,2,3,3,3,3,3,2,2,2,2,2,2,2,2,2,2,2,2,2,2
"03-08-2012",3,2,3,3,3,3,3,3,3,4,3,2,2,2,2,2,2,2,2,2,2,3,2,2
"04-08-2012",3,2,3,3,2,3,3,3,4,4,3,3,2,2,2,2,1,2,2,2,2,3,2,3
"05-08-2012",3,3,3,3,3,3,3,3,3,4,3,2,3,2,2,2,2,2,2,2,2,3,3,3
"06-08-2012",3,2,3,3,3,3,3,3,3,4,3,2,2,2,2,2,2,2,2,2,2,3,3,3
"07-08-2012",3,3,3,4,3,3,3,3,3,4,3,2,2,2,2,2,2,2,2,2,2,3,3,3
"08-08-2012",3,3,3,4,3,3,3,3,3,4,3,3,3,2,2,2,2,1,2,2,2,3,3,3
"09-08-2012",4,4,4,4,3,3,4,4,5,6,4,3,3,2,2,2,2,2,2,2,2,3,2,2
"10-08-2012",3,3,3,4,3,3,3,2,2,3,2,2,4,2,2,2,1,1,2,2,2,2,2,2
"11-08-2012",2,2,2,3,3,3,3,3,2,3,3,2,2,2,2,2,2,2,2,2,2,3,3,3
"12-08-2012",5,5,6,9,8,8,12,9,8,6,4,3,4,3,3,3,2,2,3,2,3,4,3,3
"13-08-2012",4,3,3,5,4,5,6,4,4,5,4,3,3,2,2,3,2,2,3,2,2,3,2,3
"14-08-2012",3,3,3,4,3,3,4,3,4,5,3,3,3,2,2,3,2,2,3,2,2,3,2,2
"15-08-2012",3,2,3,4,3,3,4,3,3,4,3,2,3,2,2,2,2,2,2,2,2,3,2,2
"16-08-2012",3,2,2,3,3,3,3,3,3,3,3,2,3,2,2,2,2,2,2,2,2,2,2,2
"17-08-2012",2,2,2,3,3,3,4,4,4,5,4,3,3,2,2,2,2,2,2,2,2,3,3,2
"18-08-2012",3,2,2,3,3,3,3,3,3,3,2,2,2,1,2,2,2,1,2,2,2,2,2,2
"19-08-2012",2,2,2,3,3,2,3,2,3,3,2,1,2,1,1,2,1,1,1,1,1,2,2,2
"20-08-2012",2,2,2,3,4,2,3,3,3,2,2,2,2,1,1,1,2,1,2,1,1,2,2,2
"21-08-2012",3,3,3,3,3,3,3,3,3,3,2,2,2,1,1,1,1,1,2,1,1,2,2,2
"22-08-2012",3,2,2,3,2,2,3,4,4,4,3,2,2,2,2,2,2,2,2,2,2,2,3,3
"23-08-2012",3,3,3,3,3,3,3,4,4,4,5,3,3,2,2,2,2,2,2,2,2,3,4,4
"24-08-2012",4,4,3,4,3,3,3,4,4,4,4,3,3,2,2,2,2,2,2,2,2,3,3,2
"25-08-2012",3,3,3,3,3,3,3,3,3,3,3,3,3,2,2,2,2,1,2,2,2,3,3,3
"26-08-2012",3,3,3,3,3,3,3,3,3,3,3,2,2,2,2,2,2,2,2,2,2,2,3,3
"27-08-2012",3,3,3,3,3,3,3,4,3,4,3,3,3,2,2,2,2,2,2,2,2,3,2,2
"28-08-2012",2,2,2,2,2,3,3,3,2,3,2,1,2,2,1,1,1,1,1,2,2,2,2,2
"29-08-2012",2,2,2,3,3,2,3,3,3,3,3,3,2,2,1,2,2,1,1,1,2,2,2,2
"30-08-2012",2,3,2,2,3,2,3,3,3,4,4,2,2,2,2,2,2,2,2,2,2,2,3,3
"31-08-2012",3,3,3,2,3,2,2,2,3,3,3,2,1,2,1,2,2,1,1,2,2,3,3,2
"01-09-2012",2,3,2,3,3,2,2,3,2,2,3,2,2,2,1,1,2,1,2,1,2,2,2,2
"02-09-2012",2,2,2,2,3,2,3,2,2,2,4,2,1,2,1,1,1,1,1,1,2,2,3,2
"03-09-2012",2,3,2,2,3,2,3,3,2,3,2,2,2,1,2,2,2,1,1,2,2,2,2,2
"04-09-2012",3,3,2,3,3,2,3,3,3,3,3,2,2,2,2,2,2,1,2,2,2,2,3,2
"05-09-2012",3,3,2,2,3,2,3,3,3,3,3,3,2,2,2,2,2,2,1,2,2,2,3,3
"06-09-2012",3,3,3,3,3,3,3,8,6,4,4,3,3,3,2,2,2,2,2,2,2,2,3,2
"07-09-2012",2,3,2,2,3,3,2,3,3,2,3,2,2,2,1,1,2,2,1,2,2,2,3,3
"08-09-2012",3,3,3,3,3,3,2,3,2,2,2,2,2,2,1,1,2,1,1,2,2,2,2,2
"09-09-2012",2,2,2,2,3,2,2,3,2,2,2,2,1,1,1,1,2,1,1,2,2,2,3,2
"10-09-2012",3,3,3,2,3,3,3,3,3,3,2,2,1,2,1,1,2,1,1,1,2,2,3,2
"11-09-2012",2,3,2,2,3,3,3,3,2,2,2,2,2,2,1,1,2,2,1,2,2,2,3,2
"12-09-2012",2,3,2,2,3,2,2,3,2,3,3,3,2,2,2,2,2,2,2,2,2,2,3,2
"13-09-2012",3,3,3,2,3,3,3,5,4,4,4,3,3,3,2,2,2,2,1,2,2,2,2,2
"14-09-2012",2,2,2,2,3,3,3,3,3,3,4,4,3,3,3,2,3,3,3,4,4,3,5,5
"15-09-2012",6,6,5,5,6,6,6,6,5,5,5,4,4,4,3,3,4,4,4,4,4,4,4,4
"16-09-2012",4,6,4,3,4,4,3,4,4,4,5,4,3,4,3,3,4,4,4,5,5,5,5,5
"17-09-2012",4,6,5,5,6,6,5,6,5,5,4,4,3,3,3,3,3,3,2,3,3,3,4,4
"18-09-2012",3,5,4,4,5,5,5,6,7,5,4,3,3,3,3,2,2,3,2,3,3,2,4,4
"19-09-2012",4,4,4,4,4,5,4,7,8,6,5,4,3,3,3,2,3,3,3,3,3,3,4,5
"20-09-2012",4,5,4,4,5,4,4,6,7,5,4,4,3,3,3,2,3,4,3,3,3,3,3,4
"21-09-2012",3,3,4,3,4,4,4,4,4,3,3,3,2,2,2,2,2,2,2,2,2,3,3,3
"22-09-2012",3,3,3,2,3,3,2,3,3,3,3,3,2,3,2,2,2,3,2,2,3,3,3,3
"23-09-2012",3,3,3,2,2,3,2,3,4,3,4,4,3,3,3,2,2,3,2,2,3,2,3,4
"24-09-2012",3,3,3,2,3,3,3,4,5,3,3,4,3,3,3,2,2,3,2,2,3,3,4,5
"25-09-2012",4,5,5,4,4,4,4,5,7,5,4,4,4,3,3,3,3,3,3,3,3,4,4,6
"26-09-2012",5,5,5,4,4,5,4,8,10,7,7,6,4,3,3,3,3,3,3,3,3,3,5,6
"27-09-2012",5,5,5,4,4,5,5,7,9,6,5,5,3,3,3,2,2,2,2,2,3,3,4,5
"28-09-2012",4,4,4,3,3,4,3,5,8,5,5,5,3,2,2,2,2,2,2,2,3,3,3,5
"29-09-2012",4,4,4,3,3,4,4,4,6,5,4,4,3,2,2,2,1,2,2,2,3,3,3,3
"30-09-2012",3,3,4,3,3,4,3,3,4,3,4,4,2,2,2,1,2,2,2,2,3,3,4,4
"01-10-2012",4,4,4,3,3,3,3,4,6,5,4,4,3,2,2,2,2,2,2,2,3,3,4,5
"02-10-2012",4,3,4,3,3,3,3,5,11,8,5,5,4,3,3,2,2,3,2,3,3,3,3,5
"03-10-2012",5,4,5,4,3,4,3,4,8,6,5,5,4,3,3,2,2,3,2,2,3,3,3,4
"04-10-2012",4,4,4,3,3,4,4,5,9,9,6,5,5,4,3,3,3,3,3,2,3,3,3,4
"05-10-2012",4,3,4,3,3,3,3,3,5,4,4,4,3,3,3,2,2,2,2,2,3,3,3,3
"06-10-2012",3,3,3,3,3,3,3,3,4,3,3,4,3,2,2,2,2,2,2,2,3,3,3,4
"07-10-2012",3,3,3,2,2,2,2,2,3,3,3,3,3,2,3,2,2,2,2,2,2,2,2,4
"08-10-2012",3,3,3,3,2,3,3,3,5,4,4,4,3,3,3,2,2,2,2,2,3,2,3,3
"09-10-2012",4,3,4,3,4,5,5,5,5,5,4,5,4,3,3,3,3,3,3,2,3,3,3,3
"10-10-2012",3,3,3,3,2,3,3,3,4,4,4,4,3,3,3,2,2,3,3,3,3,3,3,4
"11-10-2012",4,3,3,4,3,4,5,6,8,6,5,4,4,3,3,3,2,3,3,3,4,3,3,4
"12-10-2012",3,3,3,3,3,4,5,7,10,7,5,4,4,3,3,3,2,3,2,2,2,2,2,3
"13-10-2012",3,3,3,3,3,4,4,3,4,3,3,3,3,2,3,3,2,2,2,2,3,3,3,4
"14-10-2012",4,3,3,3,3,3,3,3,3,4,3,3,2,2,2,2,2,2,2,2,2,2,2,2
"15-10-2012",3,2,2,2,2,3,3,3,5,4,3,3,3,3,3,3,2,3,3,3,4,4,3,4
"16-10-2012",4,4,4,3,3,3,3,4,5,6,4,4,4,3,3,3,2,3,3,2,3,4,3,3
"17-10-2012",3,3,3,3,3,3,4,4,6,6,4,4,3,3,3,3,2,3,3,3,4,5,4,5
"18-10-2012",5,4,4,4,3,3,4,5,9,8,5,3,3,2,2,2,2,2,3,2,2,2,3,3
"19-10-2012",3,3,3,3,2,2,3,3,7,6,3,3,3,2,2,2,1,2,2,2,3,3,2,3
"20-10-2012",3,2,2,2,2,2,2,2,4,3,3,3,3,2,2,2,2,2,3,2,3,3,3,3
"21-10-2012",3,2,2,2,2,2,3,2,2,2,2,2,2,2,2,2,1,2,2,2,2,2,2,2
"22-10-2012",2,2,2,2,2,2,2,2,2,2,2,2,3,2,2,3,3,3,3,3,3,4,3,3
"23-10-2012",3,3,3,3,2,3,3,3,3,4,3,3,3,2,3,3,2,2,3,2,2,3,2,2
"24-10-2012",3,2,2,2,2,2,2,2,2,-9999,2,3,2,3,2,2,3,2,2,3,2,2,2,2
"25-10-2012",2,3,2,2,2,2,2,3,4,3,4,3,3,3,3,2,3,3,3,6,5,4,4,4
"26-10-2012",4,4,3,2,3,2,3,8,12,13,10,4,3,3,3,3,3,2,3,4,4,5,6,6
"27-10-2012",4,5,3,3,3,2,3,3,3,4,4,2,2,3,2,2,3,2,2,3,2,2,2,2
"28-10-2012",2,3,2,1,2,1,1,2,2,2,2,2,2,2,2,2,2,2,2,2,2,2,2,2
"29-10-2012",2,2,2,1,2,1,2,2,2,2,3,2,2,2,2,2,2,2,3,3,2,2,2,2
"30-10-2012",2,2,2,1,1,1,2,1,2,2,2,2,2,2,2,2,2,2,3,3,3,3,2,2
"31-10-2012",3,3,2,3,2,2,3,4,4,3,2,2,3,2,2,2,2,3,4,4,4,7,5,4
"01-11-2012",4,4,4,4,3,3,3,3,2,3,3,2,3,2,2,2,2,2,3,2,2,3,2,2
"02-11-2012",3,3,2,3,3,3,4,5,4,4,3,3,4,3,3,3,2,2,3,3,3,4,3,3
"03-11-2012",4,3,3,3,2,3,4,6,5,4,3,3,3,3,3,3,3,4,5,4,4,5,5,4
"04-11-2012",5,4,3,3,3,2,3,3,3,3,2,3,3,3,3,3,3,4,7,8,6,5,4,3
"05-11-2012",4,3,3,3,2,3,5,10,9,-9999,-9999,-9999,-9999,4,5,5,6,8,13,11,11,11,8,7
"06-11-2012",7,6,5,5,5,5,6,5,4,4,4,4,5,5,5,5,5,5,6,6,6,7,6,5
"07-11-2012",5,5,4,5,5,5,6,8,11,13,9,6,6,6,5,5,5,5,6,6,4,4,4,4
"08-11-2012",4,3,3,3,3,3,3,3,3,5,2,3,3,4,3,3,3,3,4,4,5,5,4,4
"09-11-2012",4,4,4,4,4,4,6,10,10,5,4,4,4,4,4,4,5,7,8,7,6,9,7,6
"10-11-2012",5,5,5,5,5,4,7,9,7,6,5,4,4,4,4,4,4,4,5,6,7,7,6,5
"11-11-2012",5,5,4,4,4,4,4,7,6,5,4,4,4,5,4,4,5,5,8,15,12,8,7,6
"12-11-2012",6,6,5,5,4,4,6,12,9,5,5,4,4,4,4,4,4,5,5,6,6,6,6,6
"13-11-2012",6,5,4,4,4,5,8,22,17,8,5,4,4,4,4,4,4,4,7,13,17,20,14,9
"14-11-2012",7,6,5,5,5,6,6,8,8,6,5,4,4,5,4,4,5,4,5,5,5,4,4,4
"15-11-2012",4,4,4,4,4,4,4,4,4,4,4,4,4,4,4,4,4,4,4,5,4,4,4,4
"16-11-2012",4,4,4,4,4,4,4,4,4,5,5,5,4,5,4,4,4,4,4,5,4,4,4,4
"17-11-2012",5,5,4,4,4,4,4,4,4,4,4,4,4,5,4,4,4,4,4,4,4,4,4,4
"18-11-2012",4,4,4,4,4,3,3,4,3,4,4,3,4,4,3,3,4,4,4,5,4,4,4,4
"19-11-2012",4,5,4,4,4,4,4,5,6,5,5,4,4,4,4,4,5,5,6,6,6,6,6,5
"20-11-2012",5,6,5,4,5,4,4,5,5,5,5,4,4,5,5,5,5,5,8,9,8,9,10,7
"21-11-2012",7,7,6,5,6,4,5,6,5,5,5,4,4,5,4,4,4,4,4,5,4,4,4,3
"22-11-2012",3,4,3,3,4,3,3,4,4,4,4,3,3,3,3,3,4,3,4,4,4,3,4,3
"23-11-2012",3,4,4,4,4,3,3,4,4,4,4,4,4,4,4,4,4,5,10,12,10,9,16,17
"24-11-2012",13,13,8,6,6,5,5,10,10,7,6,7,7,5,5,4,5,5,5,5,5,4,4,5
"25-11-2012",4,4,4,4,4,4,4,4,5,4,4,3,4,4,4,4,4,6,8,8,8,6,7,5
"26-11-2012",5,5,5,5,5,5,5,12,18,13,8,5,4,5,5,4,5,7,10,8,7,8,14,8
"27-11-2012",7,7,6,5,5,5,8,16,18,16,11,6,5,5,5,5,6,11,20,27,18,11,12,7
"28-11-2012",6,5,5,5,5,4,5,7,11,12,8,6,5,5,5,4,5,5,4,5,4,4,4,4
"29-11-2012",4,4,4,3,3,3,4,4,4,4,4,4,4,4,4,3,3,3,3,4,4,4,4,3
"30-11-2012",3,3,3,3,3,3,3,4,4,4,4,4,4,4,4,5,5,4,4,5,4,4,4,4
"01-12-2012",3,4,3,3,3,3,3,4,4,4,4,4,4,4,5,4,4,4,4,5,5,4,4,4
"02-12-2012",4,4,4,4,4,4,4,4,4,4,4,4,5,5,4,4,5,4,3,4,3,4,4,3
"03-12-2012",3,3,3,3,3,3,3,3,3,3,3,3,4,3,3,3,3,3,3,3,3,3,3,3
"04-12-2012",3,3,3,3,3,3,3,3,4,4,3,3,3,3,4,3,4,4,4,5,6,6,9,7
"05-12-2012",6,5,5,4,4,4,3,3,3,3,4,4,4,4,4,4,4,4,5,5,5,5,5,4
"06-12-2012",4,3,4,4,3,4,3,5,5,4,4,4,4,4,4,4,4,4,4,4,4,4,4,4
"07-12-2012",3,4,3,3,3,4,4,-9999,-9999,-9999,-9999,-9999,-9999,-9999,4,4,-9999,6,-9999,6,7,12,20,12
"08-12-2012",10,6,5,4,4,4,7,7,6,6,6,6,5,5,4,4,4,4,4,4,4,4,4,4
"09-12-2012",3,-9999,3,3,3,3,3,3,4,3,3,3,4,3,3,4,4,4,4,5,5,4,3,4
"10-12-2012",4,4,4,3,3,3,3,4,4,4,3,3,3,4,3,3,4,5,7,18,23,11,9,7
"11-12-2012",5,5,4,4,4,4,4,5,6,4,4,4,3,3,4,4,-9999,-9999,-9999,-9999,3,4,3,3
"12-12-2012",3,3,3,3,3,4,5,14,23,17,9,6,4,4,4,4,4,4,4,4,4,4,4,5
"13-12-2012",4,4,4,4,4,4,6,7,11,8,5,4,4,4,4,4,4,9,16,23,19,24,13,9
"14-12-2012",6,6,6,4,4,6,10,14,21,16,7,5,5,4,4,4,4,8,15,16,14,13,17,14
"15-12-2012",10,6,5,5,5,5,6,7,10,10,7,5,5,5,5,4,5,9,9,11,13,10,9,7
"16-12-2012",6,6,5,5,5,5,5,5,7,7,6,5,6,5,5,6,7,11,17,17,15,15,17,16
"17-12-2012",16,13,9,8,6,7,8,8,12,13,11,8,6,6,6,6,10,26,29,38,37,29,18,11
"18-12-2012",7,6,6,5,4,4,4,4,5,5,5,5,5,5,5,5,4,4,5,5,6,5,7,6
"19-12-2012",5,4,5,4,4,4,4,9,21,14,6,5,4,4,4,3,4,5,5,4,4,4,4,4
"20-12-2012",4,4,3,3,3,4,3,3,4,4,4,4,4,3,3,3,3,4,4,4,4,4,4,4
"21-12-2012",4,4,4,4,3,4,10,18,23,17,6,5,4,4,4,5,4,5,7,9,9,8,6,6
"22-12-2012",6,5,6,5,5,5,5,5,6,5,5,5,5,4,4,4,4,4,4,4,4,4,3,3
"23-12-2012",4,3,4,3,3,3,3,3,3,3,3,4,4,3,4,4,3,4,4,4,4,3,4,3
"24-12-2012",4,3,3,3,3,3,4,4,6,6,5,4,4,4,4,4,4,8,18,23,28,20,22,24
"25-12-2012",22,11,7,6,5,5,5,6,8,6,5,4,4,4,4,4,4,7,10,21,29,30,17,12
"26-12-2012",17,15,12,7,4,4,4,4,6,6,5,5,5,4,4,5,6,10,18,31,44,57,49,42
"27-12-2012",28,18,11,7,6,7,6,6,12,16,10,6,6,5,5,5,8,15,31,34,40,38,25,21
"28-12-2012",15,8,7,7,5,8,14,16,31,39,20,8,7,6,5,6,5,5,5,5,4,5,5,5
"29-12-2012",4,4,4,4,4,4,5,5,7,7,6,5,6,5,5,5,4,4,5,5,4,4,4,4
"30-12-2012",3,3,3,3,3,3,3,3,3,3,3,3,3,3,3,3,3,3,3,4,3,3,3,3
"31-12-2012",4,3,3,3,3,3,3,3,4,4,4,4,5,4,4,4,3,4,4,4,4,5,4,4
