"01-01-2011",-9999,-9999,-9999,-9999,-9999,-9999,-9999,-9999,-9999,-9999,-9999,-9999,-9999,-9999,-9999,-9999,-9999,-9999,-9999,-9999,-9999,-9999,-9999,-9999
"02-01-2011",-9999,-9999,-9999,-9999,-9999,-9999,-9999,-9999,-9999,-9999,-9999,-9999,-9999,-9999,-9999,-9999,-9999,-9999,-9999,-9999,-9999,-9999,-9999,-9999
"03-01-2011",-9999,-9999,-9999,-9999,-9999,-9999,-9999,-9999,-9999,-9999,-9999,-9999,-9999,-9999,-9999,-9999,-9999,-9999,-9999,-9999,-9999,-9999,-9999,-9999
"04-01-2011",-9999,-9999,-9999,-9999,-9999,-9999,-9999,-9999,-9999,-9999,-9999,-9999,10,14,9,7,8,10,14,11,24,19,12,7
"05-01-2011",6,6,4,5,9,10,10,67,96,40,42,13,11,9,9,7,6,10,12,16,18,14,9,14
"06-01-2011",8,21,6,5,5,18,16,120,148,15,-9999,-9999,-9999,-9999,-9999,4,4,6,8,19,32,28,14,41
"07-01-2011",22,-9999,-9999,-9999,-9999,-9999,-9999,-9999,-9999,-9999,-9999,-9999,-9999,6,5,5,4,14,41,102,188,223,-9999,-9999
"08-01-2011",-9999,-9999,-9999,-9999,-9999,-9999,-9999,-9999,-9999,-9999,-9999,-9999,-9999,-9999,-9999,-9999,-9999,-9999,-9999,-9999,-9999,-9999,-9999,-9999
"09-01-2011",-9999,-9999,-9999,-9999,-9999,-9999,-9999,-9999,-9999,-9999,-9999,-9999,-9999,-9999,-9999,-9999,-9999,-9999,-9999,-9999,-9999,-9999,-9999,-9999
"10-01-2011",-9999,-9999,-9999,-9999,-9999,-9999,-9999,-9999,-9999,-9999,-9999,13,7,7,7,6,5,14,32,68,91,157,145,122
"11-01-2011",85,47,41,38,26,31,61,139,199,141,60,27,6,5,4,4,4,4,5,5,6,5,4,3
"12-01-2011",3,2,2,2,3,9,35,164,228,154,23,4,4,4,5,19,23,40,50,151,212,187,51,6
"13-01-2011",4,4,4,4,3,4,29,103,39,105,31,28,15,7,7,8,7,13,16,16,10,19,29,31
"14-01-2011",8,29,33,8,6,8,43,199,266,144,125,42,41,29,9,8,8,12,15,54,77,77,77,80
"15-01-2011",81,90,60,39,64,51,44,89,160,92,41,16,9,6,6,4,5,5,7,8,15,14,11,30
"16-01-2011",28,21,9,3,2,3,4,4,6,4,6,4,5,6,5,4,5,4,5,6,5,4,3,3
"17-01-2011",3,2,2,2,2,3,4,5,6,6,6,5,6,6,6,5,4,4,5,8,9,5,4,5
"18-01-2011",3,8,4,4,5,8,51,97,43,25,25,9,8,7,7,7,8,14,30,118,277,300,279,285
"19-01-2011",256,186,157,177,128,76,138,335,463,373,89,31,15,14,11,9,7,5,12,37,137,168,114,77
"20-01-2011",70,168,245,185,190,178,189,244,307,68,29,14,8,5,4,4,3,5,8,35,104,133,93,73
"21-01-2011",69,97,29,11,30,95,176,256,325,208,84,8,4,4,4,4,4,5,7,4,5,5,3,3
"22-01-2011",2,2,2,3,5,26,76,126,127,35,7,5,4,4,4,4,3,3,3,3,3,3,3,3
"23-01-2011",2,2,2,2,2,2,3,5,10,9,4,3,4,4,3,3,3,4,4,7,9,14,22,19
"24-01-2011",7,4,4,8,12,35,112,164,185,149,35,11,7,6,4,4,4,6,7,8,11,8,6,4
"25-01-2011",4,4,4,6,7,10,16,43,48,46,16,12,8,11,7,6,5,4,7,12,10,11,6,5
"26-01-2011",4,4,3,4,3,5,7,26,48,29,8,7,9,7,6,5,4,4,17,50,123,228,270,261
"27-01-2011",106,72,68,74,70,78,139,287,360,178,21,10,5,4,4,5,4,4,6,8,7,5,4,4
"28-01-2011",3,2,2,2,2,3,3,6,6,6,6,6,7,7,6,5,4,4,5,6,6,5,4,4
"29-01-2011",3,3,3,2,2,2,3,3,3,4,4,6,6,6,6,5,4,4,6,7,7,6,5,4
"30-01-2011",4,3,3,3,2,2,3,3,5,5,5,6,6,6,6,6,5,6,7,11,8,7,7,4
"31-01-2011",4,3,2,3,2,3,8,46,65,27,8,6,6,8,8,6,7,6,7,9,13,13,7,6
"01-02-2011",3,2,2,3,2,3,4,11,11,6,5,6,5,6,6,5,4,3,5,6,6,6,4,3
"02-02-2011",3,2,2,3,3,4,9,8,13,10,7,6,6,6,6,6,5,6,7,10,9,9,5,3
"03-02-2011",2,2,2,3,2,3,3,5,5,5,5,5,6,7,12,5,4,6,5,5,5,4,3,3
"04-02-2011",2,2,2,3,2,3,3,5,6,7,9,9,7,8,8,6,5,5,6,7,8,6,5,5
"05-02-2011",4,3,2,3,3,3,4,4,7,7,6,6,-9999,-9999,-9999,-9999,-9999,-9999,-9999,-9999,-9999,-9999,-9999,-9999
"06-02-2011",-9999,-9999,-9999,-9999,-9999,-9999,-9999,-9999,-9999,-9999,-9999,-9999,-9999,-9999,-9999,-9999,-9999,-9999,-9999,-9999,-9999,-9999,-9999,-9999
"07-02-2011",-9999,-9999,-9999,-9999,-9999,-9999,-9999,-9999,-9999,-9999,-9999,-9999,-9999,-9999,-9999,-9999,-9999,-9999,-9999,-9999,-9999,-9999,-9999,-9999
"08-02-2011",-9999,-9999,-9999,-9999,-9999,-9999,-9999,-9999,-9999,-9999,-9999,9,7,6,6,6,4,5,16,36,79,221,259,125
"09-02-2011",132,149,88,30,26,59,108,270,310,254,93,37,15,8,8,5,5,3,7,33,56,156,210,166
"10-02-2011",43,41,22,6,4,4,26,62,45,8,6,5,5,5,4,4,3,4,5,6,5,8,6,6
"11-02-2011",4,3,3,6,5,19,59,51,150,76,22,7,7,5,4,3,3,3,5,8,14,11,16,16
"12-02-2011",15,5,3,3,3,3,4,7,11,6,4,5,4,4,4,4,3,3,3,3,5,34,31,20
"13-02-2011",68,15,13,34,18,10,27,52,55,23,12,8,4,3,3,3,3,3,3,3,24,47,53,35
"14-02-2011",31,10,15,54,14,26,88,130,187,87,22,7,4,4,4,3,3,3,3,4,3,3,3,4
"15-02-2011",3,4,4,4,3,3,11,51,53,18,6,5,5,4,4,3,4,3,4,5,4,4,3,2
"16-02-2011",2,2,2,2,2,2,3,5,7,6,6,6,5,5,4,4,5,3,3,4,20,14,7,6
"17-02-2011",5,4,4,6,2,2,6,12,4,4,4,3,3,4,3,3,3,2,3,2,3,2,2,2
"18-02-2011",2,2,2,2,2,3,6,11,9,5,6,3,3,3,3,3,3,3,2,2,2,2,3,5
"19-02-2011",4,6,5,2,2,2,4,13,11,11,9,5,5,4,3,3,3,3,4,6,4,3,3,4
"20-02-2011",2,2,2,2,3,4,5,6,7,6,5,5,5,4,5,5,4,4,6,9,7,13,8,5
"21-02-2011",3,2,2,2,2,3,11,37,46,41,18,15,9,4,3,4,4,3,4,3,3,3,2,2
"22-02-2011",2,2,2,2,2,3,16,29,23,28,17,9,6,4,4,4,3,3,6,19,12,35,41,11
"23-02-2011",11,5,3,3,3,3,4,9,8,7,6,5,4,6,5,4,4,4,4,5,6,5,3,3
"24-02-2011",2,2,2,2,3,3,4,7,8,7,6,7,6,6,6,5,8,8,7,8,9,5,3,3
"25-02-2011",2,2,2,2,2,2,3,6,6,7,6,7,7,8,8,8,7,6,6,8,7,5,5,3
"26-02-2011",3,2,2,2,2,2,3,4,4,5,5,7,6,6,5,5,4,5,5,6,5,5,5,4
"27-02-2011",3,2,2,3,2,2,2,3,3,4,6,5,6,6,6,5,5,6,6,7,7,6,4,3
"28-02-2011",3,2,2,3,2,3,4,7,10,8,8,7,7,8,9,7,9,9,12,16,12,9,6,4
"01-03-2011",3,2,2,2,2,2,4,10,9,7,6,7,8,7,7,7,6,5,6,7,7,8,5,5
"02-03-2011",3,2,2,2,2,2,4,7,8,7,9,13,18,23,31,23,21,18,22,18,17,8,5,4
"03-03-2011",3,3,2,2,3,3,4,8,12,14,14,8,8,9,9,9,10,8,6,8,7,7,4,3
"04-03-2011",3,2,2,2,2,2,3,6,7,6,5,5,5,5,5,5,4,4,5,5,5,5,3,2
"05-03-2011",2,2,2,2,2,2,2,3,5,5,6,6,6,6,6,5,4,3,5,6,7,7,12,26
"06-03-2011",27,14,5,7,4,4,6,18,15,18,10,4,5,4,4,3,2,2,2,2,18,19,5,4
"07-03-2011",3,2,2,2,2,2,2,3,3,3,4,4,4,5,5,4,3,5,5,7,6,4,3,3
"08-03-2011",2,2,2,2,2,2,3,4,5,5,4,5,5,6,5,5,5,5,5,9,7,8,5,4
"09-03-2011",4,4,3,3,2,3,4,6,8,7,7,6,6,6,6,5,4,4,7,8,9,10,6,6
"10-03-2011",5,3,4,7,5,5,8,27,15,15,8,5,4,6,5,4,3,4,5,23,30,90,122,30
"11-03-2011",52,100,115,95,76,121,133,205,122,82,25,10,10,8,6,5,4,3,4,20,64,131,162,133
"12-03-2011",119,83,138,94,83,114,164,190,200,93,40,17,5,3,3,3,4,3,3,5,23,116,155,106
"13-03-2011",54,20,12,33,9,59,101,114,55,12,6,5,3,4,3,3,2,2,3,3,4,4,4,4
"14-03-2011",8,9,6,21,60,91,127,96,55,9,4,4,3,3,3,3,2,2,2,3,3,4,3,3
"15-03-2011",2,2,2,2,2,4,7,20,8,4,3,3,3,3,3,3,2,2,2,3,3,3,2,2
"16-03-2011",2,2,2,3,5,13,27,70,14,4,3,4,4,3,3,3,3,2,2,2,2,3,2,2
"17-03-2011",2,3,2,2,2,2,3,5,4,-9999,-9999,5,4,4,4,4,3,3,3,3,3,3,2,2
"18-03-2011",2,2,3,3,8,11,54,110,159,7,5,4,3,3,3,3,3,2,3,3,5,7,12,8
"19-03-2011",4,3,3,2,8,6,19,35,8,9,4,4,4,4,4,3,3,2,2,4,5,7,3,3
"20-03-2011",3,3,5,7,7,21,3,3,3,3,4,4,4,3,4,4,3,3,3,4,3,3,2,2
"21-03-2011",2,2,2,2,2,2,3,4,4,4,4,3,3,5,5,4,3,3,4,4,3,3,2,2
"22-03-2011",2,2,2,2,2,2,3,4,5,5,4,4,4,4,4,4,3,3,3,5,5,4,4,3
"23-03-2011",2,2,2,2,2,2,3,6,6,5,4,5,4,4,3,3,3,3,3,4,4,7,5,3
"24-03-2011",3,2,2,2,2,2,3,7,7,5,5,4,4,4,3,3,3,3,3,6,40,55,82,93
"25-03-2011",80,57,74,40,125,53,46,93,59,19,9,6,5,4,3,3,2,4,3,3,3,3,3,2
"26-03-2011",15,25,3,3,5,18,8,5,4,4,4,3,3,3,3,3,2,2,2,2,3,3,2,2
"27-03-2011",2,2,2,2,2,2,2,4,4,4,3,4,3,3,3,3,2,3,2,3,2,2,2,2
"28-03-2011",2,2,2,2,3,6,51,-9999,62,32,15,5,5,5,4,3,4,4,2,2,2,3,3,10
"29-03-2011",11,12,18,6,10,50,55,118,71,34,11,6,4,6,6,7,4,3,2,2,3,3,3,2
"30-03-2011",2,2,2,2,4,14,34,106,85,77,45,21,12,8,5,4,3,3,2,2,2,3,4,4
"31-03-2011",5,3,2,3,3,3,4,18,51,16,7,13,8,10,6,6,4,4,3,4,3,3,2,2
"01-04-2011",2,2,2,2,2,3,4,6,5,5,4,4,3,4,5,4,4,3,3,3,3,3,3,2
"02-04-2011",2,2,2,2,2,2,2,3,5,3,4,5,4,4,4,4,3,3,3,3,4,4,4,4
"03-04-2011",3,3,2,2,3,2,3,6,6,6,6,4,4,3,3,2,3,2,2,2,2,2,3,4
"04-04-2011",2,2,2,2,2,2,12,12,15,12,7,4,3,4,4,4,3,3,2,2,2,2,2,3
"05-04-2011",2,3,3,6,20,45,93,176,105,13,6,5,4,4,3,3,3,2,3,2,3,3,3,4
"06-04-2011",3,3,2,2,2,2,2,3,4,4,4,4,3,3,3,3,3,3,2,3,3,3,2,2
"07-04-2011",2,2,2,2,2,2,2,3,6,4,4,4,3,3,3,3,3,2,2,2,2,3,2,2
"08-04-2011",2,2,2,2,5,32,106,211,229,36,9,6,5,4,3,3,3,3,3,3,3,2,2,2
"09-04-2011",2,2,2,2,3,9,15,29,44,15,6,3,3,4,4,3,2,2,2,2,2,2,2,2
"10-04-2011",2,3,5,8,4,2,2,2,2,2,3,3,3,2,2,2,2,2,2,2,2,2,2,2
"11-04-2011",2,2,2,2,2,2,2,5,3,3,3,3,3,3,3,2,2,3,3,3,2,2,2,2
"12-04-2011",1,1,2,2,3,6,24,36,23,7,5,5,3,3,3,2,3,2,2,2,2,4,3,2
"13-04-2011",2,2,2,2,2,4,4,5,16,16,5,3,3,3,3,3,2,3,2,2,2,2,2,2
"14-04-2011",2,1,1,1,2,2,2,3,3,3,4,4,4,4,3,3,3,4,4,2,2,2,2,2
"15-04-2011",2,2,2,2,3,3,18,46,76,27,12,6,5,3,3,2,2,2,2,2,2,2,3,3
"16-04-2011",3,3,3,3,4,3,3,2,3,3,4,4,4,3,3,3,3,2,2,2,3,3,3,2
"17-04-2011",2,2,2,2,2,2,2,2,2,3,3,3,3,3,3,3,3,3,3,3,4,3,3,3
"18-04-2011",3,2,2,2,2,2,2,3,5,7,6,6,5,4,3,4,3,3,3,3,3,3,2,2
"19-04-2011",2,2,2,2,2,2,2,4,4,6,5,4,3,3,3,3,3,3,3,4,6,3,4,4
"20-04-2011",3,2,2,3,2,5,28,42,12,10,7,6,4,4,4,4,4,4,3,3,3,5,5,3
"21-04-2011",2,2,2,2,3,2,2,3,4,4,4,4,3,3,3,3,3,3,3,2,2,2,2,2
"22-04-2011",2,2,2,2,2,2,2,3,4,4,4,4,4,4,4,3,3,3,3,3,2,2,2,2
"23-04-2011",2,2,2,1,2,3,3,3,3,4,3,3,3,3,3,3,2,2,2,2,2,2,2,2
"24-04-2011",2,2,2,1,1,1,2,2,2,2,2,3,3,3,2,2,2,2,2,2,2,2,2,2
"25-04-2011",2,2,2,2,2,2,2,2,3,2,2,3,2,2,2,4,2,2,2,2,2,2,2,2
"26-04-2011",2,2,2,2,2,2,3,3,3,4,4,3,3,3,3,3,3,3,2,2,2,3,3,2
"27-04-2011",2,2,2,2,2,2,3,5,7,16,15,14,8,5,7,5,4,4,4,4,4,4,3,3
"28-04-2011",2,2,2,2,2,2,2,3,4,7,6,5,4,3,4,5,4,3,4,3,3,3,2,2
"29-04-2011",3,2,2,2,2,6,20,40,9,8,5,4,4,4,4,4,4,3,3,3,2,2,2,2
"30-04-2011",2,2,3,4,6,45,62,81,45,13,5,5,5,3,3,4,4,3,3,2,2,2,2,2
"01-05-2011",2,2,2,2,2,2,3,3,5,5,7,6,4,3,2,2,2,2,2,2,2,2,2,2
"02-05-2011",2,3,4,4,5,5,8,18,23,16,8,4,3,6,10,3,3,3,2,2,2,2,2,2
"03-05-2011",3,3,2,3,2,2,3,12,10,14,7,4,3,3,3,3,3,2,2,2,2,2,3,3
"04-05-2011",3,3,3,3,2,6,20,7,8,10,8,3,4,3,4,4,4,3,3,3,2,3,4,3
"05-05-2011",2,3,3,4,3,3,5,6,9,6,7,7,6,5,7,7,4,5,3,3,2,3,3,2
"06-05-2011",2,2,2,2,2,2,2,4,4,5,4,4,4,3,3,3,3,3,3,2,2,2,2,2
"07-05-2011",2,2,2,2,2,2,2,4,5,5,4,4,3,3,3,3,3,2,2,2,2,2,2,2
"08-05-2011",2,2,2,2,6,12,29,13,6,9,7,3,3,3,3,4,3,3,3,2,2,2,2,2
"09-05-2011",3,3,5,6,3,6,12,5,7,6,5,4,4,3,3,3,3,3,3,2,2,2,2,2
"10-05-2011",2,2,1,2,2,2,2,3,6,4,3,3,3,4,4,3,3,2,2,2,2,2,2,2
"11-05-2011",2,2,2,2,2,2,2,3,4,3,3,3,2,3,3,3,2,2,2,2,2,2,2,2
"12-05-2011",2,2,2,2,2,2,2,3,4,3,3,3,4,5,4,4,3,3,3,2,2,2,2,3
"13-05-2011",3,3,3,3,2,3,13,28,9,-9999,-9999,-9999,3,4,4,4,4,3,4,4,3,3,3,4
"14-05-2011",3,4,6,8,14,21,44,77,49,34,11,5,4,4,3,3,3,3,3,3,2,3,5,5
"15-05-2011",4,7,8,43,45,51,65,36,24,33,24,7,5,6,3,3,3,2,3,2,2,2,2,3
"16-05-2011",18,38,15,29,27,49,66,47,22,17,8,6,5,3,3,3,3,2,2,2,3,3,3,3
"17-05-2011",4,3,3,4,4,8,11,11,8,5,4,3,3,3,3,3,3,3,2,2,2,2,2,2
"18-05-2011",2,2,2,3,2,3,9,10,5,6,6,4,4,4,4,3,3,3,3,3,2,2,2,2
"19-05-2011",2,3,3,3,2,3,6,18,15,10,8,7,7,7,5,6,4,5,4,4,3,3,4,3
"20-05-2011",3,3,3,3,6,4,28,56,11,12,6,6,5,4,4,4,3,3,3,3,3,3,3,7
"21-05-2011",13,8,16,18,11,37,38,48,73,46,16,6,5,3,3,4,5,3,3,3,3,3,3,3
"22-05-2011",4,3,3,4,6,4,5,9,9,4,3,3,3,3,3,2,2,3,3,3,2,2,3,3
"23-05-2011",3,3,3,3,2,2,3,9,4,4,3,4,3,4,3,3,3,3,3,3,3,2,2,2
"24-05-2011",2,3,3,3,3,3,3,5,7,8,4,4,4,4,3,3,4,4,3,3,4,4,4,4
"25-05-2011",3,3,3,3,4,5,19,43,19,5,4,6,7,6,5,6,7,6,5,6,5,10,4,5
"26-05-2011",3,3,3,4,3,10,5,4,5,6,4,4,4,4,4,4,5,4,3,4,5,11,6,5
"27-05-2011",3,3,2,2,2,3,3,4,4,4,5,5,9,4,4,3,5,4,5,4,4,3,3,3
"28-05-2011",3,3,3,4,3,3,4,5,6,6,3,4,3,4,4,4,4,3,3,3,3,3,3,3
"29-05-2011",3,4,5,9,23,34,20,41,25,13,9,6,4,4,3,5,3,4,3,3,2,4,5,6
"30-05-2011",12,7,5,7,9,8,42,87,59,17,14,11,6,7,4,4,5,5,5,4,4,4,5,7
"31-05-2011",9,29,30,25,19,45,89,108,93,45,32,5,4,4,3,3,3,4,3,3,3,3,3,3
"01-06-2011",3,3,3,3,3,10,33,60,19,18,8,5,3,5,5,5,4,3,3,3,3,3,4,4
"02-06-2011",6,10,28,11,4,13,40,72,41,23,20,8,4,5,5,4,4,4,3,4,3,3,3,3
"03-06-2011",5,5,3,3,4,8,35,47,33,34,28,8,6,4,5,4,4,4,3,3,3,3,4,4
"04-06-2011",4,4,4,4,4,7,14,8,9,6,5,5,5,4,4,4,3,3,3,3,3,3,3,3
"05-06-2011",3,3,4,11,13,15,21,5,6,5,7,4,5,3,3,5,3,3,3,3,3,3,3,4
"06-06-2011",4,6,4,7,9,14,36,54,51,11,4,6,6,4,3,7,3,4,3,4,6,4,5,3
"07-06-2011",3,4,3,4,4,7,15,26,12,4,7,6,4,4,3,3,3,3,3,3,3,4,5,5
"08-06-2011",4,3,3,4,4,10,25,39,20,15,20,11,5,5,4,4,4,3,3,3,2,2,2,2
"09-06-2011",2,2,2,3,3,7,16,55,29,11,10,7,4,3,3,6,5,4,3,4,3,3,2,3
"10-06-2011",3,3,2,2,2,3,4,5,6,11,6,8,8,4,5,6,5,6,4,4,3,3,3,3
"11-06-2011",3,3,3,3,3,5,10,7,5,4,4,3,4,4,4,5,3,3,2,2,2,2,2,2
"12-06-2011",3,2,2,2,3,3,3,5,5,4,4,3,3,2,2,3,3,3,3,4,4,4,4,3
"13-06-2011",4,4,3,3,3,3,3,4,5,4,3,3,3,3,3,3,3,3,3,3,3,2,3,3
"14-06-2011",3,4,4,4,6,7,35,72,23,42,15,5,4,4,3,5,5,3,3,3,3,4,4,4
"15-06-2011",6,19,20,5,4,3,3,4,4,9,4,4,3,3,4,5,5,5,5,3,3,3,3,3
"16-06-2011",3,3,2,2,3,3,3,5,6,6,5,6,4,3,3,3,4,4,3,4,4,7,6,23
"17-06-2011",49,67,68,59,40,20,23,59,14,10,-9999,-9999,6,5,5,7,4,4,5,3,3,3,3,4
"18-06-2011",10,10,35,55,58,65,95,119,54,31,14,6,5,5,3,3,5,4,4,3,3,3,3,3
"19-06-2011",4,7,8,18,18,35,31,30,11,21,7,5,4,4,3,4,3,3,3,3,3,3,3,3
"20-06-2011",3,3,3,3,4,12,15,34,31,26,9,6,5,4,4,5,3,4,4,4,4,4,5,5
"21-06-2011",6,7,7,5,4,10,7,6,5,4,4,4,4,4,4,4,4,3,3,3,3,3,3,3
"22-06-2011",3,3,3,3,2,3,3,4,4,4,4,4,4,4,4,4,3,3,3,3,3,3,3,3
"23-06-2011",3,3,2,2,3,2,3,5,5,4,4,4,4,4,4,4,4,4,3,3,4,3,3,2
"24-06-2011",3,3,3,3,3,3,3,7,6,4,4,3,4,4,4,4,3,3,3,3,3,3,3,3
"25-06-2011",3,5,5,7,14,27,57,67,38,22,15,-9999,-9999,6,4,5,3,3,6,4,3,1,4,3
"26-06-2011",3,3,2,2,2,2,2,2,3,3,3,3,3,3,3,3,3,3,3,2,2,2,2,2
"27-06-2011",2,3,3,3,3,3,3,4,4,4,3,3,4,3,3,3,3,3,3,3,3,3,3,2
"28-06-2011",2,3,3,3,4,4,17,23,7,5,4,4,3,4,4,3,3,3,2,2,2,2,3,3
"29-06-2011",3,3,3,4,4,4,18,14,26,13,7,4,4,4,3,3,3,2,1,2,2,2,2,2
"30-06-2011",2,4,4,5,5,14,27,37,21,13,6,4,3,4,3,3,3,3,3,3,2,2,2,3
"01-07-2011",3,3,3,3,4,6,23,26,9,12,17,5,4,5,5,5,5,5,4,4,3,4,5,4
"02-07-2011",3,3,4,4,4,4,14,10,11,11,6,4,5,5,4,4,4,3,3,3,3,2,2,2
"03-07-2011",2,2,2,2,3,3,3,4,4,4,4,4,4,4,4,5,3,3,4,3,3,2,2,2
"04-07-2011",3,3,3,3,4,12,15,13,9,5,6,5,5,5,4,5,4,4,3,3,3,3,5,4
"05-07-2011",5,3,3,3,3,4,16,17,15,21,21,5,4,4,1,2,3,3,3,2,2,2,2,3
"06-07-2011",3,3,2,2,3,6,17,14,11,9,8,8,10,8,4,5,5,5,3,3,3,4,4,4
"07-07-2011",4,4,4,4,4,6,13,22,11,11,11,9,5,2,-9999,-9999,4,4,2,3,2,2,3,3
"08-07-2011",3,4,4,4,3,3,15,15,12,5,4,3,3,3,3,4,3,3,3,3,3,3,3,3
"09-07-2011",2,2,2,2,3,3,4,4,3,3,3,3,3,3,3,3,3,3,3,3,2,2,3,2
"10-07-2011",2,2,2,3,3,3,2,2,3,3,3,3,2,2,2,2,2,2,2,2,2,2,2,3
"11-07-2011",3,5,2,3,2,2,3,3,4,4,3,3,3,3,3,3,3,3,3,3,3,2,3,3
"12-07-2011",2,2,2,2,2,2,3,5,4,3,3,3,4,4,3,3,3,3,3,3,2,3,3,3
"13-07-2011",3,2,2,2,2,2,4,6,5,4,4,3,3,3,3,3,3,3,3,3,3,2,2,2
"14-07-2011",2,2,2,2,2,2,4,6,7,-9999,-9999,-9999,-9999,-9999,-9999,-9999,2,3,3,2,3,3,2,3
"15-07-2011",3,2,3,2,2,3,4,6,7,5,4,4,3,3,4,4,4,3,3,3,3,3,3,3
"16-07-2011",3,3,2,2,3,3,3,6,7,4,3,6,4,4,3,4,3,2,2,4,3,2,3,3
"17-07-2011",4,4,4,4,8,5,11,7,10,14,7,5,4,4,3,3,3,3,3,2,2,3,3,3
"18-07-2011",4,5,4,5,5,7,30,37,94,82,13,4,4,5,4,5,5,4,3,5,4,4,3,3
"19-07-2011",3,3,3,4,8,5,23,57,55,29,12,7,5,11,4,3,3,3,4,3,3,2,2,3
"20-07-2011",4,6,7,24,12,21,28,63,40,33,15,8,6,5,5,5,3,3,3,3,3,3,3,3
"21-07-2011",3,2,2,2,2,2,3,5,6,6,7,10,9,7,3,4,5,5,4,4,3,3,3,3
"22-07-2011",4,3,3,2,2,3,5,7,13,12,17,8,6,4,4,4,4,5,5,4,3,3,3,3
"23-07-2011",3,3,3,3,3,4,7,29,42,12,5,4,4,3,4,4,3,3,2,3,3,3,2,3
"24-07-2011",3,3,4,4,3,5,7,7,11,9,9,6,5,4,3,3,3,2,3,3,3,2,3,3
"25-07-2011",3,3,3,4,3,3,4,5,7,-9999,-9999,-9999,-9999,-9999,-9999,-9999,-9999,-9999,-9999,-9999,-9999,-9999,-9999,-9999
"26-07-2011",-9999,-9999,-9999,-9999,-9999,-9999,-9999,-9999,-9999,-9999,-9999,-9999,-9999,3,3,3,3,3,3,3,4,4,2,2
"27-07-2011",3,3,2,2,3,3,15,13,17,21,8,4,4,4,3,4,3,4,4,3,3,3,3,3
"28-07-2011",3,3,4,4,5,6,19,47,31,25,4,7,5,4,4,3,3,3,3,3,2,3,3,3
"29-07-2011",4,4,5,5,5,6,39,40,39,32,10,4,5,4,5,5,4,4,3,2,2,3,3,3
"30-07-2011",3,2,3,3,3,3,4,8,13,8,7,5,4,4,3,3,2,4,4,3,2,3,3,3
"31-07-2011",3,3,3,4,3,4,4,5,7,8,6,4,3,3,4,3,3,2,3,3,2,3,3,3
"01-08-2011",3,-9999,-9999,-9999,-9999,-9999,-9999,-9999,-9999,-9999,-9999,-9999,-9999,-9999,-9999,-9999,-9999,-9999,-9999,-9999,-9999,-9999,-9999,-9999
"02-08-2011",-9999,-9999,-9999,-9999,-9999,-9999,-9999,-9999,-9999,-9999,4,3,3,4,3,3,4,3,3,3,3,2,3,3
"03-08-2011",3,3,3,2,3,3,3,4,4,4,4,3,3,3,3,3,3,3,2,2,2,3,3,3
"04-08-2011",3,3,3,2,2,3,3,4,5,5,5,4,4,-9999,-9999,-9999,-9999,-9999,-9999,-9999,-9999,-9999,-9999,-9999
"05-08-2011",-9999,-9999,-9999,-9999,-9999,-9999,-9999,-9999,-9999,-9999,-9999,4,4,3,3,5,4,3,3,3,2,2,2,2
"06-08-2011",2,2,2,2,2,2,2,3,3,3,3,3,3,2,3,3,2,3,2,2,2,2,2,2
"07-08-2011",2,2,2,2,2,2,2,3,3,4,3,3,3,3,3,3,3,3,2,2,2,2,2,2
"08-08-2011",3,2,3,2,3,3,13,6,5,4,4,3,4,4,5,4,3,3,3,3,2,2,2,2
"09-08-2011",2,2,2,2,3,3,5,27,19,16,12,-9999,-9999,3,3,2,2,2,2,3,2,2,2,2
"10-08-2011",3,3,3,3,3,4,15,22,22,15,23,20,7,6,5,4,3,3,3,4,3,3,2,2
"11-08-2011",2,2,2,2,2,2,3,3,4,4,4,3,3,3,2,2,2,2,2,2,2,2,2,2
"12-08-2011",2,2,2,2,2,2,3,4,4,4,3,3,2,2,3,3,3,2,2,2,2,2,2,2
"13-08-2011",3,2,2,2,2,2,4,7,7,3,3,2,3,3,2,3,2,2,2,2,2,2,2,2
"14-08-2011",2,2,3,3,3,4,4,5,4,4,5,4,4,4,3,2,2,2,2,2,2,2,3,3
"15-08-2011",2,3,3,3,3,3,3,4,5,3,2,4,3,3,4,3,3,2,2,2,2,2,2,3
"16-08-2011",3,4,4,4,5,8,6,18,14,5,2,4,5,4,3,3,3,2,2,2,2,4,4,3
"17-08-2011",3,2,3,3,5,3,6,7,14,4,3,2,2,2,2,2,2,2,2,2,2,2,2,2
"18-08-2011",2,2,2,2,2,2,2,2,2,3,2,2,2,2,2,2,2,2,2,2,2,2,2,2
"19-08-2011",2,2,2,2,2,2,2,2,3,3,3,3,2,2,2,2,2,2,2,2,2,2,2,2
"20-08-2011",2,2,2,2,2,2,2,3,3,2,2,2,2,2,2,2,2,2,2,2,2,2,2,2
"21-08-2011",2,2,2,2,2,2,2,2,2,2,2,2,2,2,2,2,2,2,2,2,2,2,2,2
"22-08-2011",2,2,2,2,2,2,2,2,2,3,3,3,3,3,2,2,2,2,2,2,2,2,2,2
"23-08-2011",2,2,2,2,2,2,3,2,3,3,3,2,3,2,2,3,3,3,2,2,2,2,2,2
"24-08-2011",2,2,2,2,2,2,2,2,3,3,3,3,3,3,3,2,2,2,2,2,2,2,2,2
"25-08-2011",2,2,2,2,2,2,2,2,3,3,2,2,2,2,2,2,2,2,2,2,2,2,2,2
"26-08-2011",2,2,2,2,2,2,2,2,3,3,3,3,3,3,3,3,2,2,2,2,2,2,2,2
"27-08-2011",2,2,2,2,2,2,2,2,3,3,2,3,3,2,2,2,2,2,2,2,2,2,2,2
"28-08-2011",3,2,2,2,2,2,2,2,2,2,2,3,2,2,2,2,2,2,2,2,2,2,2,2
"29-08-2011",2,2,2,2,2,2,2,4,4,4,3,3,3,2,2,2,2,2,2,2,2,2,3,3
"30-08-2011",2,2,3,3,3,4,4,21,13,11,9,4,3,2,3,3,3,2,2,2,2,2,2,2
"31-08-2011",2,2,2,2,3,3,7,14,17,17,23,9,3,3,3,2,2,2,2,2,2,2,2,2
"01-09-2011",2,2,2,2,14,3,35,32,17,33,21,10,5,5,4,4,4,4,3,3,2,2,3,3
"02-09-2011",3,3,7,11,24,52,67,105,115,40,19,7,4,4,3,3,3,3,3,3,3,4,4,4
"03-09-2011",6,7,19,15,17,10,25,28,11,13,9,11,6,3,3,3,3,2,2,2,2,2,2,2
"04-09-2011",2,2,2,2,3,2,2,2,2,2,2,2,2,2,2,2,2,2,2,2,2,2,2,2
"05-09-2011",2,2,2,3,3,2,3,3,5,5,3,4,3,3,3,3,3,3,3,2,3,3,5,4
"06-09-2011",4,4,4,5,5,7,15,11,101,19,4,8,5,3,3,3,2,2,3,5,4,4,3,3
"07-09-2011",2,2,2,2,2,2,3,4,5,5,3,3,3,3,3,3,3,2,2,2,2,2,2,2
"08-09-2011",2,2,2,2,3,3,3,3,4,4,4,3,3,3,3,2,2,2,3,3,3,2,3,3
"09-09-2011",2,2,2,2,3,4,46,69,30,14,23,8,4,3,3,3,3,3,3,2,2,2,3,3
"10-09-2011",4,5,11,10,8,16,38,29,5,4,3,3,3,3,3,3,2,2,2,2,2,2,3,3
"11-09-2011",3,3,3,3,2,2,3,4,4,3,3,3,3,3,3,2,3,3,3,3,3,3,2,2
"12-09-2011",2,2,2,2,3,3,4,20,6,4,3,3,3,3,3,3,5,3,3,2,2,2,3,3
"13-09-2011",2,2,2,3,2,3,5,16,7,5,4,4,3,3,3,3,3,3,3,3,3,3,3,3
"14-09-2011",4,4,11,6,4,4,7,18,26,15,12,4,4,4,3,4,3,3,4,4,4,16,16,13
"15-09-2011",8,19,29,37,25,31,40,119,108,-9999,-9999,-9999,-9999,4,3,3,3,3,3,3,3,2,2,2
"16-09-2011",2,4,6,13,5,17,32,40,13,6,4,3,3,4,4,4,3,3,2,2,2,2,2,2
"17-09-2011",2,2,2,2,2,2,2,3,4,4,3,4,3,3,3,3,2,2,2,2,2,2,3,3
"18-09-2011",2,3,3,5,3,3,2,2,3,3,3,3,2,2,2,2,2,2,2,2,2,3,2,2
"19-09-2011",3,4,4,3,3,3,23,59,99,61,16,14,11,4,4,4,3,3,3,3,3,2,2,3
"20-09-2011",3,3,3,3,4,4,15,63,74,23,11,4,3,3,3,3,2,2,2,3,5,2,2,2
"21-09-2011",2,2,2,2,2,3,4,9,16,22,8,5,5,7,5,5,4,3,3,2,3,3,3,2
"22-09-2011",3,3,3,2,2,2,3,5,6,-9999,-9999,-9999,3,3,3,3,3,3,3,3,3,3,2,3
"23-09-2011",3,2,2,3,3,2,3,9,9,7,4,4,4,4,5,4,3,3,3,3,3,3,3,3
"24-09-2011",4,4,4,5,3,4,14,29,25,10,7,4,3,3,3,3,2,3,2,3,3,3,3,3
"25-09-2011",3,6,4,4,3,3,3,4,3,3,3,3,3,3,2,2,2,2,2,2,2,2,2,2
"26-09-2011",3,3,2,2,2,2,3,6,6,5,4,3,3,3,4,3,3,3,3,2,2,2,2,2
"27-09-2011",2,2,2,2,2,2,3,4,6,3,3,3,3,3,4,3,3,3,3,2,2,2,2,2
"28-09-2011",2,2,2,2,2,2,2,4,9,10,6,4,4,4,4,3,3,2,2,2,2,2,2,2
"29-09-2011",2,2,2,2,2,2,2,4,5,4,3,3,3,4,3,3,3,3,2,2,2,2,3,4
"30-09-2011",4,4,3,3,2,7,13,38,15,8,5,3,3,3,3,3,3,3,3,2,2,2,2,2
"01-10-2011",2,2,2,2,2,2,2,2,3,4,4,4,4,3,3,3,3,2,2,2,2,3,3,3
"02-10-2011",3,3,3,4,3,3,5,5,8,6,3,3,3,3,3,2,3,3,2,2,2,2,3,3
"03-10-2011",3,3,2,2,2,2,3,4,5,5,4,4,3,4,3,3,3,3,3,2,3,3,2,2
"04-10-2011",2,2,2,2,2,2,3,6,12,11,5,3,3,3,3,3,3,3,2,3,3,4,4,5
"05-10-2011",4,8,4,3,3,3,7,25,130,78,12,4,3,4,3,3,3,3,2,3,4,5,6,7
"06-10-2011",4,5,4,8,12,9,7,38,73,22,28,20,6,4,3,3,3,3,3,3,3,3,3,3
"07-10-2011",3,3,3,3,6,16,21,76,130,26,12,5,3,3,3,3,3,3,2,3,5,10,9,5
"08-10-2011",3,3,3,3,4,5,14,9,21,7,4,3,3,3,3,3,3,2,2,2,2,2,2,2
"09-10-2011",2,2,2,2,2,2,2,2,2,1,3,6,3,3,4,2,2,2,3,3,3,4,3,3
"10-10-2011",2,2,2,2,2,3,7,22,8,9,8,6,7,9,10,7,6,4,4,4,3,4,3,3
"11-10-2011",3,3,3,3,3,3,3,5,6,6,6,6,6,6,6,6,5,4,3,4,4,3,3,3
"12-10-2011",3,3,3,3,3,5,10,13,20,9,8,6,4,4,5,3,4,3,4,30,26,60,81,62
"13-10-2011",71,54,41,8,7,14,50,136,168,-9999,-9999,21,18,6,3,4,4,3,2,3,3,3,3,3
"14-10-2011",4,4,4,4,4,6,12,45,56,25,7,5,4,5,5,4,4,5,4,3,3,3,2,2
"15-10-2011",2,2,2,2,2,2,2,2,3,6,6,6,5,4,4,4,3,3,3,3,3,3,2,2
"16-10-2011",2,2,2,2,2,2,2,2,2,2,3,3,3,3,3,3,3,3,3,3,3,2,2,2
"17-10-2011",2,2,2,2,2,2,3,4,5,5,6,6,5,6,6,5,4,3,3,4,5,3,3,4
"18-10-2011",6,4,6,5,11,7,45,56,110,24,11,12,12,3,3,3,3,3,4,6,12,53,68,47
"19-10-2011",46,45,16,4,4,4,10,126,217,50,8,7,4,3,3,3,2,2,3,5,26,57,68,28
"20-10-2011",28,85,88,32,36,8,31,75,117,113,42,6,5,3,4,3,3,3,4,4,18,20,61,51
"21-10-2011",6,5,4,4,4,12,40,99,185,99,13,7,7,6,5,4,4,3,3,6,50,67,113,59
"22-10-2011",56,21,21,22,18,96,125,131,166,72,51,13,8,6,5,4,3,3,3,3,4,4,4,3
"23-10-2011",4,4,3,3,4,3,2,2,2,3,4,4,3,3,3,3,3,3,2,3,3,3,3,2
"24-10-2011",2,2,2,2,2,2,2,4,7,5,5,7,6,5,5,4,4,4,3,3,3,3,4,3
"25-10-2011",3,3,2,3,2,3,2,4,5,5,5,4,4,4,4,4,4,3,3,3,3,3,2,2
"26-10-2011",2,2,2,2,2,2,2,3,5,5,4,4,4,4,4,4,3,3,3,2,3,2,2,2
"27-10-2011",2,2,2,2,2,2,2,3,4,4,4,5,4,4,5,4,4,3,3,3,3,3,3,2
"28-10-2011",2,2,2,2,2,2,2,2,3,3,3,3,3,3,3,3,2,3,2,3,3,3,3,3
"29-10-2011",4,3,3,2,2,2,2,2,4,4,5,5,5,4,4,3,3,3,2,3,3,4,3,3
"30-10-2011",3,3,2,2,2,2,2,2,2,3,3,3,3,3,3,3,3,3,3,3,3,3,4,3
"31-10-2011",3,3,2,3,2,3,4,23,20,16,4,4,5,5,4,5,4,3,5,6,5,4,4,3
"01-11-2011",3,3,3,2,4,5,5,49,47,8,5,5,8,7,5,3,3,4,19,47,93,80,64,34
"02-11-2011",33,12,13,4,5,12,12,22,18,12,7,6,4,5,4,4,4,3,4,4,4,8,14,4
"03-11-2011",3,2,2,2,3,4,13,20,6,5,4,5,4,4,4,3,4,4,3,4,3,3,4,4
"04-11-2011",4,4,4,3,4,8,10,51,22,5,5,6,5,5,5,4,4,4,4,5,5,4,3,3
"05-11-2011",4,3,13,6,4,4,33,32,12,10,5,4,4,4,3,3,3,3,5,6,10,9,17,8
"06-11-2011",15,19,11,19,27,26,32,20,31,14,5,3,4,4,3,3,3,4,6,9,8,9,28,48
"07-11-2011",52,38,27,8,5,5,30,74,104,49,9,13,7,5,6,5,6,5,4,4,5,4,4,3
"08-11-2011",5,5,4,4,4,6,31,77,34,8,6,6,5,6,6,6,5,4,4,5,7,5,4,5
"09-11-2011",5,5,4,4,4,14,21,68,93,71,16,7,9,7,5,5,4,6,23,38,56,77,109,120
"10-11-2011",149,77,90,95,37,75,128,189,264,211,61,27,16,13,5,4,5,6,6,7,6,8,4,5
"11-11-2011",4,3,4,4,5,3,5,20,11,7,6,5,4,5,5,4,3,3,4,4,5,4,3,3
"12-11-2011",2,2,2,3,2,2,3,3,4,4,4,4,4,4,4,4,4,3,4,6,5,5,4,3
"13-11-2011",3,2,2,2,2,2,2,2,3,3,4,4,4,4,4,4,3,4,4,5,5,4,3,3
"14-11-2011",3,2,2,2,2,3,3,4,5,5,5,5,5,5,4,4,4,4,5,5,5,4,3,3
"15-11-2011",2,2,2,3,2,4,5,7,10,7,6,7,6,5,5,5,4,5,6,9,9,6,4,4
"16-11-2011",3,3,3,3,3,3,4,10,16,9,8,7,7,7,5,5,4,5,17,22,21,48,40,20
"17-11-2011",12,4,5,4,4,4,14,78,29,9,11,7,5,5,5,4,4,4,5,7,6,5,5,3
"18-11-2011",4,3,3,2,3,4,11,48,32,16,8,5,6,5,5,4,4,4,10,27,32,20,14,6
"19-11-2011",6,6,6,5,6,9,15,59,28,9,7,7,6,7,5,5,4,7,77,122,126,162,163,120
"20-11-2011",72,68,48,17,44,31,67,53,25,11,9,5,5,4,4,4,4,5,12,42,51,47,41,49
"21-11-2011",22,13,11,5,7,14,52,65,51,25,15,7,6,6,6,6,6,7,9,19,63,112,121,104
"22-11-2011",83,84,48,24,21,40,78,132,129,183,158,25,8,5,4,4,5,8,18,30,80,174,95,144
"23-11-2011",71,55,35,21,14,34,24,101,39,28,22,9,7,6,6,5,5,6,6,8,9,6,5,4
"24-11-2011",5,5,3,3,3,3,3,5,7,7,7,7,6,6,5,5,4,4,5,5,5,4,3,3
"25-11-2011",3,2,2,2,2,2,3,5,6,6,6,5,6,6,6,6,5,5,5,7,6,5,5,4
"26-11-2011",4,3,3,5,5,4,5,43,29,8,6,5,5,6,6,6,7,5,11,28,21,18,22,25
"27-11-2011",71,75,41,29,13,22,24,31,14,8,6,5,5,5,4,4,4,4,9,20,20,65,80,59
"28-11-2011",34,9,14,22,45,65,151,212,299,191,22,10,9,10,7,6,6,18,109,181,266,283,233,197
"29-11-2011",166,118,73,116,59,74,126,230,224,62,6,6,5,5,6,5,5,6,10,14,17,13,5,4
"30-11-2011",4,4,4,4,4,7,15,39,60,32,16,8,8,7,6,4,5,5,8,37,61,165,143,149
"01-12-2011",127,122,115,48,8,12,80,170,130,156,98,18,8,7,6,5,5,23,156,292,298,268,172,168
"02-12-2011",211,135,93,62,130,179,163,285,361,339,86,17,7,7,7,6,6,18,107,170,185,144,184,380
"03-12-2011",401,272,130,61,63,59,92,265,327,191,13,7,7,6,5,4,4,5,7,9,16,15,25,52
"04-12-2011",28,29,26,11,39,42,33,45,75,37,11,7,5,6,4,4,4,5,6,26,31,86,182,192
"05-12-2011",91,49,27,20,23,47,111,199,212,127,12,7,5,5,5,4,4,4,5,5,4,3,4,3
"06-12-2011",2,3,2,2,3,3,3,5,4,4,4,4,4,4,3,3,3,3,3,4,4,13,30,11
"07-12-2011",24,8,8,4,18,37,76,83,86,17,7,5,5,5,6,6,5,5,7,13,7,5,5,4
"08-12-2011",4,3,3,3,10,7,30,87,166,-9999,-9999,6,5,5,4,4,4,5,9,62,8,8,5,4
"09-12-2011",3,3,3,3,3,4,5,17,45,15,8,8,7,6,5,5,5,7,22,52,61,95,126,188
"10-12-2011",153,102,58,52,51,52,153,224,263,157,20,8,7,7,5,5,5,7,8,14,39,75,170,163
"11-12-2011",187,123,51,35,37,48,46,121,128,92,47,8,7,7,6,6,6,7,19,18,12,16,58,118
"12-12-2011",111,55,93,34,152,93,79,139,352,293,37,16,7,7,6,6,7,10,8,76,215,186,149,144
"13-12-2011",153,132,90,94,123,149,148,170,228,203,118,47,15,10,7,6,5,8,20,37,88,139,163,134
"14-12-2011",109,37,18,70,89,126,128,254,284,179,40,33,13,10,6,6,5,10,33,28,22,15,12,10
"15-12-2011",19,22,27,23,25,47,69,93,113,19,19,9,7,5,6,4,5,7,18,12,13,5,10,5
"16-12-2011",5,3,4,3,3,9,39,87,16,11,8,6,6,5,5,5,5,4,5,5,6,10,32,56
"17-12-2011",71,13,5,4,3,3,3,3,3,3,3,4,3,3,3,3,3,3,3,3,3,3,3,3
"18-12-2011",3,3,3,3,3,3,3,3,5,15,16,8,6,6,6,6,11,11,7,13,5,5,4,4
"19-12-2011",5,4,4,5,3,3,3,5,8,5,5,4,4,5,4,3,4,4,4,4,4,5,8,4
"20-12-2011",4,4,5,10,6,4,4,5,30,8,6,5,5,5,4,5,5,4,5,6,6,6,4,3
"21-12-2011",3,3,3,3,3,3,4,25,64,11,9,7,5,4,4,4,4,4,5,4,4,4,3,3
"22-12-2011",2,2,2,2,2,2,2,4,3,4,4,5,4,6,5,5,6,12,11,20,12,6,7,4
"23-12-2011",3,3,3,4,3,3,4,6,7,8,9,8,10,15,15,7,6,6,6,9,7,5,4,4
"24-12-2011",3,3,3,3,4,3,3,5,8,9,7,8,7,6,6,5,5,8,13,17,18,8,8,6
"25-12-2011",5,4,4,3,3,4,4,4,4,4,5,5,6,6,5,4,4,5,6,7,6,6,4,4
"26-12-2011",4,3,3,3,3,3,3,3,3,4,4,4,5,5,6,5,4,5,6,6,6,5,5,4
"27-12-2011",3,4,3,3,3,3,4,8,15,11,8,7,7,7,6,6,6,8,23,28,21,18,13,12
"28-12-2011",15,8,27,18,7,7,19,56,144,42,23,15,11,8,7,7,8,11,28,28,42,24,12,6
"29-12-2011",4,4,6,10,12,18,45,55,116,55,27,19,12,7,6,5,5,20,65,140,131,64,18,95
"30-12-2011",143,37,21,7,5,7,36,-9999,139,60,12,5,5,5,4,5,6,9,9,6,5,4,4,8
"31-12-2011",14,4,5,16,46,19,72,71,72,52,47,13,9,6,6,5,5,5,6,6,6,6,5,4
