"01-01-2013",56,55,54,56,54,53,54,54,49,52,55,58,60,60,61,56,52,51,42,33,16,19,39,39
"02-01-2013",47,42,44,39,41,46,42,38,40,38,43,57,63,68,72,70,50,50,59,52,57,44,50,47
"03-01-2013",56,53,48,47,45,46,40,34,34,51,52,64,68,68,67,62,53,48,35,30,32,55,68,65
"04-01-2013",54,53,66,64,67,65,60,44,31,34,52,72,74,80,81,81,65,44,35,25,64,35,52,58
"05-01-2013",55,45,47,63,58,53,48,53,46,51,65,75,76,77,75,74,56,57,53,54,53,30,59,57
"06-01-2013",42,42,43,48,52,62,65,66,65,63,60,60,63,63,64,65,64,62,63,62,60,59,60,62
"07-01-2013",60,51,57,52,51,51,41,40,57,54,50,63,63,62,60,60,63,62,66,64,71,75,75,75
"08-01-2013",76,73,69,65,62,62,61,57,57,61,63,-9999,-9999,-9999,-9999,-9999,-9999,-9999,-9999,-9999,-9999,-9999,-9999,-9999
"09-01-2013",-9999,-9999,-9999,-9999,-9999,-9999,-9999,-9999,-9999,-9999,-9999,-9999,-9999,-9999,-9999,-9999,-9999,-9999,-9999,-9999,-9999,-9999,-9999,-9999
"10-01-2013",-9999,-9999,-9999,-9999,-9999,-9999,-9999,-9999,-9999,-9999,-9999,-9999,53,50,59,71,68,51,76,76,73,61,56,48
"11-01-2013",41,67,65,76,75,74,73,69,62,43,18,31,64,70,74,73,63,48,67,66,65,61,57,53
"12-01-2013",57,59,58,59,60,62,53,22,39,25,51,52,60,72,78,73,66,65,62,60,63,54,62,61
"13-01-2013",61,65,64,64,62,61,62,59,59,61,65,70,75,71,76,79,77,77,77,77,76,77,80,79
"14-01-2013",81,78,78,80,79,79,76,77,76,77,76,74,69,69,80,81,76,63,51,48,53,47,66,62
"15-01-2013",66,80,73,70,67,64,64,39,54,65,77,82,81,78,81,85,86,83,80,81,84,82,83,81
"16-01-2013",84,85,87,86,86,86,87,88,86,74,78,78,80,76,76,78,85,81,65,74,75,86,85,82
"17-01-2013",77,65,57,61,70,71,71,66,60,69,66,69,70,74,75,75,76,79,81,80,78,80,81,79
"18-01-2013",79,79,79,81,80,78,79,75,72,70,74,74,62,49,53,54,59,65,44,66,62,65,52,51
"19-01-2013",48,68,63,56,58,60,53,31,40,62,67,70,72,76,78,80,77,72,68,59,59,54,54,56
"20-01-2013",60,66,69,76,76,74,72,66,50,45,47,44,72,80,78,76,72,64,60,62,68,63,82,80
"21-01-2013",68,75,79,75,72,67,61,54,74,71,71,71,75,76,78,79,85,92,102,101,95,90,89,84
"22-01-2013",68,59,69,69,72,62,60,41,36,35,35,54,77,81,78,78,75,61,69,75,74,74,70,65
"23-01-2013",58,46,59,60,61,55,46,44,43,61,70,74,78,78,79,77,67,50,50,46,60,72,77,71
"24-01-2013",70,75,76,71,67,60,70,72,72,76,73,74,76,77,78,79,79,57,58,66,74,80,55,41
"25-01-2013",53,57,69,72,69,60,59,69,60,55,68,83,84,82,86,87,83,86,84,85,89,87,89,88
"26-01-2013",85,88,89,72,68,73,73,74,72,52,72,65,66,65,72,79,61,41,46,55,57,56,48,51
"27-01-2013",46,52,52,41,51,54,50,53,51,50,53,55,56,53,50,50,45,47,45,48,49,50,51,51
"28-01-2013",45,47,36,34,36,27,31,30,13,26,52,57,60,66,71,72,69,58,50,52,46,51,51,53
"29-01-2013",49,56,63,62,63,62,54,43,54,61,61,59,57,59,57,61,64,63,50,40,45,55,67,68
"30-01-2013",68,61,60,67,63,62,54,53,50,55,67,71,79,72,79,79,75,60,63,67,76,71,64,65
"31-01-2013",71,79,81,75,73,70,62,48,41,58,64,71,78,80,79,76,68,69,72,69,76,72,77,80
"01-02-2013",80,80,79,78,77,67,61,43,43,56,72,79,79,84,87,86,86,70,73,78,81,72,75,80
"02-02-2013",76,75,75,76,75,72,67,70,69,65,72,75,80,79,79,79,77,62,71,76,78,78,79,76
"03-02-2013",75,74,74,74,75,74,74,74,74,75,76,76,76,79,79,79,80,78,77,77,71,55,49,69
"04-02-2013",75,69,75,68,64,60,54,25,18,43,41,58,65,71,74,78,77,71,61,71,81,72,86,86
"05-02-2013",89,87,87,72,78,77,86,79,47,49,60,58,75,77,80,80,75,75,69,61,76,80,83,71
"06-02-2013",60,56,62,62,60,55,39,29,32,55,67,71,78,81,86,83,84,60,45,43,55,65,71,70
"07-02-2013",70,71,77,79,81,79,79,77,79,81,82,82,84,85,84,85,85,84,84,83,83,89,87,87
"08-02-2013",79,80,82,83,82,73,71,58,63,67,72,83,83,79,83,83,77,68,51,56,47,40,42,49
"09-02-2013",50,53,54,62,60,68,67,56,43,59,82,85,85,87,87,87,85,72,73,68,70,52,61,62
"10-02-2013",74,72,73,73,73,70,67,58,61,67,71,81,87,87,88,88,86,77,57,49,52,69,74,69
"11-02-2013",73,55,48,49,65,66,62,66,67,78,80,82,82,82,85,82,81,70,64,55,57,59,63,61
"12-02-2013",67,73,75,77,77,63,53,45,45,42,71,77,89,89,88,88,86,81,59,66,75,87,89,92
"13-02-2013",91,88,88,80,90,88,80,76,77,62,83,79,-9999,-9999,-9999,-9999,-9999,-9999,-9999,-9999,-9999,-9999,-9999,-9999
"14-02-2013",-9999,-9999,-9999,-9999,-9999,-9999,-9999,-9999,-9999,-9999,68,81,70,77,67,62,61,48,35,35,37,46,49,56
"15-02-2013",62,55,60,62,63,63,60,42,36,45,46,60,62,59,65,61,55,49,40,35,50,50,47,40
"16-02-2013",45,44,41,37,44,63,65,67,64,68,66,68,68,73,77,79,75,73,67,58,67,75,78,82
"17-02-2013",77,67,77,76,81,80,76,81,79,74,71,74,77,83,82,76,79,75,72,69,67,61,65,60
"18-02-2013",51,59,57,54,69,53,58,54,53,73,76,78,84,84,85,86,84,84,86,88,79,65,74,81
"19-02-2013",71,83,86,84,84,84,84,80,80,85,83,84,83,84,84,74,75,62,55,62,48,36,52,57
"20-02-2013",60,70,79,78,71,52,54,53,54,69,80,90,97,91,95,101,97,91,87,90,92,89,80,80
"21-02-2013",89,92,90,91,88,87,92,91,91,87,87,88,90,91,80,85,81,85,84,84,84,84,87,88
"22-02-2013",87,85,84,86,83,71,73,59,60,-9999,-9999,-9999,-9999,-9999,-9999,-9999,-9999,-9999,-9999,-9999,-9999,-9999,-9999,-9999
"23-02-2013",-9999,-9999,-9999,-9999,-9999,-9999,-9999,-9999,-9999,-9999,-9999,-9999,-9999,-9999,-9999,-9999,-9999,-9999,-9999,-9999,-9999,-9999,-9999,-9999
"24-02-2013",-9999,-9999,-9999,-9999,-9999,-9999,-9999,-9999,-9999,-9999,-9999,-9999,-9999,-9999,-9999,-9999,-9999,-9999,-9999,-9999,-9999,-9999,-9999,-9999
"25-02-2013",-9999,-9999,-9999,-9999,-9999,-9999,-9999,-9999,-9999,-9999,-9999,74,78,81,83,83,78,82,83,85,82,81,82,84
"26-02-2013",80,83,88,86,83,87,78,45,44,65,80,79,90,95,95,98,96,85,79,64,58,59,60,46
"27-02-2013",54,66,66,73,80,73,62,37,44,51,90,92,96,102,101,100,96,90,80,70,61,54,60,92
"28-02-2013",81,76,81,86,88,78,63,49,51,60,67,69,70,71,71,70,72,69,63,56,55,57,59,69
"01-03-2013",74,73,70,72,74,74,66,63,68,80,83,86,91,91,92,90,87,86,75,57,39,35,54,65
"02-03-2013",81,78,74,83,75,63,63,64,53,84,87,93,100,101,102,102,100,91,87,88,88,95,100,103
"03-03-2013",105,101,93,88,92,94,93,93,84,78,76,85,88,86,86,88,88,87,82,78,80,79,74,61
"04-03-2013",62,59,68,65,68,69,56,48,51,69,77,85,90,87,87,86,84,85,88,81,63,60,44,41
"05-03-2013",39,45,71,88,95,86,85,81,83,88,91,97,100,101,104,102,101,98,91,88,92,82,81,92
"06-03-2013",79,84,82,82,74,72,68,48,42,82,93,94,94,86,82,92,94,90,91,95,102,105,90,73
"07-03-2013",94,93,93,91,87,89,92,85,50,40,63,47,37,46,69,75,75,74,90,79,56,60,81,73
"08-03-2013",79,65,72,59,69,52,47,29,31,33,49,60,84,90,90,93,91,80,61,56,35,26,36,56
"09-03-2013",68,59,56,67,54,45,48,48,55,72,84,91,96,97,97,98,97,84,81,83,76,75,78,77
"10-03-2013",81,78,76,81,81,83,77,78,79,83,86,91,95,101,93,88,89,86,62,70,67,53,60,58
"11-03-2013",65,62,41,29,41,44,38,30,50,63,79,83,88,95,99,99,96,87,80,86,68,68,70,84
"12-03-2013",84,75,72,82,80,67,61,59,58,57,82,92,98,100,101,102,101,96,81,76,74,70,82,90
"13-03-2013",86,86,83,82,83,85,74,47,66,93,97,100,100,101,101,100,98,94,90,86,89,90,69,75
"14-03-2013",84,96,95,98,97,94,99,99,96,96,95,97,98,101,102,102,102,97,93,92,92,88,100,100
"15-03-2013",96,97,100,100,99,99,96,89,92,85,93,92,96,91,93,94,92,89,76,72,80,74,80,75
"16-03-2013",86,87,81,79,75,65,80,81,89,94,95,92,91,90,86,86,88,81,82,72,71,76,71,63
"17-03-2013",68,76,79,75,71,71,76,80,89,93,93,98,100,101,101,103,99,97,97,97,94,93,94,96
"18-03-2013",91,88,97,95,95,92,91,95,100,99,100,107,107,103,106,102,93,96,96,94,79,81,98,94
"19-03-2013",102,104,105,90,84,83,58,55,79,93,101,101,100,99,99,99,100,98,91,63,58,61,83,50
"20-03-2013",64,75,74,74,78,80,70,48,58,79,84,89,91,98,99,96,95,98,98,99,98,93,78,90
"21-03-2013",97,98,95,90,91,101,101,100,98,94,91,96,92,89,88,99,102,102,102,80,60,76,64,92
"22-03-2013",102,102,98,92,87,86,73,73,79,86,86,91,95,99,100,104,107,106,102,99,99,101,103,102
"23-03-2013",102,99,96,98,102,98,95,93,103,108,109,109,113,118,118,118,120,119,104,103,91,98,105,99
"24-03-2013",95,97,98,97,97,95,95,94,101,114,117,119,121,121,120,121,119,116,108,97,89,117,125,97
"25-03-2013",96,93,101,119,116,114,117,110,105,109,108,108,107,106,105,103,103,102,101,102,104,104,100,101
"26-03-2013",98,99,107,106,100,95,72,83,90,94,99,94,93,95,93,95,94,88,88,85,88,94,97,96
"27-03-2013",96,97,98,96,95,89,80,67,82,83,61,84,86,89,90,91,90,87,77,63,72,67,64,62
"28-03-2013",63,66,65,71,73,64,51,35,37,22,34,59,69,78,84,86,86,78,75,76,71,75,59,50
"29-03-2013",54,50,41,35,46,32,20,39,59,74,74,88,101,95,93,85,83,62,49,31,24,19,11,15
"30-03-2013",27,46,61,73,68,64,64,60,66,72,86,99,100,94,93,91,91,84,82,65,76,73,43,50
"31-03-2013",54,51,54,59,67,67,60,56,62,78,86,92,91,90,89,86,86,80,72,63,59,64,63,58
"01-04-2013",49,48,49,53,66,75,-9999,66,63,62,73,85,98,102,102,101,101,101,99,89,86,76,78,89
"02-04-2013",78,72,74,86,85,71,83,76,68,76,80,82,98,103,103,104,102,102,106,100,98,98,83,91
"03-04-2013",85,83,72,82,62,55,48,29,32,70,81,93,97,98,100,100,100,97,93,87,87,87,89,88
"04-04-2013",89,84,82,90,84,84,74,66,60,81,87,98,101,103,103,104,105,104,100,88,74,79,83,89
"05-04-2013",94,96,100,99,89,80,71,72,52,44,73,90,99,103,103,107,108,103,102,104,105,103,97,77
"06-04-2013",69,73,75,74,75,72,78,69,64,54,77,94,107,93,89,89,84,74,69,72,89,92,93,101
"07-04-2013",98,94,94,93,90,91,93,95,101,103,106,110,108,110,113,112,109,89,98,94,95,88,92,85
"08-04-2013",90,82,82,76,77,72,59,48,56,72,68,71,70,72,68,67,62,57,56,65,62,65,67,66
"09-04-2013",57,67,70,72,74,68,65,48,49,79,89,101,104,111,113,111,111,108,102,94,87,93,97,91
"10-04-2013",84,83,86,88,84,83,72,70,69,81,81,94,101,112,114,112,109,107,103,100,94,92,90,95
"11-04-2013",98,95,83,76,87,82,64,53,60,81,85,94,104,108,102,103,106,105,102,97,86,76,80,78
"12-04-2013",73,78,73,93,97,93,80,70,49,55,87,99,102,112,124,129,128,115,111,88,67,51,52,46
"13-04-2013",82,76,56,89,101,93,97,92,97,94,93,101,111,116,118,122,120,119,114,103,80,78,98,97
"14-04-2013",98,99,94,94,96,94,88,81,73,79,93,106,114,108,106,106,102,105,101,100,92,94,96,99
"15-04-2013",98,96,95,92,93,96,89,86,71,84,97,95,99,96,91,97,101,103,103,99,90,88,89,89
"16-04-2013",81,78,80,81,78,76,75,59,64,81,91,89,90,95,95,91,90,90,88,89,90,91,97,95
"17-04-2013",93,87,91,88,87,87,85,89,91,97,98,100,102,105,109,113,114,118,117,114,108,104,90,96
"18-04-2013",104,108,109,108,100,99,102,98,94,103,104,104,105,107,108,111,114,115,116,114,110,100,99,103
"19-04-2013",99,104,101,96,99,99,85,79,79,90,106,104,96,91,98,97,88,88,90,90,82,74,72,82
"20-04-2013",83,83,82,82,82,82,75,71,76,79,78,74,80,85,90,91,92,92,92,92,71,65,77,81
"21-04-2013",82,80,77,82,83,83,84,79,83,91,98,103,105,106,110,112,116,117,118,106,95,90,95,89
"22-04-2013",88,96,85,98,105,109,96,68,70,107,114,119,120,120,120,119,122,122,119,123,121,119,120,103
"23-04-2013",114,117,122,113,112,112,109,105,102,103,107,109,109,111,111,106,109,108,108,108,102,84,91,93
"24-04-2013",94,100,107,114,105,98,111,117,111,111,115,116,119,121,123,120,119,120,121,119,116,121,102,104
"25-04-2013",114,110,112,111,113,111,93,63,87,109,116,122,125,126,128,127,126,124,126,115,103,112,116,109
"26-04-2013",101,101,112,119,112,99,98,82,80,113,120,-9999,110,114,117,118,118,119,120,120,117,100,87,53
"27-04-2013",67,92,109,101,98,91,86,87,84,93,119,129,132,137,137,138,137,137,146,130,97,101,72,83
"28-04-2013",88,77,77,69,70,77,101,74,58,85,120,127,130,135,135,128,127,125,125,115,89,69,65,73
"29-04-2013",87,102,109,112,110,91,85,61,50,75,107,125,123,128,126,124,124,121,115,108,91,81,69,83
"30-04-2013",97,103,118,119,117,108,96,81,87,109,116,122,125,121,118,116,116,113,110,102,91,92,90,101
"01-05-2013",102,102,109,111,112,110,109,108,107,109,110,110,109,108,108,108,109,109,109,108,90,94,96,102
"02-05-2013",118,119,121,116,114,110,108,110,105,111,112,113,111,111,111,112,113,115,115,110,108,103,113,116
"03-05-2013",107,112,111,108,105,108,104,105,105,110,114,113,113,120,129,133,161,150,136,98,79,79,75,75
"04-05-2013",60,57,43,90,92,89,75,66,75,89,111,125,127,128,124,119,117,117,117,111,81,80,90,85
"05-05-2013",94,92,88,82,109,106,83,112,113,111,115,119,121,123,119,110,111,109,104,95,73,94,90,81
"06-05-2013",77,89,99,101,108,107,97,98,101,97,96,98,99,100,100,100,99,100,98,95,97,101,93,96
"07-05-2013",98,98,95,95,94,93,94,84,90,97,98,99,100,103,101,98,98,99,98,95,91,78,74,81
"08-05-2013",81,78,68,57,67,63,54,71,67,45,63,67,74,72,85,82,84,85,83,83,89,78,80,85
"09-05-2013",84,87,82,79,77,69,71,57,76,76,77,80,86,89,90,88,90,91,89,90,91,94,93,90
"10-05-2013",93,90,80,76,62,55,53,62,66,63,70,72,77,74,72,72,77,79,76,75,63,59,72,78
"11-05-2013",73,59,64,71,64,58,59,52,66,75,90,93,101,114,122,123,120,119,106,95,91,81,91,85
"12-05-2013",82,80,82,81,73,68,73,74,78,80,86,94,97,100,101,98,97,102,100,91,83,79,76,80
"13-05-2013",82,73,78,78,72,73,70,57,56,77,85,86,86,65,55,73,56,47,51,45,26,31,37,60
"14-05-2013",57,53,46,42,45,42,30,25,39,38,31,41,53,63,67,75,81,83,82,79,67,59,68,65
"15-05-2013",58,60,55,51,49,56,55,25,35,63,73,-9999,-9999,-9999,-9999,-9999,-9999,-9999,-9999,-9999,-9999,-9999,-9999,-9999
"16-05-2013",-9999,-9999,-9999,-9999,-9999,-9999,-9999,-9999,-9999,-9999,-9999,-9999,-9999,-9999,-9999,-9999,-9999,-9999,-9999,-9999,-9999,-9999,-9999,-9999
"17-05-2013",-9999,-9999,-9999,-9999,-9999,-9999,-9999,-9999,-9999,-9999,-9999,-9999,-9999,-9999,-9999,-9999,-9999,-9999,-9999,-9999,-9999,-9999,-9999,-9999
"18-05-2013",-9999,-9999,-9999,-9999,-9999,-9999,-9999,-9999,-9999,-9999,-9999,-9999,-9999,-9999,-9999,-9999,-9999,-9999,-9999,-9999,-9999,-9999,-9999,-9999
"19-05-2013",-9999,-9999,-9999,-9999,-9999,-9999,-9999,-9999,-9999,-9999,-9999,-9999,-9999,-9999,-9999,-9999,-9999,-9999,-9999,-9999,-9999,-9999,-9999,-9999
"20-05-2013",-9999,-9999,-9999,-9999,-9999,-9999,-9999,-9999,-9999,-9999,-9999,-9999,-9999,-9999,-9999,-9999,-9999,-9999,-9999,-9999,-9999,-9999,-9999,-9999
"21-05-2013",-9999,-9999,-9999,-9999,-9999,-9999,-9999,-9999,-9999,-9999,-9999,-9999,-9999,156,160,112,108,107,107,107,86,60,52,35
"22-05-2013",47,50,50,63,100,93,48,25,30,55,91,109,116,109,108,101,101,104,93,73,56,85,62,38
"23-05-2013",79,83,93,95,88,96,95,91,91,105,111,114,112,109,108,107,107,109,100,98,93,91,93,95
"24-05-2013",101,104,105,108,106,103,100,96,106,112,114,115,118,121,123,128,117,111,110,108,104,102,97,88
"25-05-2013",87,88,90,89,85,85,95,93,95,102,108,110,110,111,118,117,118,117,114,111,106,102,99,96
"26-05-2013",100,96,106,103,98,102,99,100,90,104,112,115,117,115,113,113,113,118,117,113,110,100,99,100
"27-05-2013",102,101,101,96,96,95,73,65,88,109,121,125,129,138,143,145,138,136,130,122,107,87,98,103
"28-05-2013",102,101,104,91,92,96,75,55,59,80,105,120,124,130,127,121,120,115,112,111,128,126,127,131
"29-05-2013",129,133,131,129,127,124,119,113,113,110,110,113,117,126,133,126,125,122,113,115,113,100,75,61
"30-05-2013",80,72,75,84,92,96,90,92,89,99,107,110,112,119,125,122,119,113,108,96,79,91,91,88
"31-05-2013",71,71,67,70,69,85,76,67,82,102,107,109,113,113,113,114,114,113,110,104,102,90,97,95
"01-06-2013",93,91,94,93,89,81,78,77,85,91,100,102,106,109,107,107,107,105,103,85,45,43,42,70
"02-06-2013",58,38,56,59,49,52,51,70,81,97,98,114,119,121,122,127,125,117,115,119,111,99,89,86
"03-06-2013",88,90,91,88,80,65,60,78,89,94,106,114,123,133,140,131,123,125,126,124,108,81,101,110
"04-06-2013",110,101,99,94,89,91,88,93,92,90,101,111,122,128,132,129,129,132,129,124,113,95,96,111
"05-06-2013",94,97,95,97,95,92,95,95,78,109,111,116,128,129,126,124,123,118,114,112,98,84,81,76
"06-06-2013",63,42,59,66,71,57,54,78,95,104,118,122,120,119,119,125,130,123,118,114,113,79,64,68
"07-06-2013",70,86,73,75,90,84,65,72,75,83,81,108,107,106,94,107,124,128,126,117,117,117,103,83
"08-06-2013",53,66,94,88,107,92,79,76,97,116,122,124,123,122,120,119,116,110,93,101,96,84,78,108
"09-06-2013",93,97,55,66,52,71,88,98,108,115,118,122,124,123,121,121,123,124,128,124,113,93,86,65
"10-06-2013",68,87,114,118,127,115,110,87,79,85,115,136,142,157,165,159,155,150,142,133,97,94,81,79
"11-06-2013",84,75,79,107,115,120,118,118,122,120,126,125,139,157,139,139,139,138,134,136,133,105,118,119
"12-06-2013",128,118,109,118,120,115,103,108,113,117,122,140,146,138,135,100,93,103,90,73,76,86,73,75
"13-06-2013",71,75,85,78,98,80,74,76,79,101,100,105,106,102,105,102,102,101,105,101,95,89,77,70
"14-06-2013",79,85,89,66,74,87,83,86,92,87,88,88,100,104,105,105,110,111,111,108,99,91,95,90
"15-06-2013",86,83,88,91,86,93,-9999,-9999,-9999,116,122,130,138,139,137,151,122,123,125,136,108,89,81,94
"16-06-2013",105,86,97,113,109,102,87,74,98,105,126,140,144,153,134,141,136,133,130,129,109,58,63,80
"17-06-2013",95,109,94,98,103,96,86,53,101,112,121,122,121,128,122,119,118,116,115,111,111,105,109,111
"18-06-2013",110,109,107,114,110,109,111,110,109,116,121,122,121,117,113,113,114,114,113,114,118,117,116,114
"19-06-2013",111,108,103,101,98,96,93,94,101,110,114,115,113,111,109,107,107,107,115,121,124,119,123,117
"20-06-2013",114,112,106,108,107,107,104,103,106,108,110,112,115,118,120,122,118,116,114,113,112,113,115,121
"21-06-2013",131,116,111,113,113,112,109,108,105,109,111,111,110,109,110,110,111,116,113,110,107,99,95,101
"22-06-2013",109,110,112,111,109,108,108,107,124,110,110,112,111,117,118,118,140,127,118,114,105,98,96,103
"23-06-2013",102,97,102,99,103,102,106,106,108,110,107,106,106,108,109,116,113,116,137,135,107,81,92,99
"24-06-2013",100,98,80,79,85,84,81,77,88,111,128,136,137,142,130,132,141,155,141,128,112,90,100,96
"25-06-2013",89,92,89,86,77,76,85,82,95,96,117,145,168,174,179,172,148,135,123,119,110,113,111,101
"26-06-2013",89,78,77,93,95,87,82,69,70,103,131,130,133,126,121,119,121,113,109,104,108,94,67,66
"27-06-2013",67,76,92,95,92,102,97,93,95,101,108,132,126,113,109,107,106,105,103,102,91,72,69,63
"28-06-2013",69,70,74,71,73,91,91,91,92,98,106,125,146,110,101,100,101,101,104,103,93,67,62,73
"29-06-2013",78,75,78,90,93,95,92,84,96,106,127,142,156,134,149,138,135,130,122,118,119,110,101,112
"30-06-2013",123,118,109,109,103,91,97,96,111,116,121,124,129,130,130,124,122,122,123,124,121,115,96,79
"01-07-2013",91,103,99,92,89,84,77,81,93,103,113,120,123,126,127,127,125,124,118,116,116,112,91,78
"02-07-2013",93,107,104,95,86,97,94,82,98,111,115,-9999,-9999,112,108,106,106,106,107,108,107,90,69,68
"03-07-2013",86,65,81,95,103,103,94,96,103,111,117,116,115,116,116,116,118,120,117,115,111,111,104,77
"04-07-2013",96,103,101,102,107,108,104,103,111,117,117,117,117,116,117,117,116,115,113,110,98,80,88,97
"05-07-2013",101,103,108,109,107,105,90,94,101,108,109,107,107,108,109,109,110,109,110,109,106,97,90,96
"06-07-2013",103,103,97,99,99,98,92,90,90,92,99,106,107,108,111,114,117,117,122,123,120,118,121,120
"07-07-2013",114,116,113,106,105,109,113,113,115,115,117,118,119,120,121,123,126,128,129,131,129,125,123,121
"08-07-2013",122,121,120,121,120,121,125,113,110,114,117,120,121,121,120,121,119,122,122,123,125,118,111,120
"09-07-2013",124,124,126,124,124,124,119,114,114,117,119,118,117,118,119,120,119,121,123,123,121,118,108,111
"10-07-2013",117,120,118,116,118,109,111,106,106,108,111,113,115,108,116,117,117,118,117,113,110,101,100,100
"11-07-2013",99,90,106,107,104,104,94,104,105,111,-9999,107,119,123,125,122,119,117,113,112,99,81,81,87
"12-07-2013",95,86,91,94,101,100,86,71,97,113,123,126,145,130,117,116,113,115,115,116,110,81,69,81
"13-07-2013",107,109,103,103,118,120,125,131,132,130,127,125,125,123,122,121,119,121,121,120,113,92,86,94
"14-07-2013",103,107,115,114,114,115,115,115,114,112,112,115,116,116,117,122,125,127,122,118,113,106,93,102
"15-07-2013",96,112,117,119,118,115,111,108,110,115,115,119,120,122,126,126,122,116,112,108,107,99,100,100
"16-07-2013",91,92,109,117,113,106,82,100,110,114,117,114,113,113,114,113,110,109,109,109,105,103,99,98
"17-07-2013",109,112,112,106,100,99,99,96,100,103,101,99,100,102,102,103,104,105,105,102,101,98,101,101
"18-07-2013",102,102,99,98,101,100,97,92,92,93,94,95,95,95,95,96,97,99,99,100,102,101,104,104
"19-07-2013",104,103,104,104,103,101,98,95,95,97,100,100,101,102,101,103,102,102,101,101,105,104,96,98
"20-07-2013",99,95,100,100,98,89,74,76,101,104,103,104,104,106,105,106,107,108,107,107,105,102,96,97
"21-07-2013",105,102,108,107,110,111,108,106,108,112,113,113,113,114,117,119,120,120,119,119,113,101,112,122
"22-07-2013",129,118,106,104,104,98,93,90,90,90,86,85,87,92,94,95,96,93,92,93,90,88,88,88
"23-07-2013",85,86,89,89,89,88,78,80,81,86,92,94,93,93,94,93,95,96,96,98,94,89,86,94
"24-07-2013",97,103,104,100,97,94,85,86,96,104,107,109,110,111,114,115,115,116,116,114,107,104,96,104
"25-07-2013",106,110,115,113,110,106,97,92,103,119,135,140,133,129,130,124,125,129,130,127,100,74,69,91
"26-07-2013",101,110,117,126,121,117,111,98,106,130,141,140,141,136,132,132,133,132,135,132,126,110,105,115
"27-07-2013",124,125,127,130,132,137,134,138,137,140,143,147,148,142,137,136,139,135,132,129,126,127,125,119
"28-07-2013",130,133,134,131,116,112,121,120,118,119,124,124,119,118,120,125,127,128,127,125,124,118,95,99
"29-07-2013",116,121,123,120,113,104,93,106,107,115,119,121,124,127,130,132,135,137,135,133,124,103,104,113
"30-07-2013",112,117,120,120,113,116,110,100,109,125,129,133,140,142,146,140,136,135,135,134,100,77,75,85
"31-07-2013",82,108,121,127,142,137,137,125,135,142,144,140,140,140,138,136,139,135,138,133,126,124,122,125
"01-08-2013",130,133,131,128,127,122,114,109,105,108,114,118,119,117,117,112,110,107,105,106,109,109,112,113
"02-08-2013",113,109,111,110,109,109,107,105,106,110,112,111,109,109,110,113,116,115,111,110,110,110,104,104
"03-08-2013",109,106,108,111,109,105,101,98,99,102,106,110,112,110,108,104,96,95,97,96,92,95,94,87
"04-08-2013",103,106,109,110,109,108,106,102,107,111,112,115,107,106,109,107,112,115,119,123,118,121,123,128
"05-08-2013",120,105,98,101,100,97,99,102,101,102,101,100,101,101,100,101,102,104,104,105,106,104,104,103
"06-08-2013",103,101,103,105,107,106,102,101,101,101,102,105,107,107,108,114,116,116,117,119,119,119,118,116
"07-08-2013",112,110,109,109,109,109,112,111,113,116,120,122,121,121,120,119,117,118,120,121,122,120,120,121
"08-08-2013",119,117,115,117,115,113,109,109,112,114,113,112,115,117,119,122,125,124,124,123,120,120,122,119
"09-08-2013",121,122,122,120,119,121,118,116,116,119,122,124,124,129,130,128,129,128,127,124,118,117,116,120
"10-08-2013",119,125,124,120,115,114,108,106,112,123,128,140,138,140,134,127,124,122,125,119,93,76,78,96
"11-08-2013",98,93,114,109,120,122,118,116,116,118,118,119,118,120,121,122,122,121,119,120,120,119,119,120
"12-08-2013",118,116,118,117,117,117,116,110,112,117,116,123,126,129,131,129,127,128,127,125,123,123,127,125
"13-08-2013",127,124,123,126,125,125,120,122,123,127,134,142,150,144,138,137,137,136,135,134,131,126,132,134
"14-08-2013",133,130,132,127,127,135,126,131,131,134,139,145,149,149,142,138,133,134,133,129,127,120,123,132
"15-08-2013",132,132,136,136,135,133,133,133,132,134,134,134,133,131,132,134,133,130,126,130,127,123,126,120
"16-08-2013",125,124,122,122,119,115,111,106,105,109,113,115,119,123,123,124,127,130,124,122,121,122,120,117
"17-08-2013",113,111,111,110,117,117,114,118,119,119,118,120,119,119,117,117,117,119,120,121,120,121,121,119
"18-08-2013",117,114,112,113,116,112,110,107,106,106,109,110,111,111,112,115,115,111,109,110,109,108,114,117
"19-08-2013",112,117,120,117,116,115,111,113,113,115,115,115,113,115,118,116,116,115,112,109,108,109,108,106
"20-08-2013",113,114,115,114,115,114,110,103,105,106,111,113,113,114,116,117,116,116,116,115,118,119,121,121
"21-08-2013",116,118,116,117,121,121,119,112,112,114,114,117,118,117,116,115,113,113,114,113,112,114,113,115
"22-08-2013",116,112,110,107,105,106,103,102,104,109,110,111,114,-9999,116,120,121,122,122,122,116,115,120,108
"23-08-2013",128,127,125,123,122,118,114,112,112,115,119,121,117,116,115,117,119,120,122,121,116,116,119,124
"24-08-2013",127,128,125,123,123,125,122,119,111,128,138,141,148,151,142,139,142,142,142,138,110,100,98,99
"25-08-2013",111,127,134,141,128,112,118,109,114,122,135,149,150,148,145,147,150,145,143,134,100,87,106,94
"26-08-2013",85,111,139,109,104,110,108,84,96,94,108,138,160,181,197,185,171,158,143,129,104,101,82,80
"27-08-2013",99,104,107,102,97,100,95,78,61,73,106,143,159,184,182,177,147,148,145,125,88,91,83,102
"28-08-2013",97,90,86,88,87,77,60,66,61,82,105,105,126,145,122,123,130,126,112,108,105,93,81,83
"29-08-2013",82,85,79,80,84,84,80,75,86,99,112,135,139,148,136,126,124,128,129,134,129,105,82,81
"30-08-2013",82,97,99,92,102,99,104,103,102,112,122,128,128,131,125,126,125,122,121,120,119,112,106,115
"31-08-2013",106,115,125,122,120,122,122,124,126,128,125,122,125,123,125,125,122,121,116,110,112,115,118,118
"01-09-2013",117,123,118,120,116,113,106,100,107,111,116,119,121,125,128,129,129,128,123,117,113,110,89,100
"02-09-2013",113,114,109,106,111,103,98,84,91,114,122,125,130,133,131,126,126,123,120,118,119,118,103,87
"03-09-2013",72,71,70,67,75,82,69,84,72,83,117,140,163,179,174,147,150,137,138,147,109,87,79,81
"04-09-2013",69,71,112,107,96,76,70,69,71,76,84,90,94,100,103,100,102,101,101,101,102,99,103,106
"05-09-2013",104,101,99,102,101,98,93,85,91,100,103,108,112,116,118,118,116,113,112,102,94,79,64,64
"06-09-2013",111,106,109,112,102,89,83,64,65,79,96,117,134,135,138,139,138,136,140,139,132,90,69,75
"07-09-2013",84,91,58,51,53,55,50,65,116,82,73,54,99,101,117,126,137,128,128,125,109,89,62,82
"08-09-2013",72,92,100,123,105,119,118,108,100,124,128,134,140,146,147,153,155,151,142,135,129,130,130,131
"09-09-2013",135,128,131,130,127,121,108,86,93,104,107,109,115,119,123,121,118,119,110,113,120,122,122,107
"10-09-2013",107,117,111,98,84,102,98,85,85,92,113,135,154,161,177,178,161,137,145,120,91,89,82,69
"11-09-2013",52,67,115,111,87,95,73,57,52,69,111,157,157,168,156,156,142,124,117,88,62,52,60,83
"12-09-2013",79,73,74,82,75,60,69,72,74,85,102,125,123,127,132,128,133,137,127,105,71,65,57,88
"13-09-2013",98,83,78,75,78,72,65,54,81,69,87,95,101,111,105,103,106,97,92,86,87,75,80,84
"14-09-2013",89,83,92,92,78,77,81,80,80,94,109,123,125,126,126,122,122,122,119,117,114,113,102,103
"15-09-2013",105,102,102,101,94,90,91,90,89,98,117,124,126,132,139,140,135,135,130,124,123,131,119,109
"16-09-2013",90,105,106,100,97,96,83,71,76,90,103,118,116,118,117,112,102,99,91,100,98,97,87,95
"17-09-2013",95,88,82,81,85,88,80,80,62,83,91,103,109,117,117,114,111,108,104,99,98,90,85,86
"18-09-2013",83,84,88,90,86,87,83,73,73,80,87,89,91,88,88,90,90,90,85,77,76,77,70,72
"19-09-2013",76,80,80,80,80,66,49,41,43,66,65,93,102,123,118,115,110,115,115,103,91,85,78,76
"20-09-2013",79,75,75,74,68,59,66,57,39,52,86,95,104,108,111,112,103,99,97,96,97,101,87,78
"21-09-2013",87,92,90,79,70,89,83,78,81,90,98,103,104,108,115,118,121,123,123,122,121,116,97,90
"22-09-2013",100,98,100,98,98,99,99,109,106,106,97,107,110,112,112,111,108,104,97,94,96,97,102,101
"23-09-2013",99,97,96,96,93,86,77,55,68,72,85,92,94,98,99,100,101,100,98,88,81,81,73,79
"24-09-2013",73,79,64,68,88,79,74,69,78,86,97,113,124,130,141,144,135,140,137,116,113,102,108,102
"25-09-2013",93,90,91,87,89,82,72,66,66,70,84,115,109,127,125,123,124,123,114,93,64,66,81,71
"26-09-2013",66,68,80,79,59,48,55,42,37,55,92,96,114,115,118,122,128,126,121,108,104,98,89,90
"27-09-2013",90,87,81,91,87,84,81,72,56,79,87,106,125,137,141,130,128,122,120,113,75,70,66,73
"28-09-2013",89,73,98,99,90,82,84,75,51,67,87,112,117,130,136,135,141,134,126,97,77,77,71,69
"29-09-2013",67,80,89,102,76,82,96,92,78,92,107,115,133,129,131,130,141,135,107,81,57,74,70,67
"30-09-2013",92,67,82,90,88,83,69,19,55,65,83,101,112,114,119,124,111,100,91,59,68,81,64,62
"01-10-2013",72,84,87,78,64,64,46,24,7,25,43,69,78,86,96,104,97,84,81,79,74,76,73,68
"02-10-2013",63,67,63,53,56,52,49,44,53,60,67,71,74,71,66,65,65,64,60,62,61,59,64,61
"03-10-2013",62,64,68,65,67,62,58,56,56,56,55,58,62,68,73,73,74,72,63,63,66,69,69,73
"04-10-2013",75,77,76,78,76,73,66,61,60,65,69,70,69,74,76,77,74,74,74,72,73,75,72,77
"05-10-2013",79,80,81,80,81,77,74,70,70,74,79,81,84,86,90,91,91,90,84,84,88,88,90,91
"06-10-2013",93,98,96,93,90,77,79,83,84,90,90,91,96,98,102,105,106,104,103,100,99,101,94,85
"07-10-2013",83,83,85,92,91,78,83,50,67,79,-9999,-9999,91,96,99,101,101,99,98,94,85,72,73,84
"08-10-2013",83,82,79,84,82,73,72,54,62,85,85,95,99,107,113,107,99,97,90,78,75,78,91,85
"09-10-2013",84,80,81,86,84,79,80,57,39,56,82,96,105,116,114,119,138,133,98,95,91,95,87,91
"10-10-2013",93,85,94,80,77,70,60,34,46,55,70,69,70,65,65,63,68,72,72,66,63,55,60,64
"11-10-2013",56,65,64,75,69,57,52,46,25,48,63,79,101,97,87,85,83,75,73,79,66,15,19,17
"12-10-2013",12,22,16,12,14,14,15,14,12,11,27,45,56,62,64,56,73,49,22,11,8,6,4,5
"13-10-2013",3,5,5,7,16,17,15,24,35,43,62,64,75,76,71,69,62,64,58,57,37,19,23,50
"14-10-2013",34,53,39,42,41,40,39,46,22,12,49,77,84,91,94,92,87,74,47,43,22,25,32,42
"15-10-2013",40,47,40,37,36,31,30,22,21,24,47,60,71,81,84,85,76,64,41,25,27,25,31,29
"16-10-2013",26,25,17,20,19,17,21,28,5,13,14,24,28,32,28,22,26,20,15,18,32,20,19,23
"17-10-2013",13,8,8,12,27,28,36,37,48,54,54,64,64,60,43,47,63,64,57,53,50,30,31,40
"18-10-2013",43,48,45,41,39,45,42,37,34,47,52,61,66,70,74,73,69,62,49,25,35,39,39,33
"19-10-2013",52,51,65,61,58,69,70,70,66,66,72,74,78,81,82,83,80,82,77,80,62,71,73,78
"20-10-2013",79,83,81,77,71,67,59,69,69,63,81,83,88,89,91,93,90,87,82,53,54,38,44,43
"21-10-2013",44,42,46,53,45,54,44,29,14,21,61,80,86,95,92,84,83,92,62,44,41,27,33,38
"22-10-2013",30,22,24,31,36,33,32,24,11,9,46,67,80,94,97,89,91,83,52,51,58,52,41,32
"23-10-2013",25,33,54,65,62,58,55,57,30,32,73,81,87,92,88,89,92,87,74,63,59,68,78,79
"24-10-2013",70,69,78,82,76,61,55,65,53,62,74,80,83,84,85,85,80,82,79,74,72,82,85,83
"25-10-2013",74,60,64,66,78,62,58,71,47,78,79,79,85,89,91,91,87,83,79,76,78,79,65,70
"26-10-2013",69,71,60,64,64,59,60,53,47,57,87,89,91,94,94,90,90,86,74,74,68,70,76,79
"27-10-2013",84,73,79,84,78,83,73,73,68,58,79,84,91,98,95,91,92,80,55,49,55,42,41,38
"28-10-2013",44,43,55,57,57,49,41,38,37,38,54,65,78,92,89,90,85,68,43,26,29,22,23,23
"29-10-2013",25,38,46,41,42,30,34,31,8,26,50,67,87,98,96,86,48,27,21,20,16,15,22,35
"30-10-2013",26,38,52,48,25,32,25,15,5,9,43,75,85,84,87,88,99,89,56,63,44,58,48,62
"31-10-2013",61,55,57,65,68,65,54,46,31,73,81,87,94,93,91,84,81,78,78,76,73,79,78,80
"01-11-2013",78,85,83,82,78,77,72,70,74,75,79,82,83,82,83,79,73,65,64,52,54,55,51,52
"02-11-2013",57,51,56,58,53,54,46,45,30,57,71,77,88,84,83,78,72,64,41,39,20,26,27,22
"03-11-2013",23,22,20,23,23,24,16,18,15,34,56,68,71,74,73,72,63,32,28,23,20,23,26,32
"04-11-2013",32,23,27,30,39,33,21,16,25,42,48,54,65,70,72,61,47,18,14,12,17,23,26,33
"05-11-2013",27,29,25,22,27,27,39,37,41,51,64,67,65,64,63,61,63,65,68,73,72,79,76,67
"06-11-2013",60,65,67,63,38,53,56,55,57,57,56,55,41,39,36,48,48,40,46,53,51,53,41,22
"07-11-2013",26,36,42,42,43,43,45,44,42,35,49,51,67,71,74,75,64,37,24,21,32,46,69,50
"08-11-2013",45,46,68,65,62,50,50,45,20,29,59,63,66,69,65,63,42,26,18,9,28,28,25,24
"09-11-2013",30,42,47,37,30,27,23,32,23,30,46,50,60,71,72,64,42,27,25,21,17,8,19,17
"10-11-2013",20,22,20,26,28,27,34,31,30,42,52,63,66,71,65,56,37,15,11,15,18,23,18,24
"11-11-2013",18,19,24,19,22,15,16,16,26,37,41,45,38,41,42,38,38,38,25,19,25,32,36,38
"12-11-2013",28,29,33,39,33,35,28,26,38,36,38,39,34,44,50,55,56,46,35,45,60,40,42,53
"13-11-2013",60,57,56,56,66,68,64,59,49,53,57,62,65,66,66,64,66,55,46,57,57,54,55,58
"14-11-2013",56,57,53,33,24,48,60,52,48,49,52,52,58,57,49,52,51,28,16,38,41,41,49,45
"15-11-2013",44,46,48,47,46,44,34,40,37,39,42,46,48,47,44,45,37,39,45,44,41,43,43,42
"16-11-2013",34,37,41,43,50,51,50,50,52,53,53,54,54,53,53,55,56,55,56,57,52,56,50,58
"17-11-2013",52,54,55,54,58,57,59,59,56,57,59,60,61,62,62,60,58,57,55,54,56,55,58,57
"18-11-2013",54,52,56,52,58,55,49,44,34,46,52,54,58,60,57,57,55,44,45,45,55,44,49,44
"19-11-2013",40,42,37,32,32,29,22,18,12,36,48,56,56,65,64,62,56,55,51,41,64,48,53,50
"20-11-2013",72,68,65,65,70,64,59,58,40,52,29,27,31,33,36,33,30,18,23,32,30,33,33,37
"21-11-2013",38,41,39,29,29,33,28,33,25,30,45,61,60,53,58,59,56,57,58,60,43,33,30,37
"22-11-2013",46,41,28,23,18,9,6,14,26,30,34,39,45,48,48,47,31,27,20,15,19,22,35,22
"23-11-2013",22,28,28,27,31,28,36,21,26,46,49,55,59,62,60,60,62,53,28,36,36,31,25,28
"24-11-2013",34,30,26,35,50,67,55,56,63,58,61,60,54,51,52,45,38,44,40,37,24,41,23,21
"25-11-2013",28,20,21,22,29,27,22,20,12,24,27,40,39,48,51,43,22,25,27,10,9,22,28,30
"26-11-2013",33,34,32,30,27,24,11,20,27,20,13,36,61,64,44,27,10,12,15,21,29,32,33,33
"27-11-2013",26,31,17,19,22,36,36,30,21,34,50,60,61,61,58,51,33,26,25,24,39,43,47,31
"28-11-2013",30,32,36,39,40,33,31,24,27,40,46,49,52,54,56,56,46,28,27,24,26,33,35,36
"29-11-2013",36,40,34,41,36,32,30,23,18,29,48,50,48,53,51,31,21,19,26,22,36,52,55,57
"30-11-2013",56,59,61,62,61,61,61,58,58,57,55,55,50,54,49,48,52,64,63,59,61,62,60,71
"01-12-2013",66,54,59,61,56,57,61,57,54,56,53,54,53,53,52,54,56,50,52,49,46,47,55,56
"02-12-2013",55,46,48,50,48,49,49,40,33,24,29,18,18,28,27,27,28,32,34,35,36,30,26,39
"03-12-2013",40,45,46,47,47,51,53,51,51,52,53,55,56,55,58,56,54,52,51,52,51,51,49,44
"04-12-2013",50,50,49,49,49,51,49,46,45,46,46,45,50,50,50,48,48,50,47,50,48,52,33,50
"05-12-2013",49,55,35,51,36,37,31,16,22,22,27,25,-9999,-9999,50,31,17,16,21,26,34,33,41,47
"06-12-2013",37,41,40,41,34,31,33,31,23,19,45,49,50,60,61,59,24,19,46,55,52,31,39,48
"07-12-2013",48,41,39,35,31,26,28,26,38,40,35,51,56,56,58,59,60,61,61,64,65,64,64,63
"08-12-2013",63,64,63,62,59,49,40,42,60,65,66,70,70,70,69,69,56,30,34,32,37,41,45,48
"09-12-2013",41,51,51,44,44,46,40,37,32,33,42,56,62,62,65,64,50,42,44,39,43,45,47,46
"10-12-2013",47,45,51,61,57,57,47,31,29,34,52,62,65,62,60,58,52,47,46,46,52,56,61,64
"11-12-2013",67,69,70,70,71,66,62,60,58,62,63,63,61,67,70,68,69,67,66,63,60,60,46,49
"12-12-2013",44,43,40,44,47,45,37,34,25,33,55,50,52,49,53,51,47,50,50,51,50,51,47,41
"13-12-2013",44,40,38,34,27,25,16,10,20,21,27,34,32,30,28,28,28,21,21,10,16,20,33,25
"14-12-2013",29,35,44,36,41,39,22,14,12,10,22,53,62,65,64,61,32,32,22,26,33,24,23,23
"15-12-2013",29,34,31,31,17,15,14,25,14,12,26,38,50,44,56,51,57,32,26,18,27,31,29,37
"16-12-2013",44,53,58,48,56,60,60,56,50,59,59,50,53,53,54,48,43,40,40,49,58,58,64,66
"17-12-2013",68,65,63,62,63,65,62,59,52,52,52,54,49,51,56,58,59,60,64,63,54,52,54,48
"18-12-2013",49,54,52,60,60,55,57,54,48,51,53,56,53,51,52,49,43,47,53,53,45,49,48,55
"19-12-2013",49,49,50,57,57,55,45,39,32,40,38,53,59,57,57,53,48,34,18,19,16,21,26,31
"20-12-2013",33,41,32,38,36,28,24,27,40,53,58,68,64,63,61,62,63,60,39,14,13,36,34,31
"21-12-2013",32,20,26,22,22,27,28,22,19,19,30,54,56,58,63,57,20,15,19,13,12,13,17,24
"22-12-2013",33,51,53,45,38,48,50,43,43,31,31,64,72,74,71,52,32,23,23,26,26,31,35,34
"23-12-2013",36,38,44,47,49,46,50,35,19,36,34,48,60,67,70,72,70,33,18,21,27,21,16,19
"24-12-2013",21,27,32,66,58,70,69,72,59,62,67,58,62,61,55,24,46,65,67,62,72,58,29,52
"25-12-2013",52,55,51,48,49,39,39,58,59,55,57,60,60,59,55,61,59,52,55,64,64,55,57,57
"26-12-2013",45,24,28,38,55,54,51,30,27,39,54,63,62,66,70,71,73,73,66,70,76,73,70,77
"27-12-2013",73,76,78,72,68,65,65,65,73,67,63,46,63,58,60,61,50,48,31,41,37,23,44,49
"28-12-2013",63,64,66,65,68,66,63,69,70,73,75,72,73,77,81,81,75,79,60,41,39,51,51,65
"29-12-2013",67,57,62,60,39,46,70,58,59,57,49,63,72,74,74,68,66,69,37,48,52,34,44,60
"30-12-2013",41,59,57,39,54,46,71,56,45,32,54,65,68,64,67,63,61,47,60,42,64,71,67,65
"31-12-2013",63,63,69,66,62,62,58,57,49,53,53,53,53,54,51,52,47,46,46,45,45,41,44,46
