"01-01-2010",53,60,53,46,44,38,44,42,42,44,22,18,15,11,10,9,10,11,14,19,28,26,25,42
"02-01-2010",41,26,15,15,13,17,15,18,12,17,15,18,15,11,9,10,12,17,25,23,23,32,24,16
"03-01-2010",19,18,13,15,28,23,25,18,10,16,15,12,9,10,11,11,12,11,16,28,40,30,41,24
"04-01-2010",10,14,18,9,8,11,18,21,29,18,15,14,12,10,11,15,16,22,19,13,19,42,25,24
"05-01-2010",24,18,21,40,28,28,36,50,70,72,56,48,57,67,37,22,25,32,36,36,30,27,19,14
"06-01-2010",11,10,8,7,8,11,10,10,10,11,10,10,8,10,10,11,14,16,19,23,31,25,20,15
"07-01-2010",16,10,12,15,14,21,39,55,58,34,25,22,24,26,27,27,33,65,72,69,59,48,59,39
"08-01-2010",35,48,41,37,40,48,62,67,77,77,76,23,20,30,31,26,21,34,33,35,28,33,35,30
"09-01-2010",27,14,10,11,12,36,57,60,32,34,28,34,27,26,22,20,25,74,66,49,46,53,42,31
"10-01-2010",25,22,20,27,17,17,27,35,33,25,21,15,11,12,16,16,17,17,19,30,24,28,23,27
"11-01-2010",30,17,15,13,15,22,59,81,62,54,40,30,28,25,35,42,47,65,76,68,71,78,76,74
"12-01-2010",69,36,29,49,48,51,70,75,78,80,74,79,62,65,62,38,53,81,77,65,63,53,53,53
"13-01-2010",50,46,47,38,37,45,67,78,71,67,49,24,18,23,25,26,38,41,50,45,45,41,29,32
"14-01-2010",29,23,17,15,16,19,35,45,43,32,25,24,30,22,30,33,37,37,35,34,26,26,21,17
"15-01-2010",22,14,12,10,16,15,30,49,46,37,29,17,17,16,24,18,15,24,33,27,22,26,14,13
"16-01-2010",13,9,10,11,10,13,17,19,21,20,18,12,12,12,13,12,11,9,10,8,8,9,7,7
"17-01-2010",7,7,6,6,6,6,8,8,8,10,9,10,11,9,10,9,14,17,20,13,17,22,27,39
"18-01-2010",29,27,18,33,25,40,43,49,50,52,62,28,28,21,20,25,23,25,19,21,19,18,20,17
"19-01-2010",21,29,35,34,36,46,62,64,65,56,31,22,28,28,25,24,25,24,19,17,17,16,14,18
"20-01-2010",14,31,14,14,22,41,58,66,65,52,46,41,30,15,15,19,19,40,38,39,57,59,56,56
"21-01-2010",50,47,43,42,44,48,56,64,74,83,36,37,40,39,32,31,35,31,34,39,37,22,16,14
"22-01-2010",9,7,8,9,11,18,33,31,36,32,27,22,18,23,24,20,23,26,18,14,14,14,14,12
"23-01-2010",9,9,8,9,12,16,21,25,18,20,13,13,12,10,10,12,14,14,13,12,12,15,13,15
"24-01-2010",11,9,8,7,8,9,11,13,13,16,14,19,19,17,16,14,18,23,23,22,19,19,20,15
"25-01-2010",17,11,11,11,14,23,57,64,64,45,32,30,30,19,17,17,15,18,17,16,11,11,14,13
"26-01-2010",12,9,9,8,10,14,22,35,35,28,31,17,23,29,30,24,30,29,33,26,23,22,15,13
"27-01-2010",12,11,10,9,13,31,48,46,45,57,55,52,46,38,47,40,50,32,32,28,21,16,15,20
"28-01-2010",14,31,33,20,12,16,32,48,39,48,42,54,65,82,88,68,87,96,92,88,82,75,71,67
"29-01-2010",62,56,62,60,56,56,57,64,70,91,73,61,57,42,32,35,47,59,85,81,77,76,75,68
"30-01-2010",67,53,52,65,57,51,52,52,65,64,52,35,25,20,18,19,21,58,90,89,86,80,80,72
"31-01-2010",54,50,29,14,15,28,47,37,41,43,17,17,16,17,19,15,21,22,33,30,34,34,28,57
"01-02-2010",53,60,49,18,19,28,60,80,68,44,42,29,28,26,30,31,38,51,64,92,90,72,87,80
"02-02-2010",66,60,54,52,44,41,30,39,38,30,27,22,19,19,20,17,15,18,11,12,19,12,12,19
"03-02-2010",7,6,7,7,10,16,38,55,60,51,34,19,15,18,14,15,17,26,68,62,82,75,75,71
"04-02-2010",68,62,59,64,39,64,83,95,117,80,69,34,34,27,22,17,19,22,46,88,97,94,88,79
"05-02-2010",73,67,66,65,51,57,80,99,90,39,31,19,16,15,19,15,13,20,21,41,52,54,39,46
"06-02-2010",31,28,29,56,57,42,44,49,56,70,57,59,59,30,31,35,22,22,26,26,27,24,20,36
"07-02-2010",22,39,41,41,37,19,23,51,59,54,47,54,28,25,25,23,28,36,60,74,74,75,78,74
"08-02-2010",66,58,52,47,41,28,31,41,52,57,23,29,26,22,16,22,35,41,24,19,25,33,40,19
"09-02-2010",14,12,17,25,32,43,68,79,67,52,42,31,38,55,48,33,32,43,61,59,67,51,27,18
"10-02-2010",25,29,18,23,15,37,40,60,37,51,52,45,33,31,34,29,23,24,20,19,20,19,14,18
"11-02-2010",39,43,43,44,51,45,72,90,86,52,37,25,21,22,18,30,29,37,44,62,85,87,71,57
"12-02-2010",62,58,36,45,63,65,71,84,92,102,56,23,25,28,27,23,25,21,23,35,31,28,37,38
"13-02-2010",28,34,29,26,26,54,77,50,45,37,16,16,13,18,16,17,17,19,28,33,44,54,43,24
"14-02-2010",39,58,60,51,49,58,58,52,41,41,43,23,21,25,27,21,22,24,34,59,44,40,38,17
"15-02-2010",27,26,17,15,18,22,16,15,18,16,18,11,11,10,9,10,9,18,26,31,37,48,64,65
"16-02-2010",67,59,54,46,49,51,51,64,66,67,32,28,49,33,33,32,30,64,74,87,86,74,57,49
"17-02-2010",39,19,30,33,57,64,72,84,81,61,50,65,25,19,20,29,26,36,68,67,63,69,75,72
"18-02-2010",29,14,27,41,31,47,69,67,73,60,67,31,29,27,30,26,37,57,87,82,83,84,75,26
"19-02-2010",25,32,26,24,47,48,62,65,65,71,103,86,73,40,42,45,48,31,53,67,62,54,52,34
"20-02-2010",29,39,36,41,32,36,63,61,56,52,41,45,54,49,42,41,45,29,20,29,28,23,18,21
"21-02-2010",25,26,24,16,14,11,11,14,10,9,8,7,7,7,7,8,11,11,16,13,15,19,24,27
"22-02-2010",38,41,26,27,35,57,69,80,81,74,42,42,47,35,23,29,31,31,40,47,68,71,80,76
"23-02-2010",72,62,56,54,50,59,70,71,80,72,73,68,69,54,49,23,24,30,44,61,74,85,80,63
"24-02-2010",66,56,47,36,40,40,41,46,69,56,59,47,71,47,28,24,27,41,59,81,57,28,31,20
"25-02-2010",19,10,12,23,31,29,61,80,50,37,26,15,15,14,19,23,16,19,40,49,35,53,65,62
"26-02-2010",58,57,42,31,12,43,58,68,67,41,39,29,21,22,26,28,29,34,45,61,80,70,86,78
"27-02-2010",71,63,69,74,68,68,71,70,74,78,49,28,16,13,16,12,16,20,22,18,10,10,8,7
"28-02-2010",6,5,5,5,5,5,7,18,12,11,10,8,8,7,8,10,12,17,22,31,57,75,57,55
"01-03-2010",68,70,65,67,71,73,80,77,75,82,83,84,77,67,59,58,56,75,89,89,103,96,88,67
"02-03-2010",60,62,60,61,60,58,56,70,78,74,86,78,40,26,27,27,32,36,45,56,62,79,47,17
"03-03-2010",32,11,12,8,7,13,46,63,40,23,20,14,13,16,16,11,20,21,22,48,58,76,77,61
"04-03-2010",55,64,51,51,53,54,70,77,56,49,41,26,27,20,21,21,24,30,71,96,91,85,53,33
"05-03-2010",30,25,25,37,46,60,67,76,35,30,20,18,17,17,16,18,18,25,21,24,23,21,21,14
"06-03-2010",18,27,25,19,20,41,60,57,62,45,39,15,17,15,17,17,14,13,14,14,19,33,15,11
"07-03-2010",9,9,10,9,6,11,12,21,14,11,10,10,12,11,12,10,14,14,18,16,15,14,9,11
"08-03-2010",12,8,7,6,7,14,16,26,25,30,24,26,19,13,14,14,11,9,8,8,9,9,10,8
"09-03-2010",7,7,7,19,19,34,24,33,33,22,18,17,17,21,17,13,27,16,12,11,8,10,11,14
"10-03-2010",7,5,5,6,16,17,31,36,34,27,25,21,16,22,25,17,20,19,18,22,35,20,17,16
"11-03-2010",12,8,8,13,15,9,23,32,25,21,22,34,34,46,31,22,30,36,41,50,69,71,33,26
"12-03-2010",31,27,33,60,63,64,65,70,78,81,46,26,19,21,20,18,19,25,30,39,41,66,63,55
"13-03-2010",48,54,38,58,61,57,64,60,45,47,44,47,33,36,31,39,14,12,32,40,40,47,36,25
"14-03-2010",21,12,10,9,8,6,8,8,13,11,11,11,9,10,11,11,11,12,11,13,15,11,11,9
"15-03-2010",10,7,7,11,22,30,48,43,46,39,38,31,25,22,17,13,16,19,25,27,38,67,68,57
"16-03-2010",53,50,51,60,57,63,74,85,63,38,15,12,13,20,26,16,19,16,34,-9999,54,84,77,70
"17-03-2010",70,70,63,58,54,57,69,76,82,60,22,18,17,16,16,14,13,15,20,21,16,12,13,16
"18-03-2010",10,11,9,23,20,25,47,63,40,26,20,18,13,13,19,22,24,25,44,62,59,67,91,80
"19-03-2010",73,69,62,56,54,49,61,74,86,29,16,15,14,12,11,10,14,24,34,57,78,75,74,59
"20-03-2010",48,46,50,47,45,50,60,69,73,61,77,47,27,23,19,24,26,30,45,48,68,82,97,92
"21-03-2010",82,64,65,62,60,55,52,58,49,36,44,30,23,18,20,18,23,26,37,57,71,92,77,57
"22-03-2010",50,75,59,51,57,63,64,75,87,94,110,152,102,64,49,42,47,72,79,97,92,81,83,88
"23-03-2010",83,82,72,63,56,56,58,53,35,25,20,16,15,13,13,11,10,10,17,23,20,24,20,27
"24-03-2010",27,38,21,21,36,52,71,82,83,53,40,27,24,31,44,31,34,36,36,43,44,45,36,30
"25-03-2010",57,33,12,9,7,10,19,25,11,11,12,11,6,8,7,6,5,7,8,9,9,10,15,15
"26-03-2010",18,18,18,24,16,35,69,65,47,22,13,15,13,12,11,8,7,7,14,16,20,15,23,18
"27-03-2010",27,25,25,23,34,52,76,69,37,26,35,41,60,27,31,34,31,28,37,49,57,46,45,49
"28-03-2010",50,39,35,34,43,16,15,18,13,11,10,9,8,9,10,9,9,11,17,23,32,28,20,12
"29-03-2010",13,18,18,22,21,44,78,-9999,72,42,34,19,14,13,12,8,12,13,14,23,36,33,30,75
"30-03-2010",82,73,52,52,53,56,62,72,76,77,80,60,33,23,27,27,27,26,21,31,40,53,50,68
"31-03-2010",35,11,12,13,21,26,33,77,56,25,17,16,15,16,16,14,18,26,35,44,69,69,75,58
"01-04-2010",23,25,46,55,26,40,82,93,90,66,58,58,50,39,23,25,24,28,40,47,68,78,89,91
"02-04-2010",82,75,65,58,43,45,68,67,66,65,46,54,46,56,50,28,12,10,18,35,57,34,37,56
"03-04-2010",65,63,59,53,53,55,52,55,59,47,37,35,26,20,14,11,8,7,7,9,21,30,41,59
"04-04-2010",56,55,50,43,39,34,13,12,11,10,6,6,5,5,5,4,5,5,5,7,19,24,22,20
"05-04-2010",25,20,20,32,23,21,26,39,30,16,14,22,21,18,15,10,13,12,22,26,35,41,48,44
"06-04-2010",25,21,15,10,25,57,81,89,69,20,16,19,15,14,15,17,14,12,21,18,24,9,17,26
"07-04-2010",23,13,18,24,26,38,62,58,34,25,17,18,13,13,15,16,12,12,11,16,23,40,67,66
"08-04-2010",51,53,55,56,57,65,73,72,43,18,13,12,14,10,9,8,8,8,10,19,41,58,37,29
"09-04-2010",53,66,55,37,31,39,46,46,30,17,13,9,8,9,7,6,6,7,8,11,25,25,21,14
"10-04-2010",13,12,12,14,14,21,30,46,21,15,11,11,11,13,9,7,6,7,9,9,14,20,18,18
"11-04-2010",16,14,15,8,8,9,14,16,12,9,10,9,7,6,7,6,7,8,7,9,17,23,20,22
"12-04-2010",21,13,12,13,18,30,35,47,32,22,18,15,13,10,10,8,8,8,12,24,30,49,50,59
"13-04-2010",56,33,28,29,23,32,49,77,49,24,16,15,41,27,27,26,21,17,31,38,35,55,61,78
"14-04-2010",72,63,52,64,63,54,66,73,73,50,61,36,24,19,18,16,18,23,26,36,44,48,43,55
"15-04-2010",58,48,51,55,59,63,85,96,91,75,68,38,25,23,23,20,27,29,34,34,39,36,51,56
"16-04-2010",64,54,29,26,44,63,91,94,122,103,111,92,63,46,31,17,22,27,39,39,40,48,52,35
"17-04-2010",26,24,25,35,47,48,67,62,69,53,22,14,14,15,15,12,9,9,9,13,18,20,16,9
"18-04-2010",7,12,9,10,10,7,8,9,8,8,7,8,7,7,7,6,5,6,6,6,8,8,7,7
"19-04-2010",6,9,9,10,13,31,45,40,46,57,50,52,39,22,21,20,14,14,14,18,20,24,14,15
"20-04-2010",17,20,24,32,23,26,38,42,30,28,21,17,16,16,19,15,16,17,17,17,18,21,20,20
"21-04-2010",17,15,22,19,16,23,38,25,24,21,19,16,15,17,18,13,12,12,14,18,30,49,59,61
"22-04-2010",57,52,50,55,47,48,51,57,55,56,67,41,33,23,18,22,25,23,18,36,49,61,78,93
"23-04-2010",80,69,64,55,47,50,75,67,87,96,102,44,28,-9999,-9999,-9999,7,7,8,17,27,33,34,36
"24-04-2010",28,27,21,32,45,46,68,63,68,55,29,28,16,18,21,18,12,7,12,11,16,22,36,58
"25-04-2010",65,57,45,28,18,6,24,19,12,7,5,3,3,2,3,4,3,5,4,6,15,14,13,10
"26-04-2010",6,4,4,4,5,25,41,44,56,36,20,12,18,12,11,10,7,8,6,10,11,6,5,4
"27-04-2010",3,2,2,3,4,7,20,28,22,15,13,12,12,10,9,9,9,8,7,9,12,10,11,8
"28-04-2010",6,5,4,4,6,21,44,-9999,25,19,21,10,9,9,8,6,4,3,5,7,13,25,18,26
"29-04-2010",15,11,13,11,10,12,25,21,18,13,12,9,9,8,9,8,6,6,8,11,22,26,26,13
"30-04-2010",8,9,5,6,5,14,34,46,16,13,10,12,8,9,7,7,6,7,9,10,14,21,20,9
"01-05-2010",5,11,14,25,26,26,47,48,22,6,2,3,2,2,2,7,4,3,10,14,14,25,23,18
"02-05-2010",43,53,44,51,40,29,30,29,17,8,9,14,20,18,11,10,12,15,15,24,27,38,37,59
"03-05-2010",73,58,35,38,36,47,68,71,84,91,91,54,51,25,19,22,25,26,29,33,49,35,62,83
"04-05-2010",72,67,51,42,46,56,62,67,87,62,34,19,14,42,43,38,28,28,24,32,42,96,97,80
"05-05-2010",77,72,49,32,38,37,61,73,49,51,83,46,55,40,35,32,33,32,34,32,40,26,37,49
"06-05-2010",48,38,14,20,46,47,73,80,33,14,15,9,8,23,15,32,29,31,36,33,42,57,43,47
"07-05-2010",41,37,43,37,55,77,85,85,74,43,30,13,16,10,13,11,8,11,14,20,30,38,55,76
"08-05-2010",72,62,59,46,41,57,57,63,60,46,24,10,8,6,6,5,5,5,5,9,15,19,34,41
"09-05-2010",37,38,22,32,27,24,44,47,38,26,11,5,4,3,3,3,3,5,12,17,25,23,24,25
"10-05-2010",24,27,66,63,51,54,70,69,59,40,12,6,11,19,21,23,18,23,25,28,29,32,32,62
"11-05-2010",79,61,38,48,39,43,70,72,75,60,46,16,19,37,38,33,27,34,36,40,39,59,68,76
"12-05-2010",82,75,48,34,34,53,69,77,72,49,40,126,43,31,35,34,33,33,33,33,33,53,54,69
"13-05-2010",64,71,56,56,51,50,51,33,48,34,55,18,20,25,16,12,11,9,16,17,23,35,49,54
"14-05-2010",55,50,31,27,57,51,59,60,84,88,74,51,28,22,15,17,19,26,34,40,34,35,25,24
"15-05-2010",34,32,23,21,23,15,22,28,23,34,37,27,26,23,23,16,9,8,11,18,13,12,8,8
"16-05-2010",8,10,7,6,4,5,6,8,7,6,5,6,5,6,5,5,4,3,4,4,6,7,8,7
"17-05-2010",8,6,6,8,11,21,22,31,24,18,14,10,12,7,7,9,8,9,11,12,9,8,12,11
"18-05-2010",9,8,8,8,8,21,35,32,17,15,11,15,13,13,11,9,8,7,9,14,13,32,40,35
"19-05-2010",32,42,36,27,28,29,56,36,37,23,17,20,16,17,14,9,9,7,7,9,15,25,21,28
"20-05-2010",57,43,27,20,23,41,51,55,48,26,13,16,9,9,8,7,6,6,7,15,21,19,16,25
"21-05-2010",15,19,16,15,15,13,37,41,41,21,31,36,30,19,16,13,16,10,5,6,8,18,11,6
"22-05-2010",6,4,3,8,4,7,14,14,10,7,10,11,12,9,5,5,5,4,6,7,12,23,25,33
"23-05-2010",48,48,43,40,32,29,29,26,34,32,21,24,19,12,9,16,15,14,8,14,44,50,32,38
"24-05-2010",36,34,34,35,31,30,32,45,41,40,22,17,21,13,11,10,9,15,13,16,23,41,28,45
"25-05-2010",56,47,46,27,32,34,44,50,44,20,14,10,9,11,8,7,6,9,19,18,30,32,21,30
"26-05-2010",46,48,38,31,29,39,45,36,68,67,24,9,11,23,23,20,23,23,25,28,39,51,55,73
"27-05-2010",62,57,55,49,27,32,49,64,68,59,63,40,57,38,26,24,22,25,40,30,32,44,75,64
"28-05-2010",67,57,65,60,51,54,65,67,73,77,123,75,29,31,26,26,20,18,36,31,34,40,30,36
"29-05-2010",53,64,51,45,50,52,59,61,54,31,23,11,19,6,5,19,19,20,22,26,28,28,36,56
"30-05-2010",63,63,60,47,42,37,35,30,17,11,21,44,21,18,18,15,17,26,39,23,25,57,80,77
"31-05-2010",83,73,69,57,55,50,76,89,88,59,33,37,49,22,15,11,12,11,12,15,19,19,22,14
"01-06-2010",39,47,48,62,59,56,50,56,51,32,18,19,23,18,20,22,19,23,31,30,9,15,15,9
"02-06-2010",4,3,7,9,12,30,29,19,21,-9999,9,6,26,18,12,11,8,8,8,11,14,11,11,8
"03-06-2010",10,8,9,10,27,37,34,32,26,15,10,8,19,24,14,16,15,13,15,16,16,19,21,30
"04-06-2010",32,41,51,52,38,40,45,56,47,43,32,14,15,14,12,12,14,17,19,25,26,32,30,23
"05-06-2010",13,28,43,44,33,31,27,30,42,38,34,29,24,21,13,8,14,31,25,24,14,18,23,26
"06-06-2010",19,15,9,18,22,25,30,11,12,6,6,4,4,5,4,5,5,5,4,5,9,15,17,17
"07-06-2010",11,27,37,16,15,28,46,49,38,18,10,9,8,7,9,13,11,9,9,19,28,31,24,29
"08-06-2010",50,58,47,38,33,42,51,62,68,83,49,12,43,25,20,10,7,15,18,17,32,49,58,58
"09-06-2010",43,42,36,34,51,63,49,56,53,43,32,9,9,11,41,32,31,23,19,34,43,23,36,44
"10-06-2010",46,46,42,35,36,44,58,46,23,13,12,13,12,11,10,7,6,7,2,9,11,13,11,7
"11-06-2010",4,6,7,7,11,28,50,28,52,15,13,15,10,13,8,5,7,9,7,8,10,19,20,14
"12-06-2010",7,12,10,8,13,15,42,20,11,6,5,6,3,3,3,3,2,3,3,3,9,22,26,32
"13-06-2010",48,33,44,36,30,27,27,23,23,32,24,28,21,10,12,11,14,14,12,18,33,36,58,72
"14-06-2010",65,65,49,38,41,48,59,70,58,81,28,105,72,30,24,22,20,30,22,40,45,49,52,74
"15-06-2010",78,69,48,56,41,44,56,68,65,61,43,106,50,37,24,17,12,32,50,47,59,66,56,80
"16-06-2010",78,81,72,62,42,42,46,58,57,65,53,70,55,29,18,18,26,28,27,30,29,33,55,57
"17-06-2010",65,63,54,55,52,50,48,41,59,74,122,64,26,17,13,10,5,4,4,4,10,17,18,24
"18-06-2010",12,8,5,6,5,7,12,26,24,12,11,9,6,7,6,6,6,9,6,8,12,14,12,8
"19-06-2010",3,4,13,23,34,24,40,11,10,7,6,10,19,16,13,15,14,13,20,29,19,22,18,19
"20-06-2010",22,27,19,11,10,11,18,27,21,18,9,6,5,7,8,7,8,6,9,8,14,15,16,14
"21-06-2010",19,10,8,13,11,27,36,41,32,24,13,8,7,7,7,6,7,8,9,5,8,14,5,4
"22-06-2010",5,5,3,5,5,6,15,10,7,7,5,5,4,3,2,3,1,1,1,1,1,1,-9999,-9999
"23-06-2010",-9999,-9999,-9999,-9999,-9999,-9999,-9999,-9999,-9999,-9999,-9999,-9999,-9999,-9999,-9999,-9999,-9999,-9999,-9999,-9999,-9999,-9999,-9999,-9999
"24-06-2010",-9999,-9999,-9999,-9999,-9999,-9999,-9999,-9999,-9999,-9999,-9999,-9999,-9999,-9999,-9999,-9999,-9999,-9999,-9999,-9999,-9999,-9999,-9999,-9999
"25-06-2010",-9999,-9999,-9999,-9999,-9999,-9999,-9999,-9999,-9999,-9999,-9999,-9999,-9999,-9999,-9999,-9999,-9999,-9999,-9999,-9999,-9999,-9999,-9999,-9999
"26-06-2010",-9999,-9999,-9999,-9999,-9999,-9999,-9999,-9999,-9999,-9999,-9999,-9999,-9999,-9999,-9999,-9999,-9999,-9999,-9999,-9999,-9999,-9999,-9999,-9999
"27-06-2010",-9999,-9999,-9999,-9999,-9999,-9999,-9999,-9999,-9999,-9999,-9999,-9999,-9999,-9999,-9999,-9999,-9999,-9999,-9999,-9999,-9999,-9999,-9999,-9999
"28-06-2010",-9999,-9999,-9999,-9999,-9999,-9999,-9999,-9999,-9999,-9999,-9999,-9999,-9999,-9999,-9999,-9999,-9999,-9999,-9999,-9999,-9999,-9999,-9999,-9999
"29-06-2010",-9999,-9999,-9999,-9999,-9999,-9999,-9999,-9999,-9999,-9999,-9999,-9999,-9999,-9999,-9999,-9999,-9999,-9999,-9999,-9999,-9999,-9999,-9999,-9999
"30-06-2010",-9999,-9999,-9999,-9999,-9999,-9999,-9999,-9999,-9999,-9999,-9999,-9999,-9999,-9999,-9999,-9999,-9999,-9999,-9999,-9999,-9999,-9999,-9999,-9999
"01-07-2010",-9999,-9999,-9999,-9999,-9999,-9999,-9999,-9999,-9999,-9999,-9999,-9999,-9999,-9999,-9999,-9999,-9999,-9999,-9999,-9999,-9999,-9999,-9999,-9999
"02-07-2010",-9999,-9999,-9999,-9999,-9999,-9999,-9999,-9999,-9999,-9999,-9999,-9999,-9999,-9999,-9999,-9999,-9999,-9999,-9999,-9999,-9999,-9999,-9999,-9999
"03-07-2010",-9999,-9999,-9999,-9999,-9999,-9999,-9999,-9999,-9999,-9999,-9999,-9999,-9999,-9999,-9999,-9999,-9999,-9999,-9999,-9999,-9999,-9999,-9999,-9999
"04-07-2010",-9999,-9999,-9999,-9999,-9999,-9999,-9999,-9999,-9999,-9999,-9999,-9999,-9999,-9999,-9999,-9999,-9999,-9999,-9999,-9999,-9999,-9999,-9999,-9999
"05-07-2010",-9999,-9999,-9999,-9999,-9999,-9999,-9999,-9999,-9999,-9999,-9999,-9999,-9999,-9999,-9999,-9999,-9999,-9999,-9999,-9999,-9999,-9999,-9999,-9999
"06-07-2010",-9999,-9999,-9999,-9999,-9999,-9999,-9999,-9999,-9999,-9999,-9999,-9999,-9999,-9999,-9999,-9999,-9999,-9999,-9999,-9999,-9999,-9999,-9999,-9999
"07-07-2010",-9999,-9999,-9999,-9999,-9999,-9999,-9999,-9999,-9999,-9999,-9999,-9999,-9999,-9999,-9999,-9999,-9999,-9999,-9999,-9999,-9999,-9999,-9999,-9999
"08-07-2010",-9999,-9999,-9999,-9999,-9999,-9999,-9999,-9999,-9999,-9999,-9999,-9999,-9999,-9999,-9999,-9999,-9999,-9999,-9999,-9999,-9999,-9999,-9999,-9999
"09-07-2010",-9999,-9999,-9999,-9999,-9999,-9999,-9999,-9999,-9999,-9999,-9999,-9999,-9999,-9999,-9999,-9999,-9999,-9999,-9999,-9999,-9999,-9999,-9999,-9999
"10-07-2010",-9999,-9999,-9999,-9999,-9999,-9999,-9999,-9999,-9999,-9999,-9999,-9999,-9999,-9999,-9999,-9999,-9999,-9999,-9999,-9999,-9999,-9999,-9999,-9999
"11-07-2010",-9999,-9999,-9999,-9999,-9999,-9999,-9999,-9999,-9999,-9999,-9999,-9999,-9999,-9999,-9999,-9999,-9999,-9999,-9999,-9999,-9999,-9999,-9999,-9999
"12-07-2010",-9999,-9999,-9999,-9999,-9999,-9999,-9999,-9999,-9999,-9999,-9999,-9999,-9999,-9999,-9999,-9999,-9999,-9999,-9999,-9999,-9999,-9999,-9999,-9999
"13-07-2010",-9999,-9999,-9999,-9999,-9999,-9999,-9999,-9999,-9999,-9999,-9999,-9999,12,15,12,10,7,11,12,14,15,15,21,27
"14-07-2010",32,27,21,22,15,18,26,28,31,29,15,6,5,4,6,4,4,4,4,6,17,14,19,24
"15-07-2010",27,26,22,20,23,23,23,27,15,7,5,5,4,5,3,3,4,3,2,3,3,9,6,6
"16-07-2010",7,6,4,3,3,4,11,13,11,8,8,6,6,5,4,4,4,3,3,4,4,5,4,3
"17-07-2010",3,3,3,3,2,4,6,5,5,4,3,3,3,3,2,2,2,2,2,3,4,5,4,5
"18-07-2010",5,5,3,3,3,4,6,5,4,4,2,3,2,3,3,2,2,3,3,3,3,4,6,6
"19-07-2010",5,5,5,5,6,13,15,11,7,6,5,5,6,5,4,4,4,4,4,4,5,6,8,6
"20-07-2010",6,4,2,3,3,5,12,20,8,7,7,5,4,3,5,3,3,4,4,3,5,17,11,6
"21-07-2010",4,3,4,3,16,25,28,30,29,14,6,5,4,4,11,9,9,5,5,16,13,14,20,19
"22-07-2010",29,25,7,6,22,34,34,27,27,6,5,4,5,5,5,5,5,4,3,5,4,6,6,4
"23-07-2010",3,3,3,4,3,4,13,9,7,6,5,6,5,5,5,5,4,4,4,5,5,3,6,6
"24-07-2010",6,8,10,7,20,24,24,28,25,17,9,7,9,9,8,5,5,6,9,9,5,7,7,15
"25-07-2010",14,15,14,14,11,9,12,16,13,12,6,3,3,2,2,2,2,2,2,3,3,8,9,9
"26-07-2010",9,6,3,3,3,3,4,7,11,10,11,12,9,6,6,6,6,6,5,5,12,17,16,16
"27-07-2010",10,12,11,9,8,9,6,10,17,12,12,6,7,5,4,4,7,7,7,7,7,8,5,6
"28-07-2010",8,9,9,10,11,18,23,29,22,12,7,3,3,4,4,3,4,3,4,4,5,7,11,15
"29-07-2010",8,6,7,9,5,8,18,15,7,5,4,3,3,2,3,3,3,3,3,3,5,10,8,5
"30-07-2010",6,9,4,4,5,5,9,9,5,5,5,5,4,3,3,3,3,2,3,3,4,5,4,7
"31-07-2010",6,9,10,10,6,15,21,21,10,9,7,3,3,3,4,4,3,3,2,6,7,6,6,6
"01-08-2010",6,6,10,8,9,11,12,11,12,9,8,6,4,3,3,2,1,2,3,8,10,17,17,13
"02-08-2010",15,15,12,10,14,12,14,22,14,10,6,4,4,3,3,3,3,3,3,3,3,14,10,8
"03-08-2010",15,10,6,6,8,10,21,22,16,7,6,6,5,4,4,4,4,7,6,4,6,14,11,16
"04-08-2010",24,16,16,16,14,18,19,25,28,23,15,6,6,6,5,4,3,3,7,9,9,10,16,16
"05-08-2010",19,8,2,2,5,16,8,9,13,20,8,3,4,6,5,4,3,3,7,15,13,12,9,11
"06-08-2010",12,16,20,17,12,13,16,16,21,17,14,13,7,6,6,7,6,6,8,9,11,9,8,8
"07-08-2010",5,5,8,9,11,15,16,13,13,12,11,9,8,8,7,6,5,6,6,9,11,11,10,10
"08-08-2010",15,15,13,12,12,13,15,15,14,15,2,2,2,1,2,2,1,4,1,2,5,15,15,14
"09-08-2010",17,18,16,13,16,12,25,25,25,15,5,4,4,3,3,5,4,4,4,5,6,8,7,8
"10-08-2010",9,14,10,8,5,8,18,13,8,5,5,4,4,4,4,4,4,4,4,4,6,5,6,4
"11-08-2010",7,13,12,11,10,9,9,7,6,8,4,3,3,3,2,2,2,2,2,3,4,4,5,4
"12-08-2010",7,13,11,11,14,18,23,27,28,18,10,4,3,3,3,3,2,3,3,4,5,9,11,18
"13-08-2010",15,15,13,13,11,15,34,28,29,18,16,3,3,2,3,2,2,3,3,2,5,8,5,8
"14-08-2010",19,11,8,12,8,2,3,4,3,3,2,2,2,3,3,3,2,3,2,2,6,4,8,6
"15-08-2010",5,5,7,7,8,3,4,4,2,2,2,2,2,2,2,2,2,2,2,3,6,5,4,4
"16-08-2010",4,3,2,3,4,5,11,10,8,4,4,4,4,4,4,3,3,3,3,3,6,9,4,4
"17-08-2010",8,8,10,8,14,22,34,35,34,36,36,15,10,12,6,6,7,6,9,9,17,23,16,5
"18-08-2010",4,6,11,13,14,22,26,31,33,24,5,3,3,3,2,2,2,2,2,2,4,10,7,6
"19-08-2010",10,10,15,12,6,9,10,6,7,5,3,3,3,2,2,3,3,2,2,3,7,13,7,6
"20-08-2010",5,5,5,4,5,8,8,8,6,6,5,5,3,3,2,2,2,2,3,3,4,5,5,5
"21-08-2010",3,3,3,2,3,3,4,6,4,4,3,2,2,2,2,2,3,2,3,3,4,3,3,2
"22-08-2010",2,2,2,2,2,2,3,3,3,2,2,2,2,2,2,2,2,2,3,3,3,3,3,4
"23-08-2010",3,3,3,2,3,5,9,7,6,5,5,4,4,4,4,3,3,3,3,3,5,5,4,5
"24-08-2010",3,3,2,3,4,5,9,15,14,6,5,4,4,4,3,4,4,4,4,4,4,11,29,26
"25-08-2010",24,25,21,19,14,17,29,34,28,19,15,7,4,4,4,3,3,3,2,4,4,5,6,10
"26-08-2010",14,6,3,4,6,18,24,14,12,12,5,5,4,3,3,3,3,2,3,4,8,9,6,4
"27-08-2010",3,3,3,3,3,5,17,14,9,6,5,4,2,3,2,3,3,4,4,6,5,5,6,5
"28-08-2010",8,9,19,8,11,15,16,13,11,14,8,2,3,10,7,6,6,8,8,8,13,18,19,12
"29-08-2010",18,16,20,22,23,23,23,22,22,17,15,16,8,7,6,6,5,6,7,10,17,23,31,32
"30-08-2010",30,23,15,11,5,8,7,6,6,5,4,4,3,5,6,4,3,3,3,3,4,4,3,5
"31-08-2010",9,4,4,5,5,7,14,16,13,13,11,9,8,6,5,5,5,6,6,8,8,5,3,4
"01-09-2010",5,6,4,10,11,12,20,12,8,6,5,5,4,5,4,4,2,3,5,6,8,15,25,21
"02-09-2010",27,17,10,16,12,16,18,21,10,6,5,5,5,5,5,4,4,3,4,4,6,8,9,21
"03-09-2010",22,17,9,7,6,12,22,25,12,7,4,4,4,3,3,2,2,2,2,3,9,14,10,9
"04-09-2010",11,9,10,9,6,6,9,10,8,5,3,3,3,5,7,6,5,4,5,6,5,7,6,6
"05-09-2010",5,2,3,4,2,2,2,3,3,3,2,2,3,2,2,2,2,2,3,3,3,5,6,3
"06-09-2010",2,4,6,4,4,8,20,18,11,8,9,7,5,7,6,5,5,5,4,3,4,4,4,5
"07-09-2010",5,7,6,7,6,13,28,19,11,24,9,5,5,4,4,3,3,2,3,4,5,9,13,17
"08-09-2010",12,12,12,15,14,27,20,23,26,9,5,4,4,4,3,4,6,8,7,6,15,31,33,31
"09-09-2010",26,27,25,21,19,19,25,24,23,7,5,4,4,4,4,3,8,8,8,10,14,23,18,10
"10-09-2010",10,15,12,14,20,26,30,34,33,27,14,12,11,7,5,4,4,5,5,3,3,3,3,7
"11-09-2010",13,15,7,2,2,3,5,4,2,3,2,2,2,2,3,3,5,4,4,5,7,12,15,15
"12-09-2010",16,14,14,17,13,9,5,7,8,4,4,3,3,2,3,2,2,3,3,3,3,4,3,3
"13-09-2010",2,3,6,4,6,9,17,17,16,11,17,12,7,4,4,4,3,3,3,3,4,9,11,10
"14-09-2010",13,10,3,3,3,5,23,30,18,11,6,5,5,4,5,5,4,3,4,7,9,9,6,5
"15-09-2010",3,3,3,4,6,16,29,29,28,11,5,5,5,5,5,5,4,4,4,7,8,6,6,11
"16-09-2010",12,10,8,5,8,17,24,30,29,16,6,6,5,4,4,3,3,3,3,9,16,19,28,28
"17-09-2010",27,21,19,15,15,18,22,15,17,23,27,17,11,9,9,7,9,11,15,19,19,31,33,31
"18-09-2010",31,26,23,22,15,16,20,19,19,21,19,26,19,10,8,10,9,7,12,17,24,30,33,33
"19-09-2010",31,26,25,22,20,16,16,14,14,14,16,17,19,17,10,5,6,8,14,16,25,31,26,22
"20-09-2010",28,27,23,18,18,17,12,11,18,24,26,34,18,9,6,5,7,6,5,7,10,6,3,3
"21-09-2010",4,3,2,3,3,4,9,9,6,4,4,3,4,3,3,4,3,3,3,4,7,8,7,5
"22-09-2010",4,4,5,6,6,6,11,9,5,3,5,4,5,4,4,4,4,4,4,4,5,5,3,3
"23-09-2010",3,2,2,2,3,5,9,10,9,6,5,5,4,4,4,5,5,4,4,5,6,7,5,5
"24-09-2010",4,4,3,3,2,6,12,17,10,9,6,4,4,5,4,5,8,4,3,3,4,7,6,6
"25-09-2010",7,9,4,5,6,7,9,11,7,6,5,7,8,5,7,5,4,4,5,7,8,10,11,7
"26-09-2010",5,6,3,2,3,5,9,10,6,6,4,3,3,4,2,3,3,4,5,11,17,18,13,10
"27-09-2010",8,9,7,9,12,11,10,7,11,18,15,9,6,6,7,6,5,8,10,13,20,23,27,29
"28-09-2010",26,24,21,15,16,13,4,11,10,23,30,23,17,15,14,12,14,18,16,16,20,23,25,23
"29-09-2010",17,12,10,8,9,12,15,15,7,13,17,20,11,7,8,7,7,8,11,14,14,12,9,6
"30-09-2010",5,5,5,7,7,14,23,25,22,17,11,9,6,5,9,6,4,4,4,6,15,15,14,8
"01-10-2010",10,10,9,6,3,9,14,27,23,9,5,4,4,7,8,7,10,9,11,8,21,19,16,13
"02-10-2010",11,9,6,6,6,6,11,22,14,9,4,3,3,3,2,3,3,2,3,6,8,9,6,5
"03-10-2010",3,4,4,4,4,4,6,9,9,4,3,2,2,2,2,2,2,2,2,4,8,10,8,7
"04-10-2010",7,6,7,5,9,17,27,29,23,12,6,5,5,5,5,3,3,2,3,3,10,11,4,4
"05-10-2010",3,1,2,2,3,3,5,8,9,9,8,4,4,3,4,4,4,3,4,4,6,17,25,21
"06-10-2010",24,19,17,16,13,19,11,6,8,21,25,26,27,22,20,16,7,7,5,6,9,12,18,4
"07-10-2010",2,2,3,3,3,5,13,18,15,10,7,7,8,10,8,4,3,4,4,5,5,5,5,3
"08-10-2010",3,2,3,2,3,5,6,8,7,5,5,4,4,5,4,5,6,5,5,8,5,5,4,3
"09-10-2010",3,3,3,2,3,4,7,9,10,5,4,3,3,3,4,3,4,4,4,9,17,19,11,16
"10-10-2010",15,8,8,6,4,5,8,9,12,8,5,4,4,4,4,5,4,7,8,9,9,9,9,9
"11-10-2010",9,9,6,11,5,9,16,24,23,19,10,6,5,8,9,9,8,19,17,11,7,6,5,4
"12-10-2010",3,3,2,2,6,22,21,19,10,14,25,21,26,26,15,9,6,5,10,15,14,12,15,12
"13-10-2010",12,7,5,5,6,10,11,13,10,10,11,13,21,24,25,18,11,6,7,6,7,17,14,10
"14-10-2010",8,11,10,6,7,6,9,9,9,8,8,3,3,4,4,4,5,5,3,12,16,14,5,8
"15-10-2010",9,1,9,16,11,11,4,4,-9999,15,17,15,7,8,10,8,11,12,20,15,23,22,12,6
"16-10-2010",9,5,10,10,11,10,11,2,-9999,17,14,12,12,8,7,8,9,8,11,17,23,23,21,20
"17-10-2010",19,17,19,18,16,17,16,13,12,11,14,9,5,4,3,5,5,6,7,9,12,10,4,5
"18-10-2010",8,4,3,5,7,11,16,18,21,19,17,19,12,13,11,7,6,14,17,17,9,9,14,13
"19-10-2010",10,4,5,4,3,8,19,16,21,20,10,7,6,8,7,8,7,9,10,11,11,15,18,16
"20-10-2010",11,3,2,3,7,14,26,19,23,16,15,7,7,6,8,7,8,8,13,12,15,17,22,18
"21-10-2010",18,16,13,13,12,9,7,-9999,1,20,22,16,9,8,8,7,7,11,21,29,26,25,25,15
"22-10-2010",19,11,4,3,3,5,9,12,9,10,7,5,5,6,7,6,4,5,12,9,3,3,4,3
"23-10-2010",4,6,5,3,3,5,14,18,16,6,3,3,3,3,4,4,4,4,5,6,6,5,5,10
"24-10-2010",11,5,4,3,4,6,7,12,13,10,8,5,3,3,3,3,3,6,18,18,20,24,22,19
"25-10-2010",18,15,14,12,14,17,20,9,10,17,17,13,13,11,16,16,13,14,9,12,11,7,8,6
"26-10-2010",-9999,-9999,-9999,-9999,-9999,-9999,-9999,-9999,-9999,-9999,-9999,-9999,-9999,-9999,-9999,-9999,-9999,-9999,-9999,-9999,-9999,-9999,-9999,-9999
"27-10-2010",-9999,-9999,-9999,-9999,-9999,-9999,-9999,-9999,-9999,18,18,23,13,12,11,11,10,8,10,9,8,7,6,4
"28-10-2010",10,12,12,10,9,6,4,6,4,4,2,2,2,2,2,2,2,3,3,3,3,3,2,3
"29-10-2010",2,1,2,2,2,4,7,6,9,7,8,7,7,5,5,4,5,5,11,14,16,19,14,9
"30-10-2010",6,7,4,4,4,9,18,20,16,15,12,2,3,3,4,3,3,3,6,8,6,5,4,4
"31-10-2010",5,7,13,12,10,13,14,13,8,7,4,7,8,7,3,3,3,4,13,19,23,20,18,10
"01-11-2010",6,7,16,13,11,8,8,12,18,13,7,5,5,6,5,5,12,23,27,23,19,12,10,19
"02-11-2010",17,15,6,3,3,4,16,18,11,7,7,10,11,13,21,23,12,16,26,27,21,18,21,13
"03-11-2010",8,11,8,8,11,13,11,7,7,13,11,15,16,20,20,24,18,16,22,26,25,16,14,17
"04-11-2010",19,15,9,11,5,10,9,7,9,8,7,8,9,9,7,7,15,23,26,19,15,11,6,7
"05-11-2010",11,10,13,15,15,19,10,-9999,4,23,34,19,8,7,7,8,8,11,26,23,16,13,9,13
"06-11-2010",14,16,17,16,15,16,17,14,21,31,30,36,28,25,16,14,24,27,35,21,12,11,1,13
"07-11-2010",15,11,12,13,12,11,8,9,13,18,17,26,25,18,14,14,14,16,20,25,24,26,19,21
"08-11-2010",25,17,15,16,15,16,9,10,22,18,9,11,7,6,7,6,6,6,5,7,6,4,4,4
"09-11-2010",3,2,2,2,2,4,12,13,11,7,7,6,5,5,6,5,-9999,-9999,-9999,-9999,-9999,-9999,-9999,-9999
"10-11-2010",-9999,-9999,-9999,-9999,-9999,-9999,-9999,-9999,-9999,-9999,-9999,-9999,-9999,-9999,-9999,-9999,-9999,-9999,-9999,-9999,-9999,-9999,-9999,-9999
"11-11-2010",-9999,-9999,-9999,-9999,-9999,-9999,-9999,-9999,-9999,-9999,-9999,-9999,-9999,-9999,-9999,-9999,-9999,-9999,-9999,-9999,-9999,-9999,-9999,-9999
"12-11-2010",-9999,-9999,-9999,-9999,-9999,-9999,-9999,-9999,-9999,-9999,-9999,-9999,-9999,-9999,-9999,-9999,-9999,-9999,-9999,-9999,-9999,-9999,-9999,-9999
"13-11-2010",-9999,-9999,-9999,-9999,-9999,-9999,-9999,-9999,-9999,-9999,-9999,-9999,-9999,-9999,-9999,-9999,-9999,-9999,-9999,-9999,-9999,-9999,-9999,-9999
"14-11-2010",-9999,-9999,-9999,-9999,-9999,-9999,-9999,-9999,-9999,-9999,-9999,-9999,-9999,-9999,-9999,-9999,-9999,-9999,-9999,-9999,-9999,-9999,-9999,-9999
"15-11-2010",-9999,-9999,-9999,-9999,-9999,-9999,-9999,-9999,-9999,-9999,-9999,-9999,-9999,-9999,-9999,-9999,-9999,-9999,-9999,-9999,-9999,-9999,-9999,-9999
"16-11-2010",-9999,-9999,-9999,-9999,-9999,-9999,-9999,-9999,-9999,-9999,-9999,-9999,-9999,-9999,-9999,-9999,-9999,-9999,-9999,-9999,-9999,-9999,-9999,-9999
"17-11-2010",-9999,-9999,-9999,-9999,-9999,-9999,-9999,-9999,-9999,-9999,-9999,10,6,7,8,9,14,21,16,10,9,-9999,-9999,2
"18-11-2010",5,11,6,4,9,12,10,-9999,5,19,22,14,12,9,9,12,19,26,22,11,5,15,8,12
"19-11-2010",18,17,15,13,12,11,6,1,4,24,13,21,15,10,12,16,16,26,27,26,11,8,9,8
"20-11-2010",9,11,11,9,7,9,10,5,14,22,25,27,19,19,16,21,27,24,19,17,12,-9999,1,3
"21-11-2010",1,2,3,7,7,5,8,7,13,17,10,11,15,14,10,10,14,16,24,12,4,9,6,9
"22-11-2010",7,5,8,10,10,9,-9999,-9999,10,14,14,17,10,10,10,11,10,10,11,7,7,7,5,5
"23-11-2010",3,2,2,3,4,5,9,12,14,8,6,5,5,6,8,10,12,14,15,11,11,9,8,6
"24-11-2010",6,8,7,9,13,18,12,1,8,21,26,14,9,7,7,10,11,14,12,12,11,9,9,17
"25-11-2010",21,11,13,12,15,19,17,-9999,11,14,16,18,16,8,8,16,20,26,26,27,21,12,8,5
"26-11-2010",13,15,18,17,16,21,21,5,17,21,13,6,8,8,8,7,7,10,9,9,7,6,5,4
"27-11-2010",4,3,2,2,2,3,6,11,12,10,6,6,5,5,6,5,6,8,10,10,8,13,21,19
"28-11-2010",19,16,12,11,10,11,9,7,8,7,5,5,6,7,7,7,14,13,19,16,18,14,6,4
"29-11-2010",3,3,3,5,5,5,8,13,14,10,9,8,6,8,9,13,13,17,19,23,11,9,7,8
"30-11-2010",5,6,6,6,6,10,23,26,23,26,27,22,15,23,19,28,35,26,20,16,16,15,18,20
"01-12-2010",11,6,5,3,4,7,16,21,15,17,21,11,8,11,13,14,14,13,20,19,16,10,18,15
"02-12-2010",17,15,13,13,8,11,12,3,19,19,18,15,12,18,23,25,24,20,21,12,22,21,18,17
"03-12-2010",16,17,10,9,11,6,11,19,20,15,12,6,6,7,9,10,11,10,24,22,18,19,18,16
"04-12-2010",15,17,16,7,5,10,11,13,10,8,5,4,4,3,5,5,6,9,8,9,8,5,5,4
"05-12-2010",4,6,3,3,3,5,9,9,7,4,3,4,3,3,3,4,5,9,7,6,3,11,18,19
"06-12-2010",-9999,-9999,-9999,-9999,-9999,-9999,-9999,-9999,-9999,-9999,-9999,-9999,-9999,-9999,-9999,-9999,-9999,-9999,-9999,-9999,-9999,-9999,-9999,-9999
"07-12-2010",-9999,-9999,-9999,-9999,-9999,-9999,-9999,-9999,-9999,-9999,-9999,-9999,-9999,-9999,-9999,-9999,-9999,-9999,-9999,-9999,-9999,-9999,-9999,-9999
"08-12-2010",-9999,-9999,-9999,-9999,-9999,-9999,-9999,-9999,-9999,-9999,-9999,-9999,-9999,-9999,-9999,-9999,-9999,-9999,-9999,-9999,-9999,-9999,-9999,-9999
"09-12-2010",-9999,-9999,-9999,-9999,-9999,-9999,-9999,-9999,-9999,-9999,-9999,-9999,-9999,19,17,23,29,30,24,23,19,14,23,16
"10-12-2010",10,9,6,5,10,15,18,21,21,9,7,7,5,6,6,7,5,4,4,4,3,2,2,2
"11-12-2010",2,2,2,1,1,2,2,3,3,3,3,3,3,3,4,3,3,3,3,2,3,3,3,4
"12-12-2010",3,2,2,2,2,3,4,5,5,4,3,3,3,4,5,5,9,21,15,7,3,-9999,-9999,-9999
"13-12-2010",-9999,-9999,-9999,-9999,-9999,-9999,-9999,-9999,-9999,-9999,-9999,-9999,-9999,22,25,29,21,11,11,9,10,7,5,4
"14-12-2010",4,3,3,3,4,6,10,13,17,9,7,8,8,8,11,14,19,25,20,17,17,16,13,10
"15-12-2010",13,10,6,4,3,6,8,12,12,8,9,10,7,10,8,9,8,7,6,7,8,4,4,4
"16-12-2010",3,3,3,3,3,4,7,12,13,12,13,11,9,9,9,7,8,6,5,5,7,9,19,17
"17-12-2010",17,15,12,10,11,15,9,-9999,-9999,18,17,18,18,18,21,18,23,28,25,22,24,20,11,8
"18-12-2010",7,8,12,18,17,17,10,-9999,6,20,16,12,8,8,9,10,14,13,15,19,20,21,21,11
"19-12-2010",12,8,8,9,15,20,19,21,18,24,22,26,29,34,34,33,29,22,18,10,5,-9999,2,11
"20-12-2010",6,3,6,2,5,9,2,10,9,26,26,13,11,13,12,12,15,18,16,27,23,18,19,20
"21-12-2010",20,19,10,7,9,12,16,7,9,21,-9999,-9999,-9999,-9999,-9999,-9999,-9999,-9999,-9999,-9999,-9999,-9999,-9999,-9999
"22-12-2010",-9999,-9999,-9999,-9999,-9999,-9999,-9999,-9999,-9999,-9999,-9999,-9999,-9999,-9999,-9999,-9999,-9999,-9999,61,49,47,45,43,42
"23-12-2010",-9999,-9999,-9999,-9999,-9999,-9999,-9999,-9999,-9999,-9999,-9999,-9999,-9999,-9999,-9999,-9999,-9999,-9999,-9999,-9999,-9999,-9999,-9999,-9999
"24-12-2010",-9999,-9999,-9999,-9999,-9999,-9999,-9999,-9999,-9999,-9999,-9999,-9999,-9999,-9999,-9999,-9999,-9999,-9999,-9999,-9999,-9999,-9999,-9999,-9999
"25-12-2010",-9999,-9999,-9999,-9999,-9999,-9999,-9999,-9999,-9999,-9999,-9999,-9999,-9999,-9999,-9999,-9999,-9999,-9999,-9999,-9999,-9999,-9999,-9999,-9999
"26-12-2010",-9999,-9999,-9999,-9999,-9999,-9999,-9999,-9999,-9999,-9999,-9999,-9999,-9999,-9999,-9999,-9999,-9999,-9999,-9999,-9999,-9999,-9999,-9999,-9999
"27-12-2010",-9999,-9999,-9999,-9999,-9999,-9999,-9999,-9999,-9999,-9999,-9999,-9999,-9999,-9999,-9999,-9999,-9999,-9999,-9999,-9999,-9999,-9999,-9999,-9999
"28-12-2010",-9999,-9999,-9999,-9999,-9999,-9999,-9999,-9999,-9999,-9999,-9999,-9999,-9999,-9999,-9999,-9999,20,18,15,15,18,16,7,12
"29-12-2010",9,4,4,5,4,5,13,18,25,20,10,15,15,15,15,15,19,18,14,7,9,7,8,7
"30-12-2010",9,5,5,5,9,9,16,17,16,20,14,18,17,15,16,15,22,21,19,16,17,20,14,30
"31-12-2010",20,26,10,13,23,21,38,54,55,52,41,29,13,9,11,10,17,39,58,57,56,50,46,41
"01-01-2011",38,-9999,-9999,-9999,-9999,-9999,-9999,-9999,-9999,-9999,-9999,-9999,-9999,-9999,-9999,-9999,-9999,-9999,-9999,-9999,-9999,-9999,-9999,-9999
