"01-01-2011",55,54,50,49,49,48,46,47,48,52,67,61,51,40,24,25,38,51,44,49,58,58,62,64
"02-01-2011",63,61,56,50,46,46,47,43,47,41,42,62,60,56,72,65,36,39,66,65,60,56,53,47
"03-01-2011",42,43,39,37,37,43,45,46,55,67,65,63,63,63,54,56,60,58,59,56,53,51,40,29
"04-01-2011",38,34,40,37,43,58,67,63,63,65,69,59,55,45,40,34,40,44,57,59,59,56,46,44
"05-01-2011",44,43,43,44,45,45,46,56,66,78,72,36,31,30,28,26,39,53,58,63,63,63,60,59
"06-01-2011",55,52,50,52,49,44,43,43,51,49,36,26,24,23,19,24,28,37,52,68,64,59,58,57
"07-01-2011",54,54,45,40,44,51,52,54,63,78,55,56,64,50,40,46,56,59,67,68,64,62,61,59
"08-01-2011",56,54,53,49,46,48,51,50,55,79,81,37,40,50,52,58,66,69,62,59,66,62,58,50
"09-01-2011",51,46,38,36,35,31,32,32,34,64,77,62,59,37,34,39,35,50,46,59,59,55,53,52
"10-01-2011",48,48,43,41,47,56,58,62,70,75,70,59,46,47,57,76,86,80,73,66,63,63,59,58
"11-01-2011",57,53,52,49,50,51,53,54,59,68,75,66,48,27,40,53,48,53,51,59,64,63,65,62
"12-01-2011",59,55,54,53,52,51,52,61,73,81,72,44,36,41,52,52,60,67,62,55,55,54,50,51
"13-01-2011",46,40,35,30,19,37,50,47,63,69,58,66,42,36,33,36,43,49,36,35,45,48,47,39
"14-01-2011",41,37,37,42,42,38,39,46,64,90,98,84,88,48,49,46,39,57,54,63,60,58,59,57
"15-01-2011",55,50,47,41,39,39,45,51,57,92,110,83,60,35,30,28,41,58,51,53,53,61,62,58
"16-01-2011",57,51,30,13,20,31,21,40,39,23,19,13,13,16,17,18,23,19,23,25,21,20,13,11
"17-01-2011",9,8,8,9,11,16,21,23,24,21,21,19,20,19,19,22,23,27,37,43,44,43,52,36
"18-01-2011",17,38,37,58,54,56,58,65,72,75,50,31,26,26,31,38,40,66,70,69,66,65,62,61
"19-01-2011",53,50,49,44,48,48,52,61,68,-9999,-9999,-9999,-9999,83,70,73,79,95,88,81,73,68,63,65
"20-01-2011",62,53,52,52,49,46,47,52,70,112,132,86,68,25,32,35,52,80,77,70,78,81,75,66
"21-01-2011",63,60,56,52,52,53,55,57,72,110,111,69,46,45,47,44,41,46,62,51,57,60,48,30
"22-01-2011",39,49,50,47,41,48,48,47,63,71,46,31,23,16,16,15,19,26,42,60,42,29,28,48
"23-01-2011",48,26,24,21,35,50,65,60,69,72,35,18,18,17,25,26,28,24,44,50,69,64,59,57
"24-01-2011",60,63,59,56,50,49,50,47,62,86,87,56,44,35,43,67,79,75,71,45,50,55,57,40
"25-01-2011",49,42,46,44,41,44,46,53,67,74,66,44,45,41,29,23,25,24,31,44,40,66,51,36
"26-01-2011",25,34,28,36,45,63,69,75,86,91,39,31,37,29,29,31,52,71,77,76,71,68,65,64
"27-01-2011",64,58,53,54,54,54,59,68,87,113,86,64,43,27,35,37,44,46,54,71,79,79,79,65
"28-01-2011",51,28,18,15,24,25,28,26,35,28,26,27,24,26,27,25,26,24,31,31,29,28,25,21
"29-01-2011",20,20,15,10,10,10,14,16,16,20,19,19,17,18,20,17,17,23,29,38,36,32,26,24
"30-01-2011",17,24,20,13,12,13,18,22,20,17,15,16,14,14,18,17,17,25,37,47,51,55,28,27
"31-01-2011",24,21,14,14,17,33,65,72,79,69,41,29,31,33,35,40,33,40,56,62,70,67,39,25
"01-02-2011",20,17,14,16,17,32,53,69,63,40,36,31,23,21,19,18,16,16,17,19,21,23,22,19
"02-02-2011",17,16,15,15,16,20,28,44,51,52,40,32,26,22,19,19,18,19,20,23,24,22,20,17
"03-02-2011",14,12,11,10,9,10,14,17,20,24,26,25,24,24,26,28,25,22,22,22,21,19,15,13
"04-02-2011",12,11,11,10,9,9,13,15,18,23,25,26,23,21,20,20,17,16,15,14,13,13,13,13
"05-02-2011",12,11,10,9,9,10,11,13,14,14,13,12,11,11,10,10,10,9,11,16,30,54,65,69
"06-02-2011",71,71,71,71,70,69,69,70,73,78,85,88,86,75,61,51,42,38,35,36,49,66,70,73
"07-02-2011",73,71,71,69,69,70,70,71,76,86,95,95,89,90,94,94,77,55,46,61,73,75,74,75
"08-02-2011",75,75,75,74,72,73,73,75,80,87,89,90,86,79,65,46,34,28,29,37,47,55,62,65
"09-02-2011",66,65,66,66,65,66,68,70,75,80,85,91,97,96,91,77,61,51,49,52,62,70,74,76
"10-02-2011",74,73,62,49,39,37,45,56,62,61,51,40,31,24,21,19,19,19,20,21,23,24,25,25
"11-02-2011",23,20,20,23,28,39,55,69,77,81,84,83,69,52,41,37,33,29,29,33,36,43,53,64
"12-02-2011",72,77,78,77,74,71,71,72,75,79,83,53,28,22,17,14,13,14,14,15,18,29,37,39
"13-02-2011",45,52,61,64,64,65,64,64,67,72,77,80,75,61,46,33,26,22,21,20,21,31,48,57
"14-02-2011",62,65,65,63,60,58,63,69,75,82,88,90,91,86,71,54,43,37,32,30,29,29,28,25
"15-02-2011",22,20,19,18,21,25,39,56,66,70,67,53,37,28,24,22,20,18,19,20,20,19,17,15
"16-02-2011",13,11,10,10,10,10,13,16,20,20,19,19,18,17,17,19,22,23,24,25,25,27,28,26
"17-02-2011",26,28,31,32,30,32,42,57,68,75,76,67,49,35,28,23,21,19,18,20,21,21,20,18
"18-02-2011",17,15,14,13,13,15,19,32,56,65,66,57,38,26,19,18,19,18,16,15,14,14,15,16
"19-02-2011",17,20,20,18,17,16,17,19,20,18,18,18,16,13,12,11,11,11,11,11,11,10,10,10
"20-02-2011",10,9,9,9,10,11,14,22,21,19,16,14,13,13,13,13,13,13,15,19,23,22,20,18
"21-02-2011",18,16,15,15,15,17,17,21,28,40,40,35,30,25,21,20,20,19,21,22,21,21,19,17
"22-02-2011",14,12,11,11,19,26,29,48,58,60,56,51,42,33,27,25,24,22,19,22,24,25,25,24
"23-02-2011",21,18,15,13,12,12,14,17,19,21,21,20,19,17,17,16,15,15,15,20,20,18,16,13
"24-02-2011",11,10,9,9,9,10,12,15,19,24,30,28,25,25,25,24,23,23,25,26,27,24,20,16
"25-02-2011",14,12,11,10,10,10,13,17,20,22,21,21,21,21,19,18,18,18,18,18,17,17,16,15
"26-02-2011",13,11,10,9,9,9,10,11,12,12,13,13,14,15,16,15,14,14,15,16,18,17,15,13
"27-02-2011",11,10,9,8,8,8,8,9,10,10,11,11,11,12,13,13,13,12,13,15,16,15,14,11
"28-02-2011",10,11,12,11,11,12,13,17,20,24,29,30,28,25,25,23,22,20,20,20,21,23,22,19
"01-03-2011",16,14,13,12,10,11,14,17,19,22,24,40,40,31,25,22,20,19,18,19,20,20,18,16
"02-03-2011",13,12,10,9,9,9,13,23,24,25,25,26,26,32,39,40,36,31,29,28,27,25,22,20
"03-03-2011",19,15,13,11,10,11,14,16,19,23,24,23,23,22,20,20,19,21,22,23,23,21,19,16
"04-03-2011",17,16,13,12,10,10,11,14,17,20,20,18,17,-9999,15,15,15,15,15,17,16,16,15,13
"05-03-2011",10,9,9,8,8,8,9,9,10,11,10,10,10,10,10,10,10,10,10,13,16,16,17,18
"06-03-2011",17,16,14,14,13,13,14,16,19,21,21,20,19,18,16,14,12,11,11,12,15,16,15,14
"07-03-2011",13,12,11,10,8,7,7,7,7,7,7,8,8,8,8,8,8,9,9,10,10,10,10,9
"08-03-2011",8,6,6,5,5,6,8,15,26,27,23,22,20,18,17,15,14,13,14,14,14,13,12,12
"09-03-2011",12,20,15,11,9,10,14,16,-9999,-9999,-9999,20,17,18,22,18,15,18,31,41,65,73,80,75
"10-03-2011",55,44,51,57,67,54,69,74,54,44,34,22,19,21,31,26,20,20,43,87,87,89,82,84
"11-03-2011",75,73,71,68,63,71,78,87,97,80,67,71,29,34,41,38,32,45,85,90,103,92,93,85
"12-03-2011",83,77,75,67,67,68,71,78,103,111,96,68,28,17,20,21,29,36,45,62,65,80,82,83
"13-03-2011",80,80,77,74,69,70,69,78,94,70,38,29,17,21,17,16,17,18,31,58,78,67,82,94
"14-03-2011",90,82,72,71,64,71,82,86,115,119,51,30,24,23,24,26,24,29,39,62,54,56,67,82
"15-03-2011",79,75,73,38,27,56,64,76,67,45,31,27,25,24,23,28,27,24,37,43,41,36,37,38
"16-03-2011",28,26,40,63,61,56,58,73,101,59,30,37,32,26,24,25,25,24,36,48,61,75,81,77
"17-03-2011",82,77,73,72,74,85,81,66,81,79,71,59,51,44,37,42,40,58,82,47,35,33,33,24
"18-03-2011",26,26,49,57,53,54,62,73,88,80,33,27,21,27,23,23,23,23,33,56,57,72,67,67
"19-03-2011",61,60,62,61,63,71,67,82,79,45,34,21,22,24,19,21,20,28,29,43,70,63,87,75
"20-03-2011",61,44,42,33,26,16,19,30,27,20,19,17,18,16,15,13,15,18,20,26,21,19,14,10
"21-03-2011",11,9,7,8,9,13,20,24,23,21,18,18,18,22,21,18,19,19,22,24,22,18,13,11
"22-03-2011",10,8,7,8,9,15,21,26,37,17,16,16,16,16,15,20,16,16,22,37,36,23,24,20
"23-03-2011",19,10,9,10,13,24,29,39,31,21,18,18,17,14,19,23,19,21,21,27,28,33,22,28
"24-03-2011",18,15,14,17,15,23,43,56,46,29,29,23,21,24,21,20,22,22,33,50,75,102,97,91
"25-03-2011",82,76,68,65,61,57,58,70,102,90,60,37,24,18,19,24,18,23,28,43,56,54,58,84
"26-03-2011",89,79,83,78,75,69,72,87,42,26,13,18,19,20,20,21,21,25,29,33,16,29,52,78
"27-03-2011",31,10,11,14,11,33,25,45,54,38,41,26,36,32,11,18,15,11,16,17,15,17,22,24
"28-03-2011",40,35,32,57,53,57,58,-9999,82,75,74,31,34,29,28,25,26,26,21,32,53,59,61,55
"29-03-2011",57,62,65,56,50,52,53,54,87,115,99,36,41,44,34,44,34,26,25,36,50,55,77,75
"30-03-2011",74,67,45,39,58,56,58,-9999,78,99,82,78,54,41,29,31,24,24,24,34,50,65,73,58
"31-03-2011",52,66,58,43,27,23,34,45,53,60,57,37,45,55,52,38,31,30,28,31,30,24,18,15
"01-04-2011",15,17,14,11,11,16,23,26,27,25,23,20,21,21,18,17,18,24,29,33,20,18,37,27
"02-04-2011",30,19,8,7,9,14,23,38,42,30,27,22,19,19,18,18,15,15,15,19,20,21,34,34
"03-04-2011",59,30,16,21,15,19,21,32,35,12,14,19,12,8,8,8,8,9,12,21,28,26,38,41
"04-04-2011",16,13,9,9,21,41,69,79,54,37,35,25,18,17,18,14,21,23,25,39,34,39,42,63
"05-04-2011",47,50,64,57,54,60,59,67,89,96,99,47,32,30,32,31,28,24,30,40,51,58,47,35
"06-04-2011",36,22,19,32,25,23,34,52,42,30,-9999,-9999,17,19,18,18,16,15,17,18,21,19,14,11
"07-04-2011",9,9,7,9,11,18,21,36,28,22,19,15,15,19,16,15,14,12,13,25,31,29,26,23
"08-04-2011",15,27,37,54,68,68,71,76,102,111,76,54,47,35,30,31,30,26,27,41,62,74,56,51
"09-04-2011",45,47,44,45,64,69,65,68,94,101,60,23,22,27,20,19,15,16,23,37,64,37,17,45
"10-04-2011",60,66,77,69,57,21,12,15,12,9,9,10,4,9,9,14,15,15,14,24,37,41,37,34
"11-04-2011",34,29,30,39,52,78,43,40,20,17,17,16,15,16,15,15,14,13,15,17,17,21,18,14
"12-04-2011",19,20,19,17,20,63,86,82,85,67,45,37,25,22,21,21,20,16,19,29,39,57,32,51
"13-04-2011",47,50,64,55,76,71,102,91,109,78,26,36,25,21,20,22,22,19,27,41,47,53,30,29
"14-04-2011",25,10,7,8,20,34,31,37,33,26,25,23,17,20,21,22,19,22,25,33,32,40,37,30
"15-04-2011",30,25,24,24,35,68,87,89,96,78,62,42,42,27,21,20,21,22,30,31,38,40,51,45
"16-04-2011",37,38,33,38,53,48,64,74,48,37,24,18,20,19,17,13,15,15,18,24,28,26,19,16
"17-04-2011",14,14,15,13,10,12,20,23,21,20,19,18,19,19,19,16,17,18,21,30,23,17,17,20
"18-04-2011",17,11,11,10,12,21,38,40,46,39,32,30,27,17,18,19,17,17,16,19,19,17,14,12
"19-04-2011",9,7,8,8,15,15,25,39,41,38,30,20,20,21,21,21,15,22,27,27,51,55,75,73
"20-04-2011",48,22,24,37,58,59,81,93,91,48,42,46,30,30,22,24,24,23,22,23,54,57,91,85
"21-04-2011",48,14,14,16,18,21,22,31,26,16,14,14,13,13,12,12,13,12,14,18,27,33,26,18
"22-04-2011",17,11,11,22,21,47,58,35,19,12,9,11,10,10,9,9,9,9,12,16,18,18,17,16
"23-04-2011",18,16,13,21,23,70,44,66,54,22,13,10,10,9,9,9,10,9,10,12,15,14,13,16
"24-04-2011",14,9,8,6,7,10,14,15,11,9,9,10,9,8,9,13,11,9,9,14,23,18,20,17
"25-04-2011",19,22,26,18,17,12,11,10,8,8,7,8,10,9,9,8,8,9,10,12,15,13,12,12
"26-04-2011",17,12,30,19,40,32,59,42,19,17,15,13,12,15,10,11,10,13,14,18,22,29,27,28
"27-04-2011",30,17,13,12,19,35,29,37,52,56,60,50,33,32,29,35,33,29,28,29,30,27,21,17
"28-04-2011",13,11,8,8,9,12,18,22,25,25,20,18,16,16,16,15,15,16,18,20,20,23,20,16
"29-04-2011",30,34,34,38,48,50,63,74,61,45,23,20,13,13,11,18,31,25,26,43,56,46,35,43
"30-04-2011",73,54,42,42,53,50,51,54,77,61,47,39,30,16,18,19,17,17,27,28,34,33,29,33
"01-05-2011",25,44,36,30,25,26,42,49,42,34,34,26,21,16,11,10,9,11,13,17,19,26,36,38
"02-05-2011",69,76,69,57,54,54,50,53,86,73,50,32,31,28,34,22,21,19,20,25,40,34,36,76
"03-05-2011",54,52,56,27,32,62,51,70,69,78,67,33,23,19,18,17,16,14,13,19,31,57,65,80
"04-05-2011",76,47,48,40,46,64,72,62,36,24,30,39,48,50,38,36,31,15,18,20,21,37,41,57
"05-05-2011",21,34,37,43,39,48,55,45,36,43,36,50,46,35,30,29,26,25,19,17,25,32,31,14
"06-05-2011",11,10,8,7,8,19,30,28,26,29,22,25,20,14,18,15,13,13,13,16,19,25,37,37
"07-05-2011",39,36,18,24,38,61,50,71,36,22,22,15,13,13,16,17,17,12,14,18,36,35,35,55
"08-05-2011",63,56,49,59,60,62,56,58,72,58,38,24,16,15,12,15,18,16,16,24,31,37,36,51
"09-05-2011",66,69,39,34,33,28,21,25,23,22,17,16,15,15,15,15,14,12,13,14,16,15,10,9
"10-05-2011",8,7,7,8,8,14,23,25,21,18,-9999,-9999,11,11,11,11,10,10,11,13,15,13,12,9
"11-05-2011",8,6,7,10,12,15,24,35,23,14,15,14,14,12,14,15,12,11,11,12,16,15,13,11
"12-05-2011",10,7,9,10,11,17,34,24,23,19,22,18,22,23,22,20,15,14,16,17,24,30,37,71
"13-05-2011",58,56,38,36,21,34,62,47,34,39,16,16,15,16,19,18,15,16,13,28,50,84,96,94
"14-05-2011",106,76,64,63,61,72,69,73,92,98,81,39,23,19,18,16,20,17,18,40,56,59,65,83
"15-05-2011",83,80,76,65,68,58,66,73,76,79,66,62,22,16,15,13,16,15,20,21,42,58,67,77
"16-05-2011",93,96,84,59,65,75,79,94,125,124,63,40,48,31,24,27,27,26,24,34,45,54,38,64
"17-05-2011",46,27,41,26,25,50,67,73,74,58,34,25,21,18,19,21,18,18,17,19,22,29,28,37
"18-05-2011",43,51,27,19,24,40,75,76,41,26,43,34,34,30,21,26,20,18,20,30,38,39,65,68
"19-05-2011",60,61,61,32,30,43,77,71,60,53,62,65,46,44,58,53,37,58,37,55,68,63,59,51
"20-05-2011",44,63,53,53,54,57,63,84,93,42,30,24,26,33,46,38,35,25,29,47,72,104,93,88
"21-05-2011",93,87,72,68,63,66,66,85,114,106,96,65,43,32,11,10,11,12,13,15,20,25,38,42
"22-05-2011",60,68,79,73,51,63,74,66,40,13,9,8,9,8,8,7,7,9,10,14,16,25,22,43
"23-05-2011",41,42,40,40,31,25,95,76,39,22,17,14,15,12,15,17,15,12,17,16,17,19,21,20
"24-05-2011",28,28,32,34,50,84,98,103,67,32,23,19,18,22,27,31,24,24,31,35,38,69,90,87
"25-05-2011",99,79,56,63,59,67,82,70,71,39,17,14,16,16,17,16,14,35,37,64,90,39,33,37
"26-05-2011",60,22,19,27,37,59,84,77,36,21,19,18,18,20,31,28,27,23,23,29,36,23,19,13
"27-05-2011",12,9,9,11,10,15,47,45,27,25,31,40,50,20,17,30,62,38,27,32,24,21,23,27
"28-05-2011",15,17,41,40,46,55,61,70,48,27,15,15,13,10,9,9,25,20,20,29,48,39,37,41
"29-05-2011",76,77,64,59,53,50,52,52,72,42,40,37,26,18,14,26,23,20,21,30,32,37,58,74
"30-05-2011",52,52,57,42,36,63,70,77,83,85,64,29,18,19,36,48,42,34,38,47,54,75,74,72
"31-05-2011",82,66,61,52,58,58,58,69,92,84,70,46,23,23,27,38,40,37,25,30,42,39,49,65
"01-06-2011",57,71,60,57,52,51,52,65,74,79,69,53,36,29,24,27,34,18,18,25,32,55,63,83
"02-06-2011",65,63,54,45,50,52,51,60,76,73,63,103,41,30,27,30,30,27,27,44,45,50,53,39
"03-06-2011",68,58,68,52,54,62,65,85,84,72,76,87,66,41,35,40,31,36,32,38,43,44,37,36
"04-06-2011",47,52,43,40,28,32,51,62,49,26,13,10,22,16,18,21,19,20,21,26,35,53,68,49
"05-06-2011",63,53,48,45,44,37,41,52,30,19,14,10,16,14,13,15,25,17,16,27,45,56,57,77
"06-06-2011",79,64,52,48,46,73,98,98,85,34,23,20,15,31,34,36,26,22,35,30,23,31,39,44
"07-06-2011",53,39,47,31,31,32,53,43,36,36,18,-9999,-9999,31,36,43,35,27,27,44,65,50,68,71
"08-06-2011",58,48,41,46,50,79,85,97,117,126,124,103,51,43,34,37,37,38,40,45,32,72,80,60
"09-06-2011",89,84,64,75,78,73,77,92,105,116,90,83,48,34,31,37,33,36,29,44,79,68,47,17
"10-06-2011",16,25,13,14,37,42,53,62,48,23,20,22,25,21,22,23,21,17,21,27,20,22,30,23
"11-06-2011",31,23,24,40,35,31,57,45,25,15,11,14,16,14,15,18,19,17,15,20,21,29,31,37
"12-06-2011",21,20,24,23,22,25,19,17,19,8,11,11,13,18,18,28,36,26,29,38,50,43,52,54
"13-06-2011",60,48,29,22,19,25,34,33,24,17,15,13,11,10,9,17,23,18,18,24,33,34,36,52
"14-06-2011",55,55,55,45,50,56,62,73,82,93,72,45,35,32,25,39,57,39,30,49,60,78,89,83
"15-06-2011",69,61,50,52,55,49,68,54,44,51,39,18,15,17,27,25,31,25,22,31,41,22,23,22
"16-06-2011",25,39,18,16,62,29,31,72,44,43,38,31,16,17,20,29,42,38,45,39,46,53,72,63
"17-06-2011",59,60,52,48,49,51,57,72,91,91,74,48,33,55,62,32,28,27,34,53,63,63,52,71
"18-06-2011",80,85,70,72,64,63,61,71,-9999,-9999,85,39,29,24,17,20,25,28,27,29,29,44,41,39
"19-06-2011",45,56,65,57,52,61,60,64,65,61,47,35,27,19,16,17,13,15,13,18,27,61,69,64
"20-06-2011",77,78,34,43,48,61,66,71,82,97,84,79,65,47,34,32,27,24,35,35,48,80,90,110
"21-06-2011",104,89,59,51,35,41,59,38,28,17,14,14,14,14,14,14,14,14,13,13,16,17,26,36
"22-06-2011",29,34,35,34,36,53,63,30,22,16,16,17,15,15,16,14,14,14,13,13,18,23,26,29
"23-06-2011",20,15,10,9,9,17,30,-9999,-9999,32,24,22,23,17,20,19,14,14,16,18,23,27,20,25
"24-06-2011",42,23,15,15,22,74,77,87,38,22,17,16,15,18,21,15,16,16,15,17,22,24,31,51
"25-06-2011",76,81,54,72,72,70,73,78,86,58,38,19,29,27,27,24,20,31,50,39,39,38,22,16
"26-06-2011",19,12,9,12,12,11,9,14,10,9,9,8,8,8,8,7,7,8,8,9,11,13,14,17
"27-06-2011",16,32,42,35,21,15,22,27,21,18,18,17,19,16,15,17,16,14,13,15,18,20,51,52
"28-06-2011",51,61,57,40,33,70,80,77,45,19,18,22,24,22,24,25,17,14,19,21,16,21,32,35
"29-06-2011",44,38,43,54,58,71,75,81,82,69,60,30,21,24,19,20,22,20,19,21,23,24,23,26
"30-06-2011",31,49,61,57,68,71,81,87,93,69,53,39,26,23,21,22,23,17,19,19,26,39,41,53
"01-07-2011",59,42,64,54,68,69,67,69,94,100,89,69,42,35,29,39,33,33,38,32,42,35,30,29
"02-07-2011",37,35,34,38,48,60,72,73,53,56,42,26,23,20,21,23,18,17,15,22,31,25,25,39
"03-07-2011",40,31,30,34,31,42,41,42,38,30,12,17,11,10,8,18,12,10,14,20,32,35,37,45
"04-07-2011",51,67,45,44,54,81,80,58,31,39,33,20,30,26,26,28,29,21,17,20,31,74,30,41
"05-07-2011",73,70,49,22,36,58,67,72,72,66,113,68,29,24,23,27,24,21,17,21,33,36,36,41
"06-07-2011",74,41,28,32,51,70,66,80,85,58,27,24,21,23,22,24,31,30,25,35,30,29,28,27
"07-07-2011",32,27,28,33,34,70,68,82,52,48,47,25,49,32,27,18,17,15,15,18,25,30,29,27
"08-07-2011",31,46,63,60,52,60,81,82,73,28,19,17,17,16,16,17,14,15,14,16,16,19,38,29
"09-07-2011",20,20,21,30,57,97,85,84,34,14,13,12,11,10,9,9,9,10,11,11,15,18,28,30
"10-07-2011",25,20,58,56,55,13,12,14,13,11,9,8,9,8,7,8,7,8,8,11,16,24,30,44
"11-07-2011",47,76,88,41,75,82,97,71,24,17,16,16,17,19,14,15,14,11,13,13,16,19,31,26
"12-07-2011",24,13,16,19,14,21,30,35,25,17,15,14,16,14,14,12,14,12,13,17,18,21,19,29
"13-07-2011",17,13,13,12,13,21,24,36,36,20,19,15,13,13,13,13,14,12,13,14,13,16,18,14
"14-07-2011",14,13,20,11,18,46,70,69,38,24,19,16,12,16,15,14,14,13,13,13,17,16,14,19
"15-07-2011",24,29,23,18,13,33,46,54,37,37,16,14,15,15,16,15,17,14,13,17,20,27,27,24
"16-07-2011",32,39,18,16,31,54,73,77,56,25,13,11,17,19,17,17,14,14,15,48,49,40,38,41
"17-07-2011",54,63,85,65,42,43,56,52,48,41,47,36,22,19,18,17,19,17,16,22,29,45,62,59
"18-07-2011",66,67,63,57,80,86,84,86,79,89,78,69,55,57,30,23,25,45,34,18,26,25,54,81
"19-07-2011",89,57,39,37,45,77,86,91,93,82,82,69,42,29,27,26,27,23,34,40,40,40,35,34
"20-07-2011",45,47,53,51,62,73,89,93,101,98,106,58,38,36,30,31,24,13,21,24,36,36,39,33
"21-07-2011",25,14,9,21,23,27,49,45,36,25,20,21,20,20,22,20,21,19,20,21,25,35,31,27
"22-07-2011",30,34,28,40,26,43,85,65,42,38,29,28,24,25,28,31,26,23,23,29,31,31,19,12
"23-07-2011",25,46,35,43,68,51,65,72,73,67,47,31,28,18,16,18,20,13,16,33,34,45,33,31
"24-07-2011",27,29,40,53,51,42,51,63,63,45,42,41,42,24,13,10,11,13,11,25,27,31,24,44
"25-07-2011",57,36,25,17,20,26,50,37,35,36,54,25,22,20,20,22,24,18,21,26,34,41,23,17
"26-07-2011",27,19,16,29,26,51,66,50,43,28,31,27,22,20,17,16,16,14,15,17,39,37,24,21
"27-07-2011",17,19,25,17,31,32,37,56,45,40,52,47,39,31,23,26,23,23,27,31,30,39,34,32
"28-07-2011",36,48,56,45,61,57,71,79,96,78,29,16,16,15,30,29,26,17,14,16,20,24,26,38
"29-07-2011",49,51,46,37,41,71,86,79,85,115,86,53,36,29,27,30,30,32,21,23,31,36,48,62
"30-07-2011",29,36,36,31,34,37,39,39,53,30,20,19,23,19,13,13,14,17,24,17,21,23,23,32
"31-07-2011",22,36,48,30,32,37,47,58,51,44,31,30,22,18,16,17,16,17,18,21,21,38,32,35
"01-08-2011",43,38,37,47,43,45,74,82,80,83,85,54,41,30,23,25,27,25,25,29,34,41,59,53
"02-08-2011",52,41,23,21,40,50,43,39,40,38,22,21,21,17,33,50,29,20,18,22,25,22,29,33
"03-08-2011",39,50,42,32,20,39,55,31,31,24,21,21,18,16,17,15,14,14,15,15,21,18,23,23
"04-08-2011",25,29,21,18,22,36,80,64,56,37,29,17,16,14,21,28,25,18,17,15,23,39,53,41
"05-08-2011",36,38,36,39,45,63,71,72,77,49,24,18,16,16,15,14,15,13,14,16,15,17,14,13
"06-08-2011",18,15,19,15,14,21,36,35,20,14,15,14,12,13,13,12,12,12,14,16,17,18,15,17
"07-08-2011",22,33,35,18,13,20,45,64,26,17,16,13,12,12,11,16,13,11,15,16,16,18,17,20
"08-08-2011",19,22,35,36,40,56,63,70,52,24,19,19,19,16,15,14,28,26,30,16,17,23,21,22
"09-08-2011",26,29,28,26,32,47,71,71,76,55,33,27,39,30,25,29,26,22,26,40,38,43,39,63
"10-08-2011",73,57,53,44,49,53,80,75,77,83,49,23,18,20,32,30,40,23,23,52,61,32,34,33
"11-08-2011",14,22,14,13,13,14,17,22,18,16,17,15,15,13,12,12,11,10,14,14,14,16,15,14
"12-08-2011",12,14,12,12,15,25,61,55,25,17,14,11,12,10,10,10,16,17,18,17,21,18,13,15
"13-08-2011",23,27,34,40,41,53,65,63,28,28,17,9,10,11,14,15,13,12,12,14,28,40,25,31
"14-08-2011",36,46,43,37,30,25,27,40,40,22,13,9,9,16,14,12,11,11,13,16,45,38,23,40
"15-08-2011",32,40,45,34,25,29,32,45,28,13,9,8,20,17,14,11,16,14,13,19,32,26,29,28
"16-08-2011",32,44,43,50,46,59,71,75,54,36,14,13,11,19,17,16,19,13,11,15,16,21,22,31
"17-08-2011",38,48,46,39,46,45,62,57,35,21,13,14,14,12,12,12,12,11,11,14,13,18,20,20
"18-08-2011",19,24,23,19,11,13,19,19,18,15,14,12,11,11,11,10,10,10,10,12,11,14,12,9
"19-08-2011",10,10,11,12,14,14,17,25,18,13,14,12,11,10,10,10,9,9,10,11,13,13,17,13
"20-08-2011",9,8,9,10,15,18,23,21,14,10,9,8,8,9,8,7,8,8,8,11,13,12,14,15
"21-08-2011",13,10,10,15,15,32,14,11,10,9,9,9,9,8,8,8,7,8,9,11,11,12,10,9
"22-08-2011",8,8,8,8,10,13,12,15,14,13,12,13,11,10,12,10,10,10,10,12,13,16,12,11
"23-08-2011",11,18,19,59,38,22,29,32,17,12,13,12,12,11,11,11,11,11,14,13,18,14,16,17
"24-08-2011",13,9,17,20,16,12,13,16,17,13,13,13,12,12,10,12,10,11,11,12,13,12,12,11
"25-08-2011",11,10,11,9,10,16,20,25,22,15,14,11,12,12,11,12,12,13,12,14,13,13,13,11
"26-08-2011",10,9,6,6,8,15,17,50,31,18,13,13,13,14,13,13,13,11,11,11,13,12,11,9
"27-08-2011",9,9,9,11,12,15,19,14,15,12,11,11,11,10,10,9,9,11,12,11,13,16,15,14
"28-08-2011",14,12,13,14,15,16,43,20,15,12,11,11,9,9,9,9,9,9,10,12,16,17,16,17
"29-08-2011",15,12,13,16,51,42,29,47,39,24,20,18,15,14,16,12,14,14,14,21,27,27,41,78
"30-08-2011",56,44,40,36,36,68,79,76,75,65,32,41,46,23,19,20,23,23,20,27,31,35,32,29
"31-08-2011",37,47,50,39,38,55,64,57,70,64,80,76,45,31,27,30,28,25,30,30,39,46,44,28
"01-09-2011",29,31,29,40,39,36,77,76,80,104,106,77,42,37,28,28,30,29,32,49,79,64,44,50
"02-09-2011",62,79,72,77,71,70,79,69,78,102,114,80,47,28,23,27,30,35,35,51,86,79,71,73
"03-09-2011",78,79,79,67,45,61,77,78,74,79,46,37,38,25,19,22,17,16,15,13,19,21,25,27
"04-09-2011",26,23,18,20,23,20,14,16,15,9,10,9,10,9,7,7,9,9,10,13,18,19,22,17
"05-09-2011",17,40,37,33,19,27,25,29,38,29,14,15,14,15,16,17,15,15,16,20,25,39,43,41
"06-09-2011",39,29,39,42,49,78,80,83,88,48,20,16,16,36,30,34,24,31,46,27,32,36,24,15
"07-09-2011",13,12,9,9,12,33,67,51,-9999,-9999,19,16,15,17,14,16,15,14,16,20,19,25,19,19
"08-09-2011",24,16,25,15,18,67,51,30,29,23,19,14,13,14,12,14,12,14,16,21,35,37,54,67
"09-09-2011",73,55,43,40,69,78,77,77,94,77,108,107,53,33,25,28,30,30,37,36,52,60,65,77
"10-09-2011",86,88,83,60,65,90,93,67,23,17,16,15,14,13,14,15,13,12,16,17,24,20,24,35
"11-09-2011",34,35,39,28,31,60,67,63,40,18,11,10,11,11,10,10,10,12,29,39,27,28,26,24
"12-09-2011",20,22,10,20,37,56,87,96,69,30,23,15,17,17,18,17,17,16,19,21,22,29,37,33
"13-09-2011",23,30,35,59,46,39,49,54,44,50,29,18,17,13,14,14,15,15,15,28,34,45,45,45
"14-09-2011",67,70,69,70,69,71,80,81,111,90,63,20,20,16,19,18,25,35,38,38,46,85,84,82
"15-09-2011",78,78,79,76,56,76,87,93,104,133,106,27,16,17,21,35,33,36,41,52,101,127,87,61
"16-09-2011",78,92,82,63,77,86,91,98,83,33,24,16,14,15,17,17,17,16,17,18,25,55,52,17
"17-09-2011",18,14,19,37,61,98,101,104,64,31,18,13,12,11,11,11,12,13,16,18,32,29,57,39
"18-09-2011",49,37,59,44,34,19,17,21,17,13,13,9,10,8,7,7,8,10,15,18,25,30,63,88
"19-09-2011",96,100,58,66,69,86,96,102,108,115,66,41,73,48,41,43,27,30,32,44,53,60,62,56
"20-09-2011",50,62,60,63,62,72,87,89,95,91,84,45,32,29,48,51,59,48,69,66,61,34,31,28
"21-09-2011",30,23,31,33,32,44,54,61,65,54,30,26,25,24,23,17,20,23,30,23,27,33,25,16
"22-09-2011",17,16,13,10,11,21,34,50,42,25,30,27,16,12,14,14,13,17,18,21,22,21,18,15
"23-09-2011",15,14,13,15,16,31,71,47,69,34,25,19,16,17,16,17,20,22,21,25,43,61,46,65
"24-09-2011",86,78,78,93,67,57,81,94,104,79,41,18,14,12,12,12,12,13,16,27,29,26,27,40
"25-09-2011",56,54,73,80,62,69,78,26,18,18,10,11,10,9,10,9,9,11,15,16,16,15,15,16
"26-09-2011",45,22,30,29,50,114,109,51,39,24,24,17,15,14,14,15,16,16,16,18,17,15,12,11
"27-09-2011",10,8,8,13,14,25,39,30,26,17,17,14,14,12,14,15,13,13,18,22,16,19,32,24
"28-09-2011",15,10,8,8,8,14,21,32,28,14,14,12,13,13,13,13,13,13,15,16,16,20,17,10
"29-09-2011",9,8,14,27,23,38,37,56,60,30,16,16,16,15,14,15,14,11,13,20,24,30,50,55
"30-09-2011",36,41,83,66,30,66,103,109,119,74,28,20,17,18,18,16,18,16,17,17,19,19,21,27
"01-10-2011",21,12,12,12,14,17,19,25,21,14,13,12,11,11,11,12,11,11,13,19,19,23,35,21
"02-10-2011",16,22,21,27,16,19,37,40,41,24,12,10,10,9,9,8,9,10,11,17,22,22,19,34
"03-10-2011",32,10,8,9,17,47,69,87,56,27,22,17,15,14,13,15,16,14,18,20,22,28,19,15
"04-10-2011",15,14,28,26,55,62,76,84,66,49,30,21,15,17,17,18,21,25,24,25,42,62,46,41
"05-10-2011",49,65,64,68,70,75,82,90,103,115,45,28,20,20,33,32,30,29,35,47,65,71,70,89
"06-10-2011",88,82,70,62,55,81,85,97,111,134,117,69,43,45,38,32,33,31,42,39,48,67,57,77
"07-10-2011",105,100,99,91,84,81,88,100,117,137,96,52,33,30,27,29,29,30,46,70,61,92,66,44
"08-10-2011",42,33,38,45,70,78,77,73,83,87,39,15,13,13,13,13,15,13,16,13,13,15,15,14
"09-10-2011",12,9,10,10,14,22,30,32,33,28,20,19,19,10,9,9,7,10,16,27,42,52,51,49
"10-10-2011",34,21,12,13,13,24,52,40,37,36,41,33,35,53,40,27,22,17,19,21,21,25,25,16
"11-10-2011",16,20,14,14,15,20,27,24,25,25,21,20,19,21,22,22,25,28,29,30,26,23,24,43
"12-10-2011",57,58,57,53,60,69,53,53,57,44,32,22,21,19,25,39,48,48,64,83,97,87,84,77
"13-10-2011",73,68,62,56,58,55,61,68,88,132,148,162,117,44,31,29,36,30,38,51,57,52,48,53
"14-10-2011",75,72,65,64,57,53,59,70,79,78,48,31,23,19,19,19,18,16,15,17,14,14,12,12
"15-10-2011",11,9,8,8,11,15,16,18,27,28,25,17,16,17,16,14,14,13,17,17,14,13,12,11
"16-10-2011",9,8,8,7,7,8,8,11,11,13,13,14,-9999,-9999,-9999,-9999,-9999,-9999,-9999,-9999,-9999,-9999,-9999,-9999
"17-10-2011",-9999,-9999,-9999,-9999,-9999,-9999,-9999,-9999,-9999,-9999,-9999,-9999,-9999,-9999,25,23,20,19,20,27,29,21,60,62
"18-10-2011",52,25,52,54,56,55,61,67,70,69,68,61,34,27,26,28,26,31,53,72,84,83,78,79
"19-10-2011",75,69,62,53,47,49,53,62,73,92,67,50,23,20,19,18,18,19,32,45,65,75,74,64
"20-10-2011",61,63,59,54,50,51,57,69,81,118,156,73,33,32,36,35,31,37,53,60,87,82,75,71
"21-10-2011",66,65,58,55,55,59,67,78,90,123,157,118,60,52,63,63,46,42,75,83,90,78,74,70
"22-10-2011",66,62,59,54,51,53,57,60,69,94,91,51,36,24,24,19,19,28,29,49,60,47,51,47
"23-10-2011",52,51,51,63,61,57,54,33,25,17,14,11,11,10,11,11,11,11,15,16,17,16,18,11
"24-10-2011",12,8,7,9,11,22,35,52,42,30,22,17,19,19,22,22,24,20,22,26,26,32,36,53
"25-10-2011",48,34,38,28,26,46,37,49,49,34,21,20,15,17,19,17,14,16,16,20,20,19,18,18
"26-10-2011",18,15,12,10,9,14,25,35,32,-9999,-9999,15,15,16,16,16,19,18,17,18,14,15,12,9
"27-10-2011",9,6,7,5,7,10,12,19,20,17,15,16,15,15,15,15,16,16,20,19,29,24,19,14
"28-10-2011",14,15,12,13,10,11,29,30,22,11,10,9,7,7,8,7,8,10,19,24,38,47,53,36
"29-10-2011",42,43,54,43,39,54,41,34,31,27,14,11,11,9,10,10,10,12,19,18,24,38,38,20
"30-10-2011",27,11,10,8,9,12,9,12,16,15,12,11,10,8,10,11,11,12,15,14,20,28,42,21
"31-10-2011",14,16,28,28,21,42,56,57,59,57,20,18,16,17,17,19,25,31,48,46,46,48,35,30
"01-11-2011",27,38,43,39,39,52,54,58,72,47,19,18,23,27,37,39,40,63,75,70,66,63,63,61
"02-11-2011",55,42,33,34,39,49,48,44,70,64,35,22,22,20,17,20,22,22,23,28,39,56,48,22
"03-11-2011",30,51,41,18,42,57,62,64,46,22,18,16,14,16,16,19,21,26,30,34,30,36,44,38
"04-11-2011",56,55,43,33,37,51,64,65,66,33,21,20,15,28,69,70,63,58,56,59,60,53,52,61
"05-11-2011",61,59,55,52,51,49,51,56,66,50,24,47,43,46,23,29,28,27,30,30,32,28,30,27
"06-11-2011",29,27,21,23,23,24,24,25,28,28,25,12,13,16,16,16,30,26,33,35,38,34,33,33
"07-11-2011",32,29,29,25,28,33,35,31,39,38,27,26,27,27,-9999,-9999,-9999,-9999,-9999,-9999,-9999,-9999,-9999,-9999
"08-11-2011",-9999,-9999,-9999,-9999,-9999,-9999,-9999,-9999,-9999,16,18,13,12,14,15,15,16,15,22,30,21,21,24,23
"09-11-2011",20,13,11,10,13,25,29,29,33,38,24,28,23,40,35,32,38,37,36,32,29,26,22,20
"10-11-2011",20,21,24,21,18,15,10,8,20,41,47,45,41,40,26,23,27,26,24,28,21,26,26,12
"11-11-2011",9,7,7,7,8,10,12,14,13,11,12,11,9,11,9,9,10,10,10,12,10,10,7,6
"12-11-2011",5,5,5,4,5,6,6,7,8,7,7,6,6,7,7,7,7,8,10,11,9,7,5,6
"13-11-2011",5,4,4,4,4,4,5,5,5,5,6,5,6,-9999,7,6,6,7,8,9,7,6,6,5
"14-11-2011",4,4,4,4,4,7,11,11,10,10,9,9,10,10,11,11,11,11,14,11,11,9,8,11
"15-11-2011",8,6,5,5,5,10,15,14,21,13,13,12,10,9,10,11,13,13,13,11,8,9,7,6
"16-11-2011",7,6,5,5,7,12,17,21,24,17,18,17,13,9,10,12,13,21,25,28,33,33,32,30
"17-11-2011",31,27,28,26,27,20,26,28,23,23,21,11,11,9,11,12,15,16,18,18,17,20,16,14
"18-11-2011",14,10,12,9,14,22,23,23,29,21,15,13,13,12,12,13,14,15,26,29,31,29,31,31
"19-11-2011",30,28,25,23,23,22,20,20,28,37,22,16,16,16,16,16,23,36,39,38,35,35,34,31
"20-11-2011",28,28,26,24,26,26,27,27,31,30,17,12,8,8,8,10,14,20,27,35,33,31,32,31
"21-11-2011",28,27,26,25,25,24,25,26,34,47,30,22,17,14,16,23,31,33,38,38,38,36,34,33
"22-11-2011",29,25,18,17,27,31,31,27,33,44,45,21,26,30,26,30,44,47,44,40,37,36,35,33
"23-11-2011",32,32,30,22,20,26,31,27,36,41,20,18,19,16,15,16,15,19,22,24,28,28,31,24
"24-11-2011",23,20,11,11,12,15,19,19,19,16,13,12,12,11,9,11,20,19,21,18,16,12,8,7
"25-11-2011",5,5,4,4,5,7,8,12,13,10,9,8,9,10,11,12,12,14,16,24,22,20,17,25
"26-11-2011",14,16,19,18,22,25,21,21,25,16,11,10,12,9,8,8,12,15,21,29,25,15,18,18
"27-11-2011",23,19,22,25,23,23,24,26,28,20,13,9,8,7,6,7,10,12,27,31,30,31,31,29
"28-11-2011",25,27,25,25,25,24,22,23,28,46,48,39,39,45,37,36,38,37,35,30,32,34,32,32
"29-11-2011",29,29,30,28,28,29,24,30,42,28,21,14,11,12,18,20,25,26,18,25,25,23,23,33
"30-11-2011",29,31,29,25,23,22,20,22,24,45,35,28,26,24,20,19,22,23,35,35,34,34,32,30
"01-12-2011",27,27,25,23,26,26,24,27,33,53,59,55,55,31,33,36,45,52,45,41,35,35,35,34
"02-12-2011",32,30,28,29,27,25,23,25,33,56,67,66,37,30,26,30,42,44,38,36,35,37,35,33
"03-12-2011",28,25,22,21,19,18,16,19,23,42,50,41,35,29,20,23,27,33,30,33,34,33,28,21
"04-12-2011",19,23,19,17,14,13,12,13,21,35,31,28,32,27,21,15,21,33,23,23,22,22,21,19
"05-12-2011",12,13,12,13,11,12,6,4,9,35,50,35,31,24,20,18,25,27,22,24,29,24,25,28
"06-12-2011",26,15,11,10,16,26,29,30,32,21,17,13,12,17,19,22,28,22,17,19,29,30,28,26
"07-12-2011",22,21,22,21,21,19,15,12,24,38,36,24,17,19,18,21,26,28,24,21,12,15,12,12
"08-12-2011",22,14,18,22,15,24,22,24,24,34,31,15,13,15,16,16,14,29,27,21,12,11,12,7
"09-12-2011",5,4,4,4,8,11,17,22,23,17,9,11,14,14,17,17,23,29,27,26,21,21,20,19
"10-12-2011",18,17,13,13,14,13,13,9,14,26,22,20,16,16,13,13,20,25,25,24,19,14,14,11
"11-12-2011",9,6,6,5,6,7,6,5,10,22,35,30,22,18,16,16,18,21,20,17,17,13,9,6
"12-12-2011",3,6,9,8,9,6,1,-9999,2,16,31,36,31,21,18,17,25,22,22,21,15,14,12,9
"13-12-2011",9,8,8,9,8,7,2,2,1,11,21,34,42,24,16,17,21,22,19,19,20,18,18,14
"14-12-2011",12,9,10,11,13,9,9,6,10,24,39,37,22,16,17,18,22,25,24,20,19,16,13,11
"15-12-2011",9,9,10,9,11,9,5,1,2,24,34,27,23,18,12,16,20,25,25,22,23,23,22,20
"16-12-2011",16,15,14,12,12,11,8,10,16,16,9,14,16,9,9,11,12,19,15,11,17,22,21,20
"17-12-2011",19,18,18,16,17,17,12,8,10,8,7,5,5,5,5,6,6,5,5,6,7,6,8,14
"18-12-2011",16,6,8,10,9,14,14,16,18,18,19,12,16,14,16,18,14,12,12,18,16,14,9,13
"19-12-2011",10,7,8,6,9,13,11,10,11,11,7,9,8,9,9,10,9,10,11,8,10,15,14,12
"20-12-2011",-9999,-9999,-9999,-9999,-9999,-9999,-9999,-9999,-9999,-9999,-9999,-9999,-9999,-9999,-9999,-9999,-9999,-9999,-9999,-9999,-9999,-9999,-9999,-9999
"21-12-2011",-9999,-9999,-9999,-9999,-9999,-9999,-9999,-9999,-9999,-9999,-9999,-9999,-9999,-9999,-9999,-9999,-9999,-9999,-9999,-9999,-9999,-9999,-9999,-9999
"22-12-2011",-9999,-9999,-9999,-9999,-9999,-9999,-9999,-9999,-9999,-9999,-9999,-9999,-9999,-9999,-9999,-9999,-9999,-9999,-9999,-9999,-9999,-9999,-9999,-9999
"23-12-2011",-9999,-9999,-9999,-9999,-9999,-9999,-9999,-9999,-9999,-9999,-9999,-9999,-9999,-9999,-9999,-9999,-9999,-9999,-9999,-9999,-9999,-9999,-9999,-9999
"24-12-2011",-9999,-9999,-9999,-9999,-9999,-9999,-9999,-9999,-9999,-9999,-9999,-9999,-9999,-9999,-9999,-9999,-9999,-9999,-9999,-9999,-9999,-9999,-9999,-9999
"25-12-2011",-9999,-9999,-9999,-9999,-9999,-9999,-9999,-9999,-9999,-9999,-9999,-9999,-9999,-9999,-9999,-9999,-9999,-9999,-9999,-9999,-9999,-9999,-9999,-9999
"26-12-2011",-9999,-9999,-9999,-9999,-9999,-9999,-9999,-9999,-9999,-9999,-9999,-9999,-9999,-9999,-9999,-9999,-9999,-9999,-9999,-9999,-9999,-9999,-9999,-9999
"27-12-2011",-9999,-9999,-9999,-9999,-9999,-9999,-9999,-9999,-9999,-9999,-9999,-9999,-9999,-9999,-9999,-9999,-9999,-9999,-9999,-9999,-9999,-9999,-9999,-9999
"28-12-2011",-9999,-9999,-9999,-9999,-9999,-9999,-9999,-9999,-9999,-9999,-9999,-9999,-9999,-9999,-9999,-9999,-9999,-9999,-9999,-9999,-9999,-9999,-9999,-9999
"29-12-2011",-9999,-9999,-9999,-9999,-9999,-9999,-9999,-9999,-9999,-9999,-9999,-9999,-9999,-9999,-9999,-9999,-9999,-9999,-9999,-9999,-9999,-9999,-9999,-9999
"30-12-2011",-9999,-9999,-9999,-9999,-9999,-9999,-9999,-9999,-9999,-9999,-9999,-9999,-9999,-9999,-9999,-9999,-9999,-9999,-9999,-9999,-9999,-9999,-9999,-9999
"31-12-2011",-9999,-9999,-9999,-9999,-9999,-9999,-9999,-9999,-9999,-9999,-9999,-9999,-9999,-9999,-9999,-9999,-9999,-9999,-9999,-9999,-9999,-9999,-9999,-9999
