"01-01-2013",80,99,63,60,39,20,17,24,22,36,16,7,5,3,2,1,1,20,17,18,22,14,14,21
"02-01-2013",50,8,7,9,7,20,25,45,66,67,97,76,36,27,30,27,19,78,67,69,55,141,78,44
"03-01-2013",56,35,21,21,20,24,44,47,74,118,111,67,47,7,5,4,2,3,4,3,2,2,1,1
"04-01-2013",1,3,1,2,3,5,21,17,5,7,8,10,5,3,4,3,2,1,2,2,2,2,2,1
"05-01-2013",1,1,1,1,1,1,1,2,3,7,14,17,10,7,3,3,4,7,22,36,8,2,2,1
"06-01-2013",1,1,1,1,1,1,1,1,1,1,1,2,2,2,2,2,1,2,2,2,2,2,2,3
"07-01-2013",1,1,1,1,1,1,3,4,4,4,12,5,4,4,3,3,3,2,2,2,2,2,2,1
"08-01-2013",1,1,1,1,1,1,2,3,6,8,9,4,4,4,5,4,3,3,3,3,3,3,2,2
"09-01-2013",1,1,1,1,1,1,4,22,45,10,8,9,8,8,10,8,9,9,12,12,10,28,8,7
"10-01-2013",17,9,6,4,4,9,27,57,116,92,125,82,38,17,6,6,6,29,77,56,72,90,113,106
"11-01-2013",78,54,49,8,13,19,36,17,36,66,80,99,57,49,39,17,6,25,70,70,67,71,76,50
"12-01-2013",80,85,68,33,60,68,74,38,42,2,3,4,9,-9999,-9999,4,3,1,1,1,1,1,1,1
"13-01-2013",1,1,1,1,2,3,3,7,16,28,16,16,18,10,11,5,7,44,48,57,58,62,53,48
"14-01-2013",29,26,16,11,26,20,24,59,64,46,54,29,72,32,30,45,28,21,72,106,116,73,54,103
"15-01-2013",90,62,19,30,31,33,47,113,154,161,128,99,12,14,22,31,26,2,1,1,1,1,1,1
"16-01-2013",1,1,1,1,1,1,1,5,7,4,5,2,3,4,2,1,1,1,1,1,1,1,1,1
"17-01-2013",1,1,1,1,1,1,2,17,21,23,23,3,3,2,1,1,1,1,9,41,55,84,27,52
"18-01-2013",30,23,8,1,1,5,30,11,54,45,48,37,22,19,8,5,4,8,12,24,38,47,20,25
"19-01-2013",39,27,9,4,13,7,13,6,4,33,23,11,8,5,3,4,3,12,31,18,20,22,11,8
"20-01-2013",5,3,4,6,3,2,9,16,34,64,22,25,26,24,17,4,3,28,62,42,48,80,76,113
"21-01-2013",93,47,33,20,17,13,34,88,86,118,120,130,164,52,33,15,1,1,1,4,11,44,26,9
"22-01-2013",2,1,1,2,6,4,13,56,124,46,6,70,41,22,3,5,1,1,1,3,7,11,62,40
"23-01-2013",18,4,1,1,1,2,7,26,41,67,31,23,13,5,4,2,6,8,9,8,6,9,9,9
"24-01-2013",11,5,1,1,1,6,46,110,69,143,72,11,8,27,42,23,13,8,27,79,31,26,50,42
"25-01-2013",19,19,21,13,7,18,30,84,145,151,107,173,191,93,43,15,4,21,7,1,2,2,1,1
"26-01-2013",1,1,1,1,1,1,4,2,3,4,7,12,11,10,5,4,3,3,5,3,2,1,1,1
"27-01-2013",1,1,1,1,1,1,1,1,2,3,3,4,4,6,4,3,5,6,7,21,32,14,13,4
"28-01-2013",6,2,1,1,3,10,26,74,117,92,103,41,21,7,7,7,5,4,5,10,15,4,11,21
"29-01-2013",11,8,2,2,1,4,19,83,150,109,33,8,7,6,4,3,3,3,2,1,2,2,1,1
"30-01-2013",1,1,1,1,1,2,11,53,82,127,37,10,7,7,5,5,3,2,2,1,1,1,1,10
"31-01-2013",5,2,1,1,1,2,14,52,80,95,19,23,4,2,4,2,2,2,1,5,27,40,17,3
"01-02-2013",1,1,1,1,2,5,22,76,125,152,61,19,18,16,11,10,7,11,39,39,21,29,34,29
"02-02-2013",23,37,28,7,5,6,33,56,60,74,85,119,74,61,41,32,36,41,30,72,107,71,96,120
"03-02-2013",40,51,1,1,8,1,1,1,1,1,1,1,1,1,1,1,1,1,1,9,10,19,32,9
"04-02-2013",4,9,6,8,4,2,24,69,129,163,128,81,63,26,18,11,7,32,57,34,54,61,63,100
"05-02-2013",64,13,1,1,1,1,4,32,57,35,25,24,29,16,5,5,2,4,13,20,21,24,15,6
"06-02-2013",4,2,3,10,14,16,31,72,112,53,66,43,20,8,4,4,5,2,2,5,26,41,50,26
"07-02-2013",14,8,1,1,1,1,1,1,3,1,1,1,5,4,2,1,1,13,4,4,14,32,27,5
"08-02-2013",1,1,1,1,1,1,1,2,5,6,-9999,-9999,7,6,9,4,3,3,2,2,2,2,2,2
"09-02-2013",1,1,1,2,2,2,7,19,32,26,28,23,9,6,4,5,2,1,35,42,65,27,22,39
"10-02-2013",26,39,32,24,8,9,11,26,45,37,6,5,4,3,2,2,1,1,15,19,14,17,13,8
"11-02-2013",32,21,8,7,11,5,3,7,5,23,5,4,3,3,3,3,3,3,5,5,4,18,17,10
"12-02-2013",19,36,19,29,20,11,28,71,64,66,89,56,22,6,9,11,11,7,18,13,27,91,23,30
"13-02-2013",32,41,18,4,2,1,1,1,1,1,3,1,2,1,3,2,1,2,6,6,3,2,1,1
"14-02-2013",1,1,2,1,1,2,3,2,2,8,4,3,2,2,2,2,2,5,6,7,8,23,15,2
"15-02-2013",1,2,1,1,1,1,3,8,7,6,8,7,7,9,6,3,3,3,1,2,4,3,3,1
"16-02-2013",1,1,1,1,1,1,2,3,3,3,4,3,5,5,4,4,4,3,4,4,1,1,2,1
"17-02-2013",1,1,1,1,1,1,1,1,1,1,1,2,3,2,2,2,1,1,1,2,23,27,29,28
"18-02-2013",13,3,2,3,6,5,1,5,12,5,9,15,20,17,21,9,6,13,4,3,4,13,19,4
"19-02-2013",1,1,1,1,1,1,1,6,4,3,3,3,3,5,2,3,3,2,2,4,11,4,8,9
"20-02-2013",8,5,1,1,1,1,2,21,33,16,15,10,6,2,1,1,1,1,12,13,20,35,17,6
"21-02-2013",8,1,1,1,1,2,7,6,11,23,26,16,42,64,44,11,4,5,7,3,3,1,1,2
"22-02-2013",3,2,1,1,1,1,1,1,1,1,3,7,3,4,3,3,3,5,5,24,30,23,23,38
"23-02-2013",10,10,23,4,4,19,32,40,61,99,96,34,10,7,10,7,9,21,14,19,10,35,35,17
"24-02-2013",17,28,32,20,32,15,26,44,47,36,40,24,15,3,3,1,1,1,1,2,1,1,1,1
"25-02-2013",1,1,1,1,1,1,25,59,114,29,48,9,3,3,3,3,3,1,1,1,1,1,1,1
"26-02-2013",1,1,1,1,1,1,2,12,18,49,17,9,8,9,4,4,4,1,2,2,6,4,10,10
"27-02-2013",4,2,1,1,1,1,5,19,44,25,16,4,3,3,4,3,2,2,3,3,13,1,1,1
"28-02-2013",1,1,1,1,1,1,2,3,3,4,7,5,6,4,5,7,3,2,1,1,7,20,11,12
"01-03-2013",3,2,2,1,1,1,10,75,107,86,39,16,8,4,2,3,2,2,1,27,24,32,18,10
"02-03-2013",3,2,1,1,1,3,10,29,54,13,22,60,44,21,13,6,4,5,3,3,7,17,3,2
"03-03-2013",1,1,1,1,1,1,1,2,2,2,3,3,4,3,4,3,2,1,4,25,19,17,15,40
"04-03-2013",27,5,2,1,1,1,1,3,4,6,7,5,5,4,5,3,2,4,2,3,2,3,2,1
"05-03-2013",1,1,1,1,1,1,10,41,47,12,17,18,8,4,2,3,1,1,1,1,3,3,1,1
"06-03-2013",1,1,1,1,1,1,4,11,5,2,1,3,4,3,4,3,2,1,1,1,1,2,1,1
"07-03-2013",1,1,1,1,1,1,3,20,20,15,23,28,29,10,8,4,3,2,1,1,1,1,3,2
"08-03-2013",7,3,5,2,6,5,26,29,61,63,21,13,10,5,4,3,1,1,1,5,19,22,6,11
"09-03-2013",5,3,5,6,7,3,6,6,22,11,19,19,23,11,6,2,2,1,5,6,11,24,19,13
"10-03-2013",3,7,12,4,5,8,4,11,27,23,30,28,13,8,7,5,6,1,3,23,42,58,47,26
"11-03-2013",12,10,20,3,29,26,51,82,22,22,16,10,9,4,3,4,5,3,5,29,46,47,13,8
"12-03-2013",2,1,1,1,1,1,7,26,77,22,12,4,3,3,2,2,3,18,16,39,32,28,12,5
"13-03-2013",8,2,1,1,1,1,19,16,4,7,5,2,3,3,1,1,1,1,1,1,1,1,1,1
"14-03-2013",1,1,1,1,1,1,1,1,1,1,1,1,1,1,1,1,1,1,1,1,2,13,1,2
"15-03-2013",1,1,1,1,1,1,3,3,6,3,4,5,4,2,2,3,1,1,1,1,1,1,1,1
"16-03-2013",1,1,1,1,1,1,1,2,3,3,3,2,3,2,2,1,2,1,3,1,1,1,1,1
"17-03-2013",1,1,1,1,1,1,1,1,1,1,1,2,1,2,2,2,1,1,1,1,2,4,5,2
"18-03-2013",1,1,1,1,1,1,2,1,2,3,3,3,1,5,6,4,3,2,1,2,9,15,16,6
"19-03-2013",5,7,4,4,3,6,24,20,23,41,23,7,8,9,5,1,1,1,1,22,14,15,8,43
"20-03-2013",34,28,19,19,14,5,17,70,82,31,54,26,13,4,3,2,3,2,2,18,39,40,40,12
"21-03-2013",4,3,8,3,1,2,3,20,12,18,8,11,5,4,3,2,1,2,1,3,8,6,3,3
"22-03-2013",1,1,1,1,1,1,1,2,2,2,2,2,2,2,2,1,1,1,1,1,1,1,1,1
"23-03-2013",1,1,1,1,1,1,1,2,2,2,2,2,2,1,1,2,1,1,1,10,20,13,7,3
"24-03-2013",2,1,3,1,2,1,3,12,20,16,17,8,2,1,1,1,1,1,1,1,1,1,1,1
"25-03-2013",1,1,1,1,1,1,1,1,1,2,1,1,1,1,1,1,1,1,1,1,1,1,1,1
"26-03-2013",1,1,1,1,1,1,9,9,3,9,9,4,3,2,1,2,1,3,11,18,20,14,10,5
"27-03-2013",4,1,1,1,1,2,19,66,126,35,22,18,28,1,1,3,3,1,2,2,5,3,2,9
"28-03-2013",9,3,2,3,1,1,2,5,10,9,3,5,5,5,3,5,7,11,10,9,11,10,5,3
"29-03-2013",3,1,1,1,1,1,1,16,16,14,6,8,9,5,5,5,5,6,6,15,7,3,9,4
"30-03-2013",3,2,2,2,1,1,3,11,9,14,24,40,18,9,7,8,4,2,2,4,3,22,17,8
"31-03-2013",10,21,17,11,20,23,23,38,34,42,43,46,50,24,8,17,2,15,13,47,53,50,55,14
"01-04-2013",20,26,2,1,6,10,59,-9999,120,97,69,31,18,7,3,3,4,3,2,3,17,19,21,9
"02-04-2013",1,3,1,1,1,2,24,61,114,106,56,23,23,25,7,10,5,4,11,22,20,1,10,9
"03-04-2013",7,11,3,3,2,4,8,32,5,12,31,16,3,3,3,1,1,2,2,1,1,1,1,2
"04-04-2013",1,1,1,1,1,2,20,15,33,54,6,4,4,2,2,2,1,2,1,1,13,20,15,4
"05-04-2013",1,1,1,1,1,2,23,39,74,105,22,18,8,9,1,3,1,1,2,4,10,12,10,12
"06-04-2013",6,2,4,7,3,3,8,16,30,34,23,22,6,4,4,4,3,1,1,2,2,3,6,10
"07-04-2013",12,5,9,8,2,1,3,1,2,4,1,1,1,1,1,1,1,1,3,1,1,2,1,1
"08-04-2013",1,1,1,1,2,2,5,6,7,4,5,4,7,8,5,5,4,1,1,1,1,4,2,1
"09-04-2013",1,1,1,1,1,1,6,19,26,16,7,2,3,3,2,2,2,2,2,1,1,1,7,7
"10-04-2013",3,1,1,1,1,2,11,55,45,49,17,5,4,3,2,3,2,3,1,1,1,10,8,6
"11-04-2013",3,1,1,1,1,2,22,68,116,105,37,8,3,2,2,1,1,5,2,1,15,18,13,5
"12-04-2013",1,1,1,1,1,2,17,38,48,34,13,8,4,2,3,2,1,2,2,1,2,12,20,10
"13-04-2013",5,3,3,1,1,7,6,15,16,19,19,22,10,5,3,2,2,2,1,1,1,2,4,12
"14-04-2013",17,10,1,1,1,1,1,1,1,1,1,3,15,4,1,1,1,1,1,1,2,14,13,6
"15-04-2013",1,1,1,1,1,1,1,6,7,10,7,2,2,2,2,2,2,1,2,1,1,1,4,2
"16-04-2013",1,1,3,1,1,1,2,8,7,8,9,3,3,3,2,2,2,2,2,2,3,2,1,1
"17-04-2013",1,1,1,1,1,1,1,3,3,5,4,4,6,5,5,4,3,3,1,2,8,14,8,6
"18-04-2013",1,1,1,1,1,1,8,26,14,3,1,3,3,3,3,1,1,1,1,1,1,2,4,4
"19-04-2013",1,1,1,1,3,2,13,11,5,7,1,2,2,3,1,1,1,1,1,2,8,16,19,7
"20-04-2013",3,2,1,1,1,3,4,11,16,31,10,2,2,1,1,1,2,1,1,1,1,2,1,4
"21-04-2013",7,2,1,1,1,2,5,19,16,22,19,6,5,1,1,1,1,1,1,1,1,2,7,4
"22-04-2013",1,1,1,1,1,1,6,33,42,20,9,4,3,3,2,2,1,1,1,1,1,10,4,3
"23-04-2013",2,1,1,1,1,1,12,28,19,10,5,2,2,2,2,2,1,1,1,1,1,9,9,8
"24-04-2013",5,1,1,1,1,3,20,69,28,19,23,15,8,4,3,2,2,2,2,1,2,12,17,5
"25-04-2013",1,1,1,1,1,1,9,41,10,21,17,27,13,5,1,1,2,2,2,1,3,9,12,14
"26-04-2013",9,2,5,2,2,1,16,53,32,36,36,29,9,5,3,1,3,2,2,1,3,14,9,12
"27-04-2013",4,10,2,1,1,1,3,23,17,9,6,2,1,1,1,2,1,2,1,1,1,1,4,4
"28-04-2013",1,1,1,1,1,1,3,8,14,8,6,6,3,1,1,1,1,1,1,1,1,1,4,4
"29-04-2013",2,1,1,1,1,1,8,17,9,16,19,11,7,3,1,1,1,2,2,1,4,19,20,6
"30-04-2013",1,1,1,1,1,1,10,46,15,24,23,23,12,4,2,1,2,2,1,1,3,10,3,3
"01-05-2013",1,1,1,1,1,1,4,14,12,13,8,6,2,3,3,1,1,1,1,1,1,11,5,2
"02-05-2013",3,2,1,1,1,1,10,29,27,19,3,2,2,3,1,2,2,1,1,1,2,10,8,6
"03-05-2013",3,1,1,1,1,1,6,9,7,8,7,2,1,1,1,1,1,1,1,1,2,3,3,2
"04-05-2013",4,1,1,1,1,1,3,7,5,7,9,7,5,2,1,1,1,1,1,1,1,3,2,1
"05-05-2013",1,1,1,1,1,1,1,2,4,7,4,3,3,1,1,1,1,1,1,1,1,1,1,1
"06-05-2013",1,1,1,1,1,1,1,4,4,2,3,1,1,1,1,2,1,1,1,1,1,1,3,2
"07-05-2013",1,1,1,1,2,2,7,8,3,3,2,2,1,1,1,1,1,1,1,1,1,2,5,5
"08-05-2013",1,1,1,1,1,1,17,25,4,3,2,1,1,1,1,1,1,1,1,1,1,1,2,1
"09-05-2013",1,1,1,1,1,1,1,3,4,2,1,1,1,1,2,1,1,2,3,2,3,4,2,3
"10-05-2013",2,3,1,1,1,3,3,1,23,25,7,4,3,1,1,1,1,1,1,1,1,1,4,4
"11-05-2013",2,1,1,1,2,1,3,18,17,12,6,5,2,1,1,1,1,1,1,1,1,1,1,2
"12-05-2013",2,1,1,1,1,1,1,1,1,1,3,2,1,1,1,1,2,1,1,1,1,1,1,1
"13-05-2013",1,1,1,1,1,1,2,5,7,7,5,3,3,2,4,2,5,3,2,4,3,3,3,2
"14-05-2013",1,1,1,1,1,1,1,2,4,3,3,4,3,3,5,3,2,1,1,2,2,1,1,1
"15-05-2013",1,1,1,1,1,1,9,31,33,10,6,4,2,1,1,2,1,2,1,1,1,1,2,4
"16-05-2013",2,2,1,1,1,1,12,21,18,10,4,4,3,2,2,2,2,1,1,2,1,1,3,1
"17-05-2013",1,1,1,1,1,1,10,23,16,11,8,3,4,2,2,2,2,2,2,1,1,2,7,4
"18-05-2013",4,6,3,2,2,2,7,11,13,11,5,3,2,2,2,2,2,2,1,1,7,10,5,2
"19-05-2013",4,7,2,1,1,1,6,15,16,11,7,4,3,2,1,1,1,2,1,1,1,1,8,12
"20-05-2013",3,4,2,1,1,1,9,31,11,11,8,6,3,3,4,3,3,3,2,2,1,2,8,6
"21-05-2013",3,5,1,1,1,1,10,5,4,2,2,2,1,2,3,2,1,1,1,1,1,4,4,4
"22-05-2013",4,3,1,1,1,1,13,25,9,7,6,3,2,3,2,3,2,2,1,1,2,3,10,7
"23-05-2013",2,2,1,1,1,1,1,1,1,1,1,1,1,1,2,2,1,2,1,1,1,1,1,1
"24-05-2013",1,1,1,1,1,1,1,2,2,2,2,2,1,1,2,1,1,1,1,1,1,1,1,1
"25-05-2013",1,1,1,1,1,1,2,6,1,2,2,1,1,1,1,1,1,1,1,1,1,1,1,1
"26-05-2013",1,1,1,1,1,1,1,1,1,1,1,1,1,1,1,1,1,1,1,1,1,1,1,1
"27-05-2013",1,1,1,1,1,1,9,20,6,4,2,1,1,1,1,1,1,1,1,1,1,1,1,1
"28-05-2013",1,1,1,1,1,1,7,7,12,5,6,3,2,2,2,2,2,1,2,1,1,1,3,1
"29-05-2013",1,1,1,1,1,1,11,19,8,6,5,2,2,2,2,1,1,1,1,1,1,6,3,3
"30-05-2013",1,2,2,2,1,1,8,29,9,2,1,1,1,1,1,1,1,1,1,1,2,1,1,1
"31-05-2013",1,1,1,1,1,1,1,2,2,4,3,1,1,1,1,1,2,2,1,1,1,1,1,1
"01-06-2013",1,1,1,3,1,1,5,3,2,3,2,1,2,1,1,1,1,1,1,1,1,1,1,1
"02-06-2013",1,1,1,1,1,1,1,1,1,1,1,1,1,1,1,1,1,1,1,1,1,3,8,7
"03-06-2013",4,2,2,1,1,1,12,29,5,4,3,2,2,2,1,1,1,1,1,1,1,1,1,1
"04-06-2013",1,1,1,1,1,1,1,4,5,3,3,2,2,3,2,2,3,1,1,1,1,1,1,1
"05-06-2013",1,1,1,1,1,1,8,11,24,16,6,4,3,1,1,1,2,1,1,1,1,1,1,2
"06-06-2013",2,1,1,1,1,1,12,11,3,3,3,3,2,2,2,1,4,5,3,1,1,1,1,3
"07-06-2013",2,1,1,1,1,2,2,1,4,7,7,1,1,2,2,2,2,2,1,1,1,1,1,2
"08-06-2013",1,1,1,1,1,1,1,2,3,3,4,3,2,2,1,1,1,1,1,1,1,2,1,1
"09-06-2013",3,1,2,1,1,1,2,4,7,4,3,2,2,2,1,1,1,1,1,1,1,1,1,1
"10-06-2013",2,1,1,1,1,1,15,25,11,4,2,2,2,2,3,3,2,1,1,1,2,2,1,1
"11-06-2013",1,1,1,1,1,1,2,3,6,8,3,3,2,3,2,1,1,1,1,2,2,1,1,1
"12-06-2013",1,1,1,1,1,1,1,3,4,4,3,2,1,1,2,1,1,1,1,1,2,5,4,2
"13-06-2013",2,1,2,1,1,1,1,5,5,4,6,5,5,3,3,2,2,1,3,3,1,1,2,2
"14-06-2013",3,1,1,1,1,1,2,6,4,4,6,6,6,3,4,2,2,2,2,1,2,3,13,6
"15-06-2013",4,2,2,2,2,3,9,29,21,6,7,2,2,1,1,1,1,1,1,1,1,1,2,3
"16-06-2013",3,5,3,1,1,1,3,9,9,4,2,2,1,1,1,1,2,1,1,2,1,1,5,6
"17-06-2013",6,2,1,1,1,1,10,9,12,17,8,3,3,2,2,3,3,2,1,2,1,1,6,4
"18-06-2013",1,1,1,1,1,2,11,13,11,16,8,8,4,3,2,2,2,2,2,2,2,5,7,12
"19-06-2013",5,3,1,1,1,1,16,12,6,4,5,4,2,2,2,2,2,1,1,2,1,2,8,4
"20-06-2013",2,2,2,1,1,1,10,13,5,3,3,3,4,4,4,3,2,2,2,3,1,1,1,3
"21-06-2013",2,1,1,1,1,1,2,1,2,2,2,2,2,3,2,3,2,2,2,1,2,2,3,2
"22-06-2013",2,2,1,1,1,1,6,5,5,2,2,1,2,2,1,2,2,2,2,2,1,2,3,6
"23-06-2013",5,3,2,1,1,1,4,6,6,3,3,2,2,2,1,2,1,2,2,2,1,2,2,1
"24-06-2013",1,1,1,1,1,1,2,4,6,6,6,2,2,1,1,1,1,1,2,1,1,1,2,2
"25-06-2013",2,1,1,1,1,1,6,10,6,9,4,4,3,3,2,2,2,2,2,2,1,1,2,2
"26-06-2013",1,1,1,1,1,1,1,2,3,4,3,3,3,2,2,2,2,2,2,2,2,1,1,1
"27-06-2013",1,1,1,1,1,1,1,2,2,3,4,4,4,3,3,2,2,2,2,2,3,3,2,1
"28-06-2013",1,1,1,1,1,1,2,5,9,5,4,4,3,4,3,4,3,4,4,2,1,1,2,3
"29-06-2013",2,3,1,1,1,1,5,5,6,6,6,3,2,2,2,2,1,1,1,1,1,1,1,1
"30-06-2013",1,1,1,1,1,1,1,1,1,1,1,1,1,1,1,1,1,1,1,1,1,1,1,1
"01-07-2013",1,1,1,1,1,1,1,1,2,2,2,2,2,2,2,2,2,1,1,1,1,2,1,1
"02-07-2013",1,1,1,1,1,1,1,2,4,2,4,2,4,3,3,2,2,1,1,1,1,1,1,1
"03-07-2013",2,2,1,1,1,1,5,3,6,12,8,5,4,3,2,2,2,1,2,1,1,1,1,1
"04-07-2013",2,2,1,1,1,1,4,5,4,8,8,5,3,3,3,2,2,2,1,1,1,1,1,2
"05-07-2013",3,1,1,1,1,1,8,8,5,3,5,4,3,3,3,3,2,3,2,2,3,12,3,7
"06-07-2013",3,1,1,1,1,1,1,1,3,3,2,2,2,1,2,2,1,2,2,3,1,1,2,1
"07-07-2013",1,1,2,1,1,1,1,1,1,1,1,1,1,1,1,1,1,1,1,1,2,2,2,1
"08-07-2013",1,1,1,1,1,1,1,3,4,2,3,2,2,2,2,3,2,5,2,1,1,4,5,3
"09-07-2013",5,4,1,1,1,1,3,5,4,3,4,3,4,3,4,3,2,3,2,1,1,1,1,1
"10-07-2013",1,1,1,1,1,1,2,8,9,12,2,2,3,3,3,3,3,2,2,1,1,2,3,1
"11-07-2013",1,2,1,1,1,1,2,4,7,13,13,3,3,3,2,2,2,3,3,2,1,2,1,1
"12-07-2013",1,1,1,1,1,1,1,3,5,2,3,2,2,3,2,2,1,2,1,2,1,2,2,1
"13-07-2013",3,3,1,1,1,1,1,2,2,1,2,1,1,2,1,1,1,1,1,1,1,1,1,1
"14-07-2013",1,1,1,1,1,1,1,1,1,1,2,3,1,1,1,1,1,1,1,1,1,1,1,1
"15-07-2013",1,1,1,1,1,1,1,1,2,3,4,2,2,1,1,1,1,2,2,1,2,1,1,1
"16-07-2013",2,2,1,1,1,1,1,1,2,2,2,3,2,2,1,1,2,2,1,1,2,1,1,1
"17-07-2013",1,1,1,1,1,1,2,5,5,4,3,4,4,4,4,6,5,4,2,1,1,1,3,3
"18-07-2013",5,4,3,1,1,1,6,20,11,4,5,4,3,4,4,4,2,2,1,2,3,17,13,9
"19-07-2013",10,6,2,1,1,1,8,13,10,13,5,3,2,4,2,2,3,1,1,1,1,1,2,1
"20-07-2013",2,2,1,1,1,1,3,3,6,12,5,3,2,2,2,2,1,1,1,1,1,1,3,1
"21-07-2013",1,1,1,1,1,1,1,1,1,1,1,2,1,1,2,1,1,1,1,1,1,1,1,1
"22-07-2013",1,1,1,1,1,1,1,6,5,4,3,4,3,3,3,3,2,2,1,1,1,4,7,5
"23-07-2013",2,4,1,1,1,1,5,18,14,11,8,4,3,3,2,1,2,2,2,2,1,1,2,1
"24-07-2013",1,1,1,1,1,1,9,47,44,28,8,4,3,3,2,2,1,2,1,1,1,1,2,1
"25-07-2013",3,2,1,2,1,2,11,22,28,16,19,6,4,3,2,2,2,2,1,2,1,1,1,2
"26-07-2013",2,3,1,1,1,2,5,5,4,2,2,2,2,2,2,1,1,1,1,2,1,1,3,2
"27-07-2013",2,2,2,1,1,1,1,1,1,1,2,1,1,1,1,1,1,1,1,1,1,1,1,1
"28-07-2013",1,1,1,1,1,1,2,3,2,2,1,1,2,2,2,1,1,2,1,1,1,1,3,4
"29-07-2013",3,1,1,1,1,1,8,14,6,7,7,2,2,2,2,4,2,2,2,1,1,3,5,2
"30-07-2013",3,2,1,1,1,2,11,12,6,11,8,6,4,2,3,2,2,2,2,2,1,2,3,1
"31-07-2013",1,1,1,1,1,1,1,2,3,2,4,3,3,3,2,2,1,1,1,1,1,1,1,1
"01-08-2013",1,1,1,1,1,1,1,1,2,3,2,5,5,2,3,5,2,2,2,1,1,1,1,1
"02-08-2013",2,1,1,1,1,1,3,4,6,4,4,3,2,2,3,3,1,2,1,1,1,1,1,2
"03-08-2013",1,1,1,1,1,1,2,5,8,9,5,3,2,2,2,2,2,2,1,1,1,1,1,1
"04-08-2013",1,1,1,1,1,1,1,6,6,6,5,3,2,3,1,1,1,1,1,1,1,1,1,2
"05-08-2013",1,1,1,1,1,1,2,5,3,4,3,3,2,2,2,2,2,2,1,1,1,3,5,3
"06-08-2013",1,1,1,1,1,1,5,7,6,4,3,3,3,2,2,2,2,1,1,1,1,1,2,2
"07-08-2013",1,1,1,2,6,2,6,25,12,2,2,2,3,2,2,1,1,1,1,1,1,1,3,3
"08-08-2013",2,1,1,1,1,1,2,4,6,12,24,5,3,2,3,2,1,1,1,1,1,2,3,3
"09-08-2013",2,2,1,1,1,1,5,13,7,7,7,3,2,2,2,2,2,2,1,1,1,1,1,4
"10-08-2013",2,1,1,1,1,1,2,5,4,4,4,2,2,1,1,1,1,1,1,1,1,2,2,3
"11-08-2013",2,1,1,1,1,1,1,1,1,3,2,1,1,1,1,1,1,2,1,1,3,4,3,3
"12-08-2013",1,1,1,1,1,1,7,18,17,9,7,6,2,2,2,2,2,1,1,1,1,1,2,2
"13-08-2013",2,1,1,1,1,1,3,16,13,7,5,4,2,2,2,2,1,2,1,1,1,1,2,2
"14-08-2013",1,1,1,1,1,1,5,13,8,5,4,2,3,2,2,1,1,1,1,1,2,3,2,3
"15-08-2013",2,1,1,1,1,1,2,3,4,5,6,2,1,1,1,1,1,1,1,1,1,2,2,1
"16-08-2013",1,1,1,1,1,1,1,1,1,3,4,1,1,1,1,2,1,2,1,1,1,1,1,1
"17-08-2013",1,1,1,1,1,1,2,6,5,2,3,2,2,2,2,2,1,1,1,1,1,1,2,2
"18-08-2013",3,2,1,1,1,1,1,3,3,2,1,1,2,1,1,2,1,1,1,1,1,1,1,1
"19-08-2013",2,1,1,1,1,1,4,10,9,8,5,2,3,3,3,3,1,1,2,1,1,4,3,2
"20-08-2013",2,1,1,1,1,1,5,17,8,8,5,4,2,2,1,2,2,1,1,1,1,2,4,5
"21-08-2013",3,1,1,1,1,1,1,1,1,1,1,2,2,2,2,2,2,1,1,1,1,4,3,2
"22-08-2013",2,1,1,1,1,1,4,14,7,3,12,6,3,3,3,2,1,1,1,1,1,1,3,3
"23-08-2013",2,1,1,1,1,1,10,17,5,4,2,3,3,3,3,2,2,1,1,1,1,1,1,1
"24-08-2013",1,1,1,1,1,1,3,8,13,5,4,2,2,2,2,2,1,1,1,1,1,2,3,1
"25-08-2013",1,1,1,1,1,1,3,4,3,7,4,3,2,1,1,1,1,1,1,1,1,2,6,4
"26-08-2013",2,1,1,1,1,1,5,42,16,11,9,6,3,2,2,6,3,2,2,1,1,2,3,3
"27-08-2013",2,1,1,1,1,1,4,28,17,18,11,6,6,4,3,3,2,2,2,3,2,5,9,10
"28-08-2013",9,3,2,3,2,3,12,13,10,9,11,6,4,2,3,2,2,3,2,3,12,35,9,5
"29-08-2013",4,2,2,2,2,4,14,58,30,21,4,3,2,2,2,1,1,1,2,2,2,3,2,1
"30-08-2013",1,1,1,1,1,1,1,1,2,5,6,5,3,2,2,1,2,1,1,1,1,1,1,1
"31-08-2013",1,1,1,1,1,1,1,1,1,1,1,2,1,1,1,2,2,1,1,1,1,1,3,3
"01-09-2013",3,2,2,1,1,1,1,4,3,4,3,3,2,2,1,2,1,2,1,1,1,1,1,1
"02-09-2013",1,1,1,1,1,1,2,2,6,26,4,4,4,6,3,3,4,3,2,2,5,14,8,5
"03-09-2013",8,3,3,2,1,1,9,53,19,6,7,5,3,2,2,2,1,2,2,2,2,3,2,1
"04-09-2013",1,1,1,1,1,1,1,3,4,3,3,3,3,3,2,2,2,2,2,1,2,2,1,1
"05-09-2013",1,1,1,1,1,1,6,10,10,18,13,5,3,3,3,3,3,2,2,1,1,1,1,1
"06-09-2013",1,1,1,1,1,1,7,32,22,17,9,5,4,4,3,3,2,2,1,2,1,1,4,4
"07-09-2013",2,1,1,1,1,1,4,16,8,13,9,4,2,1,1,1,1,1,1,1,1,1,2,3
"08-09-2013",2,1,1,1,1,1,1,1,1,1,1,2,1,1,1,1,1,1,1,1,1,1,1,2
"09-09-2013",1,1,1,1,1,1,3,36,19,11,9,4,3,3,3,2,2,2,2,1,1,1,1,1
"10-09-2013",1,1,1,1,1,1,8,24,14,9,5,2,2,2,2,2,2,2,2,1,1,1,1,3
"11-09-2013",2,1,1,1,1,1,4,28,47,12,8,4,3,3,2,3,1,3,4,4,4,2,3,2
"12-09-2013",3,3,1,1,1,1,4,37,23,14,9,5,6,3,2,3,2,2,2,6,20,20,7,2
"13-09-2013",3,2,2,1,2,2,10,36,48,23,22,18,10,5,2,2,3,2,3,4,3,2,2,1
"14-09-2013",1,1,1,1,1,1,1,2,3,5,4,2,2,2,1,1,1,2,2,2,4,3,1,1
"15-09-2013",3,6,4,1,1,1,2,6,15,16,9,3,1,1,1,1,1,1,1,1,4,8,8,3
"16-09-2013",1,1,1,1,1,1,6,42,65,80,77,64,17,2,5,3,3,4,2,3,6,14,7,6
"17-09-2013",4,3,1,1,1,1,14,51,44,19,16,6,7,4,3,2,2,2,3,2,4,9,14,7
"18-09-2013",3,2,2,1,1,3,2,3,3,6,5,9,9,5,3,3,2,2,2,5,3,3,2,1
"19-09-2013",3,1,1,1,1,2,9,41,63,38,29,16,9,4,4,2,3,3,2,1,3,8,4,2
"20-09-2013",1,1,1,1,1,1,1,2,3,4,4,4,3,3,3,3,2,2,2,2,2,1,1,1
"21-09-2013",1,1,1,1,1,1,1,1,2,2,4,3,2,1,1,1,2,1,2,1,1,2,1,1
"22-09-2013",1,1,1,1,1,1,1,1,2,1,2,2,2,1,2,1,1,1,1,1,1,3,4,3
"23-09-2013",2,1,1,1,1,1,1,6,7,4,4,5,5,4,3,3,2,2,2,2,2,3,2,1
"24-09-2013",1,1,1,1,1,1,1,4,5,3,3,3,3,3,3,3,2,2,2,3,4,5,2,1
"25-09-2013",1,2,1,1,1,3,9,56,49,54,45,38,24,7,6,4,4,2,1,1,11,16,7,5
"26-09-2013",3,1,1,1,1,2,13,51,68,33,38,22,18,5,1,2,4,3,2,2,2,9,12,5
"27-09-2013",4,2,2,1,1,3,16,55,45,20,14,4,3,2,2,4,4,3,2,1,4,13,16,11
"28-09-2013",5,4,2,1,1,1,2,4,11,2,4,3,1,2,2,2,2,2,1,1,1,2,3,4
"29-09-2013",3,2,2,1,1,1,4,9,10,7,4,3,2,2,1,1,1,1,1,1,1,1,1,1
"30-09-2013",1,1,1,1,1,1,3,8,35,7,4,4,3,3,4,2,2,2,4,5,3,6,6,4
"01-10-2013",1,2,1,1,1,2,14,59,27,22,10,6,3,3,3,3,4,4,3,2,2,2,3,1
"02-10-2013",1,2,1,1,1,1,2,2,4,5,5,4,4,3,3,3,2,3,3,2,3,3,3,2
"03-10-2013",3,2,1,1,1,1,2,4,4,7,5,6,4,3,3,2,2,2,2,2,1,1,1,1
"04-10-2013",1,1,1,1,1,1,1,4,5,6,7,4,4,4,4,4,4,2,2,4,5,11,8,9
"05-10-2013",6,2,1,1,1,1,5,10,17,6,9,9,5,2,1,1,1,1,1,1,5,3,4,3
"06-10-2013",2,2,1,3,2,1,3,4,3,2,3,2,2,2,2,1,2,1,1,1,4,3,4,3
"07-10-2013",2,1,1,1,1,1,8,43,96,58,7,5,2,3,2,2,2,2,2,1,7,3,1,2
"08-10-2013",1,1,1,1,1,1,2,6,7,2,7,4,3,4,3,2,2,1,1,1,11,18,8,5
"09-10-2013",1,1,1,1,1,1,11,39,79,20,37,8,4,4,2,4,4,2,1,1,4,8,3,1
"10-10-2013",1,1,1,1,1,1,5,15,10,2,2,3,5,6,7,5,3,2,2,3,6,5,13,15
"11-10-2013",13,4,1,1,3,4,16,69,116,80,90,109,56,41,24,9,5,3,6,30,37,18,37,24
"12-10-2013",18,10,8,9,3,2,16,31,39,44,41,46,30,11,8,5,3,2,3,18,37,51,47,21
"13-10-2013",16,9,5,7,3,5,10,29,40,31,16,13,5,3,2,2,2,2,1,1,1,1,1,1
"14-10-2013",1,1,1,1,1,1,1,5,4,2,2,2,2,2,1,2,4,3,2,1,1,1,1,4
"15-10-2013",-9999,-9999,-9999,-9999,-9999,-9999,-9999,-9999,-9999,-9999,-9999,-9999,-9999,-9999,-9999,-9999,-9999,-9999,-9999,-9999,-9999,-9999,-9999,-9999
"16-10-2013",39,1,1,-9999,18,1,8,34,96,29,12,6,8,3,4,4,3,1,2,4,15,21,9,9
"17-10-2013",4,1,1,1,1,1,1,2,4,3,3,4,4,4,4,3,2,2,2,3,3,5,2,1
"18-10-2013",1,1,1,1,1,1,1,2,2,2,4,3,3,3,3,3,2,2,2,3,2,3,2,3
"19-10-2013",1,1,1,1,1,1,1,2,3,6,5,2,2,3,2,3,2,3,7,13,8,23,13,14
"20-10-2013",2,5,1,2,1,1,6,7,12,33,37,19,8,3,3,2,1,1,1,2,6,6,3,2
"21-10-2013",1,1,1,1,1,2,12,42,93,63,57,50,33,7,7,6,3,1,2,22,17,20,18,7
"22-10-2013",3,2,1,1,1,2,25,86,127,82,47,42,37,25,10,4,2,2,7,18,16,19,9,5
"23-10-2013",3,2,1,2,1,2,14,60,110,117,55,28,22,6,7,5,2,1,2,18,16,9,5,3
"24-10-2013",1,1,1,1,1,2,17,46,80,61,50,54,29,11,5,5,2,2,2,19,17,9,9,5
"25-10-2013",2,2,1,1,1,2,23,72,139,80,62,41,14,5,5,3,2,2,1,7,25,18,10,7
"26-10-2013",3,3,1,2,9,24,27,32,42,40,6,5,5,3,2,1,1,1,1,8,10,8,7,4
"27-10-2013",4,2,1,2,12,14,5,1,5,15,15,7,8,3,2,1,2,1,1,5,7,6,5,4
"28-10-2013",2,1,2,9,17,13,1,1,2,4,11,6,7,8,7,5,3,2,5,22,11,23,10,5
"29-10-2013",3,1,1,1,1,2,4,10,21,29,20,14,20,22,6,2,2,10,35,45,56,22,11,29
"30-10-2013",10,8,2,1,2,4,25,63,30,48,29,26,23,19,14,8,21,24,47,17,20,15,9,4
"31-10-2013",2,8,3,2,2,5,21,71,69,60,45,18,11,2,2,2,4,17,11,12,19,33,5,14
"01-11-2013",5,3,2,1,1,1,13,26,12,7,6,3,6,4,3,2,3,2,29,25,18,15,15,12
"02-11-2013",5,5,1,1,7,7,22,31,41,29,20,8,4,2,2,2,1,2,24,13,12,7,7,4
"03-11-2013",3,3,2,2,4,18,26,35,43,22,13,7,2,2,1,1,1,7,16,20,11,15,5,5
"04-11-2013",2,4,2,2,1,1,14,80,62,50,39,37,17,5,5,6,12,32,56,50,18,14,10,6
"05-11-2013",3,2,4,1,1,3,19,82,94,40,26,12,4,2,3,2,1,1,1,1,1,1,1,1
"06-11-2013",1,1,1,1,1,1,1,1,1,2,1,1,2,1,1,1,5,7,12,2,10,4,2,1
"07-11-2013",1,1,1,1,1,1,1,9,15,8,13,8,6,3,5,6,6,26,40,35,37,66,33,11
"08-11-2013",4,1,1,2,2,2,16,64,66,68,58,20,6,3,5,3,3,14,33,24,18,10,11,6
"09-11-2013",3,2,13,8,7,19,20,35,36,4,9,8,13,7,7,2,3,1,1,1,2,2,2,1
"10-11-2013",1,2,4,8,10,3,12,24,31,31,23,9,3,4,1,2,1,2,1,1,3,5,10,2
"11-11-2013",1,1,1,1,1,1,1,6,7,27,27,42,-9999,-9999,-9999,108,115,142,146,160,15,6,7,9
"12-11-2013",3,2,1,1,1,1,1,2,3,4,3,3,3,3,3,3,3,2,2,2,1,2,2,2
"13-11-2013",1,1,1,1,1,1,2,6,4,5,4,3,4,3,3,5,4,4,4,4,3,1,1,1
"14-11-2013",1,1,1,1,1,1,4,7,6,5,3,3,4,3,4,5,4,2,6,4,3,2,2,3
"15-11-2013",3,2,1,1,1,2,5,11,15,14,12,11,8,8,11,11,8,16,10,8,10,17,6,6
"16-11-2013",7,4,2,2,1,2,4,10,5,4,3,4,4,3,3,2,2,2,5,10,13,24,13,2
"17-11-2013",5,3,7,5,2,3,8,22,15,13,9,4,5,4,3,2,1,13,35,26,37,15,25,11
"18-11-2013",12,5,3,3,2,4,40,113,98,69,45,25,19,5,3,4,-9999,-9999,-9999,-9999,-9999,-9999,-9999,-9999
"19-11-2013",-9999,-9999,-9999,-9999,-9999,-9999,-9999,-9999,-9999,-9999,-9999,-9999,-9999,-9999,-9999,-9999,-9999,-9999,-9999,-9999,-9999,-9999,-9999,-9999
