"01-01-2014",-9999,-9999,-9999,-9999,-9999,-9999,-9999,-9999,-9999,-9999,-9999,-9999,-9999,-9999,-9999,-9999,-9999,-9999,-9999,-9999,-9999,-9999,-9999,-9999
"02-01-2014",-9999,-9999,-9999,-9999,-9999,-9999,-9999,-9999,-9999,-9999,-9999,-9999,-9999,-9999,-9999,-9999,-9999,-9999,-9999,-9999,-9999,-9999,-9999,-9999
"03-01-2014",-9999,-9999,-9999,-9999,-9999,-9999,-9999,-9999,-9999,-9999,-9999,-9999,-9999,-9999,-9999,-9999,-9999,-9999,-9999,-9999,-9999,-9999,-9999,-9999
"04-01-2014",-9999,-9999,-9999,-9999,-9999,-9999,-9999,-9999,-9999,-9999,-9999,-9999,-9999,-9999,-9999,-9999,-9999,-9999,-9999,-9999,-9999,-9999,-9999,-9999
"05-01-2014",-9999,-9999,-9999,-9999,-9999,-9999,-9999,-9999,-9999,-9999,-9999,-9999,-9999,-9999,-9999,-9999,-9999,-9999,-9999,-9999,-9999,-9999,-9999,-9999
"06-01-2014",-9999,-9999,-9999,-9999,-9999,-9999,-9999,-9999,-9999,-9999,-9999,-9999,-9999,-9999,-9999,-9999,-9999,-9999,-9999,-9999,-9999,-9999,-9999,-9999
"07-01-2014",-9999,-9999,-9999,-9999,-9999,-9999,-9999,-9999,-9999,-9999,-9999,-9999,-9999,-9999,-9999,-9999,-9999,-9999,-9999,-9999,-9999,-9999,-9999,-9999
"08-01-2014",-9999,-9999,-9999,-9999,-9999,-9999,-9999,-9999,-9999,-9999,-9999,-9999,-9999,-9999,-9999,-9999,-9999,-9999,-9999,-9999,-9999,-9999,-9999,-9999
"09-01-2014",-9999,-9999,-9999,-9999,-9999,-9999,-9999,-9999,-9999,-9999,-9999,-9999,-9999,-9999,-9999,-9999,-9999,-9999,-9999,-9999,-9999,-9999,-9999,-9999
"10-01-2014",-9999,-9999,-9999,-9999,-9999,-9999,-9999,-9999,-9999,-9999,-9999,-9999,-9999,-9999,-9999,-9999,-9999,-9999,-9999,-9999,-9999,-9999,-9999,-9999
"11-01-2014",-9999,-9999,-9999,-9999,-9999,-9999,-9999,-9999,-9999,-9999,-9999,-9999,-9999,-9999,-9999,-9999,-9999,-9999,-9999,-9999,-9999,-9999,-9999,-9999
"12-01-2014",-9999,-9999,-9999,-9999,-9999,-9999,-9999,-9999,-9999,-9999,-9999,-9999,-9999,-9999,-9999,-9999,-9999,-9999,-9999,-9999,-9999,-9999,-9999,-9999
"13-01-2014",-9999,-9999,-9999,-9999,-9999,-9999,-9999,-9999,-9999,-9999,-9999,-9999,-9999,-9999,-9999,-9999,-9999,-9999,-9999,-9999,-9999,-9999,-9999,-9999
"14-01-2014",-9999,-9999,-9999,-9999,-9999,-9999,-9999,-9999,-9999,-9999,-9999,-9999,-9999,-9999,-9999,-9999,-9999,-9999,-9999,-9999,-9999,-9999,-9999,-9999
"15-01-2014",-9999,-9999,-9999,-9999,-9999,-9999,-9999,-9999,-9999,-9999,-9999,-9999,-9999,-9999,-9999,-9999,-9999,-9999,-9999,-9999,-9999,-9999,-9999,-9999
"16-01-2014",-9999,-9999,-9999,-9999,-9999,-9999,-9999,-9999,-9999,-9999,-9999,-9999,-9999,-9999,-9999,-9999,-9999,-9999,-9999,-9999,-9999,-9999,-9999,-9999
"17-01-2014",-9999,-9999,-9999,-9999,-9999,-9999,-9999,-9999,-9999,-9999,-9999,-9999,-9999,-9999,-9999,-9999,-9999,-9999,-9999,-9999,-9999,-9999,-9999,-9999
"18-01-2014",-9999,-9999,-9999,-9999,-9999,-9999,-9999,-9999,-9999,-9999,-9999,-9999,-9999,-9999,-9999,-9999,-9999,-9999,-9999,-9999,-9999,-9999,-9999,-9999
"19-01-2014",-9999,-9999,-9999,-9999,-9999,-9999,-9999,-9999,-9999,-9999,-9999,-9999,-9999,-9999,-9999,-9999,-9999,-9999,-9999,-9999,-9999,-9999,-9999,-9999
"20-01-2014",-9999,-9999,-9999,-9999,-9999,-9999,-9999,-9999,-9999,-9999,-9999,-9999,-9999,-9999,-9999,-9999,-9999,-9999,-9999,-9999,-9999,-9999,-9999,-9999
"21-01-2014",-9999,-9999,-9999,-9999,-9999,-9999,-9999,-9999,-9999,-9999,-9999,-9999,5,4,4,4,3,3,3,3,3,3,3,3
"22-01-2014",3,3,3,3,3,3,3,5,4,4,4,5,4,4,3,4,5,3,4,5,4,3,3,4
"23-01-2014",3,3,3,3,3,3,3,4,5,7,8,8,5,4,3,3,3,4,5,3,4,7,3,3
"24-01-2014",3,3,3,3,3,3,3,10,5,4,4,4,4,9,4,5,3,4,3,3,3,4,4,3
"25-01-2014",3,3,3,3,3,3,3,3,3,4,3,4,3,3,3,3,3,4,4,4,4,4,3,4
"26-01-2014",3,3,3,3,3,3,3,3,3,3,3,3,3,3,3,3,3,3,4,3,4,3,3,3
"27-01-2014",3,3,3,3,3,3,3,3,3,4,3,4,4,4,4,4,4,4,3,4,4,4,4,3
"28-01-2014",3,3,3,4,3,3,4,7,9,4,4,5,6,5,3,14,4,4,4,3,4,3,3,3
"29-01-2014",3,3,3,3,3,3,3,4,4,4,3,3,4,3,4,3,4,3,3,3,3,3,3,3
"30-01-2014",3,3,3,3,3,3,3,3,-9999,4,7,4,4,4,3,3,3,3,3,3,3,3,4,3
"31-01-2014",3,3,3,3,3,3,3,3,4,3,3,3,3,3,3,3,3,3,3,3,3,3,3,3
"01-02-2014",3,3,3,3,3,3,3,4,3,3,3,4,3,9,4,4,4,4,4,4,4,4,4,4
"02-02-2014",4,3,3,3,3,3,3,3,3,3,3,3,3,3,3,3,3,3,3,3,3,3,3,3
"03-02-2014",3,3,3,3,3,3,3,4,3,3,3,4,3,4,3,4,3,4,8,3,3,3,3,3
"04-02-2014",3,3,3,3,3,3,3,3,3,3,3,3,3,3,3,3,3,3,3,3,3,3,3,3
"05-02-2014",3,3,3,3,3,3,3,3,3,3,3,3,3,3,3,5,3,3,3,4,4,4,4,3
"06-02-2014",4,3,3,3,3,3,5,13,4,3,4,5,5,6,4,4,4,5,5,4,3,4,3,3
"07-02-2014",3,3,3,3,3,3,3,3,3,3,3,3,3,3,3,3,3,3,4,4,4,3,4,4
"08-02-2014",3,4,3,4,3,3,3,4,4,4,6,4,4,4,4,4,3,3,4,4,4,4,4,3
"09-02-2014",4,3,3,3,3,3,3,3,3,3,3,4,4,4,3,4,4,4,4,4,3,3,3,3
"10-02-2014",3,3,3,3,3,3,12,6,4,7,12,7,5,5,4,4,5,4,7,6,11,6,10,5
"11-02-2014",6,4,3,4,3,3,5,5,4,5,9,5,5,4,4,4,4,4,4,4,4,4,6,3
"12-02-2014",3,3,3,3,3,3,3,3,4,4,5,4,4,4,4,3,4,4,3,4,5,4,4,3
"13-02-2014",3,3,4,4,4,3,10,4,4,6,9,8,6,5,4,4,4,4,4,4,4,4,3,3
"14-02-2014",4,3,3,3,3,3,5,8,5,7,5,3,3,3,6,3,5,6,3,5,5,4,3,3
"15-02-2014",3,3,3,3,3,4,3,7,4,4,4,4,4,7,4,4,4,3,3,4,4,4,4,3
"16-02-2014",4,3,3,3,4,3,3,4,3,3,3,3,7,10,5,5,5,5,4,4,8,4,8,5
"17-02-2014",4,4,4,3,3,8,8,11,5,6,10,11,6,5,7,7,7,13,4,7,4,11,20,4
"18-02-2014",17,3,4,4,3,11,5,22,6,7,6,7,9,6,7,7,6,7,11,9,6,4,7,5
"19-02-2014",8,4,4,4,4,4,4,10,11,8,7,10,14,11,8,7,6,6,11,5,8,4,5,4
"20-02-2014",4,4,4,4,3,8,4,5,6,4,5,6,5,4,3,4,4,4,3,6,4,5,4,4
"21-02-2014",3,3,3,3,3,4,4,5,6,3,4,4,4,3,4,4,4,4,3,3,3,3,3,3
"22-02-2014",3,3,3,3,3,3,4,8,4,6,4,4,4,6,6,4,4,4,4,5,4,5,6,4
"23-02-2014",4,5,4,4,6,3,3,3,4,5,4,3,4,4,3,3,3,3,3,3,3,3,3,3
"24-02-2014",3,3,3,3,3,3,3,3,3,3,3,3,3,3,4,4,3,6,3,5,3,4,3,3
"25-02-2014",3,3,3,3,3,3,4,4,6,4,4,4,6,4,4,4,4,4,3,3,4,10,4,18
"26-02-2014",3,3,3,3,3,10,7,7,4,4,4,3,3,3,4,4,4,3,3,5,5,4,5,4
"27-02-2014",3,3,3,3,3,17,9,22,4,5,7,8,7,6,5,4,4,4,4,4,5,4,4,4
"28-02-2014",3,3,3,3,3,4,3,6,4,3,6,22,5,5,5,5,6,4,4,4,4,4,4,3
"01-03-2014",3,3,4,3,3,5,3,9,5,4,10,4,4,4,4,4,4,4,3,3,3,4,3,3
"02-03-2014",3,3,3,3,3,3,3,3,4,3,3,3,3,3,3,3,4,3,3,3,3,3,3,4
"03-03-2014",4,4,4,3,3,3,3,3,3,4,3,3,4,4,3,3,4,5,3,3,3,5,3,6
"04-03-2014",3,4,3,3,3,3,4,4,4,4,4,4,3,4,4,4,4,5,4,4,3,4,4,3
"05-03-2014",3,3,3,3,3,3,4,4,14,5,5,5,5,4,4,4,6,4,13,4,10,4,7,3
"06-03-2014",3,3,3,3,3,3,5,6,3,3,4,4,4,4,6,4,4,6,4,4,4,12,14,6
"07-03-2014",11,4,3,3,3,8,4,4,5,7,4,5,3,4,3,4,3,3,3,3,4,3,3,3
"08-03-2014",3,3,3,3,3,3,3,3,4,3,3,3,3,3,3,4,3,3,4,3,3,3,3,3
"09-03-2014",3,3,3,3,3,3,3,3,3,3,3,3,3,3,3,3,3,3,3,3,3,3,3,3
"10-03-2014",3,3,3,3,3,4,4,4,3,3,3,4,3,4,4,4,4,3,3,3,3,3,3,3
"11-03-2014",3,3,3,3,3,3,5,4,3,3,3,3,4,3,4,3,4,3,4,4,4,3,3,4
"12-03-2014",3,3,3,3,3,4,3,4,4,3,5,3,4,4,4,3,4,4,3,4,4,4,4,3
"13-03-2014",3,3,3,3,3,3,3,3,3,4,3,4,3,3,3,3,3,3,3,3,4,3,4,3
"14-03-2014",3,3,3,3,3,3,4,4,3,3,3,3,4,5,5,4,3,3,3,4,5,5,4,10
"15-03-2014",3,3,4,3,4,4,3,4,4,6,5,4,6,6,4,4,4,4,4,6,8,9,4,4
"16-03-2014",4,4,3,3,3,3,3,5,5,4,4,4,3,3,4,3,3,3,3,3,3,4,3,4
"17-03-2014",3,3,3,3,3,12,3,4,4,3,3,3,4,3,3,3,3,3,3,3,4,3,3,3
"18-03-2014",3,3,3,3,3,4,18,10,4,4,4,5,6,7,5,5,5,5,7,4,6,4,14,3
"19-03-2014",3,3,3,3,3,15,14,20,5,5,9,11,5,4,4,4,4,5,4,6,5,9,4,4
"20-03-2014",4,4,4,3,3,4,3,4,4,3,3,3,3,3,3,3,3,3,3,3,3,3,3,3
"21-03-2014",3,3,3,3,3,4,3,3,4,3,3,3,5,3,4,3,4,5,3,5,4,8,4,3
"22-03-2014",3,3,3,3,3,3,3,4,3,4,3,4,3,4,4,4,4,4,5,7,8,6,7,4
"23-03-2014",3,4,4,4,4,3,3,4,5,4,4,5,5,5,4,4,3,4,4,7,3,4,6,3
"24-03-2014",4,4,4,3,3,10,3,16,7,8,8,5,8,5,4,4,4,4,5,4,4,6,8,4
"25-03-2014",3,3,3,3,3,3,3,3,4,3,3,3,4,3,3,3,3,3,6,4,3,4,3,4
"26-03-2014",4,3,3,3,3,3,5,4,4,5,5,4,4,3,3,3,4,3,5,4,4,5,5,7
"27-03-2014",4,4,3,3,3,3,4,4,3,4,4,3,3,4,3,25,4,5,3,4,6,3,4,3
"28-03-2014",3,3,3,3,3,13,4,5,6,5,3,4,3,3,3,3,3,4,7,3,4,3,4,3
"29-03-2014",4,3,4,4,3,5,5,5,4,4,5,4,4,3,4,4,4,3,4,4,4,4,3,3
"30-03-2014",3,3,3,3,3,3,3,3,3,3,3,4,3,3,3,3,3,3,3,3,3,3,3,3
"31-03-2014",3,3,3,3,4,5,3,4,4,4,4,3,3,3,3,3,3,4,4,7,5,18,10,8
"01-04-2014",5,3,4,3,3,6,5,9,4,5,5,6,5,7,7,5,5,4,4,5,5,12,11,12
"02-04-2014",4,4,4,4,3,4,9,7,15,3,5,10,7,6,5,4,4,4,4,6,5,8,5,8
"03-04-2014",4,4,4,3,3,14,13,21,4,4,4,4,5,5,5,4,3,4,3,4,6,14,14,4
"04-04-2014",3,4,3,3,3,6,18,4,4,4,5,5,4,4,4,3,3,4,3,4,4,3,3,4
"05-04-2014",3,3,3,3,3,3,3,3,4,4,5,4,4,4,3,4,3,3,3,4,4,4,3,3
"06-04-2014",3,3,3,3,3,3,3,3,3,4,3,4,3,4,5,6,3,3,4,4,4,3,5,3
"07-04-2014",3,3,3,3,3,4,4,4,4,3,3,3,4,3,4,3,4,3,4,3,3,4,6,20
"08-04-2014",3,3,3,3,3,4,4,4,4,4,4,3,4,3,4,7,4,5,4,14,9,15,22,16
"09-04-2014",4,3,3,3,3,3,4,5,6,5,7,11,6,5,4,4,5,4,4,4,4,4,3,3
"10-04-2014",4,4,3,4,3,16,4,4,4,5,8,4,3,3,4,4,4,4,4,4,4,4,4,4
"11-04-2014",3,3,3,3,3,4,5,4,4,6,5,3,4,3,3,4,4,4,3,4,3,4,4,3
"12-04-2014",3,3,3,3,4,3,3,6,4,4,6,4,4,3,4,3,3,3,-9999,-9999,-9999,-9999,-9999,-9999
"13-04-2014",-9999,-9999,-9999,-9999,-9999,-9999,-9999,-9999,-9999,-9999,-9999,-9999,-9999,-9999,-9999,-9999,-9999,-9999,-9999,-9999,-9999,-9999,-9999,-9999
"14-04-2014",-9999,-9999,-9999,-9999,-9999,-9999,-9999,-9999,-9999,-9999,-9999,-9999,3,3,3,4,4,4,3,4,10,4,4,3
"15-04-2014",3,3,3,3,6,3,17,5,5,6,8,5,4,4,4,3,3,4,3,4,4,6,7,5
"16-04-2014",3,3,3,3,3,4,4,6,4,4,5,4,4,4,3,3,3,3,3,3,4,4,3,3
"17-04-2014",3,4,3,3,3,4,6,5,4,7,6,6,7,4,3,4,3,4,3,3,3,5,3,3
"18-04-2014",3,3,3,3,3,5,3,6,5,5,4,4,4,4,4,3,4,9,4,4,4,3,4,3
"19-04-2014",3,3,3,3,3,3,3,3,3,3,3,4,4,3,3,3,3,3,3,3,3,3,3,3
"20-04-2014",3,3,3,3,3,3,3,3,3,4,3,3,4,3,3,3,3,3,4,3,8,4,12,3
"21-04-2014",3,3,3,3,3,3,3,3,3,4,3,3,3,3,3,3,3,3,3,3,3,3,3,3
"22-04-2014",3,3,3,3,3,12,4,34,5,3,3,3,3,4,5,5,4,4,4,7,16,7,15,5
"23-04-2014",11,3,3,3,4,9,3,7,4,6,3,3,4,5,3,3,3,4,4,5,4,7,3,3
"24-04-2014",5,3,4,3,3,4,4,5,4,5,8,4,4,3,3,4,4,4,3,3,4,3,3,3
"25-04-2014",3,3,3,3,3,10,7,4,4,4,5,3,3,3,3,4,3,4,3,4,8,5,5,4
"26-04-2014",3,3,4,4,3,3,6,4,4,4,4,3,4,4,4,3,4,3,6,3,3,3,3,3
"27-04-2014",-9999,-9999,-9999,-9999,-9999,-9999,-9999,-9999,-9999,-9999,-9999,-9999,-9999,-9999,-9999,-9999,-9999,-9999,-9999,-9999,-9999,-9999,-9999,-9999
"28-04-2014",-9999,-9999,-9999,-9999,-9999,-9999,-9999,-9999,-9999,-9999,-9999,-9999,-9999,-9999,-9999,-9999,-9999,-9999,-9999,-9999,-9999,-9999,-9999,-9999
"29-04-2014",-9999,-9999,-9999,-9999,-9999,-9999,-9999,-9999,-9999,-9999,-9999,-9999,-9999,-9999,-9999,-9999,-9999,-9999,-9999,-9999,-9999,-9999,-9999,-9999
"30-04-2014",-9999,-9999,-9999,-9999,-9999,-9999,-9999,-9999,-9999,-9999,-9999,-9999,-9999,-9999,-9999,-9999,-9999,-9999,-9999,-9999,-9999,-9999,-9999,-9999
"01-05-2014",-9999,-9999,-9999,-9999,-9999,-9999,-9999,-9999,-9999,-9999,-9999,-9999,-9999,-9999,-9999,-9999,-9999,-9999,-9999,-9999,-9999,-9999,-9999,-9999
"02-05-2014",-9999,-9999,-9999,-9999,-9999,-9999,-9999,-9999,-9999,-9999,-9999,-9999,-9999,-9999,-9999,-9999,-9999,-9999,-9999,-9999,-9999,-9999,-9999,-9999
"03-05-2014",-9999,-9999,-9999,-9999,-9999,-9999,-9999,-9999,-9999,-9999,-9999,-9999,-9999,-9999,-9999,-9999,-9999,-9999,-9999,-9999,-9999,-9999,-9999,-9999
"04-05-2014",-9999,-9999,-9999,-9999,-9999,-9999,-9999,-9999,-9999,-9999,-9999,-9999,-9999,-9999,-9999,-9999,-9999,-9999,-9999,-9999,-9999,-9999,-9999,-9999
"05-05-2014",-9999,-9999,-9999,-9999,-9999,-9999,-9999,-9999,-9999,-9999,-9999,-9999,-9999,-9999,-9999,-9999,-9999,-9999,-9999,-9999,-9999,-9999,-9999,-9999
"06-05-2014",-9999,-9999,-9999,-9999,-9999,-9999,-9999,-9999,-9999,-9999,-9999,-9999,-9999,-9999,-9999,-9999,-9999,-9999,-9999,-9999,-9999,-9999,-9999,-9999
"07-05-2014",-9999,-9999,-9999,-9999,-9999,-9999,-9999,-9999,-9999,-9999,-9999,-9999,-9999,-9999,-9999,-9999,-9999,-9999,-9999,-9999,-9999,-9999,-9999,-9999
"08-05-2014",-9999,-9999,-9999,-9999,-9999,-9999,-9999,-9999,-9999,-9999,-9999,-9999,-9999,-9999,-9999,-9999,-9999,-9999,-9999,-9999,-9999,-9999,-9999,-9999
"09-05-2014",3,3,3,3,3,3,3,3,4,4,3,3,3,4,3,4,4,4,4,3,5,3,4,3
"10-05-2014",3,3,3,3,3,3,7,4,5,4,4,5,5,5,4,4,4,3,4,4,6,12,9,4
"11-05-2014",14,3,3,3,3,3,3,3,3,3,4,3,4,4,3,3,3,3,3,3,8,3,3,3
"12-05-2014",3,3,4,3,3,9,5,8,4,5,5,4,4,4,4,5,4,3,4,4,3,4,8,7
"13-05-2014",4,4,3,3,3,6,17,6,4,4,6,7,6,4,5,4,4,4,4,7,18,14,5,14
"14-05-2014",3,3,3,3,3,4,4,3,4,6,6,4,3,3,3,3,3,3,3,3,3,3,3,3
"15-05-2014",3,3,3,3,3,4,3,4,4,4,3,4,4,4,4,3,3,3,3,3,4,3,3,3
"16-05-2014",3,3,3,3,3,3,10,5,5,4,4,4,4,4,3,3,4,3,4,4,4,4,3,3
"17-05-2014",3,3,3,3,3,3,3,3,3,4,4,4,3,3,3,3,3,3,4,4,3,3,4,3
"18-05-2014",3,3,3,3,3,3,3,3,3,3,4,4,3,3,3,3,4,3,3,3,3,7,6,10
"19-05-2014",3,3,3,3,3,3,9,10,3,5,5,16,13,9,7,4,4,4,3,3,3,7,4,3
"20-05-2014",3,4,3,3,3,11,4,11,4,5,3,6,3,4,3,3,3,4,3,3,3,4,4,4
"21-05-2014",4,3,3,3,3,3,4,4,3,4,4,4,3,3,3,3,3,3,3,3,4,3,4,3
"22-05-2014",3,3,3,3,3,3,4,3,4,3,4,3,3,3,3,3,3,3,4,4,3,3,3,3
"23-05-2014",3,3,3,3,3,3,3,4,3,3,4,3,3,3,3,3,3,4,5,3,3,13,24,4
"24-05-2014",11,3,3,3,5,6,12,4,4,8,8,6,4,3,3,4,4,4,4,3,7,7,12,3
"25-05-2014",3,3,3,3,3,3,3,3,3,3,3,3,3,3,3,3,3,3,3,5,3,6,10,3
"26-05-2014",3,3,4,4,4,3,-9999,-9999,-9999,-9999,-9999,-9999,-9999,-9999,-9999,-9999,-9999,-9999,-9999,-9999,-9999,-9999,-9999,-9999
"27-05-2014",-9999,-9999,-9999,-9999,-9999,-9999,-9999,-9999,-9999,-9999,5,5,6,5,4,4,4,4,3,3,3,3,4,4
"28-05-2014",3,3,3,3,3,4,4,5,4,5,9,6,4,4,4,4,4,4,4,4,6,4,4,4
"29-05-2014",4,4,4,4,3,7,15,6,4,6,5,5,4,6,4,4,4,4,4,3,3,4,3,3
"30-05-2014",3,3,3,3,3,3,3,4,3,4,3,4,3,3,3,3,3,3,3,3,3,3,3,3
"31-05-2014",3,3,3,3,3,3,3,3,4,4,3,3,3,3,3,3,3,3,4,4,4,4,3,3
"01-06-2014",4,3,4,4,4,3,4,4,3,4,4,3,3,4,4,4,5,3,4,4,18,21,6,6
"02-06-2014",4,3,3,3,4,5,10,5,5,4,3,4,3,4,3,3,3,3,3,3,4,3,4,3
"03-06-2014",3,3,3,3,3,4,3,3,3,4,3,3,3,3,3,4,3,3,3,3,4,3,3,3
"04-06-2014",3,3,3,3,3,5,4,5,4,4,5,5,4,3,3,4,3,4,4,4,7,4,4,4
"05-06-2014",4,3,3,4,3,3,3,4,8,4,3,3,3,3,3,3,3,3,3,4,4,4,3,4
"06-06-2014",3,3,3,3,4,3,4,4,4,3,3,4,3,3,4,4,3,4,3,4,6,5,7,11
"07-06-2014",5,3,3,3,3,4,4,3,3,3,4,3,3,3,3,3,3,3,3,4,6,3,4,3
"08-06-2014",4,3,3,3,3,3,3,3,4,3,3,3,3,3,3,3,3,4,4,4,4,3,4,3
"09-06-2014",3,3,3,3,3,3,4,4,4,4,4,3,3,4,4,3,3,4,4,4,3,4,3,3
"10-06-2014",3,3,3,3,3,3,3,4,4,3,4,3,3,3,3,3,3,3,3,3,3,5,3,3
"11-06-2014",3,3,3,3,3,4,3,3,4,4,3,5,3,4,3,3,3,4,3,5,3,3,4,3
"12-06-2014",3,3,3,3,3,4,4,4,4,3,4,4,3,3,3,3,3,3,3,3,3,4,3,3
"13-06-2014",3,3,3,3,3,3,3,3,3,3,3,3,3,3,3,3,3,3,3,4,7,3,3,3
"14-06-2014",7,3,3,3,3,3,3,4,4,3,3,3,3,3,3,3,3,3,4,3,3,6,4,4
"15-06-2014",8,3,3,3,3,3,2,3,4,3,3,3,4,3,3,3,4,3,5,13,7,6,13,3
"16-06-2014",3,3,3,3,3,3,11,4,4,3,3,4,4,4,3,4,4,3,4,3,5,5,5,9
"17-06-2014",4,3,3,3,3,12,19,7,4,4,6,4,5,3,4,4,4,4,4,4,4,4,3,3
"18-06-2014",3,3,3,3,3,3,3,4,4,4,4,4,4,3,3,3,4,4,3,3,3,3,3,3
"19-06-2014",4,3,3,3,3,4,3,4,5,4,6,4,3,3,3,3,3,3,3,3,3,4,3,3
"20-06-2014",3,3,3,3,3,3,3,3,3,3,3,4,3,3,3,3,3,3,4,3,3,5,3,3
"21-06-2014",3,3,3,3,3,3,8,3,3,4,3,5,3,3,3,3,3,3,4,3,3,3,3,3
"22-06-2014",3,3,3,3,3,3,3,3,3,3,3,3,3,3,3,3,3,3,3,3,3,3,4,3
"23-06-2014",3,3,3,3,3,3,4,4,3,3,4,6,3,4,3,4,3,3,3,3,3,3,3,3
"24-06-2014",3,3,3,3,3,6,9,4,8,4,3,3,3,4,3,3,3,3,3,3,4,4,8,3
"25-06-2014",3,3,4,3,3,15,7,8,5,5,7,5,4,4,4,4,3,3,4,4,11,9,15,4
"26-06-2014",5,3,3,3,3,4,10,5,4,8,4,4,3,3,3,3,4,3,3,4,4,4,5,4
"27-06-2014",3,3,3,3,3,12,10,4,5,12,6,4,4,4,4,4,3,3,3,3,6,10,6,12
"28-06-2014",3,3,3,3,3,3,3,3,4,4,5,4,4,3,4,3,4,4,3,3,3,3,3,3
"29-06-2014",3,3,3,3,3,3,3,3,3,3,3,3,3,3,3,3,3,3,3,3,3,3,3,3
"30-06-2014",3,3,3,3,3,7,7,4,4,4,3,3,3,3,3,4,3,3,3,3,3,3,3,3
"01-07-2014",3,3,3,3,3,3,4,3,6,5,4,4,3,4,3,3,3,3,4,3,3,3,4,4
"02-07-2014",3,3,3,3,4,3,4,4,5,3,4,4,3,3,3,3,3,3,4,4,4,4,4,4
"03-07-2014",3,3,3,3,3,3,4,3,4,4,4,3,3,4,3,4,3,3,3,3,3,3,3,4
"04-07-2014",3,3,3,3,3,4,3,3,3,3,4,3,3,3,3,3,4,3,3,4,3,3,3,4
"05-07-2014",3,3,3,3,3,3,3,3,4,3,3,3,4,3,3,3,3,4,3,3,3,3,3,3
"06-07-2014",3,3,3,3,3,3,3,3,3,3,3,5,3,3,6,3,3,3,3,3,5,3,3,5
"07-07-2014",3,3,3,3,3,10,10,3,5,3,3,3,3,3,3,3,3,3,3,3,3,3,3,4
"08-07-2014",3,3,3,3,3,3,4,3,4,3,4,3,3,3,3,3,3,3,4,4,3,3,3,3
"09-07-2014",4,3,3,3,3,6,4,4,4,5,4,4,3,3,4,3,3,4,3,3,4,3,3,3
"10-07-2014",3,3,3,3,3,14,4,7,4,5,4,4,4,4,4,4,3,4,4,4,6,3,7,9
"11-07-2014",5,4,3,3,3,4,3,10,5,6,4,4,3,3,4,4,4,4,3,3,4,3,3,3
"12-07-2014",3,3,3,3,3,3,3,3,4,3,3,3,3,3,3,3,3,3,3,3,7,3,3,3
"13-07-2014",3,4,3,3,3,3,3,3,3,3,3,3,3,3,3,3,3,3,3,3,3,3,3,3
"14-07-2014",3,3,3,3,3,3,4,3,4,4,4,3,3,3,3,3,3,3,4,3,4,8,4,9
"15-07-2014",3,3,3,3,3,10,15,3,5,4,4,4,4,4,3,4,3,4,4,10,5,10,12,4
"16-07-2014",4,3,3,3,3,3,5,4,4,3,3,3,3,3,3,3,4,3,3,3,4,3,3,3
"17-07-2014",3,3,3,3,3,5,3,5,3,3,3,4,3,3,3,3,3,3,3,4,4,3,4,3
"18-07-2014",3,3,3,3,3,4,10,3,4,4,4,5,3,4,3,4,4,4,4,3,3,3,9,10
"19-07-2014",3,3,3,3,3,4,4,3,3,3,4,3,3,3,3,3,3,4,3,4,3,3,3,3
"20-07-2014",3,3,3,3,3,3,3,3,3,3,3,3,3,3,3,3,3,4,3,3,3,4,3,3
"21-07-2014",3,3,3,3,3,3,3,3,3,4,3,3,3,3,3,4,3,3,3,3,3,3,8,3
"22-07-2014",3,3,3,3,3,9,3,25,3,4,6,6,4,3,4,3,3,3,3,3,6,4,3,3
"23-07-2014",3,3,3,3,3,4,9,10,4,4,4,-9999,-9999,4,3,3,4,4,4,4,3,4,4,3
"24-07-2014",3,3,3,3,3,8,10,5,5,5,5,4,4,4,4,4,3,4,4,5,6,8,6,16
"25-07-2014",4,3,3,3,3,4,6,4,4,3,3,3,4,3,3,3,3,5,3,3,5,4,3,3
"26-07-2014",3,3,3,3,3,3,4,3,3,4,4,4,3,4,3,3,4,3,3,4,3,4,8,3
"27-07-2014",3,3,3,3,3,3,3,3,3,3,3,3,3,3,3,3,3,3,3,3,3,3,3,3
"28-07-2014",3,3,3,3,3,4,4,7,4,5,7,6,4,3,4,4,4,4,4,4,4,4,7,4
"29-07-2014",3,3,3,3,3,4,41,15,4,4,4,4,4,4,3,3,3,3,3,3,4,8,20,6
"30-07-2014",4,3,3,3,3,4,3,3,3,4,4,3,3,3,3,3,3,3,4,4,4,4,4,4
"31-07-2014",3,3,3,3,4,12,11,4,4,3,4,5,4,4,4,4,3,4,4,4,4,6,9,4
"01-08-2014",3,3,3,3,3,3,6,4,4,4,4,5,3,4,3,3,3,4,3,4,7,8,4,4
"02-08-2014",3,3,3,3,3,3,3,6,4,4,4,3,4,3,3,3,3,3,3,4,3,3,4,3
"03-08-2014",3,3,3,3,3,3,3,3,5,3,3,4,3,4,3,3,3,3,3,3,4,5,5,3
"04-08-2014",3,3,3,3,3,8,6,3,4,3,3,3,3,3,3,3,3,3,4,4,4,4,3,14
"05-08-2014",6,3,3,3,3,4,4,4,4,4,4,4,3,3,3,4,3,3,4,4,4,7,7,3
"06-08-2014",3,-9999,3,3,3,3,4,5,3,4,4,3,3,3,3,3,3,3,3,16,3,4,3,3
"07-08-2014",3,3,3,3,3,3,12,3,4,4,3,3,3,3,3,3,3,3,3,3,3,6,5,3
"08-08-2014",3,3,3,3,3,5,3,4,4,3,3,3,3,3,4,4,4,3,3,3,4,3,3,3
"09-08-2014",3,3,3,3,3,3,4,3,3,3,3,4,3,4,3,3,3,3,3,4,3,3,3,3
"10-08-2014",3,3,3,3,3,3,3,3,3,3,3,3,3,3,3,3,3,3,4,4,3,4,3,3
"11-08-2014",3,3,3,3,3,4,4,3,4,3,3,4,3,3,3,4,3,4,3,4,4,3,5,3
"12-08-2014",3,3,3,3,3,3,3,3,3,3,3,3,3,3,3,4,3,3,4,4,4,3,4,4
"13-08-2014",3,3,3,3,3,3,3,3,3,4,3,4,3,3,3,3,3,3,3,4,4,3,8,3
"14-08-2014",3,3,3,3,3,4,4,4,4,3,3,3,3,3,3,4,3,3,3,4,4,5,7,3
"15-08-2014",3,3,3,3,3,3,3,3,4,3,3,3,4,3,3,3,3,3,3,3,4,4,3,3
"16-08-2014",3,3,3,3,12,5,11,6,4,3,3,4,3,4,3,3,3,3,3,3,3,4,6,3
"17-08-2014",3,3,3,3,3,3,3,3,4,4,4,4,3,3,4,3,3,3,3,4,3,4,3,3
"18-08-2014",3,3,3,3,3,4,4,3,3,4,3,3,3,3,3,4,5,3,3,3,3,3,3,5
"19-08-2014",3,3,3,3,3,3,3,4,3,4,3,3,3,4,3,3,3,3,3,3,6,3,4,4
"20-08-2014",3,3,3,3,3,3,4,4,4,3,3,3,3,3,3,3,3,3,3,4,4,5,6,4
"21-08-2014",3,3,3,3,3,11,10,3,5,4,4,4,4,4,4,4,3,3,4,4,4,4,4,3
"22-08-2014",3,3,3,3,3,3,3,8,3,3,4,4,4,4,4,3,3,4,4,4,4,4,4,3
"23-08-2014",4,3,3,3,3,3,8,4,9,4,4,4,3,3,1,3,3,4,4,3,5,5,10,7
"24-08-2014",4,4,4,4,4,3,3,3,3,3,4,4,4,4,4,4,3,4,4,4,5,4,5,3
"25-08-2014",3,3,3,3,3,3,4,5,4,5,4,3,3,3,4,4,3,3,3,3,3,3,3,4
"26-08-2014",3,3,3,3,3,4,4,3,4,5,4,4,4,4,3,3,3,3,4,4,4,6,5,4
"27-08-2014",3,3,3,3,3,4,3,10,3,3,4,4,4,3,4,4,3,3,4,4,4,4,4,4
"28-08-2014",3,3,3,3,3,3,7,3,4,3,3,3,3,3,3,3,3,3,3,3,3,4,3,3
"29-08-2014",3,3,3,3,3,3,4,3,4,3,3,3,3,3,3,3,3,3,3,3,3,3,4,4
"30-08-2014",3,3,3,3,3,3,3,4,4,4,4,4,4,4,4,3,3,3,3,3,4,3,3,3
"31-08-2014",3,3,3,3,3,3,3,3,4,3,4,3,3,3,3,4,3,3,3,4,3,3,4,4
"01-09-2014",4,3,3,3,3,7,9,13,4,4,3,3,3,3,4,4,3,3,4,3,3,7,8,4
"02-09-2014",5,3,3,3,3,9,12,5,3,3,4,4,3,4,3,4,3,3,3,4,5,3,4,3
"03-09-2014",3,3,3,3,3,3,3,4,3,4,4,4,3,3,3,3,3,4,3,3,8,3,3,3
"04-09-2014",3,3,3,3,3,5,10,4,3,4,6,4,3,3,3,3,3,4,3,4,4,4,4,3
"05-09-2014",3,3,3,3,3,4,9,4,4,4,4,3,3,4,3,3,3,3,3,4,8,6,3,4
"06-09-2014",7,3,4,3,3,3,3,16,3,3,3,3,5,4,4,4,4,4,3,6,4,10,4,4
"07-09-2014",4,3,3,3,3,3,3,3,3,3,3,3,4,3,3,3,3,3,3,5,4,10,4,3
"08-09-2014",3,4,4,4,3,4,4,5,5,6,4,3,4,4,4,4,5,5,4,4,5,19,21,4
"09-09-2014",3,4,3,3,3,3,5,3,4,4,3,3,3,3,3,4,3,3,4,3,9,4,4,4
"10-09-2014",3,3,3,3,3,3,3,4,4,4,3,3,4,3,4,3,3,4,4,4,4,3,3,3
"11-09-2014",3,3,3,3,3,6,10,3,5,4,4,3,3,3,3,4,4,3,4,4,8,5,10,3
"12-09-2014",4,3,3,3,3,4,13,5,4,5,6,6,4,3,3,4,3,3,4,3,19,4,16,5
"13-09-2014",3,3,3,3,5,4,4,12,4,3,3,3,3,3,4,3,3,3,3,3,4,14,21,4
"14-09-2014",4,3,3,3,3,3,4,3,3,3,3,3,3,3,3,3,3,5,4,3,4,4,21,15
"15-09-2014",3,3,3,3,6,27,17,14,4,3,4,3,4,3,8,3,3,3,3,5,4,18,4,24
"16-09-2014",4,3,3,3,3,9,19,32,4,4,5,4,4,3,5,3,4,4,4,3,3,11,4,4
"17-09-2014",3,3,3,3,3,7,6,5,4,4,4,3,3,3,3,4,3,4,3,4,4,4,4,3
"18-09-2014",3,3,3,3,3,3,4,3,5,4,4,4,3,3,4,4,3,4,4,4,4,6,4,3
"19-09-2014",3,3,3,3,4,3,4,7,4,4,4,3,6,3,3,3,3,3,4,3,4,5,4,10
"20-09-2014",3,3,3,3,3,4,14,15,3,3,3,4,4,4,4,4,4,3,4,4,4,3,5,4
"21-09-2014",4,3,3,3,3,3,3,3,4,4,4,4,4,4,3,3,3,3,4,4,3,3,4,4
"22-09-2014",4,3,3,3,3,7,34,5,12,6,9,9,6,4,4,4,4,3,4,4,4,6,4,3
"23-09-2014",3,3,3,3,3,3,4,3,4,13,4,4,5,4,4,4,4,4,4,4,4,4,3,4
"24-09-2014",3,3,3,3,3,3,4,3,4,3,4,3,3,3,3,3,6,3,3,5,5,4,4,5
"25-09-2014",3,3,3,3,3,14,10,17,4,4,5,5,6,4,4,4,5,3,4,4,4,5,4,3
"26-09-2014",4,4,3,4,4,6,4,5,4,4,4,3,4,3,4,4,3,3,3,3,3,3,4,3
"27-09-2014",3,3,3,3,3,3,3,3,3,3,3,3,3,3,3,3,3,3,4,3,4,4,3,4
"28-09-2014",3,3,3,3,3,3,3,3,4,3,4,4,4,3,3,4,4,3,4,4,3,4,3,4
"29-09-2014",3,3,3,3,3,3,3,3,4,4,3,3,3,5,4,4,3,3,4,4,4,3,4,3
"30-09-2014",3,3,3,3,3,3,4,4,3,5,4,3,3,3,3,4,3,4,4,5,10,10,16,12
"01-10-2014",4,3,3,3,3,3,20,7,4,4,4,4,4,3,3,4,4,4,6,5,4,4,4,4
"02-10-2014",3,3,3,3,3,3,3,3,3,3,3,3,3,3,5,3,3,4,3,3,3,4,3,3
"03-10-2014",3,3,3,3,4,3,3,4,3,3,3,3,3,5,4,4,4,4,4,4,9,4,3,3
"04-10-2014",3,3,3,3,3,3,3,3,3,3,3,3,4,3,4,3,3,4,3,3,3,3,3,3
"05-10-2014",3,3,3,3,3,3,3,3,3,3,3,3,4,5,3,4,4,3,4,4,3,4,4,3
"06-10-2014",3,4,3,3,3,4,5,15,3,3,3,4,4,4,4,4,4,4,5,4,4,5,6,4
"07-10-2014",3,3,3,3,3,7,4,25,5,4,3,4,4,5,-9999,-9999,4,4,8,11,23,10,21,21
"08-10-2014",3,4,3,3,3,3,4,5,3,4,3,4,4,4,4,4,3,4,3,3,3,3,3,3
"09-10-2014",3,3,3,3,3,4,4,4,5,4,4,4,3,3,3,4,3,4,4,5,3,3,4,3
"10-10-2014",3,3,3,3,3,4,5,4,3,3,3,4,3,3,4,3,3,4,3,4,3,3,3,3
"11-10-2014",3,3,3,3,3,3,3,4,4,4,4,3,4,3,4,3,3,4,3,4,3,4,5,3
"12-10-2014",3,3,3,3,3,3,3,3,3,4,4,3,4,4,3,4,4,3,6,7,9,7,12,11
"13-10-2014",3,3,3,3,3,13,5,11,4,4,4,3,4,5,3,3,3,3,14,4,17,10,11,5
"14-10-2014",3,3,4,3,3,5,6,7,4,3,3,4,4,4,4,4,5,5,4,5,5,9,12,4
"15-10-2014",3,3,3,3,3,12,6,7,9,13,9,7,9,8,9,6,6,5,4,4,4,6,4,4
"16-10-2014",3,3,3,3,4,5,8,29,8,10,9,12,7,5,4,5,3,4,4,4,4,4,3,3
"17-10-2014",3,3,3,3,3,3,4,4,5,3,5,4,5,4,4,4,5,4,4,5,4,4,4,9
"18-10-2014",3,3,3,3,3,3,3,4,4,5,7,5,4,3,4,4,4,3,4,3,4,3,3,3
"19-10-2014",3,3,3,3,3,3,3,3,3,3,3,3,3,4,3,3,3,4,3,3,3,4,3,6
"20-10-2014",3,3,3,3,3,4,4,4,5,11,6,4,4,4,4,6,4,7,5,5,13,9,4,4
"21-10-2014",3,3,3,3,10,12,16,6,14,4,4,6,9,7,7,6,5,4,5,4,4,4,5,3
"22-10-2014",3,3,3,3,3,10,4,8,4,5,6,4,5,5,4,4,4,-9999,-9999,4,4,4,4,3
"23-10-2014",3,3,3,3,3,3,3,4,4,4,4,4,3,4,3,3,4,4,4,4,4,4,4,3
"24-10-2014",3,3,3,3,3,4,8,4,4,6,9,5,4,8,5,10,-9999,-9999,-9999,4,4,5,4,4
"25-10-2014",4,3,4,3,3,3,4,7,3,11,5,4,3,4,3,3,4,3,4,4,5,17,9,4
"26-10-2014",4,3,3,3,3,3,3,3,3,3,4,3,6,4,4,4,3,4,4,4,3,4,3,3
"27-10-2014",3,3,3,3,3,3,4,4,5,4,4,4,5,4,3,4,4,3,4,3,3,3,3,3
"28-10-2014",3,3,3,3,3,3,3,3,3,3,3,3,3,4,3,4,3,4,3,3,3,3,3,3
"29-10-2014",3,3,3,3,4,4,4,5,6,4,3,4,3,4,3,4,3,5,4,4,4,4,4,3
"30-10-2014",3,3,3,3,3,8,6,4,5,6,5,5,5,4,5,4,4,7,4,4,4,7,4,4
"31-10-2014",3,3,3,3,3,4,4,4,3,4,3,3,3,3,3,4,3,3,3,3,3,3,3,3
"01-11-2014",3,3,3,3,3,3,3,4,4,4,4,3,4,3,4,3,4,4,4,4,4,3,3,3
"02-11-2014",3,3,3,3,3,3,3,3,3,3,3,3,3,3,3,3,4,4,3,3,3,3,3,3
"03-11-2014",3,3,3,3,3,4,4,4,4,5,4,4,4,5,4,5,4,4,3,4,4,6,4,15
"04-11-2014",4,3,4,3,4,4,4,7,4,4,4,4,4,4,3,4,4,5,4,4,9,4,5,4
"05-11-2014",3,4,4,4,4,5,4,11,4,5,6,4,6,4,6,5,6,6,5,7,8,4,4,3
"06-11-2014",3,3,3,3,3,4,3,4,4,4,4,4,4,4,4,4,4,4,4,4,6,8,5,4
"07-11-2014",4,3,4,4,4,8,14,16,4,3,4,6,4,4,4,4,8,8,4,4,3,4,3,3
"08-11-2014",3,3,3,3,3,3,3,4,4,3,7,4,11,4,3,4,3,5,4,3,4,3,9,3
"09-11-2014",4,4,3,4,3,4,3,4,5,4,6,5,5,4,4,4,4,9,11,7,19,25,11,13
"10-11-2014",4,3,3,3,3,8,9,30,5,4,3,3,4,3,4,4,4,4,8,14,14,13,25,20
"11-11-2014",3,3,3,3,3,10,4,6,3,3,4,3,3,3,3,3,4,3,3,3,4,3,3,4
"12-11-2014",3,4,4,3,3,4,4,4,4,3,4,4,4,4,5,5,7,12,9,12,6,13,12,10
"13-11-2014",4,3,3,3,3,11,5,19,5,3,4,5,6,7,6,5,4,10,4,12,10,8,9,7
"14-11-2014",3,4,3,3,3,12,5,5,4,5,8,5,4,3,7,11,4,4,5,5,4,4,3,3
"15-11-2014",4,3,3,3,3,4,4,5,3,4,5,3,3,4,4,5,3,5,4,5,3,3,4,4
"16-11-2014",3,3,3,3,4,3,3,4,6,4,4,3,4,4,3,3,4,4,4,5,4,4,5,3
"17-11-2014",3,3,3,3,3,4,4,4,3,4,4,5,4,4,4,4,5,4,4,9,9,7,7,6
"18-11-2014",4,4,4,4,4,3,4,4,4,5,7,5,6,5,5,6,6,6,4,3,4,4,3,4
"19-11-2014",3,3,3,3,3,3,4,4,4,4,5,4,-9999,-9999,-9999,-9999,-9999,-9999,-9999,-9999,-9999,-9999,-9999,-9999
"20-11-2014",-9999,-9999,-9999,-9999,-9999,-9999,-9999,-9999,-9999,-9999,-9999,-9999,-9999,-9999,-9999,-9999,-9999,-9999,-9999,-9999,-9999,-9999,-9999,-9999
"21-11-2014",-9999,-9999,-9999,-9999,-9999,-9999,-9999,-9999,-9999,-9999,-9999,-9999,-9999,-9999,-9999,-9999,-9999,-9999,-9999,-9999,-9999,-9999,-9999,-9999
"22-11-2014",-9999,-9999,-9999,-9999,-9999,-9999,-9999,-9999,-9999,-9999,-9999,-9999,-9999,-9999,-9999,-9999,-9999,-9999,-9999,-9999,-9999,-9999,-9999,-9999
"23-11-2014",-9999,-9999,-9999,-9999,-9999,-9999,-9999,-9999,-9999,-9999,-9999,-9999,-9999,-9999,-9999,-9999,-9999,-9999,-9999,-9999,-9999,-9999,-9999,-9999
"24-11-2014",-9999,-9999,-9999,-9999,-9999,-9999,-9999,-9999,-9999,-9999,-9999,-9999,-9999,-9999,-9999,-9999,-9999,-9999,-9999,-9999,-9999,-9999,-9999,-9999
"25-11-2014",-9999,-9999,-9999,-9999,-9999,-9999,-9999,-9999,-9999,-9999,-9999,-9999,-9999,-9999,-9999,-9999,-9999,-9999,-9999,-9999,-9999,-9999,-9999,-9999
"26-11-2014",-9999,-9999,-9999,-9999,-9999,-9999,-9999,-9999,-9999,-9999,-9999,-9999,-9999,-9999,-9999,-9999,-9999,-9999,-9999,-9999,-9999,-9999,-9999,-9999
"27-11-2014",-9999,-9999,-9999,-9999,-9999,-9999,-9999,-9999,-9999,-9999,-9999,-9999,-9999,-9999,-9999,-9999,-9999,-9999,-9999,-9999,-9999,-9999,-9999,-9999
"28-11-2014",-9999,-9999,-9999,-9999,-9999,-9999,-9999,-9999,-9999,-9999,-9999,-9999,-9999,-9999,-9999,-9999,-9999,-9999,-9999,-9999,-9999,-9999,-9999,-9999
"29-11-2014",-9999,-9999,-9999,-9999,-9999,-9999,-9999,-9999,-9999,-9999,-9999,-9999,-9999,-9999,-9999,-9999,-9999,-9999,-9999,-9999,-9999,-9999,-9999,-9999
"30-11-2014",-9999,-9999,-9999,-9999,-9999,-9999,-9999,-9999,-9999,-9999,-9999,-9999,-9999,-9999,-9999,-9999,-9999,-9999,-9999,-9999,-9999,-9999,-9999,-9999
"01-12-2014",-9999,-9999,-9999,-9999,-9999,-9999,-9999,-9999,-9999,-9999,-9999,-9999,-9999,-9999,-9999,-9999,-9999,-9999,-9999,-9999,-9999,-9999,-9999,-9999
"02-12-2014",-9999,-9999,-9999,-9999,-9999,-9999,-9999,-9999,-9999,-9999,-9999,-9999,-9999,-9999,-9999,-9999,-9999,-9999,-9999,-9999,-9999,-9999,-9999,-9999
"03-12-2014",-9999,-9999,-9999,-9999,-9999,-9999,-9999,-9999,-9999,-9999,-9999,-9999,-9999,-9999,-9999,-9999,-9999,-9999,-9999,-9999,-9999,-9999,-9999,-9999
"04-12-2014",-9999,-9999,-9999,-9999,-9999,-9999,-9999,-9999,-9999,-9999,-9999,-9999,-9999,-9999,-9999,-9999,-9999,-9999,-9999,-9999,-9999,-9999,-9999,-9999
"05-12-2014",-9999,-9999,-9999,-9999,-9999,-9999,-9999,-9999,-9999,-9999,-9999,-9999,2,3,3,1,1,1,1,5,1,2,1,4
"06-12-2014",1,1,1,1,1,1,1,1,1,1,1,2,2,2,2,2,11,4,1,1,1,1,1,1
"07-12-2014",-9999,-9999,1,-9999,-9999,-9999,-9999,-9999,-9999,2,2,2,4,4,4,2,3,5,6,5,1,9,3,1
"08-12-2014",-9999,-9999,-9999,-9999,-9999,-9999,1,1,5,-9999,-9999,-9999,1,3,3,2,5,7,1,-9999,1,1,-9999,-9999
"09-12-2014",-9999,-9999,-9999,-9999,-9999,-9999,-9999,-9999,-9999,1,10,13,8,5,2,1,1,7,1,15,2,-9999,-9999,-9999
"10-12-2014",-9999,-9999,-9999,-9999,-9999,-9999,-9999,-9999,-9999,-9999,-9999,-9999,-9999,-9999,-9999,-9999,-9999,-9999,-9999,-9999,-9999,-9999,-9999,-9999
"11-12-2014",-9999,-9999,-9999,-9999,-9999,-9999,-9999,-9999,-9999,-9999,-9999,-9999,-9999,-9999,-9999,-9999,-9999,-9999,-9999,-9999,-9999,-9999,-9999,-9999
"12-12-2014",-9999,-9999,-9999,-9999,-9999,-9999,-9999,-9999,-9999,-9999,-9999,-9999,-9999,-9999,-9999,-9999,-9999,-9999,-9999,-9999,-9999,-9999,-9999,-9999
"13-12-2014",-9999,-9999,-9999,-9999,-9999,-9999,-9999,-9999,-9999,-9999,1,1,2,2,3,1,1,3,1,-9999,-9999,-9999,-9999,-9999
"14-12-2014",-9999,-9999,-9999,-9999,-9999,-9999,-9999,-9999,-9999,-9999,-9999,1,1,1,2,1,3,1,6,1,5,7,3,-9999
"15-12-2014",-9999,-9999,-9999,-9999,-9999,1,6,13,5,1,-9999,-9999,1,1,1,1,1,3,9,15,5,21,1,4
"16-12-2014",-9999,-9999,-9999,-9999,-9999,-9999,-9999,-9999,-9999,1,-9999,1,2,1,1,1,1,1,1,1,1,1,-9999,-9999
"17-12-2014",-9999,-9999,-9999,-9999,-9999,1,1,1,-9999,1,1,-9999,-9999,-9999,-9999,-9999,1,1,1,1,2,1,3,-9999
"18-12-2014",-9999,-9999,-9999,-9999,-9999,-9999,-9999,-9999,-9999,1,5,9,9,2,1,1,6,1,-9999,1,12,-9999,6,11
"19-12-2014",-9999,-9999,-9999,-9999,-9999,-9999,6,3,-9999,-9999,-9999,1,2,2,2,-9999,6,4,7,8,15,1,5,1
"20-12-2014",-9999,-9999,-9999,-9999,1,7,5,6,25,5,12,9,5,4,4,4,6,9,9,11,8,7,12,10
"21-12-2014",1,-9999,-9999,-9999,-9999,-9999,1,-9999,1,1,7,5,4,8,5,4,3,1,1,-9999,1,-9999,-9999,-9999
"22-12-2014",-9999,-9999,-9999,-9999,-9999,-9999,-9999,-9999,-9999,-9999,-9999,1,2,1,1,1,1,5,6,4,8,6,2,-9999
"23-12-2014",-9999,-9999,-9999,-9999,-9999,-9999,-9999,21,2,1,3,5,16,20,24,10,24,18,4,44,44,21,13,1
"24-12-2014",1,-9999,-9999,-9999,1,8,1,4,1,3,1,5,10,14,23,11,9,17,5,4,3,7,6,2
"25-12-2014",12,2,3,2,1,1,1,1,1,2,4,8,6,5,5,5,4,3,4,3,3,2,2,1
"26-12-2014",1,1,1,2,1,1,1,1,2,3,3,3,4,4,4,5,7,12,8,5,3,6,7,2
"27-12-2014",1,1,1,1,1,2,7,1,1,2,4,3,3,6,3,3,3,5,11,5,5,2,4,12
"28-12-2014",-9999,-9999,-9999,-9999,-9999,1,-9999,1,1,1,1,1,2,4,3,3,4,3,2,2,2,2,2,3
"29-12-2014",2,2,1,1,1,1,6,2,2,2,5,3,3,4,4,3,3,2,3,1,2,9,2,1
"30-12-2014",-9999,-9999,-9999,-9999,-9999,-9999,-9999,-9999,-9999,-9999,-9999,-9999,-9999,-9999,-9999,-9999,-9999,-9999,-9999,-9999,-9999,-9999,-9999,-9999
"31-12-2014",-9999,-9999,-9999,-9999,-9999,-9999,-9999,-9999,-9999,-9999,-9999,-9999,-9999,-9999,-9999,-9999,-9999,-9999,-9999,-9999,-9999,-9999,-9999,-9999
