"01-01-2012",2,2,2,2,2,2,3,2,3,3,3,3,3,3,3,3,3,3,3,3,3,3,3,2
"02-01-2012",2,2,2,2,2,3,5,6,7,7,5,5,4,3,3,3,3,17,24,19,17,11,10,6
"03-01-2012",7,4,3,5,9,32,46,63,84,65,19,7,6,6,5,5,5,27,47,30,26,22,20,13
"04-01-2012",10,6,5,5,9,26,45,63,96,54,22,9,5,5,6,7,5,5,63,53,24,21,17,9
"05-01-2012",7,6,4,6,21,29,58,106,100,46,28,13,7,8,5,4,4,6,35,57,53,34,27,21
"06-01-2012",10,5,5,6,5,3,3,3,3,3,3,4,3,3,3,2,3,3,3,3,4,3,3,3
"07-01-2012",3,3,2,4,4,3,3,3,4,4,4,4,5,5,4,4,4,4,4,4,3,3,3,3
"08-01-2012",3,2,2,2,2,2,3,3,6,4,5,6,5,6,4,3,3,4,5,6,5,4,4,3
"09-01-2012",3,3,3,3,4,30,52,96,104,73,33,10,6,6,6,6,6,31,13,6,7,4,4,2
"10-01-2012",3,2,2,2,2,3,5,7,7,8,9,7,6,6,6,5,5,5,5,4,3,3,3,2
"11-01-2012",2,3,2,3,3,4,5,10,8,7,8,6,6,7,6,6,5,4,6,6,5,8,8,3
"12-01-2012",2,2,2,2,2,3,4,7,8,7,6,7,5,5,6,5,4,5,4,4,5,10,6,12
"13-01-2012",5,3,3,3,5,35,96,135,130,44,16,12,8,4,5,4,3,4,3,6,33,38,39,21
"14-01-2012",6,4,3,3,4,18,35,56,63,33,11,10,5,4,5,6,6,5,4,5,4,4,3,2
"15-01-2012",3,2,2,2,2,2,2,3,3,3,4,4,4,4,4,5,4,4,8,8,8,5,5,4
"16-01-2012",3,3,2,2,2,3,5,11,15,12,10,8,7,6,6,5,5,6,5,5,4,4,4,3
"17-01-2012",2,2,2,2,3,4,5,14,15,13,9,8,5,5,5,7,8,10,15,16,19,26,13,10
"18-01-2012",5,5,4,3,2,4,6,19,21,10,9,7,6,6,6,5,5,6,15,24,11,12,24,10
"19-01-2012",7,7,6,4,7,11,25,41,30,12,8,7,5,5,4,7,4,5,25,46,38,30,21,10
"20-01-2012",12,12,7,9,8,61,105,95,66,39,14,7,4,4,3,3,3,3,4,3,4,3,3,2
"21-01-2012",3,3,3,4,9,14,29,29,30,11,4,3,3,3,4,4,5,4,4,4,3,3,2,3
"22-01-2012",2,2,2,2,3,3,3,4,8,7,11,4,3,3,3,2,3,3,5,7,33,30,24,9
"23-01-2012",16,20,12,5,10,41,103,136,170,86,28,13,8,14,10,8,14,22,92,86,62,63,28,18
"24-01-2012",9,8,11,24,32,48,49,59,95,85,104,113,154,80,101,35,36,79,112,91,66,32,54,48
"25-01-2012",25,12,11,31,19,31,100,123,158,74,36,5,4,3,4,4,4,4,4,3,3,3,3,4
"26-01-2012",5,2,3,2,9,26,63,95,111,36,15,9,6,8,7,7,6,6,10,6,4,3,4,3
"27-01-2012",2,3,2,2,3,4,6,12,13,8,9,9,8,7,6,6,6,5,6,7,4,4,3,4
"28-01-2012",2,2,2,2,3,3,4,6,5,5,4,4,6,5,5,4,5,5,5,5,5,3,3,2
"29-01-2012",2,2,2,3,3,3,4,3,4,3,4,3,3,3,3,3,3,3,2,3,3,2,2,2
"30-01-2012",3,2,2,2,3,3,4,6,6,5,5,5,6,5,5,4,4,4,5,4,3,3,2,2
"31-01-2012",3,2,2,2,3,3,4,6,5,5,5,5,6,5,5,5,4,5,4,4,4,3,3,2
"01-02-2012",2,2,2,2,3,3,5,12,8,10,8,8,6,7,5,5,6,4,6,5,6,4,4,3
"02-02-2012",3,4,3,3,3,3,6,17,18,17,19,24,13,9,7,10,6,6,7,7,6,5,4,3
"03-02-2012",2,3,2,3,6,13,53,79,109,115,123,58,28,13,6,4,4,17,64,4,4,4,5,35
"04-02-2012",10,3,2,3,6,20,40,78,69,13,5,4,3,4,4,4,3,2,3,3,2,3,3,2
"05-02-2012",2,2,2,3,2,3,4,4,3,2,3,3,4,3,3,2,2,2,3,3,3,3,4,3
"06-02-2012",3,3,3,4,2,4,7,12,12,5,5,5,4,4,4,3,3,3,3,3,4,3,2,2
"07-02-2012",2,2,2,3,2,2,2,3,4,4,4,3,4,4,5,5,5,4,5,4,4,2,2,2
"08-02-2012",1,2,2,2,2,3,3,6,7,6,6,6,6,5,5,5,4,3,4,4,4,3,3,2
"09-02-2012",2,2,2,2,2,3,4,7,9,9,8,7,7,6,5,5,4,5,5,5,4,3,3,3
"10-02-2012",2,2,2,3,3,3,6,14,21,10,6,4,5,6,6,5,4,4,5,7,7,4,4,3
"11-02-2012",2,2,3,2,3,3,9,7,28,14,8,6,6,5,5,4,3,3,8,13,14,6,5,4
"12-02-2012",3,3,2,2,2,2,3,3,3,6,5,6,9,6,5,3,5,5,45,26,21,24,29,35
"13-02-2012",15,12,5,10,12,75,84,131,162,140,108,11,12,4,3,3,3,3,4,4,4,6,3,4
"14-02-2012",4,3,2,4,8,18,59,52,40,20,15,9,7,6,4,4,3,3,3,4,32,13,5,3
"15-02-2012",3,3,2,3,2,3,21,37,32,17,8,5,4,3,3,3,3,3,3,3,4,4,2,3
"16-02-2012",3,2,2,3,3,16,33,78,56,28,7,8,9,6,5,4,4,5,3,3,3,2,3,2
"17-02-2012",2,2,2,2,2,3,4,7,7,7,6,6,4,5,5,4,4,5,9,21,10,8,4,4
"18-02-2012",4,4,5,5,4,13,41,44,13,14,7,4,4,3,3,3,4,4,7,11,7,8,6,4
"19-02-2012",5,2,3,2,2,3,6,12,8,7,5,5,5,4,4,3,3,3,3,12,11,5,4,4
"20-02-2012",4,4,5,6,14,29,68,82,79,90,34,38,28,23,27,34,19,35,14,12,27,25,9,7
"21-02-2012",6,9,5,5,12,27,37,91,137,33,15,8,7,4,4,4,4,3,3,4,5,5,4,3
"22-02-2012",4,3,2,2,2,5,13,11,20,29,52,19,31,14,14,7,7,9,12,7,5,4,3,3
"23-02-2012",3,2,2,3,2,3,3,9,10,8,8,6,5,6,5,5,4,4,4,4,3,2,3,3
"24-02-2012",2,2,2,2,3,6,51,63,15,18,6,5,6,5,4,3,4,4,11,12,44,19,9,3
"25-02-2012",2,2,3,4,3,3,20,22,19,11,6,7,7,7,8,5,5,3,5,30,12,11,11,8
"26-02-2012",6,5,5,4,4,10,30,50,21,15,18,12,15,10,11,4,4,4,4,3,8,26,5,3
"27-02-2012",3,3,3,3,2,2,2,2,3,2,3,3,3,3,4,3,3,3,3,3,3,2,3,2
"28-02-2012",2,2,2,2,2,3,3,5,7,6,6,5,5,4,4,4,4,3,4,3,4,3,3,3
"29-02-2012",2,2,2,1,2,5,32,84,64,69,13,32,35,35,27,12,4,4,4,4,7,3,3,2
"01-03-2012",2,2,3,2,2,5,5,8,11,13,9,5,4,5,4,5,6,5,5,7,36,20,6,5
"02-03-2012",3,5,6,7,4,20,69,93,76,27,8,6,4,3,4,4,4,3,4,19,27,31,25,29
"03-03-2012",43,18,7,7,7,28,42,53,49,21,4,5,4,3,3,3,3,2,4,11,5,4,4,3
"04-03-2012",3,2,2,2,3,3,7,9,4,4,3,5,4,3,4,3,3,2,2,7,7,5,4,4
"05-03-2012",4,5,5,4,8,29,70,95,145,70,7,4,4,7,5,4,10,7,7,6,6,7,3,2
"06-03-2012",2,2,2,2,2,3,5,15,8,7,7,4,5,6,6,5,4,4,3,3,3,3,4,5
"07-03-2012",3,3,3,5,12,32,34,76,47,11,5,4,5,5,4,4,3,3,3,3,3,2,3,3
"08-03-2012",3,3,2,4,4,9,27,65,41,36,-9999,-9999,6,4,3,3,3,2,3,3,3,6,4,5
"09-03-2012",9,5,4,6,11,18,60,103,44,9,7,5,5,6,5,4,5,4,4,4,3,3,3,3
"10-03-2012",2,3,2,3,3,3,4,4,4,4,4,4,4,4,4,4,3,3,3,2,3,2,2,2
"11-03-2012",2,2,2,2,2,2,2,3,2,3,3,3,3,3,3,2,3,2,2,3,3,2,2,2
"12-03-2012",2,2,2,2,2,2,4,6,10,7,6,8,6,6,5,4,4,4,3,3,3,3,2,3
"13-03-2012",2,2,2,2,2,3,5,6,5,5,5,5,5,5,4,3,3,3,3,3,3,2,2,2
"14-03-2012",2,2,2,2,2,2,3,8,8,7,6,6,4,4,4,3,3,3,4,6,5,5,4,4
"15-03-2012",4,3,3,4,10,36,88,87,103,31,9,4,5,5,4,3,4,3,6,14,6,6,4,3
"16-03-2012",3,4,2,3,6,6,7,10,9,9,4,6,8,-9999,-9999,4,5,5,4,4,25,29,25,9
"17-03-2012",6,6,4,3,14,41,59,68,35,17,7,12,8,5,4,4,4,4,3,5,9,11,7,7
"18-03-2012",7,5,5,5,3,7,13,25,29,15,8,4,4,4,4,4,3,4,3,4,12,9,9,10
"19-03-2012",8,8,5,5,19,43,61,93,54,20,17,6,5,5,6,4,3,3,3,3,9,9,12,8
"20-03-2012",6,10,11,9,20,39,100,119,84,49,16,15,17,7,6,4,4,3,4,9,10,23,7,27
"21-03-2012",10,3,4,4,4,71,60,121,78,38,14,5,5,5,4,4,3,3,3,7,13,8,16,6
"22-03-2012",5,5,3,4,7,28,45,63,139,29,9,6,5,4,4,3,3,3,4,5,3,3,3,3
"23-03-2012",3,3,2,2,3,3,3,8,5,5,4,4,4,3,3,4,4,4,4,5,10,3,3,2
"24-03-2012",3,3,2,4,6,15,48,63,34,6,6,5,4,4,3,4,3,3,3,4,4,4,4,4
"25-03-2012",3,3,3,3,3,3,6,14,21,20,16,7,8,5,4,3,2,3,3,4,4,4,5,4
"26-03-2012",3,3,2,2,2,7,-9999,-9999,14,5,6,6,5,4,3,4,3,3,3,4,4,3,3,3
"27-03-2012",2,3,2,2,3,3,4,7,8,7,6,5,5,5,4,4,4,4,3,3,3,3,3,3
"28-03-2012",3,4,3,3,9,22,75,94,71,8,6,5,5,5,4,3,4,4,3,3,3,3,4,3
"29-03-2012",3,3,3,3,4,10,48,80,60,20,8,7,4,3,3,3,3,3,3,2,2,3,3,3
"30-03-2012",3,2,3,2,3,4,9,44,61,14,5,4,4,3,3,3,3,3,3,2,2,2,2,2
"31-03-2012",2,2,2,2,2,3,4,5,8,6,7,3,3,3,4,5,5,4,3,3,3,3,3,3
"01-04-2012",3,3,2,2,3,4,6,10,9,4,3,3,3,3,3,4,3,3,3,2,2,2,3,3
"02-04-2012",3,2,2,2,3,3,3,4,7,7,5,4,4,4,5,4,4,3,2,3,3,3,3,3
"03-04-2012",4,3,3,3,5,28,40,78,31,7,9,9,4,5,4,5,5,4,3,3,4,3,3,4
"04-04-2012",3,3,2,3,3,6,7,38,50,33,27,7,5,4,4,4,4,3,4,3,3,3,3,4
"05-04-2012",4,6,6,5,9,22,59,46,60,24,13,36,14,39,19,9,16,8,5,4,4,17,10,10
"06-04-2012",7,6,7,8,17,48,98,163,168,55,27,7,6,4,4,3,3,3,3,3,3,4,3,3
"07-04-2012",3,3,3,3,4,20,20,59,49,11,6,5,4,4,4,5,5,4,3,3,4,3,4,3
"08-04-2012",3,4,3,3,2,3,5,6,2,3,2,3,3,3,3,4,4,2,2,2,2,2,2,2
"09-04-2012",2,2,2,2,3,3,3,11,4,3,3,4,4,4,3,4,3,4,2,3,2,2,2,2
"10-04-2012",2,2,2,2,2,2,3,3,4,4,5,6,5,5,5,4,4,4,3,3,3,3,2,2
"11-04-2012",5,3,3,3,7,9,25,65,41,24,7,5,3,4,4,4,3,4,3,3,3,3,4,3
"12-04-2012",3,4,3,3,4,12,34,68,68,13,8,5,4,5,5,6,5,5,4,2,3,10,5,3
"13-04-2012",4,4,3,3,5,14,10,21,13,14,8,4,5,4,4,4,4,4,4,4,3,2,3,3
"14-04-2012",3,2,2,3,2,3,3,11,9,6,6,4,4,5,4,2,3,2,3,3,3,2,3,3
"15-04-2012",3,3,3,3,2,3,3,5,8,3,2,3,3,3,3,3,2,2,2,2,2,2,2,2
"16-04-2012",2,3,2,2,3,2,2,5,5,7,4,4,4,4,4,4,3,3,3,2,2,2,3,3
"17-04-2012",3,3,3,3,2,3,4,5,4,4,3,3,3,4,3,3,3,3,3,3,3,3,2,2
"18-04-2012",3,2,2,2,2,3,3,3,3,3,3,3,3,3,3,3,3,2,3,2,2,3,2,2
"19-04-2012",2,2,2,2,2,2,2,4,3,3,3,3,3,3,3,2,2,3,2,2,3,3,3,2
"20-04-2012",3,4,3,4,7,19,53,96,55,10,4,5,4,4,5,4,4,4,4,3,3,5,3,4
"21-04-2012",4,2,2,3,3,3,13,5,4,3,2,3,2,3,3,2,2,2,2,2,2,3,2,2
"22-04-2012",3,2,2,2,2,3,4,6,5,5,4,3,3,3,3,3,3,2,3,3,3,3,3,4
"23-04-2012",4,3,4,4,7,7,21,75,47,16,9,4,4,3,4,6,5,4,3,3,4,4,4,3
"24-04-2012",4,3,3,3,5,17,68,63,71,35,38,41,16,9,9,7,7,4,5,5,4,5,4,4
"25-04-2012",3,3,3,3,4,17,61,89,42,23,19,8,6,6,5,5,5,4,3,3,3,3,3,3
"26-04-2012",3,3,3,2,2,2,3,4,5,6,5,5,5,4,3,4,3,4,3,3,3,3,4,4
"27-04-2012",4,4,7,3,5,51,54,60,31,14,11,6,4,5,3,3,4,3,3,2,2,2,3,2
"28-04-2012",2,2,2,2,2,3,4,3,4,3,4,3,3,3,3,2,4,2,2,2,3,2,2,2
"29-04-2012",2,2,2,2,2,3,2,3,3,3,3,3,2,3,3,3,2,2,2,2,2,2,3,2
"30-04-2012",2,2,2,2,2,2,3,4,4,4,4,4,4,4,3,3,3,3,3,2,2,2,2,2
"01-05-2012",2,2,2,2,2,2,2,2,3,3,3,3,3,3,3,2,3,2,2,2,2,2,2,2
"02-05-2012",2,3,3,2,2,2,3,4,3,4,5,4,4,3,4,4,3,2,3,2,3,3,3,3
"03-05-2012",3,3,9,5,3,3,5,7,9,-9999,-9999,-9999,4,3,4,5,5,4,4,3,3,4,5,3
"04-05-2012",3,3,3,3,5,18,45,58,45,26,7,5,4,4,4,4,6,5,4,4,4,7,4,4
"05-05-2012",3,3,4,5,19,8,8,13,14,8,4,3,3,3,3,3,3,3,3,3,2,3,3,3
"06-05-2012",3,3,3,2,2,3,4,5,8,4,3,3,3,2,4,4,3,4,3,3,3,3,4,3
"07-05-2012",3,4,3,4,6,19,39,65,33,15,8,5,4,4,3,5,4,4,3,4,3,3,4,3
"08-05-2012",5,6,3,4,5,26,65,99,27,16,5,4,3,3,3,3,3,3,3,3,3,3,4,3
"09-05-2012",3,2,3,3,3,24,60,15,4,4,5,5,4,3,3,3,3,4,4,3,2,3,3,2
"10-05-2012",2,2,2,3,3,2,3,4,4,5,5,5,4,4,4,4,5,4,4,3,3,2,2,2
"11-05-2012",3,2,2,2,2,2,3,3,4,4,4,4,4,5,4,5,4,4,3,4,3,3,2,3
"12-05-2012",2,2,2,2,3,3,3,4,4,6,5,3,3,3,3,3,3,2,3,2,3,3,3,2
"13-05-2012",2,2,2,2,2,3,3,5,5,4,3,3,2,3,2,2,3,4,3,3,3,3,3,4
"14-05-2012",2,2,3,2,4,7,15,33,12,9,8,7,5,4,4,5,4,4,3,3,3,3,3,3
"15-05-2012",3,4,3,3,2,2,3,3,3,3,3,3,3,3,3,3,3,2,3,2,2,3,2,2
"16-05-2012",2,2,2,2,2,2,5,6,4,3,3,3,3,3,2,3,3,3,2,2,2,2,2,3
"17-05-2012",3,2,2,2,3,3,9,4,4,3,3,3,4,4,2,3,3,3,3,4,3,3,3,3
"18-05-2012",2,2,2,2,2,2,3,4,3,4,4,4,5,5,4,4,3,3,3,3,3,3,2,2
"19-05-2012",2,2,2,2,2,2,3,3,3,3,4,4,3,3,3,4,3,3,4,4,4,3,3,3
"20-05-2012",3,3,3,3,3,3,9,9,14,19,6,3,4,4,4,4,4,3,4,4,3,4,3,3
"21-05-2012",4,4,3,4,5,14,40,45,49,37,35,21,10,14,5,4,3,4,4,3,4,4,4,4
"22-05-2012",3,3,3,3,5,11,40,57,30,10,6,4,3,4,3,3,3,3,3,2,2,2,2,2
"23-05-2012",2,2,2,2,3,2,3,5,4,3,3,3,3,2,3,3,2,2,2,2,3,2,2,2
"24-05-2012",2,2,2,2,2,4,8,7,8,6,4,-9999,3,4,4,3,3,2,2,2,3,3,3,3
"25-05-2012",3,3,3,5,8,16,43,42,9,8,5,5,3,2,4,3,3,5,7,4,3,3,6,7
"26-05-2012",4,4,3,4,5,13,21,21,12,13,5,4,4,4,5,5,4,4,4,4,3,3,3,3
"27-05-2012",3,3,3,3,3,3,5,6,6,8,4,3,4,4,3,3,3,2,3,3,3,3,3,3
"28-05-2012",2,2,3,4,9,14,28,10,6,3,3,3,3,3,3,3,2,2,4,3,3,3,3,3
"29-05-2012",3,3,3,3,3,10,4,16,7,4,3,3,3,3,3,3,3,2,2,2,2,3,3,3
"30-05-2012",3,3,3,3,6,9,17,27,13,6,4,3,4,3,3,4,3,3,4,3,3,3,3,5
"31-05-2012",4,3,5,4,5,16,49,61,24,9,6,4,3,3,3,3,3,3,4,3,3,3,3,3
"01-06-2012",3,3,3,4,4,13,42,34,14,7,6,12,5,4,4,4,6,4,3,5,4,5,4,3
"02-06-2012",3,2,3,3,3,7,9,18,15,8,7,5,4,4,5,4,4,3,4,5,3,3,3,3
"03-06-2012",3,3,3,3,3,2,4,7,7,11,7,6,6,3,3,3,3,3,4,3,3,3,3,4
"04-06-2012",3,3,3,3,4,13,37,48,18,12,6,4,3,3,3,4,3,4,5,5,4,3,3,3
"05-06-2012",4,6,4,10,5,12,36,48,11,6,4,3,4,4,4,5,4,4,3,2,2,2,2,2
"06-06-2012",2,2,2,2,2,3,4,3,4,3,4,4,3,3,3,3,3,3,4,4,5,4,4,4
"07-06-2012",3,4,3,3,3,10,15,8,10,9,4,4,3,4,4,3,6,4,4,3,3,3,3,3
"08-06-2012",3,3,3,3,4,11,25,25,17,7,7,6,4,3,3,2,3,4,3,3,3,3,4,3
"09-06-2012",4,3,3,4,6,10,40,14,14,8,6,4,3,3,3,2,3,2,3,3,3,3,3,3
"10-06-2012",3,3,3,2,3,2,3,5,3,3,3,3,3,3,2,2,2,3,3,3,3,3,2,3
"11-06-2012",3,3,3,4,6,16,40,40,24,14,6,6,5,6,6,5,6,4,7,3,3,3,4,3
"12-06-2012",4,4,4,5,11,27,46,45,21,11,4,3,3,3,3,3,5,3,4,4,3,4,4,4
"13-06-2012",4,3,3,3,4,14,65,38,11,16,8,4,3,4,4,5,5,4,4,4,4,5,4,3
"14-06-2012",3,3,3,3,3,3,3,4,3,3,4,5,3,3,3,3,3,3,3,3,3,3,3,3
"15-06-2012",3,3,2,2,3,2,3,4,5,6,4,4,3,3,3,4,3,3,3,2,2,2,2,5
"16-06-2012",2,2,2,3,2,3,3,3,3,3,4,3,3,3,3,3,2,3,3,3,3,2,2,2
"17-06-2012",2,2,2,2,2,2,2,2,2,2,2,2,3,3,3,3,-9999,4,3,2,2,2,2,2
"18-06-2012",2,2,2,2,2,2,3,2,3,3,3,4,4,5,4,3,3,3,3,3,2,2,2,3
"19-06-2012",2,2,2,2,2,3,3,3,3,3,3,4,4,3,3,4,4,3,3,2,2,3,2,2
"20-06-2012",2,2,2,2,2,3,3,3,3,4,4,4,4,4,4,3,4,3,3,3,3,2,2,2
"21-06-2012",2,2,2,2,3,2,3,3,3,3,4,3,4,4,3,3,3,3,3,3,2,2,2,2
"22-06-2012",3,2,2,2,3,3,3,4,4,4,4,4,3,3,4,4,3,4,3,3,4,3,3,2
"23-06-2012",3,3,3,3,3,3,3,4,4,4,3,3,3,3,2,3,3,2,2,2,3,3,3,4
"24-06-2012",23,3,2,3,3,3,3,3,2,3,2,2,3,3,3,2,2,2,3,3,3,2,3,3
"25-06-2012",3,3,2,3,3,3,4,4,4,5,4,4,3,3,3,3,3,5,3,5,4,3,3,4
"26-06-2012",3,3,4,4,5,13,32,20,10,12,5,4,4,3,3,4,4,4,3,4,4,5,5,5
"27-06-2012",4,4,6,3,4,5,4,10,5,5,4,5,4,4,4,4,4,3,3,3,2,3,3,3
"28-06-2012",3,3,4,4,4,5,7,6,4,4,3,3,3,3,3,3,3,3,3,2,3,2,4,2
"29-06-2012",3,3,3,3,3,4,12,9,8,4,3,4,3,3,3,3,3,3,3,3,3,3,3,3
"30-06-2012",3,3,3,2,3,3,3,3,3,3,3,3,3,3,2,3,2,3,3,3,3,3,2,2
"01-07-2012",2,2,2,2,3,2,3,3,3,3,2,2,2,2,2,2,2,2,3,3,2,3,3,2
"02-07-2012",3,2,3,2,2,2,3,3,4,4,4,4,4,4,4,3,3,3,3,3,3,3,3,3
"03-07-2012",2,3,2,2,2,3,3,3,4,4,4,4,4,4,3,3,3,3,3,3,2,3,3,3
"04-07-2012",2,2,2,2,3,3,4,6,4,5,3,4,3,3,3,4,4,3,4,3,3,3,3,4
"05-07-2012",4,4,3,4,3,13,55,76,14,6,5,4,5,3,3,3,3,4,3,4,3,4,3,4
"06-07-2012",4,4,4,3,5,11,19,18,7,6,6,6,4,4,5,4,3,4,5,5,3,4,4,3
"07-07-2012",4,3,3,3,3,6,10,9,14,11,6,4,5,4,3,3,4,4,3,4,3,3,4,3
"08-07-2012",4,3,3,4,3,3,2,3,3,3,3,3,2,2,2,2,2,2,3,2,3,3,3,4
"09-07-2012",4,3,4,4,4,4,31,32,21,16,7,4,3,3,3,3,3,2,3,2,2,2,3,4
"10-07-2012",4,4,3,3,3,3,6,9,10,5,3,4,3,3,3,3,2,1,3,3,3,4,3,3
"11-07-2012",4,3,4,4,4,3,4,13,8,6,4,-9999,2,2,2,2,2,3,2,2,2,2,3,3
"12-07-2012",2,2,3,5,8,25,44,58,33,11,3,3,2,3,2,3,3,3,3,3,2,2,2,2
"13-07-2012",2,2,2,3,6,13,44,61,36,6,3,4,4,3,2,2,2,1,2,2,2,2,2,2
"14-07-2012",2,2,2,3,3,3,7,12,10,6,3,2,2,2,2,2,1,1,2,1,2,2,2,2
"15-07-2012",1,2,1,2,1,1,3,3,3,1,1,1,1,1,1,1,2,1,1,1,2,2,2,2
"16-07-2012",3,3,2,1,2,9,73,57,53,9,7,7,2,2,2,2,2,2,2,3,2,3,3,3
"17-07-2012",2,2,1,1,1,1,2,2,3,2,3,3,3,2,2,2,2,2,2,1,1,1,1,1
"18-07-2012",1,1,1,1,1,1,2,2,3,3,2,2,2,2,2,2,2,2,1,1,1,1,1,1
"19-07-2012",1,1,1,1,1,2,1,2,3,3,3,2,3,2,2,1,2,2,1,1,1,1,1,1
"20-07-2012",1,1,1,1,1,1,1,2,2,2,2,2,1,2,2,2,2,2,1,1,1,1,1,2
"21-07-2012",1,1,1,1,1,1,1,2,1,2,1,2,1,2,1,1,1,1,1,1,1,1,1,1
"22-07-2012",1,2,1,2,1,1,2,4,5,2,2,1,1,1,1,1,1,2,2,1,1,1,2,2
"23-07-2012",2,1,1,1,1,1,1,1,2,3,2,3,2,2,2,1,2,2,2,1,1,1,1,1
"24-07-2012",1,1,1,1,1,1,2,2,3,3,3,2,2,2,2,1,1,2,2,1,1,1,1,1
"25-07-2012",1,1,2,1,2,4,8,19,5,4,2,2,2,2,2,2,2,1,1,2,1,1,2,2
"26-07-2012",2,2,3,5,5,3,7,21,8,4,3,2,2,2,2,2,1,3,3,2,2,2,1,2
"27-07-2012",2,1,2,5,4,8,38,15,4,3,2,2,2,3,2,2,2,2,1,3,2,2,1,1
"28-07-2012",1,1,1,1,2,1,2,2,2,2,2,1,1,1,1,1,2,1,1,1,1,1,2,1
"29-07-2012",1,1,1,1,1,1,1,1,2,1,2,1,1,1,1,1,1,1,1,1,1,2,1,2
"30-07-2012",2,1,2,3,2,10,20,41,24,14,14,3,2,2,2,1,1,2,2,2,2,3,2,2
"31-07-2012",2,3,2,1,2,2,3,3,5,2,2,2,2,2,2,2,1,1,1,1,1,1,1,1
"01-08-2012",1,2,1,1,1,1,2,3,3,2,1,2,2,2,2,2,2,1,1,1,1,1,2,2
"02-08-2012",1,1,1,1,1,1,2,3,5,4,3,2,2,2,2,1,2,1,1,1,1,2,1,1
"03-08-2012",1,1,1,1,1,1,2,2,3,3,3,2,1,1,2,1,2,2,2,1,2,2,3,3
"04-08-2012",1,2,1,2,1,2,6,12,12,7,3,3,5,4,3,1,2,1,2,2,1,2,2,3
"05-08-2012",2,2,1,2,3,4,4,7,6,3,3,2,1,1,1,1,1,1,1,1,1,2,2,1
"06-08-2012",1,2,2,1,4,12,3,69,48,9,3,2,1,1,1,1,1,1,1,1,1,2,1,1
"07-08-2012",1,1,1,1,1,1,2,5,4,3,2,2,2,1,1,1,1,1,1,1,1,1,2,2
"08-08-2012",1,1,1,1,2,1,2,6,4,3,2,2,2,5,3,2,1,1,1,1,2,1,2,2
"09-08-2012",2,3,2,1,3,4,13,30,23,24,5,2,2,2,1,1,2,2,1,1,1,2,2,1
"10-08-2012",1,1,1,1,1,1,1,1,2,2,2,2,2,3,2,2,1,1,1,1,1,1,2,1
"11-08-2012",1,1,1,1,1,1,1,1,1,2,2,1,1,1,1,1,1,2,1,1,2,2,2,1
"12-08-2012",1,1,1,1,1,1,1,1,1,1,1,2,1,1,1,2,2,1,2,1,1,1,1,2
"13-08-2012",2,2,1,1,2,4,16,12,7,6,5,1,2,2,1,1,2,1,1,2,2,3,2,2
"14-08-2012",2,2,2,2,3,2,5,22,9,5,3,2,2,1,1,2,3,2,2,1,1,3,2,2
"15-08-2012",1,1,2,1,1,2,1,1,2,4,2,1,1,1,1,1,1,2,1,1,1,1,1,2
"16-08-2012",3,1,1,2,2,2,23,23,11,9,5,2,1,1,1,2,1,2,2,2,1,1,1,2
"17-08-2012",2,2,2,2,2,6,13,17,14,7,4,3,2,1,1,1,1,2,1,1,1,1,2,1
"18-08-2012",1,1,1,1,1,1,2,1,1,1,1,1,1,1,1,1,1,1,1,1,1,1,1,1
"19-08-2012",1,1,1,1,1,1,1,1,1,1,1,1,1,1,1,1,1,1,1,1,1,1,1,1
"20-08-2012",1,1,1,1,1,1,2,2,3,2,2,2,2,2,1,2,1,1,1,1,2,1,1,1
"21-08-2012",1,1,1,1,1,1,2,2,2,2,2,1,2,2,2,2,2,2,1,1,1,1,1,1
"22-08-2012",1,1,1,1,1,1,1,2,2,3,3,2,2,2,2,2,1,1,2,2,1,1,1,1
"23-08-2012",1,1,1,1,1,1,2,2,3,2,2,2,2,2,2,1,1,1,1,1,1,2,1,1
"24-08-2012",2,2,1,2,12,11,18,26,7,5,5,2,2,2,2,1,2,1,1,1,2,2,1,2
"25-08-2012",2,1,1,1,1,1,6,3,1,1,1,1,1,1,1,1,1,1,1,1,1,1,1,1
"26-08-2012",1,1,1,1,1,2,6,19,8,6,2,1,1,1,1,1,1,2,1,1,2,2,2,2
"27-08-2012",2,3,4,2,4,12,24,60,30,5,5,1,1,1,1,2,4,3,3,2,2,2,1,1
"28-08-2012",1,1,1,1,1,1,2,1,2,2,3,2,2,2,2,2,1,1,1,1,1,1,2,1
"29-08-2012",1,1,1,1,1,2,5,6,6,3,2,2,2,1,1,2,1,1,1,1,1,2,1,1
"30-08-2012",1,1,1,1,1,1,1,2,2,3,2,2,2,1,2,1,2,1,1,2,2,1,1,2
"31-08-2012",1,2,1,1,1,2,1,3,2,2,2,2,2,2,2,2,2,1,1,1,1,1,1,1
"01-09-2012",1,1,1,1,1,1,1,1,1,2,2,1,1,1,1,2,1,1,1,1,1,1,1,1
"02-09-2012",1,1,1,1,1,1,1,1,1,2,2,1,2,1,1,1,1,1,1,1,1,1,1,1
"03-09-2012",1,1,1,1,1,1,1,2,1,2,2,3,3,2,2,2,1,1,1,1,1,1,1,2
"04-09-2012",3,3,1,1,1,3,2,11,3,2,3,2,2,2,1,1,2,1,1,1,2,1,2,2
"05-09-2012",2,4,2,2,2,8,44,91,9,11,6,3,3,2,2,1,1,1,2,1,1,1,1,1
"06-09-2012",2,2,1,2,3,15,55,85,22,8,5,4,2,2,2,2,1,2,2,2,1,1,2,2
"07-09-2012",2,3,5,1,1,1,1,3,5,3,3,2,2,1,2,1,1,2,2,1,1,2,2,2
"08-09-2012",1,1,1,1,1,1,2,2,2,2,2,2,2,1,1,1,1,1,1,1,1,1,1,1
"09-09-2012",1,1,1,1,1,1,2,1,1,1,1,2,1,1,1,1,1,1,1,1,1,2,1,1
"10-09-2012",2,1,1,1,2,2,4,5,3,3,2,2,2,3,2,2,2,2,2,1,1,1,1,1
"11-09-2012",1,1,1,1,1,1,3,2,3,3,3,3,3,3,3,2,2,2,2,1,1,1,1,1
"12-09-2012",1,1,1,1,1,2,4,4,2,2,3,2,2,2,2,2,1,2,2,1,1,2,2,2
"13-09-2012",2,2,2,1,4,8,29,45,39,6,3,4,2,2,2,2,2,1,1,1,1,2,1,1
"14-09-2012",2,2,2,1,1,1,3,5,3,7,5,2,2,2,2,2,2,1,2,1,1,1,1,2
"15-09-2012",1,1,3,4,4,6,23,7,3,5,4,2,2,1,1,2,1,1,1,1,1,1,1,1
"16-09-2012",1,1,1,2,1,2,1,1,2,2,5,2,3,4,3,5,6,3,2,2,2,1,2,1
"17-09-2012",2,1,1,1,1,1,2,4,6,6,4,2,4,3,3,1,1,3,2,1,2,3,3,2
"18-09-2012",2,1,1,1,1,2,2,4,12,4,5,4,3,2,2,2,2,2,1,1,2,1,1,2
"19-09-2012",1,1,1,1,1,1,3,4,4,4,3,1,2,2,2,2,2,2,1,1,1,1,2,2
"20-09-2012",2,1,2,2,3,8,42,44,54,13,5,2,2,2,2,1,1,1,2,1,1,2,1,1
"21-09-2012",1,1,1,1,1,1,4,4,5,5,-9999,4,3,2,2,2,2,2,3,2,2,2,1,1
"22-09-2012",1,1,1,1,1,1,2,2,2,3,3,2,1,2,2,2,3,2,1,1,2,2,1,1
"23-09-2012",1,2,2,1,1,1,2,5,5,5,5,6,2,2,2,1,2,1,1,2,2,2,4,3
"24-09-2012",2,2,1,2,3,13,32,81,46,11,9,9,3,2,2,2,3,3,3,3,2,2,3,2
"25-09-2012",2,4,3,3,6,23,59,100,82,20,20,16,7,5,3,3,3,2,2,3,4,3,6,4
"26-09-2012",2,2,3,4,5,22,86,104,80,46,9,5,3,4,2,2,2,2,2,1,2,2,4,5
"27-09-2012",3,5,4,4,9,35,5,27,29,5,4,3,4,2,2,2,2,2,2,2,2,2,1,1
"28-09-2012",1,1,1,1,2,4,2,3,3,3,2,3,2,2,1,2,2,1,1,2,1,1,1,1
"29-09-2012",1,1,1,1,1,1,1,1,1,2,2,2,1,2,2,1,2,1,1,1,1,1,1,1
"30-09-2012",1,1,1,1,1,1,1,2,1,1,1,1,1,1,1,1,1,1,1,1,2,1,1,1
"01-10-2012",2,1,1,1,1,2,13,96,6,2,3,3,3,2,2,2,2,3,2,2,2,2,2,2
"02-10-2012",2,2,1,2,4,4,36,23,41,22,7,12,7,2,2,3,4,2,3,2,3,3,6,5
"03-10-2012",2,2,2,5,16,26,73,101,108,10,5,3,3,3,2,5,2,1,2,1,2,2,1,1
"04-10-2012",2,2,2,1,1,1,5,4,3,3,3,3,3,4,4,2,2,2,1,2,2,2,3,2
"05-10-2012",3,2,1,1,2,2,24,26,16,9,2,2,1,1,2,2,2,2,1,1,2,2,1,2
"06-10-2012",1,1,1,1,1,1,2,7,7,2,2,2,1,2,2,2,2,1,1,2,2,1,1,1
"07-10-2012",1,1,1,1,1,1,1,2,2,4,4,3,3,2,1,1,2,2,1,1,2,3,2,2
"08-10-2012",4,1,2,2,2,10,37,50,70,40,7,5,3,2,2,2,1,2,2,2,2,1,1,1
"09-10-2012",1,1,1,1,1,1,2,3,17,5,5,3,3,2,2,2,2,1,1,2,2,2,1,1
"10-10-2012",1,1,1,1,2,5,12,5,7,5,4,4,3,3,3,2,2,3,3,3,5,5,1,2
"11-10-2012",3,2,2,3,2,8,25,44,38,31,5,4,5,3,2,2,2,2,1,1,1,2,2,2
"12-10-2012",2,2,1,2,7,9,45,71,46,17,8,7,3,3,3,2,3,1,1,1,1,2,1,2
"13-10-2012",1,2,1,1,2,6,11,7,13,16,4,3,3,2,2,2,2,2,3,1,2,2,2,4
"14-10-2012",1,2,2,1,2,2,4,7,9,9,4,4,6,4,2,2,2,1,1,1,2,2,1,1
"15-10-2012",2,3,2,3,8,15,41,73,96,57,13,5,3,3,4,2,2,2,2,3,8,6,7,10
"16-10-2012",8,7,4,4,15,41,67,97,100,50,5,3,3,3,4,5,4,5,2,2,6,13,4,5
"17-10-2012",4,3,1,4,7,19,59,87,86,65,20,15,6,3,2,3,2,3,3,15,17,28,9,7
"18-10-2012",3,3,4,5,6,27,19,17,85,25,5,5,3,3,2,2,2,2,2,1,1,1,1,1
"19-10-2012",1,1,1,1,1,1,2,1,3,2,3,4,4,2,2,2,2,1,1,1,1,1,1,1
"20-10-2012",1,1,1,1,1,1,2,1,1,1,2,2,2,2,1,1,1,1,1,1,1,2,2,2
"21-10-2012",1,1,1,1,1,1,2,1,2,2,2,2,2,2,1,1,2,1,1,2,1,1,1,1
"22-10-2012",1,2,1,1,1,1,2,3,5,4,3,3,3,4,4,3,2,2,2,2,1,1,1,1
"23-10-2012",1,1,1,1,1,2,3,3,7,3,3,3,4,4,3,3,2,2,2,1,1,1,1,1
"24-10-2012",1,1,1,1,1,2,2,8,8,5,4,5,5,4,4,2,2,1,2,1,1,1,1,1
"25-10-2012",1,1,1,1,1,1,3,3,3,4,4,4,4,4,4,3,2,3,5,4,2,3,3,3
"26-10-2012",3,3,2,3,6,22,56,98,107,43,20,13,13,6,4,3,2,1,1,5,9,3,5,3
"27-10-2012",3,2,2,1,4,13,28,35,50,30,12,5,5,3,2,2,1,1,1,1,1,1,1,1
"28-10-2012",1,1,1,1,1,1,1,1,1,1,1,1,1,2,1,1,1,1,1,1,1,1,1,1
"29-10-2012",1,1,1,1,1,1,2,11,2,2,2,2,4,16,14,5,4,30,62,17,3,1,1,1
"30-10-2012",1,1,1,1,1,2,9,10,4,3,2,1,1,1,2,1,2,2,2,3,2,2,4,3
"31-10-2012",1,1,1,1,2,7,29,55,33,10,10,3,2,2,1,1,2,2,5,7,13,7,4,3
"01-11-2012",4,3,3,2,3,25,57,125,52,28,3,2,2,2,2,1,1,1,2,1,1,1,1,2
"02-11-2012",4,4,4,2,10,27,51,62,63,15,8,3,2,3,3,3,2,2,2,4,2,2,1,2
"03-11-2012",1,1,1,1,1,13,18,48,46,16,4,2,4,4,5,2,1,1,2,3,3,2,11,5
"04-11-2012",2,2,2,1,2,2,5,12,12,7,6,3,2,1,2,2,1,1,2,3,3,6,7,4
"05-11-2012",4,1,2,5,11,36,40,102,98,11,4,6,4,3,3,2,2,2,1,1,2,2,9,4
"06-11-2012",2,2,1,2,6,19,22,68,42,13,7,4,3,3,2,1,3,1,1,1,2,1,1,1
"07-11-2012",1,2,2,1,1,2,2,3,3,3,3,3,3,2,2,2,1,1,2,7,2,2,1,1
"08-11-2012",1,1,1,1,1,1,2,2,2,2,4,3,3,2,3,2,2,1,1,1,1,1,1,1
"09-11-2012",1,1,1,1,1,2,7,14,10,5,5,5,4,3,2,2,2,3,9,7,7,2,2,2
"10-11-2012",1,1,1,1,1,1,1,6,5,3,3,3,3,2,1,1,1,2,2,4,2,3,2,1
"11-11-2012",1,1,1,2,1,2,1,1,3,3,3,2,2,2,2,2,1,5,7,5,2,2,3,1
"12-11-2012",2,1,1,1,1,6,4,8,8,6,6,4,4,5,4,4,3,2,1,2,2,1,1,1
"13-11-2012",1,1,1,1,1,2,4,6,7,4,4,6,7,4,5,4,5,3,2,2,2,2,2,2
"14-11-2012",2,1,1,1,1,1,1,3,3,3,3,4,4,5,4,3,2,2,-9999,2,2,2,2,2
"15-11-2012",2,2,2,4,5,7,15,17,16,7,5,4,3,3,3,3,3,3,3,2,2,2,1,1
"16-11-2012",1,1,1,1,1,1,3,6,5,4,4,4,4,6,11,7,4,3,2,2,3,2,2,2
"17-11-2012",1,1,1,1,1,1,2,2,2,2,3,3,2,3,3,2,2,1,2,2,2,1,1,1
"18-11-2012",1,1,1,1,1,1,1,1,2,3,3,3,3,2,3,2,2,2,3,2,1,1,1,1
"19-11-2012",2,1,2,1,1,2,40,82,20,66,9,3,5,5,6,4,4,3,4,6,8,3,2,1
"20-11-2012",1,1,1,2,3,3,11,41,30,35,13,4,5,4,5,6,15,18,7,3,7,12,3,3
"21-11-2012",2,2,3,1,2,14,33,57,52,15,16,24,7,7,5,5,4,6,8,23,19,2,3,3
"22-11-2012",1,1,1,1,1,2,6,7,6,6,5,5,5,4,4,4,3,2,2,2,2,2,2,2
"23-11-2012",1,1,1,1,1,4,13,51,51,10,6,5,3,4,4,3,3,3,5,9,8,4,5,2
"24-11-2012",1,1,1,1,1,2,2,8,9,5,4,5,5,3,4,5,3,4,6,2,3,2,3,2
"25-11-2012",1,2,2,1,1,1,1,2,2,4,2,3,2,1,2,2,3,8,5,27,19,10,10,8
"26-11-2012",3,4,3,2,2,6,33,42,50,9,6,4,4,4,5,7,13,19,5,6,18,18,6,3
"27-11-2012",2,7,4,4,12,27,59,93,87,47,13,-9999,-9999,-9999,3,2,1,2,3,4,7,9,9,-9999
"28-11-2012",-9999,-9999,-9999,-9999,-9999,-9999,-9999,-9999,-9999,-9999,-9999,-9999,-9999,-9999,-9999,-9999,-9999,-9999,-9999,-9999,-9999,-9999,-9999,-9999
"29-11-2012",-9999,-9999,-9999,-9999,-9999,-9999,-9999,-9999,-9999,-9999,-9999,-9999,-9999,-9999,-9999,-9999,-9999,-9999,-9999,-9999,-9999,-9999,-9999,-9999
"30-11-2012",-9999,-9999,-9999,-9999,-9999,-9999,-9999,-9999,-9999,-9999,-9999,-9999,-9999,-9999,-9999,-9999,-9999,-9999,-9999,-9999,-9999,-9999,-9999,-9999
"01-12-2012",-9999,-9999,-9999,-9999,-9999,-9999,-9999,-9999,-9999,-9999,-9999,-9999,-9999,-9999,-9999,-9999,-9999,-9999,-9999,-9999,-9999,-9999,-9999,-9999
"02-12-2012",-9999,-9999,-9999,-9999,-9999,-9999,-9999,-9999,-9999,-9999,-9999,-9999,-9999,-9999,-9999,-9999,-9999,-9999,-9999,-9999,-9999,-9999,-9999,-9999
"03-12-2012",-9999,-9999,-9999,-9999,-9999,-9999,-9999,-9999,-9999,-9999,-9999,-9999,-9999,-9999,-9999,-9999,-9999,-9999,-9999,-9999,-9999,-9999,-9999,-9999
"04-12-2012",-9999,-9999,-9999,-9999,-9999,-9999,-9999,-9999,-9999,-9999,-9999,-9999,-9999,-9999,-9999,-9999,-9999,-9999,-9999,-9999,-9999,-9999,-9999,-9999
"05-12-2012",-9999,-9999,-9999,-9999,-9999,-9999,-9999,-9999,-9999,-9999,-9999,-9999,-9999,-9999,-9999,-9999,-9999,-9999,-9999,-9999,-9999,-9999,-9999,-9999
"06-12-2012",-9999,-9999,-9999,-9999,-9999,-9999,-9999,-9999,-9999,-9999,-9999,-9999,-9999,-9999,-9999,-9999,-9999,-9999,-9999,-9999,-9999,-9999,-9999,-9999
"07-12-2012",-9999,-9999,-9999,-9999,-9999,-9999,-9999,-9999,-9999,-9999,-9999,-9999,2,2,6,5,14,22,40,28,19,29,10,9
"08-12-2012",3,1,2,2,7,14,23,43,55,31,13,12,10,2,1,1,1,1,1,1,1,1,1,1
"09-12-2012",1,1,1,1,1,1,1,9,4,9,5,1,1,4,9,5,4,1,6,13,6,6,4,3
"10-12-2012",1,1,1,1,1,2,2,8,17,7,4,4,4,4,3,4,4,8,11,10,6,3,6,3
"11-12-2012",10,3,2,2,4,18,74,92,131,122,122,156,27,1,1,1,2,1,1,2,1,1,1,1
"12-12-2012",1,1,1,1,1,3,17,23,25,9,7,2,2,1,1,1,3,2,2,2,3,2,1,1
"13-12-2012",1,1,1,1,1,1,6,7,10,9,8,5,5,4,4,4,4,10,10,19,16,12,5,3
"14-12-2012",3,3,4,1,1,1,3,10,38,13,15,13,8,3,3,3,6,17,6,14,6,6,5,13
"15-12-2012",4,7,1,1,1,25,18,30,54,23,6,3,5,3,3,2,1,27,30,24,20,18,8,17
"16-12-2012",4,3,1,2,2,6,7,15,23,17,10,6,5,3,3,4,10,31,41,44,53,32,32,19
"17-12-2012",12,10,14,15,15,29,70,128,151,67,32,8,6,5,4,7,4,47,38,29,9,2,5,2
"18-12-2012",1,2,1,1,1,3,12,56,30,37,25,59,9,5,4,2,2,5,5,10,5,3,1,1
"19-12-2012",1,1,1,1,1,4,19,35,8,6,4,4,3,5,4,5,6,4,4,3,2,3,1,1
"20-12-2012",1,1,1,1,1,1,1,4,6,5,5,4,3,3,4,4,4,3,3,3,2,1,1,1
"21-12-2012",1,1,1,1,1,2,4,17,34,49,13,5,3,3,2,1,1,12,28,7,4,6,6,7
"22-12-2012",5,2,1,1,1,3,3,10,6,13,19,14,2,2,1,2,3,1,2,2,2,1,1,1
"23-12-2012",1,1,1,1,1,1,1,1,1,1,2,3,2,2,1,1,1,1,3,1,1,1,1,1
"24-12-2012",1,1,1,1,1,1,2,7,12,5,4,3,3,3,3,2,1,1,3,7,3,3,1,2
"25-12-2012",1,1,1,1,1,1,2,7,12,8,7,5,6,5,13,4,2,5,16,21,15,19,9,6
"26-12-2012",7,7,3,2,4,6,12,18,17,20,19,17,11,6,8,3,6,31,37,42,49,35,32,24
"27-12-2012",27,14,8,21,29,54,65,112,205,139,23,25,18,7,5,4,2,11,39,38,31,29,28,40
"28-12-2012",20,20,7,16,14,50,63,114,161,144,51,18,5,3,2,3,2,3,26,56,26,28,23,18
"29-12-2012",8,6,4,3,6,20,32,35,29,3,2,3,2,6,2,4,2,3,3,3,7,8,2,1
"30-12-2012",1,1,1,1,1,1,1,1,1,1,1,1,1,1,1,1,1,1,1,1,1,1,1,1
"31-12-2012",1,1,1,1,1,1,1,1,2,1,1,1,1,1,2,1,1,1,1,1,1,1,1,1
