"01-01-2014",27,26,28,27,27,27,26,26,30,30,30,32,30,28,27,27,26,19,22,23,19,5,9,21
"02-01-2014",25,27,29,31,35,38,30,24,15,12,11,16,15,15,20,21,11,5,7,5,4,6,7,5
"03-01-2014",6,9,10,13,16,19,23,8,10,24,31,32,33,33,33,29,23,8,4,4,4,4,6,10
"04-01-2014",5,10,15,10,9,15,14,8,9,6,9,12,18,26,34,36,19,8,5,5,5,5,5,5
"05-01-2014",7,6,5,8,24,30,31,28,13,4,5,5,6,9,12,11,8,4,4,6,7,7,4,14
"06-01-2014",25,25,5,4,6,4,5,6,4,5,8,12,15,15,22,24,18,13,6,7,5,6,18,13
"07-01-2014",21,13,10,5,4,4,5,5,4,4,4,5,12,19,25,28,22,10,10,5,4,4,5,5
"08-01-2014",5,8,6,7,3,5,6,4,13,5,4,5,13,16,19,19,12,9,6,9,11,6,4,13
"09-01-2014",9,14,3,4,11,8,14,20,14,7,2,4,10,18,14,14,7,2,3,4,3,4,4,4
"10-01-2014",4,4,4,5,5,5,5,3,4,5,5,5,10,17,19,20,11,5,5,3,4,4,11,10
"11-01-2014",14,14,10,9,14,19,18,5,5,5,4,6,21,29,32,32,22,7,3,4,4,4,4,4
"12-01-2014",5,7,5,7,4,5,4,3,4,6,8,17,27,36,33,26,21,7,9,4,4,4,4,12
"13-01-2014",15,6,9,4,7,17,10,10,9,6,3,5,12,18,28,28,20,6,4,4,5,14,7,4
"14-01-2014",4,4,4,14,7,3,4,6,4,4,4,7,19,19,27,28,13,5,5,5,4,7,11,18
"15-01-2014",23,25,31,36,36,34,30,17,14,10,23,38,36,32,9,5,4,4,4,5,4,9,7,4
"16-01-2014",4,6,3,4,5,3,4,4,8,5,3,7,14,23,22,18,19,7,10,10,3,3,4,4
"17-01-2014",4,4,10,4,4,6,8,13,4,5,3,6,22,26,27,22,22,8,5,4,4,4,5,9
"18-01-2014",7,17,19,22,24,25,23,12,10,12,16,20,29,25,25,21,15,8,4,4,4,4,4,7
"19-01-2014",4,4,4,4,15,14,8,5,6,5,17,30,30,35,38,32,26,23,19,16,17,17,22,21
"20-01-2014",16,13,9,7,7,8,7,4,6,4,9,6,14,19,23,19,13,5,6,4,4,7,5,5
"21-01-2014",15,5,5,6,5,8,5,3,9,4,6,34,39,45,46,44,39,32,17,5,5,9,8,5
"22-01-2014",4,7,13,21,27,21,14,4,4,5,5,6,4,11,9,9,20,6,4,4,4,4,4,4
"23-01-2014",4,4,6,8,4,4,5,25,3,4,6,8,17,22,26,24,15,10,4,4,4,4,4,4
"24-01-2014",4,13,7,9,12,8,4,4,5,4,6,13,7,5,8,6,23,26,38,34,26,39,46,35
"25-01-2014",53,49,41,31,31,15,10,4,5,7,9,18,33,38,28,28,29,23,25,24,29,34,38,42
"26-01-2014",43,43,44,48,49,49,47,46,46,44,38,38,45,45,45,46,45,42,45,50,53,53,55,54
"27-01-2014",53,52,48,50,49,49,46,32,28,37,37,38,41,40,40,50,40,26,23,15,6,16,27,19
"28-01-2014",28,26,27,19,13,8,8,8,4,4,5,5,10,17,20,18,25,20,20,25,22,20,24,24
"29-01-2014",27,29,29,35,28,19,4,7,7,5,5,17,32,29,33,37,25,7,5,4,5,5,7,12
"30-01-2014",17,9,12,9,16,5,9,17,4,4,5,5,6,28,40,41,35,31,35,39,44,42,45,46
"31-01-2014",48,48,45,47,46,45,42,32,35,30,30,33,34,30,29,34,34,37,35,41,38,40,43,46
"01-02-2014",47,50,51,52,50,49,47,42,39,41,43,39,47,43,32,51,43,17,16,13,9,13,36,43
"02-02-2014",43,39,41,41,23,36,47,49,42,58,62,51,46,39,36,38,33,19,12,5,5,6,6,7
"03-02-2014",9,5,6,23,21,10,6,4,31,9,8,15,33,41,46,44,42,24,11,17,27,51,52,49
"04-02-2014",41,45,50,57,69,60,57,31,36,56,65,45,34,47,34,32,24,16,17,11,23,31,17,42
"05-02-2014",49,56,57,56,53,48,42,24,22,23,24,23,21,17,17,31,29,14,9,8,8,14,20,25
"06-02-2014",35,42,44,41,42,40,32,10,5,7,10,6,5,6,4,6,5,5,9,25,32,26,30,33
"07-02-2014",27,22,27,37,14,6,4,4,5,6,5,5,19,36,47,50,36,23,7,4,4,5,8,6
"08-02-2014",12,15,15,16,20,28,14,4,5,6,9,17,37,53,50,52,51,42,29,31,24,17,6,11
"09-02-2014",6,5,14,12,10,13,5,17,15,18,6,18,43,50,50,48,43,19,12,11,9,23,3,7
"10-02-2014",7,5,4,6,13,20,4,4,4,4,13,34,27,28,42,63,41,21,4,4,5,5,5,5
"11-02-2014",19,35,36,44,21,4,4,4,4,4,18,32,33,45,54,47,35,20,7,5,9,15,20,26
"12-02-2014",45,52,53,23,8,10,8,4,4,4,7,24,36,43,46,38,23,14,20,15,26,15,14,12
"13-02-2014",7,8,12,15,9,6,6,4,4,10,7,17,35,36,46,47,41,34,32,8,5,4,4,4
"14-02-2014",9,10,6,6,12,8,9,5,9,20,34,35,41,48,51,44,44,28,31,36,32,53,61,61
"15-02-2014",62,60,59,57,56,50,42,37,40,40,48,46,51,52,54,59,54,44,14,3,4,4,4,4
"16-02-2014",4,5,8,15,27,12,9,12,20,12,15,39,56,71,75,71,68,55,40,8,4,5,7,4
"17-02-2014",6,17,17,4,29,6,4,7,13,8,8,14,23,37,44,44,46,39,16,4,4,4,4,4
"18-02-2014",4,5,6,9,4,6,15,4,4,4,5,15,40,51,54,59,46,22,26,33,36,31,31,35
"19-02-2014",39,30,30,22,28,29,26,18,11,7,12,32,33,32,22,31,41,26,18,11,16,22,20,26
"20-02-2014",28,28,25,19,22,20,17,10,11,22,16,23,27,29,39,46,48,36,30,15,7,5,11,14
"21-02-2014",15,11,8,5,20,27,4,4,5,27,14,14,20,20,21,22,19,16,13,6,8,5,4,5
"22-02-2014",9,4,4,4,5,7,4,4,4,5,15,35,46,56,54,56,46,42,39,43,35,32,35,33
"23-02-2014",19,16,19,19,31,29,19,23,23,26,27,28,41,44,35,36,43,35,24,25,24,24,20,22
"24-02-2014",26,31,35,32,31,25,30,26,18,27,25,26,12,14,17,14,9,8,12,14,11,22,27,31
"25-02-2014",23,25,27,36,33,38,44,23,39,46,47,49,52,50,52,50,53,47,41,41,30,15,8,20
"26-02-2014",32,36,36,36,24,22,21,7,5,8,12,24,46,50,49,49,50,41,21,20,8,5,7,11
"27-02-2014",19,22,32,22,18,10,7,5,5,6,24,34,50,55,61,62,51,47,39,36,38,36,35,35
"28-02-2014",38,35,39,41,40,41,30,8,6,15,15,15,15,22,23,22,19,12,32,28,22,21,16,6
"01-03-2014",21,32,28,34,35,28,30,27,16,9,9,9,21,25,29,29,27,36,40,44,53,52,47,49
"02-03-2014",53,51,46,39,47,45,49,49,39,25,23,27,32,33,46,41,35,27,25,15,19,31,26,22
"03-03-2014",33,49,49,42,21,15,37,46,54,44,47,37,43,40,37,51,44,44,45,31,39,46,48,49
"04-03-2014",47,51,48,34,39,35,16,15,32,30,42,44,50,49,54,45,43,35,39,41,45,48,56,46
"05-03-2014",34,43,37,23,12,8,6,4,6,10,19,35,51,49,60,63,64,49,46,39,27,11,21,8
"06-03-2014",5,4,5,5,6,5,16,10,15,19,34,38,43,48,49,47,46,50,43,44,45,43,44,33
"07-03-2014",31,28,44,44,30,35,33,13,21,29,43,44,54,49,45,37,18,14,7,13,15,7,8,12
"08-03-2014",13,23,34,26,25,29,24,12,10,14,25,41,48,50,38,38,33,35,34,27,40,33,27,18
"09-03-2014",17,22,22,37,37,38,30,36,36,47,39,54,57,55,54,52,54,55,55,50,66,65,65,54
"10-03-2014",42,48,49,57,51,55,50,38,29,36,42,51,48,46,46,40,33,35,35,37,45,41,46,49
"11-03-2014",51,59,61,62,66,69,56,46,39,44,51,50,51,52,53,52,50,33,36,16,17,16,5,7
"12-03-2014",35,51,37,28,22,43,28,8,16,38,51,67,72,68,75,76,73,50,22,8,5,6,35,28
"13-03-2014",27,62,75,72,73,46,37,12,22,12,33,69,80,82,84,90,83,80,57,48,28,5,7,12
"14-03-2014",17,18,43,46,43,20,11,5,5,20,41,58,55,84,88,85,81,76,54,31,5,4,4,4
"15-03-2014",10,27,31,18,29,27,7,10,8,16,37,75,81,80,76,81,81,71,63,59,32,32,13,13
"16-03-2014",32,27,27,30,28,38,51,56,55,60,62,62,66,66,69,73,74,73,69,68,62,63,59,39
"17-03-2014",36,28,5,5,7,23,24,26,40,47,51,51,52,55,59,61,62,47,18,12,6,4,4,4
"18-03-2014",5,7,13,15,7,6,3,3,8,33,19,23,35,52,71,59,60,68,36,10,3,4,17,6
"19-03-2014",22,15,13,19,18,3,8,14,10,10,15,39,71,70,87,94,61,47,38,38,31,59,77,79
"20-03-2014",82,83,79,76,70,65,60,56,50,57,61,63,67,70,80,83,74,67,58,47,35,12,10,18
"21-03-2014",17,15,18,23,40,34,11,5,7,20,47,60,66,75,82,81,81,73,46,26,17,9,18,45
"22-03-2014",38,33,21,32,31,20,11,16,8,30,40,69,83,86,87,89,79,70,68,56,12,22,36,34
"23-03-2014",7,15,34,41,17,14,25,16,15,40,38,82,90,86,92,84,82,79,67,57,50,30,29,37
"24-03-2014",41,55,61,34,40,33,15,14,26,47,76,73,68,74,67,54,64,70,36,42,45,44,27,31
"25-03-2014",43,45,52,46,37,29,28,36,58,61,73,76,77,74,78,76,75,71,68,62,46,12,12,25
"26-03-2014",57,60,54,58,64,58,50,27,31,42,65,75,68,69,81,77,70,62,53,39,34,45,46,50
"27-03-2014",51,54,53,49,34,34,14,5,4,6,32,43,57,59,69,72,67,51,52,60,64,75,49,49
"28-03-2014",76,62,62,47,35,23,9,10,13,18,50,63,64,51,51,57,53,47,35,22,23,18,23,38
"29-03-2014",50,41,39,36,23,23,31,36,32,40,49,59,65,66,66,74,73,70,60,55,46,31,19,45
"30-03-2014",56,70,75,69,60,69,63,63,61,61,63,65,69,78,78,80,79,76,69,64,59,66,61,62
"31-03-2014",50,46,46,46,43,20,25,47,56,-9999,61,65,65,71,71,74,81,80,75,68,55,48,39,9
"01-04-2014",10,32,26,27,24,24,15,21,4,12,30,33,44,58,63,71,76,81,68,58,12,12,10,32
"02-04-2014",33,46,59,52,46,17,18,4,7,15,31,43,64,72,76,90,88,75,64,62,61,48,46,48
"03-04-2014",38,66,59,54,45,42,39,46,23,21,29,39,23,60,80,87,91,82,74,71,71,75,64,69
"04-04-2014",67,54,49,36,36,44,38,25,20,33,41,43,67,85,79,77,80,76,72,73,67,68,56,54
"05-04-2014",54,49,75,67,45,40,57,42,44,54,66,78,73,78,82,85,84,78,72,74,71,71,76,75
"06-04-2014",78,77,79,76,76,68,54,53,64,41,40,47,34,34,35,34,32,32,26,30,20,16,32,50
"07-04-2014",52,55,56,55,41,27,13,7,8,11,12,22,32,37,41,47,42,55,49,36,15,41,34,36
"08-04-2014",47,49,35,43,29,6,6,9,10,12,36,35,56,53,68,66,71,65,62,53,43,34,19,14
"09-04-2014",7,11,16,26,6,10,5,4,6,33,44,49,61,77,76,75,70,65,64,54,53,47,31,38
"10-04-2014",49,52,66,67,70,70,70,65,62,59,63,65,67,71,72,78,78,77,74,69,69,75,82,81
"11-04-2014",79,79,79,80,74,68,49,26,27,50,62,63,66,68,62,66,68,67,70,57,37,32,30,58
"12-04-2014",71,70,74,55,39,37,30,12,21,40,52,58,67,72,73,76,77,75,64,74,67,71,61,65
"13-04-2014",65,52,59,68,68,64,59,35,41,55,72,86,89,91,98,98,92,84,78,76,69,62,69,63
"14-04-2014",37,65,66,68,65,61,54,35,11,28,59,71,91,92,92,93,92,86,71,75,66,65,54,50
"15-04-2014",34,40,57,51,36,49,21,7,16,24,73,78,83,90,90,94,87,76,66,77,79,68,59,53
"16-04-2014",53,60,60,58,57,56,44,32,28,39,54,37,39,28,33,45,45,42,41,34,41,51,44,40
"17-04-2014",34,35,41,36,38,30,26,17,25,36,46,46,55,61,65,62,69,57,70,61,68,59,55,71
"18-04-2014",79,75,66,57,49,44,38,35,31,36,41,40,46,48,56,63,61,65,50,47,45,41,25,19
"19-04-2014",19,22,35,27,26,38,29,41,42,47,56,63,66,70,68,64,48,51,54,48,42,38,44,47
"20-04-2014",45,41,36,36,41,34,7,19,25,42,54,71,80,79,84,77,76,70,72,65,51,36,22,35
"21-04-2014",41,47,39,49,48,32,28,21,31,28,50,77,78,77,62,60,63,60,59,66,55,56,50,35
"22-04-2014",47,54,50,59,59,55,44,24,17,29,45,63,76,74,85,86,72,65,61,54,50,32,24,18
"23-04-2014",16,21,17,25,29,30,8,9,18,15,32,37,46,57,62,55,56,52,53,44,31,23,21,11
"24-04-2014",12,11,12,11,4,3,4,4,10,7,19,42,55,77,73,74,81,61,50,33,47,43,35,59
"25-04-2014",50,46,41,44,42,37,29,26,10,9,17,30,37,43,38,31,31,33,26,22,19,16,22,21
"26-04-2014",11,17,25,29,22,28,26,15,7,27,30,37,30,32,22,24,23,17,16,11,17,38,40,29
"27-04-2014",31,28,28,31,27,32,23,18,26,27,41,40,53,58,55,62,62,54,50,46,30,13,14,16
"28-04-2014",22,28,27,24,20,17,10,4,10,33,54,54,52,61,54,37,54,60,54,52,37,25,13,9
"29-04-2014",20,18,29,34,24,16,10,7,15,25,26,34,43,60,58,56,59,57,55,52,52,55,38,24
"30-04-2014",25,49,57,52,59,52,46,23,25,33,27,40,46,48,53,50,49,54,54,46,19,31,40,26
"01-05-2014",15,18,22,27,30,28,30,20,14,28,25,43,66,71,77,79,76,77,66,69,52,43,26,30
"02-05-2014",44,45,25,20,20,21,11,13,12,33,50,56,65,67,76,80,79,77,72,69,55,51,70,46
"03-05-2014",17,37,47,48,52,50,41,23,29,35,54,66,67,74,74,70,64,60,62,57,61,66,69,72
"04-05-2014",63,63,68,59,59,55,40,36,32,56,64,56,64,66,77,84,79,78,71,64,57,41,47,45
"05-05-2014",57,53,51,55,58,56,48,41,35,43,47,54,58,60,58,62,67,69,71,74,73,66,61,62
"06-05-2014",60,59,55,55,48,44,50,42,37,31,14,15,21,28,40,46,48,50,47,44,37,32,15,16
"07-05-2014",16,5,8,17,21,18,9,7,20,25,41,52,54,67,74,77,75,73,71,70,62,55,40,46
"08-05-2014",27,45,47,46,41,33,8,6,12,52,64,77,77,81,83,74,74,76,79,74,59,51,40,41
"09-05-2014",47,46,41,36,32,35,10,14,42,56,57,57,60,62,65,66,68,68,64,55,43,35,52,49
"10-05-2014",49,57,60,43,52,26,27,31,29,41,57,68,80,85,83,86,87,84,76,77,54,44,51,42
"11-05-2014",34,28,31,40,38,38,37,17,27,40,66,76,82,84,96,91,88,85,74,66,65,59,54,37
"12-05-2014",42,56,58,52,56,41,19,8,18,31,32,62,64,75,81,88,71,73,59,54,58,59,42,38
"13-05-2014",45,60,60,53,33,42,28,21,28,28,46,73,78,80,81,75,64,60,69,57,59,55,50,45
"14-05-2014",44,44,48,45,42,27,23,24,36,33,55,60,71,76,65,34,38,51,73,71,72,74,57,57
"15-05-2014",34,44,34,41,44,15,6,17,41,51,54,57,58,63,64,65,62,71,58,53,45,28,25,15
"16-05-2014",21,19,19,30,31,35,30,29,37,49,59,67,79,80,79,78,69,74,67,59,57,37,51,55
"17-05-2014",55,58,59,35,24,23,43,42,32,49,61,65,69,76,79,88,87,82,70,66,72,68,61,36
"18-05-2014",50,49,54,51,56,46,44,29,40,54,61,66,69,81,88,90,91,93,91,84,80,74,72,57
"19-05-2014",46,55,59,59,54,40,32,22,32,50,64,66,86,91,95,88,79,77,79,75,70,66,53,38
"20-05-2014",40,41,40,37,35,29,29,4,8,17,48,72,66,83,94,92,95,84,86,80,66,44,52,25
"21-05-2014",40,54,44,30,39,56,32,20,11,28,60,71,91,92,95,92,90,87,77,63,58,49,53,52
"22-05-2014",17,31,32,47,47,24,25,8,16,38,48,78,86,80,82,81,88,92,87,80,63,73,74,66
"23-05-2014",55,68,72,68,59,62,53,32,27,23,52,72,77,89,85,84,81,79,71,64,57,60,56,33
"24-05-2014",29,36,30,37,55,45,33,21,40,54,59,69,76,75,78,79,79,81,68,65,65,58,53,58
"25-05-2014",46,45,40,48,22,24,11,20,31,43,60,65,78,83,80,76,81,84,78,55,44,34,37,36
"26-05-2014",32,33,36,40,40,27,18,25,7,18,20,24,57,75,79,71,65,54,37,36,35,31,18,22
"27-05-2014",40,44,37,30,23,26,17,10,13,30,49,65,65,65,67,64,75,77,71,63,46,44,55,27
"28-05-2014",19,21,24,27,31,14,5,5,38,55,64,70,82,88,98,102,108,107,101,86,67,54,61,48
"29-05-2014",47,52,55,46,48,52,23,12,34,36,61,73,73,88,69,59,46,51,44,32,34,20,16,16
"30-05-2014",25,27,32,33,26,28,23,31,18,26,16,15,24,52,62,70,68,66,62,60,54,52,54,63
"31-05-2014",66,64,66,67,66,61,61,58,63,67,70,72,72,70,70,76,75,75,74,66,65,67,66,68
"01-06-2014",71,68,68,65,62,61,61,62,64,67,74,73,69,73,77,81,82,83,81,76,72,71,70,68
"02-06-2014",64,65,62,60,64,67,65,63,68,68,67,67,63,64,64,67,70,68,68,62,55,50,47,59
"03-06-2014",60,35,39,41,51,34,31,29,18,41,60,73,68,65,67,57,58,49,36,32,25,34,35,37
"04-06-2014",41,45,46,47,43,32,20,20,19,14,19,25,39,47,46,50,51,51,54,48,36,29,30,12
"05-06-2014",15,35,55,57,60,33,59,50,53,61,68,72,73,76,84,83,84,77,71,73,62,53,53,56
"06-06-2014",63,37,46,42,53,42,23,40,72,75,79,78,78,77,79,77,80,83,85,86,82,80,76,69
"07-06-2014",75,80,88,91,85,99,84,72,81,88,87,82,82,80,78,77,82,85,49,28,51,45,54,38
"08-06-2014",44,47,44,68,54,57,61,47,37,37,65,72,83,89,67,39,44,42,39,52,49,41,59,45
"09-06-2014",23,17,26,16,17,11,6,11,9,47,54,64,79,97,99,59,56,82,55,27,17,18,8,10
"10-06-2014",30,52,53,61,63,26,24,19,6,34,56,62,70,70,73,74,86,85,65,67,56,25,20,33
"11-06-2014",46,47,37,21,34,12,5,15,14,26,52,53,63,67,71,77,79,57,26,30,26,27,18,11
"12-06-2014",19,46,51,30,20,20,9,8,8,32,46,46,47,60,69,77,66,55,61,53,52,44,62,56
"13-06-2014",33,32,39,35,29,15,10,4,6,27,48,68,74,82,90,93,74,70,66,59,61,38,13,9
"14-06-2014",12,17,21,16,29,25,14,25,25,34,46,59,72,87,83,81,91,81,62,84,77,59,43,57
"15-06-2014",79,83,67,60,62,56,64,68,58,53,73,70,69,66,78,68,73,65,57,68,74,60,46,51
"16-06-2014",49,41,44,44,44,43,34,19,25,33,65,77,87,92,96,96,90,88,78,65,54,54,50,38
"17-06-2014",34,48,57,54,48,35,21,9,18,43,58,57,66,61,67,67,60,60,67,58,56,36,40,33
"18-06-2014",42,50,48,38,41,44,47,38,33,32,59,67,61,55,56,48,44,33,23,42,60,65,53,31
"19-06-2014",26,24,25,38,30,40,16,3,33,40,48,64,68,69,74,48,67,85,74,67,56,45,49,37
"20-06-2014",34,80,75,63,63,61,57,52,46,48,53,59,62,65,66,66,68,69,73,71,86,79,80,86
"21-06-2014",84,82,86,88,82,78,70,61,58,68,72,73,74,75,74,78,81,81,77,70,61,63,63,58
"22-06-2014",66,62,59,50,51,53,53,53,55,63,63,67,66,67,71,71,69,69,69,64,63,50,56,48
"23-06-2014",55,25,41,47,47,46,41,12,11,30,53,79,75,84,76,72,76,70,57,47,32,32,29,22
"24-06-2014",24,27,44,44,36,26,21,20,28,36,55,81,77,77,71,53,60,60,58,62,55,57,57,49
"25-06-2014",43,38,33,28,29,25,13,18,39,52,72,75,60,52,39,53,46,41,30,31,30,29,34,43
"26-06-2014",23,47,22,25,14,2,4,2,4,18,37,44,55,71,76,78,75,71,71,58,60,37,34,49
"27-06-2014",34,52,45,53,58,20,18,10,18,35,44,54,60,64,67,72,69,71,75,74,70,53,52,44
"28-06-2014",46,45,41,44,51,52,46,49,36,57,74,75,75,83,80,77,73,70,67,56,56,47,39,38
"29-06-2014",50,36,34,40,44,48,55,56,58,66,65,69,69,73,80,74,74,67,61,57,50,50,48,55
"30-06-2014",35,35,33,33,39,46,42,24,36,57,72,68,70,62,64,65,53,39,33,33,32,31,28,26
"01-07-2014",25,20,18,25,21,11,6,2,28,61,68,76,73,68,70,70,71,71,71,68,65,58,64,63
"02-07-2014",60,58,54,53,53,46,44,27,37,55,72,77,74,70,68,69,66,69,66,61,55,40,41,45
"03-07-2014",29,22,24,21,29,34,31,19,23,58,65,65,67,67,67,65,61,57,51,44,57,73,77,82
"04-07-2014",83,82,82,81,86,85,81,78,82,84,83,81,82,84,84,85,87,87,82,84,83,65,52,51
"05-07-2014",58,34,38,49,56,52,34,37,31,58,66,72,74,77,77,84,81,78,72,65,58,57,65,70
"06-07-2014",48,39,49,49,59,56,28,36,32,47,75,85,84,84,85,86,79,69,69,57,49,58,60,42
"07-07-2014",20,22,24,27,38,42,26,15,16,29,46,75,73,77,79,78,78,71,63,57,37,33,52,42
"08-07-2014",31,42,40,18,18,16,15,5,13,24,46,60,60,60,63,59,48,54,55,62,79,68,59,54
"09-07-2014",45,52,49,66,49,57,20,3,19,36,64,77,88,86,84,81,66,66,42,19,23,52,58,58
"10-07-2014",43,35,19,26,27,25,7,5,19,55,66,74,81,89,93,92,89,100,93,78,67,59,59,56
"11-07-2014",50,51,49,36,45,52,42,29,37,37,43,62,66,71,78,87,81,75,74,67,53,45,39,44
"12-07-2014",53,56,53,51,45,36,23,35,64,73,78,78,84,81,78,80,77,76,73,74,72,67,70,71
"13-07-2014",73,52,52,47,41,56,39,46,55,54,64,77,82,83,81,86,84,62,25,30,29,34,37,30
"14-07-2014",32,17,27,27,21,39,38,34,48,56,64,75,77,80,84,85,81,84,86,75,46,42,43,47
"15-07-2014",49,51,48,40,51,39,16,11,19,25,33,32,30,23,22,25,42,41,43,46,36,42,41,40
"16-07-2014",35,52,45,33,26,27,31,27,12,29,33,39,51,48,49,10,12,36,16,14,9,8,16,10
"17-07-2014",17,5,5,11,18,-9999,-9999,-9999,-9999,19,33,33,47,50,59,58,61,60,61,50,29,25,34,32
"18-07-2014",25,14,29,54,45,59,53,34,51,56,53,56,56,63,63,60,53,31,60,57,44,46,46,39
"19-07-2014",38,36,45,40,35,25,19,36,46,44,47,49,54,58,61,63,61,59,57,47,42,31,32,17
"20-07-2014",18,16,29,36,27,22,25,17,24,39,50,49,58,64,60,63,62,65,47,50,24,16,10,14
"21-07-2014",10,13,21,20,20,17,14,5,5,10,35,61,61,61,62,63,59,48,26,22,33,37,45,50
"22-07-2014",37,31,24,26,33,35,26,15,8,5,17,40,52,50,56,59,64,60,44,20,17,14,9,25
"23-07-2014",30,37,39,39,40,37,28,17,5,12,38,52,53,59,55,71,53,36,37,38,44,39,37,26
"24-07-2014",16,14,16,20,29,20,16,13,19,38,49,48,56,53,58,60,64,64,67,67,55,49,42,53
"25-07-2014",41,25,27,30,33,32,22,26,11,38,49,48,57,60,58,57,58,52,49,58,54,45,34,36
"26-07-2014",26,28,26,18,21,10,5,14,21,28,37,56,62,58,60,62,62,58,56,55,60,58,49,34
"27-07-2014",45,43,44,40,33,30,30,13,26,29,40,53,63,62,62,52,29,22,19,19,29,36,34,29
"28-07-2014",17,17,25,22,31,26,14,17,5,16,27,45,41,43,31,33,22,14,9,13,24,27,34,26
"29-07-2014",15,9,11,25,17,27,18,12,10,24,31,35,49,63,59,62,57,56,45,35,41,42,33,26
"30-07-2014",12,7,22,25,14,9,5,4,7,4,11,19,19,19,21,19,12,10,9,13,14,5,5,5
"31-07-2014",-9999,-9999,-9999,-9999,-9999,-9999,-9999,-9999,-9999,-9999,-9999,17,20,15,16,24,18,17,13,21,31,26,52,53
"01-08-2014",34,33,28,33,38,34,20,16,25,27,36,35,49,54,50,63,37,28,25,38,22,21,14,13
"02-08-2014",25,19,24,21,27,25,8,20,16,23,31,36,43,36,48,49,47,53,58,62,45,36,25,21
"03-08-2014",24,18,13,13,35,38,16,16,11,23,39,46,51,52,53,55,63,49,33,41,43,48,25,33
"04-08-2014",25,33,34,29,23,16,7,15,34,47,49,56,62,61,60,60,62,68,69,65,60,52,46,38
"05-08-2014",30,27,28,32,37,39,32,16,25,47,51,56,68,72,70,65,67,68,69,57,78,59,35,33
"06-08-2014",43,41,51,40,23,38,25,30,39,11,33,39,39,64,63,58,62,67,28,36,31,25,21,35
"07-08-2014",44,63,42,31,31,26,21,12,9,22,22,32,41,61,89,91,86,81,65,50,46,37,40,37
"08-08-2014",25,28,34,35,21,30,13,12,19,20,38,63,62,71,65,72,79,83,69,76,63,40,29,53
"09-08-2014",34,37,49,52,50,30,21,24,36,50,53,59,68,81,82,75,73,83,81,73,57,78,69,43
"10-08-2014",31,32,28,26,40,48,33,15,18,32,45,58,65,70,71,70,64,67,64,64,76,70,47,34
"11-08-2014",42,42,57,52,48,33,15,12,10,27,43,64,66,68,69,73,66,54,63,68,81,65,39,41
"12-08-2014",42,51,44,26,39,47,28,1,7,14,38,65,75,64,68,68,61,65,58,56,57,52,36,25
"13-08-2014",22,26,26,9,21,7,2,-9999,-9999,5,23,36,53,62,65,69,64,57,48,54,55,39,28,30
"14-08-2014",52,56,56,46,25,18,24,24,15,28,46,66,60,56,62,57,42,27,17,16,31,33,24,31
"15-08-2014",22,11,8,10,17,4,5,7,1,2,13,45,55,43,48,61,37,20,15,17,37,35,32,27
"16-08-2014",11,6,5,19,32,27,34,45,54,58,59,59,63,67,64,68,70,75,80,70,80,80,74,71
"17-08-2014",65,60,53,53,41,50,66,61,61,62,61,64,66,71,74,80,77,77,75,72,71,66,64,63
"18-08-2014",65,63,66,69,73,73,68,56,66,61,62,66,65,65,66,66,71,70,65,67,70,67,64,67
"19-08-2014",51,42,46,57,57,55,17,9,14,20,58,68,72,66,69,71,68,60,49,39,38,46,43,50
"20-08-2014",39,23,38,44,45,45,41,22,24,20,57,75,72,69,64,67,64,46,43,46,48,46,38,37
"21-08-2014",30,16,22,26,28,26,14,6,19,23,43,50,63,78,63,39,24,26,17,18,32,33,35,21
"22-08-2014",9,12,26,23,8,2,15,1,19,20,31,43,44,57,61,51,52,46,40,36,36,30,26,25
"23-08-2014",15,14,8,4,3,-9999,-9999,-9999,-9999,11,22,31,49,48,55,52,53,59,45,43,41,39,29,24
"24-08-2014",17,19,19,40,27,17,23,35,22,20,41,61,75,72,61,58,68,33,19,35,53,47,23,21
"25-08-2014",34,53,51,54,45,50,48,28,32,38,54,53,54,58,56,59,52,45,29,24,28,35,38,37
"26-08-2014",17,25,24,27,-9999,-9999,-9999,30,36,33,28,39,50,47,40,35,37,32,25,20,19,20,19,23
"27-08-2014",20,16,10,19,20,21,7,6,1,10,25,41,54,57,65,64,62,47,25,23,25,26,31,9
"28-08-2014",2,12,27,19,30,37,43,50,52,49,53,51,53,54,55,58,59,56,59,58,45,25,24,36
"29-08-2014",47,49,48,23,42,67,60,51,30,3,10,16,21,34,50,56,52,53,50,38,28,30,22,17
"30-08-2014",14,14,19,32,58,60,55,56,59,58,46,53,57,62,68,65,64,60,60,53,49,46,47,44
"31-08-2014",26,28,36,45,49,51,47,44,46,58,61,69,70,72,76,66,63,62,58,48,43,53,51,52
"01-09-2014",32,24,26,38,41,46,31,29,18,21,62,71,64,61,55,53,44,36,35,37,44,41,33,29
"02-09-2014",20,32,29,32,42,58,53,45,50,52,55,43,21,24,40,59,62,45,38,38,51,43,33,32
"03-09-2014",35,31,34,35,45,35,23,14,5,7,5,13,23,33,44,45,54,38,14,8,17,17,26,29
"04-09-2014",38,38,38,37,33,33,33,31,28,22,20,42,58,69,79,-9999,-9999,-9999,-9999,-9999,-9999,-9999,-9999,-9999
"05-09-2014",-9999,-9999,-9999,-9999,-9999,-9999,-9999,-9999,-9999,-9999,-9999,-9999,-9999,59,62,57,46,43,47,42,45,36,40,37
"06-09-2014",36,47,44,-9999,-9999,-9999,-9999,-9999,-9999,-9999,-9999,-9999,-9999,-9999,-9999,42,39,44,45,30,36,27,28,21
"07-09-2014",32,26,27,26,25,22,25,18,13,11,10,15,19,20,15,10,8,15,16,9,-9999,-9999,-9999,-9999
"08-09-2014",-9999,-9999,-9999,-9999,-9999,-9999,-9999,-9999,-9999,-9999,-9999,-9999,22,40,39,45,57,41,31,19,28,11,8,6
"09-09-2014",-9999,-9999,-9999,-9999,-9999,-9999,-9999,-9999,-9999,-9999,13,33,51,58,66,62,58,59,50,36,14,6,6,8
"10-09-2014",8,11,33,43,31,31,4,3,20,11,23,41,73,77,80,78,80,77,72,54,51,22,8,36
"11-09-2014",45,37,48,55,57,53,37,13,8,18,44,65,83,85,90,90,83,77,81,75,71,40,34,45
"12-09-2014",53,59,54,47,62,62,56,46,33,31,70,81,88,86,84,75,68,55,49,34,27,34,38,26
"13-09-2014",15,21,33,42,51,50,45,33,17,21,32,73,76,76,73,78,80,70,59,44,36,44,45,40
"14-09-2014",36,28,24,27,38,43,45,44,26,32,41,69,74,74,79,74,65,55,45,38,48,57,33,51
"15-09-2014",57,64,43,35,30,55,37,19,7,9,1,7,26,51,64,58,49,55,52,40,21,42,34,32
"16-09-2014",19,12,14,21,35,20,9,9,8,10,34,42,47,52,66,61,69,38,32,18,25,35,26,33
"17-09-2014",19,27,31,31,25,23,28,17,12,32,29,18,52,64,61,47,31,22,27,20,5,11,35,37
"18-09-2014",35,24,23,10,9,13,8,5,23,32,27,20,20,22,27,32,40,42,35,26,14,2,3,8
"19-09-2014",18,27,18,27,25,7,5,1,2,5,11,34,55,66,69,67,70,65,52,36,35,33,17,15
"20-09-2014",24,28,40,42,42,25,32,34,26,11,35,42,56,61,64,60,52,46,38,33,40,30,28,33
"21-09-2014",33,32,40,43,43,48,49,38,18,19,50,51,55,55,48,46,42,30,27,23,15,11,2,5
"22-09-2014",14,22,17,15,11,18,10,-9999,-9999,-9999,8,17,33,48,61,61,37,24,16,10,3,3,3,5
"23-09-2014",6,3,6,25,29,13,9,1,2,12,18,43,57,61,61,61,63,63,60,64,64,65,60,61
"24-09-2014",60,59,59,58,55,47,42,35,28,40,45,48,52,57,63,71,76,70,60,38,13,14,10,7
"25-09-2014",18,22,43,55,55,50,46,27,7,4,17,40,50,63,66,59,52,46,37,31,10,13,16,42
"26-09-2014",46,43,39,38,34,20,28,19,8,16,34,41,44,46,49,54,51,49,49,49,47,54,56,58
"27-09-2014",60,58,55,55,51,52,50,47,47,51,52,55,57,59,60,62,65,62,62,63,62,58,55,56
"28-09-2014",55,55,55,56,55,57,58,52,48,53,54,55,57,60,59,62,62,62,58,53,56,54,39,37
"29-09-2014",33,40,48,50,48,40,28,14,15,9,20,41,53,60,57,58,56,55,52,42,8,7,20,27
"30-09-2014",42,44,46,49,40,12,15,6,4,4,10,32,48,62,65,73,68,66,49,28,4,5,11,17
"01-10-2014",18,46,39,17,15,21,14,4,6,7,15,25,37,66,73,73,77,66,57,25,5,8,30,35
"02-10-2014",42,40,55,41,49,38,10,5,3,5,11,22,54,70,82,78,79,74,62,44,52,46,51,60
"03-10-2014",56,55,58,59,64,66,60,58,56,54,49,49,54,56,55,40,47,49,43,42,47,56,54,52
"04-10-2014",55,61,59,56,54,50,30,25,34,39,43,49,42,39,45,46,50,51,41,30,13,7,14,27
"05-10-2014",35,41,47,45,44,43,46,43,40,26,36,43,51,56,59,59,61,55,38,35,37,33,36,30
"06-10-2014",26,21,33,41,41,31,27,11,9,6,5,13,24,27,39,36,8,17,25,13,4,12,35,43
"07-10-2014",42,48,58,41,67,47,32,11,5,3,10,19,29,22,20,21,28,28,18,12,10,9,6,3
"08-10-2014",7,13,9,2,13,4,11,3,2,3,14,29,52,51,49,46,43,30,28,13,9,4,8,6
"09-10-2014",14,23,38,34,27,22,20,5,3,5,18,28,38,43,48,52,49,46,39,28,21,6,3,22
"10-10-2014",33,37,33,28,22,14,6,10,9,3,3,19,36,53,57,51,48,44,35,22,20,4,2,2
"11-10-2014",11,18,25,36,38,19,14,13,9,8,6,9,35,52,65,64,63,57,51,43,33,23,15,20
"12-10-2014",18,33,41,44,31,28,24,6,17,9,19,42,49,66,72,72,66,60,50,48,46,44,27,27
"13-10-2014",36,38,42,47,46,44,18,7,5,3,11,21,36,51,61,70,62,56,40,33,11,3,6,4
"14-10-2014",13,10,26,28,28,11,11,6,11,9,13,34,39,55,65,59,56,48,36,28,30,20,11,1
"15-10-2014",9,7,12,3,11,8,5,4,2,3,8,28,44,54,56,49,43,42,29,17,9,25,19,8
"16-10-2014",6,6,11,5,6,3,1,1,5,5,28,32,21,16,9,9,8,1,1,5,2,1,1,1
"17-10-2014",1,1,1,3,9,14,2,2,10,11,2,3,6,28,39,42,42,29,17,14,6,2,1,1
"18-10-2014",3,11,19,21,27,32,45,54,55,53,53,59,62,64,66,66,68,67,62,67,66,65,61,59
"19-10-2014",56,47,48,51,50,46,37,40,16,35,47,39,40,47,59,60,60,56,49,45,47,36,27,26
"20-10-2014",41,46,47,31,21,8,3,6,3,5,13,31,51,62,62,66,56,53,31,8,5,3,15,21
"21-10-2014",25,20,25,22,31,9,3,3,3,9,6,18,31,36,58,69,71,58,40,18,6,3,14,17
"22-10-2014",19,28,26,21,29,34,20,8,3,4,14,47,55,74,74,71,63,57,42,50,43,34,57,69
"23-10-2014",68,65,73,65,44,40,40,17,13,36,34,37,38,36,38,40,40,37,20,17,16,28,14,21
"24-10-2014",15,22,24,33,24,6,20,25,16,11,18,13,13,13,11,21,24,21,30,54,59,69,71,52
"25-10-2014",44,51,45,42,62,68,38,38,34,33,32,30,30,31,31,31,36,36,42,44,41,40,39,38
"26-10-2014",42,44,44,42,42,44,43,34,34,36,35,31,34,36,36,41,42,38,35,35,39,41,45,41
"27-10-2014",39,39,36,36,37,40,36,22,19,18,-9999,-9999,-9999,22,20,32,30,17,14,17,23,22,27,33
"28-10-2014",44,51,54,46,48,42,41,40,35,28,40,44,46,47,37,45,31,33,28,35,27,29,33,31
"29-10-2014",22,34,38,39,38,34,31,26,34,34,38,46,45,49,51,50,43,22,12,11,25,31,26,28
"30-10-2014",17,16,15,23,12,10,4,6,12,22,30,45,51,60,60,59,49,43,51,45,33,32,37,33
"31-10-2014",42,41,45,43,43,40,31,23,32,38,39,43,45,44,41,34,27,16,22,38,41,48,44,29
"01-11-2014",26,35,48,49,45,43,47,30,22,43,54,56,59,64,63,61,57,53,47,56,55,54,55,53
"02-11-2014",52,34,23,25,22,12,10,15,18,37,62,65,65,68,73,73,67,35,11,10,9,9,19,31
"03-11-2014",40,45,46,42,41,26,5,5,5,6,6,12,33,34,42,42,42,23,20,13,11,21,34,37
"04-11-2014",42,46,49,49,49,47,40,21,17,22,31,43,49,58,59,58,53,25,19,13,8,13,22,34
"05-11-2014",35,34,40,37,35,35,21,9,12,13,15,19,24,22,31,34,15,6,7,9,19,18,23,31
"06-11-2014",36,38,42,35,33,34,22,7,5,9,8,12,12,12,9,10,5,7,7,4,6,23,16,9
"07-11-2014",4,14,30,7,4,4,16,7,10,16,12,10,27,47,59,50,18,6,4,5,5,8,29,39
"08-11-2014",57,63,64,67,68,61,60,52,57,63,60,56,57,63,64,65,70,68,60,59,65,71,77,80
"09-11-2014",79,79,76,70,70,61,63,65,57,42,41,55,58,56,44,35,37,45,46,38,38,39,33,31
"10-11-2014",35,43,47,36,37,13,11,6,12,12,21,49,60,63,58,57,45,28,8,5,5,6,17,6
"11-11-2014",11,13,12,16,9,4,12,11,12,20,11,10,11,11,11,10,6,5,5,5,5,5,4,4
"12-11-2014",6,16,23,14,19,29,29,17,6,13,16,11,16,37,18,22,21,7,22,22,22,48,49,55
"13-11-2014",56,64,63,60,57,52,25,15,5,6,7,23,31,35,34,34,36,34,26,35,32,33,37,44
"14-11-2014",48,23,21,30,39,35,31,12,7,9,13,28,28,31,29,22,11,5,17,9,9,8,7,17
"15-11-2014",12,16,11,13,8,16,16,10,5,11,17,18,15,18,18,29,30,30,33,27,22,18,21,28
"16-11-2014",32,32,35,35,32,35,34,30,31,33,27,32,31,30,32,36,31,30,32,32,30,32,37,42
"17-11-2014",37,38,47,49,47,40,39,31,28,29,27,24,23,21,26,26,15,5,6,5,7,13,8,5
"18-11-2014",13,24,20,23,24,7,5,5,7,16,20,26,30,36,33,22,12,10,11,6,7,14,21,33
"19-11-2014",38,40,33,36,35,37,36,28,26,22,28,31,41,55,49,33,39,18,5,5,6,6,9,15
"20-11-2014",47,60,64,59,58,56,51,40,36,38,43,46,48,46,45,44,39,42,40,39,39,38,38,38
"21-11-2014",38,37,38,38,41,37,37,38,37,39,47,52,57,55,58,57,55,49,45,49,45,47,49,52
"22-11-2014",57,57,50,53,50,45,42,42,41,46,50,57,60,63,61,59,48,33,24,12,18,13,22,21
"23-11-2014",32,21,26,15,35,31,20,24,24,41,45,52,55,64,62,60,49,32,22,21,17,14,21,27
"24-11-2014",31,30,34,30,31,21,10,9,13,20,31,36,49,55,51,52,38,29,15,19,31,25,30,39
"25-11-2014",40,38,43,39,33,29,22,8,11,19,30,47,47,45,45,43,22,6,7,7,10,18,25,30
"26-11-2014",36,41,43,43,42,41,32,32,30,27,28,41,44,39,43,35,15,11,7,17,8,7,8,17
"27-11-2014",20,25,39,46,43,44,43,37,29,26,15,31,32,29,31,30,26,24,22,22,17,25,23,20
"28-11-2014",20,22,23,23,18,19,16,7,7,11,9,8,12,18,14,7,5,5,5,6,5,5,9,6
"29-11-2014",8,7,5,7,6,8,4,5,6,7,-9999,7,17,16,14,10,11,8,8,7,7,5,5,6
"30-11-2014",8,6,6,5,6,7,5,5,35,6,6,8,16,22,13,13,8,6,5,4,6,6,6,9
"01-12-2014",12,13,13,16,14,8,7,5,5,6,9,9,13,13,11,8,9,13,16,17,17,17,20,19
"02-12-2014",21,22,22,27,53,24,21,13,14,14,18,19,16,18,14,14,14,16,17,14,13,13,13,11
"03-12-2014",17,14,11,6,5,6,5,5,5,5,13,14,18,20,18,17,13,13,15,12,20,15,16,21
"04-12-2014",25,21,25,26,25,28,25,14,16,24,26,18,26,37,31,24,17,6,6,6,5,5,4,6
"05-12-2014",16,13,9,16,18,16,17,7,7,11,14,13,14,18,21,20,21,20,22,28,31,32,34,34
"06-12-2014",35,36,36,37,36,37,30,20,12,18,23,19,25,22,24,21,14,8,6,5,9,8,6,6
"07-12-2014",11,9,15,12,10,12,9,6,9,10,17,29,39,28,36,36,14,13,8,11,10,17,23,21
"08-12-2014",31,32,34,23,30,29,24,15,17,25,27,37,42,44,43,35,23,25,27,28,28,27,27,27
"09-12-2014",27,29,30,30,30,29,27,21,20,22,22,23,23,22,24,25,24,25,25,26,25,25,26,25
"10-12-2014",27,27,27,27,24,23,9,6,6,6,8,9,10,10,12,10,9,7,10,10,10,14,17,16
"11-12-2014",19,16,12,9,13,11,11,6,6,6,7,8,8,6,6,6,5,6,6,6,6,6,6,11
"12-12-2014",13,18,20,21,28,23,14,14,16,22,29,35,39,41,43,37,33,26,9,6,6,7,7,7
"13-12-2014",22,30,22,25,20,8,8,10,9,8,11,16,25,35,51,47,46,12,6,6,7,7,15,15
"14-12-2014",13,7,10,11,4,6,4,5,6,6,8,17,41,54,56,54,38,9,6,6,7,7,7,8
"15-12-2014",9,14,15,15,8,5,7,4,5,5,5,7,8,10,16,8,5,5,6,6,6,6,9,11
"16-12-2014",14,9,16,15,12,6,7,9,5,6,5,7,6,5,4,4,4,4,5,5,5,5,5,5
"17-12-2014",4,4,4,4,4,5,4,4,4,4,4,5,6,6,5,5,5,5,5,5,5,5,5,5
"18-12-2014",6,5,5,4,4,5,5,5,5,6,8,15,18,15,19,16,9,4,6,12,10,10,17,18
"19-12-2014",13,11,6,5,5,4,7,6,6,8,12,24,28,33,25,12,6,5,6,5,5,6,5,5
"20-12-2014",5,5,5,5,5,5,4,4,5,5,9,19,34,35,34,30,18,15,16,6,5,11,17,19
"21-12-2014",12,10,12,11,6,8,6,4,5,10,24,44,55,59,58,58,58,57,51,58,59,56,57,56
"22-12-2014",58,59,59,60,58,57,52,46,34,46,37,49,57,54,49,-9999,-9999,-9999,-9999,-9999,-9999,-9999,-9999,-9999
"23-12-2014",-9999,-9999,-9999,-9999,-9999,-9999,-9999,-9999,-9999,-9999,-9999,41,49,51,48,49,25,7,8,6,8,7,8,7
"24-12-2014",6,6,6,6,6,5,5,5,5,6,7,11,23,34,38,37,17,7,6,6,6,7,12,26
"25-12-2014",36,13,5,6,5,6,9,7,5,11,17,27,18,37,69,69,50,9,9,7,9,21,32,32
"26-12-2014",37,31,20,32,34,39,37,28,19,14,21,46,54,58,60,59,54,24,19,20,42,38,40,43
"27-12-2014",45,47,48,48,48,46,42,41,42,40,45,49,51,55,56,58,58,57,54,58,56,49,46,44
"28-12-2014",28,37,44,43,40,43,30,13,22,29,21,17,12,15,17,13,13,7,7,8,7,8,6,7
"29-12-2014",6,10,7,6,8,18,38,39,40,43,40,36,37,41,44,47,46,48,46,46,48,47,51,54
"30-12-2014",53,54,58,59,59,58,58,55,52,51,51,50,51,50,51,53,52,49,49,50,47,47,50,50
"31-12-2014",50,50,50,49,49,48,48,46,47,46,46,48,49,52,52,53,54,55,57,60,55,55,55,-9999
