"01-01-2014",3,3,3,3,2,2,3,4,4,4,5,5,7,5,4,5,7,3,4,7,6,5,4,5
"02-01-2014",4,3,2,4,3,3,4,8,13,11,5,4,4,3,4,5,3,4,8,11,15,14,5,4
"03-01-2014",4,10,12,9,4,16,55,70,80,90,27,13,16,6,4,3,2,7,28,62,97,144,98,82
"04-01-2014",114,66,53,63,44,20,9,10,8,7,5,6,5,4,3,3,2,3,15,25,59,105,85,103
"05-01-2014",100,85,48,75,41,30,65,75,64,48,17,6,4,4,3,3,2,2,3,3,3,3,2,2
"06-01-2014",3,2,2,2,2,2,2,2,2,3,2,2,3,3,2,2,2,3,13,22,4,23,19,5
"07-01-2014",3,2,2,3,2,2,3,3,3,4,3,4,5,4,4,4,3,3,3,3,3,6,8,4
"08-01-2014",3,3,2,3,2,3,7,26,31,14,5,4,5,4,3,4,2,3,4,3,3,4,3,3
"09-01-2014",3,3,2,3,3,4,14,56,50,33,11,6,5,4,3,4,3,3,23,67,115,155,111,118
"10-01-2014",150,87,46,47,77,75,103,113,134,92,25,10,8,5,4,4,3,4,4,3,3,3,2,4
"11-01-2014",13,8,13,15,16,61,73,100,88,119,56,12,7,4,3,3,2,2,3,5,5,6,4,6
"12-01-2014",7,7,5,10,11,26,52,54,73,64,13,4,3,3,2,3,2,2,4,5,5,9,8,16
"13-01-2014",60,43,47,57,36,37,74,88,65,116,21,6,6,6,4,6,4,4,19,41,46,86,89,46
"14-01-2014",48,20,13,13,9,12,44,60,86,84,35,23,11,7,5,4,3,3,6,8,19,66,66,60
"15-01-2014",51,62,19,10,4,2,3,4,5,5,4,-9999,-9999,-9999,3,3,3,3,3,3,3,3,3,2
"16-01-2014",3,3,2,2,2,3,4,8,9,8,8,5,10,8,10,8,5,7,19,54,83,152,215,209
"17-01-2014",158,63,113,101,59,86,194,195,298,175,73,12,9,5,5,4,4,4,13,47,50,86,95,34
"18-01-2014",8,3,3,3,3,24,7,6,9,10,6,5,5,5,4,3,5,7,32,32,67,94,121,122
"19-01-2014",93,80,80,36,42,36,90,93,81,21,6,4,4,4,3,3,2,3,3,3,3,3,2,2
"20-01-2014",2,2,2,2,5,3,3,4,5,5,4,4,4,4,4,3,3,3,3,3,3,3,3,2
"21-01-2014",2,2,2,2,2,2,3,3,4,4,4,5,4,4,4,4,3,2,4,3,3,4,2,2
"22-01-2014",2,2,2,2,2,2,17,70,113,14,5,4,4,4,4,4,4,3,3,3,3,3,3,3
"23-01-2014",45,3,2,2,2,2,14,8,16,8,7,7,7,6,5,5,4,4,4,6,4,4,3,2
"24-01-2014",2,3,2,3,6,19,39,122,251,317,228,108,36,4,5,4,3,3,3,3,3,3,2,2
"25-01-2014",2,2,2,2,2,2,2,2,2,3,4,4,3,4,3,3,3,4,2,3,5,3,2,2
"26-01-2014",2,3,3,3,2,2,2,2,2,4,5,6,5,5,5,6,5,4,5,6,7,6,3,5
"27-01-2014",3,2,2,2,2,2,3,11,17,17,13,10,7,8,9,8,7,10,24,28,41,52,66,4
"28-01-2014",15,27,13,5,12,11,36,106,186,190,75,35,42,45,35,32,59,30,88,192,42,3,2,4
"29-01-2014",4,4,3,3,2,2,3,6,7,6,7,6,4,4,5,6,6,4,5,5,11,8,42,18
"30-01-2014",24,7,4,10,9,18,64,104,156,154,99,12,9,7,5,4,4,6,11,10,71,136,22,49
"31-01-2014",26,4,2,3,2,2,3,5,10,12,11,10,8,7,6,6,5,4,4,5,5,5,3,3
"01-02-2014",2,2,2,2,2,2,2,3,3,4,5,5,6,6,5,5,4,4,4,5,4,4,3,3
"02-02-2014",3,2,2,2,2,2,2,2,3,3,4,5,5,5,4,4,4,3,4,4,4,3,3,3
"03-02-2014",2,2,2,2,2,2,3,4,5,4,4,5,5,5,5,4,4,3,4,4,5,3,3,2
"04-02-2014",2,2,2,2,2,2,3,4,6,6,6,6,6,5,5,5,4,4,6,7,5,6,4,5
"05-02-2014",2,2,2,2,2,2,5,8,39,11,10,7,8,7,5,4,4,4,5,6,15,34,55,57
"06-02-2014",46,31,21,11,14,33,61,121,153,46,10,5,5,4,3,3,4,4,8,30,20,10,4,3
"07-02-2014",2,2,2,2,2,2,3,5,10,11,9,7,8,8,6,6,4,3,3,7,10,24,59,39
"08-02-2014",7,4,5,3,3,7,8,18,58,14,4,3,4,4,4,3,3,2,2,2,2,2,3,8
"09-02-2014",6,3,2,2,2,2,2,2,3,3,4,3,5,3,3,3,3,3,3,4,5,5,3,4
"10-02-2014",3,3,2,2,2,11,22,73,53,9,5,6,4,4,4,4,3,3,5,23,35,36,51,25
"11-02-2014",25,9,7,11,12,22,103,158,198,69,5,4,4,4,4,3,3,3,3,3,4,3,3,2
"12-02-2014",2,2,2,2,2,8,4,13,9,5,4,5,4,4,4,3,3,3,3,2,2,2,2,3
"13-02-2014",3,2,2,2,12,13,19,-9999,31,9,10,4,4,4,3,3,3,3,4,5,20,42,112,130
"14-02-2014",65,62,24,5,5,34,71,72,72,18,6,5,5,5,5,5,4,3,3,4,5,4,4,13
"15-02-2014",31,51,4,4,5,8,4,4,8,5,5,5,4,4,4,4,4,3,3,4,11,24,25,30
"16-02-2014",48,45,58,42,68,67,100,122,61,54,19,20,4,4,4,4,6,3,4,4,4,5,6,17
"17-02-2014",63,53,17,28,23,12,52,131,167,28,16,9,5,6,4,4,4,2,3,3,5,10,53,74
"18-02-2014",22,8,3,4,4,6,14,56,29,14,37,9,6,6,4,6,7,4,3,11,69,58,103,153
"19-02-2014",192,146,138,17,8,4,7,21,35,17,11,7,6,5,4,4,3,3,3,4,29,65,17,3
"20-02-2014",2,2,2,2,2,2,4,28,11,16,6,4,4,4,4,4,3,3,3,4,4,3,3,3
"21-02-2014",2,2,3,6,25,25,50,55,67,22,4,4,4,3,5,5,4,5,18,12,4,31,59,52
"22-02-2014",32,35,18,33,32,30,10,53,74,29,16,14,8,5,4,3,3,3,3,4,3,4,3,3
"23-02-2014",2,2,2,3,4,3,8,30,22,7,6,5,6,3,4,3,3,3,3,5,3,4,3,4
"24-02-2014",3,2,2,2,3,3,3,4,4,4,5,5,4,5,4,6,4,3,3,4,4,4,3,2
"25-02-2014",2,2,2,2,2,2,3,7,10,10,7,6,6,7,5,5,6,6,5,9,8,9,7,4
"26-02-2014",14,5,3,5,3,4,14,39,23,12,16,10,8,6,5,4,3,3,3,3,4,5,5,15
"27-02-2014",21,17,31,23,20,81,115,199,202,41,20,12,8,5,5,3,3,3,3,3,3,5,18,24
"28-02-2014",16,22,13,11,29,63,93,156,207,135,25,5,4,4,3,4,4,3,3,3,2,2,2,2
"01-03-2014",2,2,2,3,3,5,17,9,11,45,19,5,4,4,4,5,3,4,11,29,19,9,3,3
"02-03-2014",2,2,2,2,2,3,2,3,5,5,5,4,4,3,3,3,3,3,3,6,10,22,25,2
"03-03-2014",2,2,2,2,2,2,2,2,2,2,2,3,3,3,3,3,4,3,3,6,6,8,17,33
"04-03-2014",4,4,3,3,2,2,3,25,6,5,4,3,3,3,3,3,3,2,2,2,3,3,2,2
"05-03-2014",2,2,2,2,3,10,39,91,108,59,18,11,6,5,5,4,4,3,4,5,22,70,94,131
"06-03-2014",124,117,73,97,56,88,100,114,129,12,4,4,3,4,3,3,3,3,3,3,4,10,6,3
"07-03-2014",2,2,2,2,2,6,16,123,107,5,4,4,4,4,4,5,7,7,6,4,5,10,4,3
"08-03-2014",2,2,3,3,2,2,2,3,3,4,5,5,4,4,4,4,3,3,3,4,4,3,3,2
"09-03-2014",2,2,2,2,2,2,2,2,3,3,3,4,4,4,4,3,3,3,3,4,3,3,3,2
"10-03-2014",2,2,2,2,2,2,3,7,12,7,6,6,5,6,5,5,4,4,4,4,4,4,3,3
"11-03-2014",3,2,2,2,2,4,5,6,8,6,6,5,4,4,5,4,4,3,3,4,4,3,3,3
"12-03-2014",2,2,2,2,2,2,3,4,8,7,5,4,4,4,4,4,3,3,3,4,5,27,37,11
"13-03-2014",4,7,3,3,3,3,3,13,15,5,4,4,4,4,3,3,3,3,3,4,3,4,5,3
"14-03-2014",3,2,4,3,3,4,22,49,66,17,7,4,4,6,4,4,3,3,3,13,41,65,52,73
"15-03-2014",31,43,23,7,8,4,53,62,13,5,6,5,5,4,3,3,3,2,2,2,3,2,2,2
"16-03-2014",3,3,3,3,3,16,35,50,17,7,7,5,4,3,4,4,3,2,2,3,3,4,13,29
"17-03-2014",4,7,32,29,50,102,128,179,129,26,22,10,4,4,4,3,3,3,3,3,3,3,3,20
"18-03-2014",9,12,18,6,9,26,105,201,134,74,19,8,6,4,4,3,3,3,3,8,84,134,174,231
"19-03-2014",117,90,42,74,96,60,92,123,87,36,13,6,5,4,4,3,3,3,3,3,3,3,2,2
"20-03-2014",2,2,2,5,16,7,4,6,8,5,3,4,4,4,4,4,4,3,3,2,4,4,3,2
"21-03-2014",3,3,3,2,2,2,3,7,5,4,3,4,4,4,4,3,4,3,3,3,4,3,4,9
"22-03-2014",10,3,4,31,20,17,50,32,60,23,10,5,4,4,4,3,3,2,2,2,2,2,2,2
"23-03-2014",2,3,3,6,11,6,4,10,17,16,12,5,3,3,3,3,3,2,2,2,2,2,2,8
"24-03-2014",9,13,11,15,3,3,4,13,11,7,5,5,5,4,3,4,3,3,2,2,2,9,17,5
"25-03-2014",2,2,2,2,2,2,2,2,3,4,3,3,3,3,3,3,3,3,2,2,2,2,2,2
"26-03-2014",2,2,2,2,2,2,4,17,6,4,3,3,3,3,3,4,3,3,2,2,2,2,2,2
"27-03-2014",2,2,2,2,2,4,12,13,6,6,5,4,4,4,3,3,3,3,3,2,2,2,2,2
"28-03-2014",2,2,2,3,2,2,3,7,8,5,4,4,4,4,3,3,3,3,2,2,4,4,2,2
"29-03-2014",3,3,2,2,2,2,2,5,6,5,4,4,4,4,3,3,3,3,2,2,3,3,3,3
"30-03-2014",3,2,2,2,2,2,2,2,3,3,3,3,3,3,3,3,3,2,2,2,2,2,2,2
"31-03-2014",2,2,2,2,3,33,59,25,19,-9999,18,11,8,7,3,3,3,2,2,2,2,2,2,2
"01-04-2014",2,3,2,2,2,12,62,144,108,8,7,8,7,4,3,3,3,3,2,2,2,2,3,5
"02-04-2014",5,24,31,32,10,7,38,115,182,47,17,11,4,4,4,3,5,3,3,3,3,4,4,3
"03-04-2014",3,3,2,3,4,15,68,185,134,28,8,6,11,6,4,4,3,3,3,2,2,2,2,2
"04-04-2014",2,3,3,2,2,4,3,5,5,4,4,4,4,4,3,3,3,3,3,3,3,2,2,2
"05-04-2014",2,2,2,2,2,2,2,2,3,3,4,3,3,3,3,3,3,3,3,2,3,2,2,2
"06-04-2014",2,2,2,2,2,2,2,2,2,3,3,3,3,3,3,2,2,2,2,2,2,2,2,2
"07-04-2014",2,2,2,3,3,8,3,4,5,6,5,5,4,5,4,3,3,4,5,3,3,3,3,2
"08-04-2014",2,2,3,2,2,3,5,29,19,15,12,5,6,5,3,3,3,4,3,3,2,3,4,5
"09-04-2014",12,17,24,35,30,26,47,87,68,26,25,9,5,4,3,3,3,3,2,3,2,2,2,2
"10-04-2014",2,2,2,2,2,2,2,12,7,5,5,5,5,4,4,4,4,3,3,3,2,2,2,2
"11-04-2014",2,2,2,2,2,3,3,6,7,8,6,4,4,5,4,4,3,3,2,3,2,3,3,3
"12-04-2014",2,2,2,2,9,6,3,6,7,7,7,6,3,3,4,4,3,2,2,2,2,2,2,2
"13-04-2014",2,3,8,6,6,8,8,7,4,3,3,3,3,3,3,3,3,2,3,2,2,2,2,2
"14-04-2014",3,4,8,7,5,3,18,68,38,6,5,4,5,4,3,3,4,3,3,3,2,3,4,3
"15-04-2014",3,3,3,9,3,30,105,175,44,8,4,5,5,3,3,3,3,3,3,2,2,2,2,2
"16-04-2014",2,6,11,2,2,3,5,7,5,5,4,4,4,3,3,3,3,3,3,2,2,3,3,2
"17-04-2014",2,2,2,2,2,2,2,4,5,8,10,9,7,7,5,4,3,3,3,2,2,2,2,2
"18-04-2014",2,2,2,2,4,4,7,17,6,4,3,3,3,3,3,3,3,3,3,3,2,2,2,2
"19-04-2014",2,2,2,2,2,3,8,12,3,3,3,3,3,3,3,2,3,2,3,3,2,2,2,2
"20-04-2014",3,4,8,4,4,3,4,6,8,4,4,3,2,3,2,3,2,3,2,2,2,2,2,3
"21-04-2014",2,2,2,2,2,2,2,2,2,2,2,3,3,3,3,2,2,2,2,2,3,2,2,2
"22-04-2014",2,2,2,2,2,3,10,39,81,41,28,16,8,7,6,3,4,3,2,2,3,3,11,31
"23-04-2014",12,7,12,24,33,19,13,35,61,77,38,30,23,16,12,12,21,15,7,6,4,6,3,3
"24-04-2014",3,2,2,2,2,2,3,7,5,10,6,4,4,4,3,3,4,4,4,3,3,2,2,2
"25-04-2014",2,2,2,2,3,4,26,7,7,7,10,9,7,6,5,7,6,4,4,3,2,3,3,3
"26-04-2014",2,3,2,3,2,2,6,12,8,8,5,4,4,3,3,4,3,3,2,2,2,2,3,3
"27-04-2014",2,3,3,3,2,2,2,2,2,3,3,2,3,4,3,3,2,2,3,3,2,2,2,2
"28-04-2014",2,2,3,4,31,8,5,65,65,10,3,3,3,3,3,4,5,3,3,3,2,2,2,2
"29-04-2014",2,2,2,2,2,2,3,5,6,5,4,3,4,3,3,3,3,3,3,3,3,2,2,2
"30-04-2014",2,2,2,2,2,2,3,6,6,8,4,4,4,3,3,4,3,3,3,3,2,2,2,2
"01-05-2014",2,2,2,2,2,2,3,5,7,8,7,4,3,3,3,3,2,2,2,2,2,2,2,3
"02-05-2014",2,2,2,2,2,2,5,17,13,11,5,5,4,3,3,4,3,3,3,2,2,2,2,2
"03-05-2014",2,2,2,2,2,4,3,4,3,3,3,3,3,3,3,3,2,3,3,2,3,2,2,2
"04-05-2014",2,2,2,2,2,2,4,7,11,13,5,3,3,3,3,3,2,3,3,2,2,2,2,2
"05-05-2014",2,2,2,2,2,2,3,9,9,9,4,4,4,5,3,3,3,3,2,3,3,3,4,4
"06-05-2014",3,2,2,2,2,2,4,6,10,8,6,4,4,4,4,5,4,3,3,3,2,2,2,2
"07-05-2014",2,2,2,2,2,2,3,4,6,5,4,3,4,4,3,3,3,3,3,3,2,2,2,2
"08-05-2014",2,2,2,2,2,2,3,6,7,5,4,4,4,4,4,3,4,3,3,3,2,3,2,2
"09-05-2014",2,2,2,2,3,3,3,4,6,4,3,4,4,3,4,3,3,3,3,3,3,2,2,2
"10-05-2014",3,2,2,2,2,2,2,4,3,4,3,3,3,3,3,3,2,2,3,2,2,2,2,4
"11-05-2014",2,2,2,2,2,3,24,38,33,21,16,7,4,4,5,4,2,3,3,2,2,2,2,2
"12-05-2014",2,2,2,3,4,2,7,16,10,7,5,5,4,4,4,4,3,3,3,2,3,2,2,2
"13-05-2014",2,2,2,2,2,2,6,12,16,11,11,4,3,3,3,3,5,4,4,3,3,3,2,2
"14-05-2014",2,3,3,3,3,3,16,13,5,4,4,3,3,3,3,4,3,3,4,3,2,2,2,2
"15-05-2014",2,2,2,2,2,2,2,4,4,5,4,4,4,5,5,4,4,4,4,3,2,2,2,2
"16-05-2014",2,2,2,2,2,2,2,5,5,6,5,4,4,3,3,3,3,3,3,3,2,2,2,2
"17-05-2014",2,2,2,2,2,2,2,4,4,3,3,3,3,3,3,3,3,3,3,2,2,2,2,2
"18-05-2014",2,2,2,2,3,2,7,8,7,5,3,4,4,3,3,3,3,3,3,3,2,2,2,2
"19-05-2014",2,4,3,4,4,7,12,12,8,4,5,5,4,4,4,4,3,2,3,3,2,2,2,2
"20-05-2014",2,2,2,2,2,3,30,39,48,48,22,17,9,6,7,4,3,3,4,3,3,3,3,3
"21-05-2014",4,3,3,3,3,3,14,14,8,5,3,3,3,4,4,4,4,4,3,3,2,2,2,3
"22-05-2014",2,2,2,2,3,3,27,26,-9999,-9999,-9999,3,3,4,3,4,4,4,4,3,2,3,3,2
"23-05-2014",2,3,2,3,3,3,6,7,5,7,4,4,4,3,3,4,3,4,5,3,3,3,4,4
"24-05-2014",13,13,17,12,7,7,49,25,24,19,7,5,4,3,3,3,3,2,2,2,2,2,2,2
"25-05-2014",2,2,2,2,2,3,7,14,11,7,7,6,5,4,3,3,3,3,3,3,2,3,3,2
"26-05-2014",3,3,2,3,3,4,10,12,7,13,7,6,5,4,3,4,4,3,3,3,3,3,3,4
"27-05-2014",15,16,5,10,5,3,9,13,10,21,11,4,3,3,3,3,3,3,3,3,2,2,2,2
"28-05-2014",2,2,2,2,3,3,23,18,16,6,6,5,4,4,4,4,4,3,3,3,3,3,2,2
"29-05-2014",2,2,2,2,3,3,7,13,17,7,5,4,3,3,3,3,3,3,3,3,2,2,2,2
"30-05-2014",2,2,2,2,2,2,3,4,5,5,5,4,4,5,5,4,4,3,3,3,3,2,2,2
"31-05-2014",2,2,2,2,3,2,3,5,6,6,6,6,5,4,4,4,4,3,3,3,2,2,2,2
"01-06-2014",2,2,2,2,2,2,3,4,4,4,4,4,3,4,3,3,3,3,3,3,2,2,2,2
"02-06-2014",2,2,2,2,2,2,3,8,6,7,10,9,4,8,4,3,3,3,3,3,2,2,2,2
"03-06-2014",2,2,2,3,3,3,7,6,9,4,5,3,4,5,4,3,3,3,3,3,2,2,2,2
"04-06-2014",2,2,2,2,2,2,2,4,5,6,7,5,4,4,4,4,3,3,3,3,2,2,3,2
"05-06-2014",3,3,3,2,3,7,36,32,23,13,4,4,4,4,3,4,4,3,2,3,2,2,3,4
"06-06-2014",4,15,5,3,9,16,64,72,17,7,4,3,3,3,3,3,4,4,5,3,2,2,2,3
"07-06-2014",2,3,3,3,18,19,36,50,31,20,10,6,5,4,3,3,5,5,3,3,2,3,6,4
"08-06-2014",19,50,44,57,71,31,60,36,18,16,3,3,3,3,3,2,3,2,2,2,2,2,2,2
"09-06-2014",2,2,2,2,2,2,2,4,4,3,3,3,3,3,3,3,3,3,2,3,2,2,2,2
"10-06-2014",2,2,2,2,3,2,2,3,4,4,4,3,3,3,3,3,3,3,2,3,3,2,3,3
"11-06-2014",2,3,2,3,2,2,3,10,8,4,4,3,3,3,3,3,5,4,3,3,3,2,3,3
"12-06-2014",3,3,5,13,7,2,2,3,4,5,5,3,3,4,3,3,4,4,4,4,3,2,2,2
"13-06-2014",2,3,2,3,3,3,5,6,9,4,3,3,3,4,4,4,3,4,4,3,3,3,3,3
"14-06-2014",4,3,4,4,3,3,6,7,8,20,10,5,3,4,3,3,3,3,2,2,2,2,3,3
"15-06-2014",2,3,2,2,3,3,3,5,9,6,6,6,4,3,3,2,2,2,3,4,3,3,5,4
"16-06-2014",4,3,3,6,9,17,30,46,25,22,27,5,4,3,4,3,3,3,3,3,2,2,2,2
"17-06-2014",2,3,3,3,3,5,9,11,23,10,6,5,5,4,4,3,3,4,3,3,3,2,3,3
"18-06-2014",3,3,3,4,3,3,4,5,5,5,5,4,4,3,3,4,3,3,3,3,3,3,3,3
"19-06-2014",2,3,3,3,3,4,4,11,16,12,6,5,5,5,5,5,4,4,3,3,3,2,2,2
"20-06-2014",2,2,2,2,2,2,3,4,4,6,6,7,6,5,5,4,6,7,4,3,4,3,3,2
"21-06-2014",2,2,3,3,4,5,9,13,14,10,5,4,3,4,3,3,4,3,3,3,2,2,2,2
"22-06-2014",2,2,2,3,3,3,4,4,4,3,6,6,3,3,3,3,3,3,3,2,3,2,3,3
"23-06-2014",2,3,3,3,4,3,5,12,16,4,6,5,5,3,3,3,3,3,3,3,2,2,2,2
"24-06-2014",3,3,3,3,3,3,26,22,11,23,10,6,4,3,3,3,3,4,3,3,2,2,3,3
"25-06-2014",4,5,3,3,7,10,23,8,12,9,5,3,3,3,4,3,3,3,3,3,3,2,3,3
"26-06-2014",3,3,3,3,3,7,9,15,23,16,5,6,6,4,5,4,3,3,3,3,3,3,3,3
"27-06-2014",3,3,4,4,11,42,49,71,37,13,12,5,6,6,4,4,4,3,3,3,3,3,3,3
"28-06-2014",2,2,2,2,2,2,2,2,3,3,4,3,3,3,3,3,3,3,3,2,2,2,2,2
"29-06-2014",2,2,2,2,2,3,2,2,3,3,3,3,3,3,3,3,3,3,3,3,2,2,2,2
"30-06-2014",2,2,2,2,4,2,3,8,11,5,6,4,5,4,3,3,4,4,3,3,2,2,2,2
"01-07-2014",2,2,3,3,2,4,9,21,42,37,6,7,4,3,3,4,3,3,3,2,3,2,3,5
"02-07-2014",4,3,3,3,3,4,11,16,6,4,4,4,3,3,3,3,3,3,3,3,3,2,2,2
"03-07-2014",2,2,2,2,2,3,3,4,5,4,4,3,3,3,4,3,3,3,3,2,3,3,3,3
"04-07-2014",3,3,3,3,2,2,2,3,4,3,3,3,3,3,3,3,3,3,3,3,2,2,2,2
"05-07-2014",2,2,2,2,2,2,2,2,3,3,3,3,3,3,3,3,3,2,3,2,2,2,2,2
"06-07-2014",2,2,2,2,2,3,4,7,4,3,3,3,3,3,3,3,3,2,3,4,3,2,2,3
"07-07-2014",2,2,3,3,3,5,13,37,12,18,7,7,4,3,4,3,3,3,2,3,4,3,3,4
"08-07-2014",3,3,4,3,3,12,29,54,24,21,15,11,5,4,4,4,3,4,3,3,2,2,2,2
"09-07-2014",2,2,2,2,2,3,3,4,7,10,7,4,4,3,4,4,3,3,4,3,3,3,2,3
"10-07-2014",2,2,2,2,2,3,7,12,18,11,8,7,6,4,4,4,3,3,3,3,3,2,2,3
"11-07-2014",3,2,2,3,2,5,8,17,14,7,5,4,3,4,3,5,3,3,4,4,3,3,2,2
"12-07-2014",2,2,2,3,2,2,3,3,3,3,5,5,6,5,4,4,3,3,3,3,2,2,2,2
"13-07-2014",2,2,3,2,2,2,3,5,7,5,4,3,3,3,2,4,4,3,4,3,2,2,2,2
"14-07-2014",2,2,2,2,3,4,7,6,10,20,13,6,4,3,3,4,3,3,3,2,3,2,3,2
"15-07-2014",3,2,2,3,2,3,3,8,19,12,9,8,7,4,4,3,3,3,3,3,3,2,2,3
"16-07-2014",2,2,2,2,2,3,3,4,4,4,3,3,3,3,3,3,2,3,3,2,2,2,2,2
"17-07-2014",2,2,2,3,2,3,5,4,4,4,4,3,3,3,4,3,3,3,3,3,2,3,3,3
"18-07-2014",3,3,3,7,3,4,33,37,19,26,9,5,5,3,3,3,3,3,3,3,3,3,3,3
"19-07-2014",4,8,4,4,4,5,18,8,3,4,3,3,4,3,3,4,4,5,4,3,3,3,4,3
"20-07-2014",3,3,3,4,3,3,3,3,4,3,3,3,3,2,2,2,2,3,3,2,2,3,2,3
"21-07-2014",3,2,3,3,2,3,5,6,6,6,4,3,3,3,3,3,3,3,3,3,2,3,2,3
"22-07-2014",3,2,3,5,3,4,7,8,39,9,4,3,3,3,3,3,3,3,3,2,2,3,2,2
"23-07-2014",3,2,3,2,2,2,3,4,5,5,3,3,3,2,3,4,3,4,3,2,3,3,2,2
"24-07-2014",2,2,2,3,2,3,3,6,8,7,4,3,3,3,3,3,3,3,3,2,2,2,2,2
"25-07-2014",2,2,2,3,3,5,18,15,5,4,3,3,3,3,3,3,3,3,3,3,2,3,3,3
"26-07-2014",3,3,3,3,3,3,3,7,6,4,3,3,3,3,2,3,3,3,3,2,3,3,3,3
"27-07-2014",4,7,3,3,3,3,6,9,12,10,5,4,3,4,3,3,4,3,3,3,2,2,2,2
"28-07-2014",2,2,3,2,2,2,3,6,7,13,3,4,4,3,3,3,3,2,3,2,2,3,2,3
"29-07-2014",3,3,2,2,3,4,6,10,16,13,7,4,4,3,3,5,3,3,3,3,2,2,2,2
"30-07-2014",3,2,2,3,2,3,11,19,11,17,12,4,3,3,3,4,3,3,3,3,2,2,2,2
"31-07-2014",2,2,1,1,1,1,2,3,3,4,3,3,3,3,3,3,3,2,3,2,2,3,2,2
"01-08-2014",2,2,2,2,2,2,3,3,5,11,15,6,4,3,3,4,4,3,3,3,2,2,2,2
"02-08-2014",2,2,2,2,2,2,3,6,5,4,4,4,3,4,3,3,2,3,2,3,2,2,2,2
"03-08-2014",2,3,3,3,2,2,3,4,4,3,4,4,3,3,3,3,3,2,3,3,2,3,2,2
"04-08-2014",3,3,3,3,2,3,4,9,22,8,4,3,3,3,3,3,3,3,3,2,2,2,2,2
"05-08-2014",3,3,3,3,3,4,7,12,6,6,4,3,3,3,2,3,3,2,3,2,2,2,3,3
"06-08-2014",3,3,3,4,3,3,10,38,21,22,-9999,5,4,3,3,3,3,3,3,2,2,2,3,3
"07-08-2014",3,3,3,3,3,2,2,3,5,6,6,5,4,3,3,2,3,3,3,2,2,2,2,2
"08-08-2014",3,3,2,3,3,3,3,4,4,5,4,3,3,3,3,3,3,2,3,3,2,2,2,2
"09-08-2014",2,3,3,3,3,3,5,10,6,7,7,4,4,3,3,3,3,3,2,2,2,3,2,2
"10-08-2014",3,3,3,3,3,3,3,5,5,4,3,2,3,2,2,2,2,2,2,2,2,2,2,2
"11-08-2014",3,3,2,2,2,2,3,6,8,4,3,3,3,3,2,3,2,2,3,3,2,2,2,2
"12-08-2014",2,2,2,3,2,3,3,12,4,7,3,3,3,3,3,3,3,2,3,3,3,3,2,2
"13-08-2014",2,2,2,3,2,2,3,5,6,3,3,2,3,3,2,3,3,3,3,2,2,2,2,2
"14-08-2014",2,2,2,3,2,2,3,3,5,4,3,2,3,3,2,3,3,3,3,3,2,2,2,2
"15-08-2014",3,3,2,3,3,3,5,8,6,9,6,3,3,3,2,3,3,2,3,2,2,2,2,2
"16-08-2014",2,2,2,2,2,3,3,5,6,6,6,7,6,4,4,3,2,3,3,3,2,2,3,2
"17-08-2014",3,3,2,2,3,2,3,8,11,5,6,5,4,3,3,3,3,4,2,2,2,2,2,2
"18-08-2014",2,2,2,2,2,2,2,3,3,3,3,3,3,3,3,2,3,3,2,2,2,2,2,2
"19-08-2014",2,2,2,2,2,2,2,3,5,4,3,3,3,3,2,2,2,2,2,2,2,2,2,2
"20-08-2014",2,2,3,2,2,3,5,11,7,3,5,6,5,3,2,3,3,3,2,2,2,2,2,2
"21-08-2014",2,2,2,3,3,5,18,27,11,11,9,8,5,5,4,3,3,3,2,2,2,2,4,4
"22-08-2014",4,3,3,3,3,4,31,84,68,35,14,6,3,3,3,4,4,3,3,3,2,2,3,3
"23-08-2014",2,3,3,4,3,9,9,10,7,7,8,14,4,3,3,4,4,3,3,3,2,2,3,2
"24-08-2014",2,2,2,2,2,4,5,9,18,12,10,3,3,3,3,3,3,3,3,3,2,2,3,2
"25-08-2014",3,3,3,6,10,29,34,52,12,7,8,5,3,3,3,3,3,3,3,3,3,2,2,2
"26-08-2014",2,2,2,2,2,2,2,3,3,3,3,3,3,3,3,3,3,3,3,3,2,2,3,3
"27-08-2014",2,2,2,2,3,4,5,11,13,17,12,6,3,3,2,3,3,3,2,3,3,2,2,2
"28-08-2014",3,3,3,3,5,6,16,30,37,42,29,16,5,3,3,3,3,3,2,2,2,2,2,2
"29-08-2014",2,2,2,2,2,2,2,3,3,3,3,3,3,4,3,3,3,3,2,2,2,2,2,2
"30-08-2014",2,2,2,2,2,2,2,3,3,3,3,3,3,3,3,3,2,2,2,2,2,2,2,2
"31-08-2014",2,2,2,2,2,2,2,2,3,3,3,3,2,2,2,2,2,2,2,2,2,2,2,2
"01-09-2014",3,2,3,2,2,3,4,17,8,4,6,6,4,3,3,3,3,3,2,2,2,2,2,2
"02-09-2014",2,2,2,2,3,3,4,11,6,3,3,3,3,4,3,3,3,3,2,2,2,2,2,2
"03-09-2014",2,2,2,2,2,2,2,2,7,3,3,3,2,3,3,2,3,3,2,2,2,2,3,2
"04-09-2014",2,2,2,3,2,2,2,4,6,9,9,4,3,3,3,2,3,3,3,3,2,2,2,2
"05-09-2014",2,2,2,2,2,3,6,21,9,7,6,5,3,3,3,2,3,3,3,2,2,2,2,2
"06-09-2014",2,2,2,2,2,2,4,10,9,7,7,4,3,3,3,3,2,2,2,2,2,2,2,2
"07-09-2014",2,3,2,2,2,2,2,3,7,5,6,4,3,3,3,3,3,2,2,2,3,2,2,3
"08-09-2014",2,2,2,2,2,2,3,5,7,5,4,3,3,3,3,3,3,3,3,3,3,3,3,3
"09-09-2014",3,3,2,2,3,2,3,9,25,7,6,3,3,3,2,3,3,3,3,4,6,5,6,4
"10-09-2014",3,14,19,13,3,6,12,14,8,8,8,5,3,3,3,3,2,3,2,3,3,3,5,6
"11-09-2014",12,13,3,2,2,3,7,59,54,18,7,6,4,3,3,2,2,3,2,2,2,2,2,2
"12-09-2014",3,3,3,2,3,11,27,68,73,53,12,3,3,3,3,3,3,3,2,2,2,2,2,3
"13-09-2014",2,2,3,3,4,15,14,26,8,6,6,9,4,3,3,3,2,3,2,2,2,2,3,3
"14-09-2014",3,3,4,3,3,3,3,5,5,4,4,3,3,3,4,2,2,3,2,2,2,2,2,2
"15-09-2014",2,3,2,3,3,3,4,56,74,31,8,9,6,3,3,3,3,3,2,2,2,2,2,2
"16-09-2014",2,3,3,3,3,3,4,21,18,9,8,6,4,3,3,3,4,4,3,4,3,3,4,28
"17-09-2014",9,11,4,3,3,3,4,11,15,8,4,4,3,4,4,3,3,3,3,3,3,2,2,2
"18-09-2014",2,2,2,2,2,2,2,3,5,4,4,4,3,3,3,3,3,3,3,3,3,2,2,2
"19-09-2014",2,2,2,2,2,2,3,5,8,4,4,4,3,3,3,3,2,3,3,2,2,2,2,2
"20-09-2014",3,3,2,2,2,2,3,4,30,44,8,6,5,4,3,3,2,2,2,2,2,2,2,2
"21-09-2014",2,2,2,2,2,3,3,5,4,5,6,5,3,2,3,2,2,2,2,2,2,2,2,2
"22-09-2014",2,2,2,2,5,9,12,21,11,14,9,3,3,3,3,3,3,4,3,3,3,2,2,2
"23-09-2014",2,2,2,2,3,11,25,44,55,18,6,4,4,5,10,6,7,3,3,3,3,3,3,3
"24-09-2014",2,2,2,2,2,2,3,4,5,4,5,4,4,4,3,3,3,3,2,2,2,2,2,2
"25-09-2014",2,2,2,3,3,3,6,21,54,9,7,7,5,3,3,2,2,2,3,3,3,3,2,3
"26-09-2014",3,2,2,3,2,3,10,17,17,24,6,5,10,12,10,6,4,3,2,2,2,2,2,2
"27-09-2014",2,2,2,2,2,2,3,3,4,4,4,3,4,3,4,3,3,3,2,2,2,2,2,2
"28-09-2014",2,2,2,2,2,2,2,3,3,3,3,4,4,3,3,3,2,3,2,2,3,3,2,4
"29-09-2014",9,2,2,2,2,2,2,3,5,5,4,4,4,4,4,3,3,3,3,2,3,2,2,2
"30-09-2014",2,2,2,2,2,2,4,7,12,7,6,4,4,4,4,4,4,4,3,3,3,3,3,4
"01-10-2014",3,19,18,20,6,31,67,66,84,33,11,12,6,4,4,4,3,3,3,3,3,2,2,2
"02-10-2014",2,2,2,2,2,4,3,12,8,7,5,4,4,4,4,4,4,4,3,3,3,2,2,2
"03-10-2014",2,2,2,2,2,2,3,4,5,4,4,4,4,4,4,4,4,3,3,3,2,2,2,2
"04-10-2014",2,2,2,2,2,2,2,3,3,4,3,5,4,4,4,3,3,3,2,2,2,2,2,2
"05-10-2014",2,2,2,3,2,2,2,3,9,3,3,3,3,3,3,2,3,3,3,2,2,3,2,20
"06-10-2014",3,3,2,3,2,3,13,63,72,10,4,3,3,3,3,3,2,3,3,2,3,3,10,9
"07-10-2014",2,3,3,2,2,4,20,62,75,42,9,7,8,4,7,6,3,3,6,7,32,30,21,21
"08-10-2014",28,55,45,24,26,10,39,79,140,120,27,8,7,8,7,13,4,3,3,3,3,3,2,2
"09-10-2014",2,2,2,2,2,2,4,4,6,6,5,4,4,4,5,4,3,3,3,3,3,3,2,2
"10-10-2014",2,2,2,2,2,4,4,11,17,6,5,5,4,4,4,4,3,3,3,3,3,4,3,3
"11-10-2014",2,2,2,3,2,2,3,3,6,6,4,4,4,3,3,3,3,3,3,3,3,3,3,2
"12-10-2014",2,2,3,3,2,3,3,10,28,4,4,4,4,4,4,3,2,2,2,3,6,8,14,35
"13-10-2014",50,25,14,5,3,4,41,102,160,122,25,8,14,6,3,3,3,3,2,2,3,3,3,7
"14-10-2014",3,3,3,3,2,4,21,89,99,75,20,14,10,8,4,4,3,2,2,3,3,3,3,6
"15-10-2014",6,3,3,3,4,8,48,97,114,40,-9999,-9999,6,5,3,3,2,2,2,2,2,3,2,3
"16-10-2014",10,25,11,9,10,34,91,127,121,67,24,11,8,6,5,4,5,5,8,6,3,3,3,5
"17-10-2014",2,2,2,2,2,2,3,4,18,10,8,8,8,6,6,7,7,4,3,3,2,2,2,2
"18-10-2014",2,2,2,2,2,3,2,3,9,5,5,4,9,12,10,3,3,2,2,2,2,2,2,2
"19-10-2014",2,2,2,2,2,2,2,2,2,3,4,3,3,3,2,3,2,2,2,2,2,2,2,2
"20-10-2014",2,2,2,2,9,2,13,12,9,6,6,6,4,4,5,4,3,2,2,3,5,3,7,22
"21-10-2014",37,5,3,18,25,32,56,134,162,49,22,14,7,5,3,3,3,2,2,3,3,3,2,2
"22-10-2014",2,3,3,4,3,4,10,19,41,16,6,3,3,3,2,3,2,2,2,2,2,2,2,2
"23-10-2014",2,2,2,2,2,2,2,2,2,2,2,3,4,5,4,4,3,3,2,2,2,2,2,5
"24-10-2014",6,5,2,2,4,8,22,3,3,5,-9999,-9999,-9999,-9999,2,3,3,3,2,2,2,2,2,2
"25-10-2014",2,2,2,5,4,3,4,12,29,40,11,10,9,5,5,6,5,3,3,3,3,3,2,3
"26-10-2014",3,5,2,2,3,2,2,2,3,6,4,6,6,4,4,4,3,2,3,3,2,2,2,3
"27-10-2014",3,2,2,2,3,2,3,6,22,10,6,7,5,4,4,4,3,2,2,2,2,2,2,2
"28-10-2014",2,2,2,2,2,2,2,2,3,3,3,4,3,3,3,3,2,3,2,3,3,2,2,4
"29-10-2014",3,2,2,3,2,4,11,31,49,14,7,10,10,11,13,6,12,9,12,10,7,8,5,6
"30-10-2014",4,3,3,5,4,10,35,87,38,30,11,7,6,5,4,4,3,4,4,4,5,10,9,3
"31-10-2014",4,3,3,4,2,2,3,7,8,6,6,5,4,6,5,4,3,3,3,3,3,2,2,2
"01-11-2014",2,2,2,2,2,2,2,3,3,4,3,4,4,3,4,3,3,3,2,2,2,2,2,2
"02-11-2014",2,2,2,2,2,2,2,2,3,3,4,4,4,3,3,3,2,2,3,3,3,3,2,8
"03-11-2014",3,2,2,2,2,3,3,5,9,6,6,6,5,4,4,4,4,4,4,4,4,3,3,2
"04-11-2014",2,2,2,2,2,3,4,8,12,7,6,5,6,6,5,3,3,4,3,19,42,72,94,75
"05-11-2014",54,34,33,12,3,11,74,73,85,62,8,4,3,3,3,3,2,2,2,2,3,3,2,2
"06-11-2014",2,2,2,2,2,2,4,10,7,4,3,3,3,3,3,3,2,2,2,4,21,30,41,54
"07-11-2014",58,27,5,3,4,6,31,116,116,26,26,8,5,2,4,3,3,4,3,2,2,2,2,2
"08-11-2014",2,1,2,2,2,2,5,5,6,7,6,9,7,7,8,5,5,15,8,6,4,7,3,3
"09-11-2014",3,8,9,5,4,7,14,31,20,8,3,3,2,2,2,2,2,2,2,9,27,11,7,6
"10-11-2014",4,7,3,4,3,27,51,116,50,32,20,12,11,5,4,4,2,3,5,46,54,72,104,107
"11-11-2014",88,66,47,41,36,25,41,98,70,34,9,5,5,4,4,3,2,4,17,10,10,18,4,11
"12-11-2014",10,14,7,14,7,9,51,84,107,65,14,7,5,4,4,4,3,7,33,63,77,68,45,37
"13-11-2014",9,2,2,2,2,7,15,49,50,61,23,10,5,3,3,3,3,3,3,10,24,24,50,52
"14-11-2014",73,11,2,2,2,3,12,29,17,16,16,8,7,7,7,8,8,12,10,20,9,4,3,3
"15-11-2014",2,2,2,3,2,2,7,9,7,5,4,5,5,4,5,5,4,4,4,3,3,5,9,7
"16-11-2014",3,16,29,6,6,4,19,16,31,13,8,9,9,6,5,4,2,3,16,49,107,141,52,81
"17-11-2014",63,78,38,3,2,11,20,5,5,4,3,3,3,3,3,3,3,31,81,84,111,117,146,123
"18-11-2014",125,105,40,34,52,114,114,151,183,61,12,8,3,3,4,4,3,4,4,3,3,3,2,2
"19-11-2014",2,2,2,2,2,2,3,4,9,6,4,3,3,3,3,3,3,3,2,2,6,4,3,2
"20-11-2014",1,1,1,2,1,2,3,9,17,12,7,6,4,3,3,3,3,4,5,4,4,4,4,3
"21-11-2014",2,2,2,3,2,2,3,7,9,6,6,5,4,4,3,3,3,3,5,4,4,4,4,4
"22-11-2014",4,3,3,3,2,4,8,4,8,9,8,6,5,3,4,3,3,4,3,3,4,3,5,16
"23-11-2014",4,4,16,2,2,2,2,2,3,3,4,3,4,4,4,6,4,3,3,4,4,3,3,2
"24-11-2014",2,2,2,2,2,2,6,38,32,28,11,-9999,-9999,7,6,6,4,5,5,7,18,9,23,12
"25-11-2014",3,2,2,2,2,2,2,4,6,5,5,5,5,5,42,5,4,4,5,5,4,5,13,15
"26-11-2014",9,4,3,3,3,4,5,9,14,9,8,6,5,5,5,6,5,5,5,6,5,5,3,3
"27-11-2014",2,2,2,2,2,2,3,9,31,28,27,29,20,8,10,5,5,6,22,73,46,39,37,31
"28-11-2014",27,13,3,4,5,18,40,59,93,98,76,54,32,26,26,20,31,40,71,122,136,187,204,160
"29-11-2014",98,35,30,34,26,18,44,86,86,58,20,4,4,3,3,3,5,17,39,7,5,27,5,13
"30-11-2014",18,6,2,2,2,2,2,3,5,4,5,4,3,3,3,4,11,36,56,90,119,172,170,149
"01-12-2014",110,52,67,74,77,85,90,135,197,181,76,35,23,11,7,8,11,23,71,85,124,110,76,105
"02-12-2014",95,72,63,22,4,8,53,26,17,71,6,5,4,3,3,4,4,2,2,3,3,4,3,2
"03-12-2014",2,2,2,7,2,2,3,7,-9999,6,5,5,4,3,3,3,3,2,2,2,2,2,2,2
"04-12-2014",2,2,2,2,2,3,4,33,85,65,19,12,9,4,5,5,4,3,14,32,46,50,68,52
"05-12-2014",57,68,68,45,18,38,72,151,187,88,32,16,6,4,3,3,6,16,37,81,103,131,98,108
"06-12-2014",81,18,2,2,2,2,2,2,4,3,3,3,3,3,3,2,2,5,9,22,24,51,62,62
"07-12-2014",66,116,176,92,58,117,66,43,37,48,22,11,6,5,4,3,2,3,3,15,22,16,2,2
"08-12-2014",2,2,1,2,2,2,3,11,15,6,4,7,9,7,4,4,16,50,88,41,6,5,3,2
"09-12-2014",2,2,2,2,2,2,16,35,29,18,12,10,-9999,7,5,6,6,9,18,43,58,42,43,47
"10-12-2014",23,21,36,80,77,55,59,99,168,221,162,70,30,58,16,7,8,13,10,9,6,9,10,5
"11-12-2014",5,3,2,3,3,14,31,82,116,112,64,64,52,14,11,21,17,9,7,10,18,4,4,2
"12-12-2014",3,2,2,2,2,3,7,6,8,33,4,4,7,5,13,8,15,25,4,5,4,4,3,2
"13-12-2014",2,2,2,2,4,11,18,51,72,17,8,5,5,5,4,5,4,5,8,22,56,43,105,84
"14-12-2014",117,127,120,103,88,71,82,95,77,50,33,10,5,4,3,3,4,10,60,115,152,198,196,163
"15-12-2014",134,118,98,68,49,43,59,112,159,145,103,42,7,9,7,6,7,23,57,117,150,219,207,185
"16-12-2014",157,82,62,54,37,43,66,115,205,134,8,5,4,4,4,4,4,4,4,3,2,2,2,2
"17-12-2014",2,2,1,2,2,2,2,2,2,3,3,3,2,2,4,2,7,15,13,52,28,27,52,40
"18-12-2014",25,24,13,7,10,42,77,132,123,48,23,22,5,5,6,8,9,46,143,175,223,250,245,176
"19-12-2014",135,79,57,81,69,58,96,186,202,79,76,18,18,7,5,4,3,25,101,183,250,276,279,189
"20-12-2014",173,142,119,175,168,57,194,216,232,63,14,9,8,5,3,3,3,9,14,13,6,38,95,117
"21-12-2014",95,83,41,35,136,88,94,78,35,21,8,4,5,5,5,4,3,4,4,5,5,3,3,2
"22-12-2014",2,2,2,2,2,2,3,13,12,15,7,6,5,6,5,4,5,8,17,63,116,174,180,164
"23-12-2014",74,35,10,10,131,108,108,184,253,233,19,38,14,7,6,5,4,12,51,39,90,220,162,253
"24-12-2014",117,293,292,265,49,20,130,98,219,389,134,35,15,12,5,4,3,6,17,122,221,186,139,113
"25-12-2014",87,77,49,17,8,81,152,119,39,54,5,7,4,4,3,2,2,3,5,5,3,4,4,3
"26-12-2014",2,2,2,2,3,3,4,9,50,43,16,45,97,33,4,3,3,4,4,4,8,58,62,99
"27-12-2014",102,32,3,11,5,4,3,8,4,7,6,6,5,5,5,4,3,4,9,46,35,56,44,35
"28-12-2014",61,58,54,59,44,32,39,77,73,39,30,20,9,4,3,2,2,2,2,2,2,2,2,2
"29-12-2014",2,2,2,1,1,2,1,2,4,6,4,4,4,4,4,4,3,4,5,20,52,53,33,19
"30-12-2014",2,2,2,2,2,3,4,4,5,6,9,7,6,6,6,6,5,5,5,7,7,5,5,4
"31-12-2014",3,2,2,2,2,2,3,3,4,5,5,6,5,6,6,4,4,4,4,5,5,5,4,3
