"01-01-2010",0.4,0.6,1.0,1.4,1.6,2.4,1.7,0.9,0.4,0.5,0.3,0.3,0.4,0.5,0.4,0.4,0.3,0.4,0.5,0.8,0.6,0.5,0.4,0.4
"02-01-2010",0.3,0.3,0.3,0.3,0.3,0.4,0.3,0.3,0.4,0.4,1.1,0.5,0.6,0.5,0.5,0.4,0.5,0.4,0.5,0.5,0.5,0.5,0.4,0.5
"03-01-2010",0.5,0.4,0.4,0.5,0.4,0.4,0.5,0.4,0.4,0.4,0.4,0.4,0.5,0.5,0.4,0.4,0.4,0.4,0.4,0.5,0.4,0.5,0.7,0.7
"04-01-2010",0.8,0.7,0.5,0.7,0.5,0.7,0.9,1.2,1.6,1.8,1.4,1.3,1.3,1.1,1.0,0.7,0.7,1.1,2.0,1.8,1.9,1.9,1.4,1.3
"05-01-2010",1.0,1.0,0.9,0.6,0.7,0.9,1.0,1.7,2.1,2.7,1.0,0.6,0.6,0.7,0.9,0.7,0.5,0.5,0.6,0.6,0.8,0.5,0.4,0.4
"06-01-2010",0.3,0.3,0.3,0.3,0.3,0.3,0.3,0.3,0.3,0.3,0.4,0.4,0.4,0.5,0.4,0.3,0.3,0.3,0.4,0.4,0.5,0.6,0.4,0.4
"07-01-2010",0.4,0.4,0.3,0.3,0.3,0.6,0.5,0.5,0.6,0.5,0.5,0.7,0.6,0.6,0.9,0.6,0.6,0.8,0.8,0.9,0.9,2.2,1.7,1.0
"08-01-2010",0.9,0.7,1.1,1.0,1.1,1.2,1.4,1.9,1.0,0.6,0.6,0.8,0.6,0.6,0.9,0.5,0.4,0.6,0.6,0.6,0.6,0.6,1.1,0.4
"09-01-2010",0.3,0.3,0.3,0.3,0.3,0.3,0.6,0.3,0.4,0.4,0.5,0.4,0.7,0.7,0.7,-9999,0.5,0.4,0.4,0.5,0.5,0.5,0.4,0.4
"10-01-2010",0.4,0.4,0.4,0.4,0.4,0.4,0.3,0.4,0.6,0.5,0.4,0.5,0.5,0.5,0.5,0.4,0.4,0.5,0.6,0.7,0.6,0.6,0.6,0.4
"11-01-2010",0.4,0.6,0.3,0.3,0.3,0.4,0.5,0.6,0.8,0.9,0.6,1.0,1.0,1.1,1.4,1.1,0.9,0.8,1.0,0.8,0.7,0.9,0.6,0.6
"12-01-2010",0.7,0.5,0.6,0.5,0.6,1.1,1.5,2.5,3.1,2.7,2.4,2.6,2.0,1.3,1.1,1.0,0.8,1.1,1.3,1.8,1.3,1.7,1.1,1.5
"13-01-2010",0.8,0.6,0.9,0.5,0.5,0.7,0.9,1.7,1.8,1.4,1.5,1.0,1.1,1.1,1.2,1.2,1.0,1.2,1.4,0.9,1.4,1.2,0.6,1.1
"14-01-2010",1.4,1.0,0.6,0.5,0.5,0.6,1.3,1.7,2.4,2.2,1.9,2.1,2.2,2.2,2.8,1.9,2.1,2.3,1.9,2.1,1.9,1.6,1.4,1.2
"15-01-2010",0.7,0.6,0.9,0.6,0.5,1.0,1.4,1.5,3.8,2.3,1.5,2.5,1.8,1.5,1.9,2.2,2.1,2.7,2.9,3.1,2.7,2.1,1.4,1.0
"16-01-2010",1.1,0.8,0.6,0.6,0.6,0.6,0.7,0.8,1.0,1.1,1.2,1.3,1.4,1.6,1.8,1.7,1.2,1.1,1.0,1.0,0.9,1.1,1.0,0.8
"17-01-2010",0.8,0.7,0.7,0.7,0.6,0.6,0.7,0.7,0.8,0.8,1.0,1.0,1.1,1.2,1.1,1.3,-9999,-9999,-9999,-9999,-9999,-9999,-9999,-9999
"18-01-2010",-9999,-9999,-9999,-9999,-9999,-9999,-9999,-9999,-9999,-9999,-9999,-9999,-9999,1.6,1.7,1.5,1.3,1.6,1.6,1.5,1.3,1.3,1.0,0.8
"19-01-2010",0.6,0.5,0.5,0.5,0.6,0.7,0.8,1.3,1.4,1.4,1.3,1.6,1.5,1.9,2.4,1.9,2.1,2.0,1.8,1.1,1.4,1.4,1.0,0.8
"20-01-2010",0.8,0.6,0.5,0.5,0.5,0.6,0.8,1.3,1.8,1.6,1.3,1.3,-9999,1.1,1.4,1.2,1.2,1.8,2.2,1.9,2.1,2.8,2.3,2.0
"21-01-2010",1.9,1.7,1.4,1.1,1.1,1.1,1.6,2.2,3.1,2.7,1.6,1.2,0.8,0.8,0.9,0.7,0.7,1.5,1.5,1.8,2.1,1.9,1.7,1.0
"22-01-2010",0.8,0.8,0.4,0.3,0.4,0.7,0.8,1.0,1.3,1.3,1.1,1.3,1.6,1.9,2.3,2.4,1.9,2.2,1.7,1.6,2.1,1.6,1.4,1.0
"23-01-2010",0.9,0.7,0.8,0.5,0.7,0.8,0.9,1.1,1.5,1.4,1.6,1.4,1.7,2.0,1.9,1.7,1.3,1.2,1.2,1.4,1.3,1.4,1.3,1.0
"24-01-2010",1.1,0.8,0.7,0.6,0.6,0.7,0.7,0.7,0.9,1.0,1.0,1.3,1.2,1.2,1.3,1.8,1.1,1.3,1.6,1.4,1.3,1.6,1.5,1.0
"25-01-2010",0.8,0.6,0.6,0.6,0.5,0.8,1.2,1.5,2.1,2.0,1.9,1.7,2.1,2.0,1.9,1.9,1.6,1.8,1.7,1.7,1.4,1.3,1.0,0.8
"26-01-2010",0.8,0.5,0.4,0.4,0.5,0.6,1.0,1.5,1.8,1.9,1.9,1.7,2.1,1.9,2.2,2.0,2.1,1.8,2.0,2.4,1.8,1.6,1.0,1.0
"27-01-2010",0.9,0.6,0.5,0.4,0.5,0.6,1.5,1.5,1.8,1.8,2.0,2.4,2.6,2.5,2.9,3.3,3.4,2.2,2.8,3.0,2.7,1.9,1.7,1.1
"28-01-2010",0.8,1.0,0.7,0.7,-9999,1.9,1.4,2.2,2.8,2.9,2.7,2.4,2.1,1.9,1.2,1.3,1.2,1.3,1.6,3.1,3.7,4.4,3.9,3.8
"29-01-2010",3.9,1.3,1.0,0.9,1.3,2.2,3.1,3.7,5.1,5.1,3.1,2.1,1.8,0.9,1.0,0.9,0.8,0.7,1.1,1.3,1.7,1.6,2.4,1.4
"30-01-2010",2.4,3.7,3.6,2.4,2.0,2.1,2.2,2.5,3.8,4.2,1.1,0.7,0.8,0.9,1.1,0.8,0.7,0.8,1.1,2.0,1.7,0.8,0.7,0.8
"31-01-2010",0.5,0.4,0.4,-9999,-9999,0.4,0.4,0.4,0.6,0.4,0.5,0.6,0.4,0.6,0.6,0.6,0.5,0.5,0.6,0.5,0.6,0.6,0.6,0.7
"01-02-2010",0.5,0.4,0.3,0.3,0.3,0.4,0.5,0.7,0.7,0.7,0.5,0.8,0.9,0.9,0.8,0.7,0.7,0.6,1.0,1.2,1.1,1.0,0.9,1.9
"02-02-2010",2.1,1.3,0.6,0.4,0.4,0.6,1.3,1.7,1.3,0.7,1.0,0.9,1.0,1.3,1.3,1.3,1.0,1.3,1.6,2.5,1.9,1.4,0.9,0.6
"03-02-2010",0.6,0.5,0.5,0.4,0.4,0.4,0.6,0.7,1.1,1.1,1.3,1.4,1.0,1.3,1.5,1.2,1.2,1.7,2.8,2.5,2.3,2.6,3.2,2.9
"04-02-2010",3.6,2.9,2.7,2.2,1.8,1.6,2.9,4.1,3.5,3.5,1.8,1.4,1.4,1.1,1.4,1.4,1.5,1.8,3.1,2.4,3.9,5.8,5.4,4.1
"05-02-2010",3.8,3.3,2.7,2.1,1.9,1.8,2.3,3.5,4.8,4.7,2.2,1.6,1.8,1.6,1.1,0.6,1.7,2.5,2.9,2.3,2.4,2.1,1.9,1.4
"06-02-2010",1.2,1.0,0.9,0.9,0.8,0.9,1.1,1.0,0.5,0.5,0.6,0.5,0.4,0.5,0.7,0.4,0.5,0.3,0.2,0.3,0.3,0.4,0.5,0.5
"07-02-2010",0.5,0.4,0.6,0.4,0.3,0.5,0.7,-9999,-9999,-9999,-9999,-9999,-9999,-9999,-9999,-9999,-9999,-9999,-9999,-9999,-9999,-9999,-9999,-9999
"08-02-2010",-9999,-9999,-9999,-9999,-9999,-9999,-9999,-9999,-9999,-9999,-9999,-9999,-9999,-9999,-9999,-9999,-9999,-9999,-9999,-9999,-9999,-9999,-9999,-9999
"09-02-2010",-9999,-9999,-9999,-9999,-9999,-9999,-9999,-9999,-9999,-9999,-9999,-9999,-9999,-9999,-9999,-9999,-9999,-9999,-9999,-9999,-9999,-9999,-9999,-9999
"10-02-2010",-9999,-9999,-9999,-9999,-9999,-9999,-9999,-9999,-9999,-9999,-9999,-9999,-9999,-9999,-9999,-9999,-9999,-9999,-9999,-9999,-9999,-9999,-9999,-9999
"11-02-2010",-9999,-9999,-9999,-9999,-9999,-9999,-9999,-9999,-9999,-9999,-9999,-9999,-9999,-9999,-9999,-9999,-9999,-9999,-9999,-9999,-9999,-9999,-9999,-9999
"12-02-2010",-9999,-9999,-9999,-9999,-9999,-9999,-9999,-9999,-9999,-9999,-9999,-9999,-9999,-9999,-9999,-9999,-9999,-9999,-9999,-9999,-9999,-9999,-9999,-9999
"13-02-2010",-9999,-9999,-9999,-9999,-9999,-9999,-9999,-9999,-9999,-9999,-9999,-9999,-9999,-9999,-9999,-9999,-9999,-9999,-9999,-9999,-9999,-9999,-9999,-9999
"14-02-2010",-9999,-9999,-9999,-9999,-9999,-9999,-9999,-9999,-9999,-9999,-9999,-9999,-9999,-9999,-9999,-9999,-9999,-9999,-9999,-9999,-9999,-9999,-9999,-9999
"15-02-2010",-9999,-9999,-9999,-9999,-9999,-9999,-9999,-9999,-9999,-9999,-9999,-9999,-9999,-9999,-9999,-9999,-9999,-9999,-9999,-9999,-9999,-9999,-9999,-9999
"16-02-2010",-9999,-9999,-9999,-9999,-9999,-9999,-9999,-9999,-9999,-9999,-9999,-9999,-9999,-9999,-9999,-9999,-9999,-9999,-9999,-9999,-9999,-9999,-9999,-9999
"17-02-2010",-9999,-9999,-9999,-9999,-9999,-9999,-9999,-9999,-9999,1.3,0.8,0.6,0.5,0.6,0.7,0.5,0.5,0.6,0.7,1.0,1.1,1.5,1.3,0.4
"18-02-2010",0.6,0.3,0.3,0.3,0.5,0.8,1.8,2.8,4.6,2.2,4.0,0.5,-9999,-9999,-9999,0.6,0.5,0.7,1.3,1.4,1.3,0.6,0.8,0.5
"19-02-2010",0.5,0.3,0.3,-9999,-9999,-9999,-9999,-9999,-9999,-9999,-9999,-9999,-9999,-9999,-9999,-9999,-9999,-9999,-9999,-9999,-9999,-9999,-9999,-9999
"20-02-2010",-9999,-9999,-9999,-9999,-9999,-9999,-9999,-9999,-9999,-9999,-9999,-9999,-9999,-9999,-9999,-9999,-9999,-9999,-9999,-9999,-9999,-9999,-9999,-9999
"21-02-2010",-9999,-9999,-9999,-9999,-9999,-9999,-9999,-9999,-9999,-9999,-9999,-9999,-9999,-9999,-9999,-9999,-9999,-9999,-9999,-9999,-9999,-9999,-9999,-9999
"22-02-2010",-9999,-9999,-9999,-9999,-9999,-9999,-9999,-9999,-9999,-9999,-9999,-9999,-9999,-9999,-9999,-9999,-9999,-9999,-9999,-9999,-9999,-9999,-9999,-9999
"23-02-2010",-9999,-9999,-9999,-9999,-9999,-9999,-9999,-9999,-9999,-9999,-9999,-9999,-9999,-9999,-9999,-9999,-9999,-9999,-9999,-9999,-9999,-9999,-9999,-9999
"24-02-2010",-9999,-9999,-9999,-9999,-9999,-9999,-9999,-9999,-9999,-9999,-9999,-9999,-9999,-9999,-9999,-9999,-9999,-9999,-9999,-9999,-9999,-9999,-9999,-9999
"25-02-2010",-9999,-9999,-9999,-9999,-9999,-9999,-9999,-9999,-9999,-9999,-9999,-9999,-9999,-9999,-9999,-9999,-9999,-9999,-9999,-9999,-9999,-9999,-9999,-9999
"26-02-2010",-9999,-9999,-9999,-9999,-9999,-9999,-9999,-9999,-9999,-9999,-9999,-9999,-9999,-9999,-9999,-9999,-9999,-9999,-9999,-9999,-9999,-9999,-9999,-9999
"27-02-2010",-9999,-9999,-9999,-9999,-9999,-9999,-9999,-9999,-9999,-9999,-9999,-9999,-9999,-9999,-9999,-9999,-9999,-9999,-9999,-9999,-9999,-9999,-9999,-9999
"28-02-2010",-9999,-9999,-9999,-9999,-9999,-9999,-9999,-9999,-9999,-9999,-9999,-9999,-9999,-9999,-9999,-9999,-9999,-9999,-9999,-9999,-9999,-9999,-9999,-9999
"01-03-2010",-9999,-9999,-9999,-9999,-9999,-9999,-9999,-9999,-9999,-9999,-9999,-9999,-9999,-9999,-9999,-9999,-9999,-9999,-9999,-9999,-9999,-9999,-9999,-9999
"02-03-2010",-9999,-9999,-9999,-9999,-9999,-9999,-9999,-9999,-9999,-9999,-9999,-9999,-9999,-9999,-9999,-9999,-9999,-9999,-9999,-9999,-9999,-9999,-9999,-9999
"03-03-2010",-9999,-9999,-9999,-9999,-9999,-9999,-9999,-9999,-9999,-9999,-9999,-9999,-9999,-9999,-9999,-9999,-9999,-9999,-9999,-9999,-9999,-9999,-9999,-9999
"04-03-2010",-9999,-9999,-9999,-9999,-9999,-9999,-9999,-9999,-9999,-9999,-9999,-9999,-9999,-9999,-9999,-9999,-9999,-9999,-9999,-9999,-9999,-9999,-9999,-9999
"05-03-2010",-9999,-9999,-9999,-9999,-9999,-9999,-9999,-9999,-9999,-9999,-9999,-9999,-9999,-9999,-9999,-9999,-9999,-9999,-9999,-9999,-9999,-9999,-9999,-9999
"06-03-2010",-9999,-9999,-9999,-9999,-9999,-9999,-9999,-9999,-9999,-9999,-9999,-9999,-9999,-9999,-9999,-9999,-9999,-9999,-9999,-9999,-9999,-9999,-9999,-9999
"07-03-2010",-9999,-9999,-9999,-9999,-9999,-9999,-9999,-9999,-9999,-9999,-9999,-9999,-9999,-9999,-9999,-9999,-9999,-9999,-9999,-9999,-9999,-9999,-9999,-9999
"08-03-2010",-9999,-9999,-9999,-9999,-9999,-9999,-9999,-9999,-9999,-9999,-9999,1.4,1.8,1.7,1.9,1.8,1.2,1.2,1.2,1.0,1.4,1.1,0.9,0.6
"09-03-2010",0.5,0.7,0.4,0.4,0.5,0.7,0.8,1.1,1.4,1.5,0.9,0.9,1.0,1.0,1.0,1.0,0.6,0.8,2.0,2.0,2.1,2.0,1.3,0.9
"10-03-2010",0.7,0.7,0.5,0.4,0.5,0.6,1.0,1.5,1.9,1.9,2.3,2.3,2.2,2.8,2.4,2.1,1.8,1.7,2.1,1.8,1.6,1.7,1.3,1.0
"11-03-2010",0.8,0.7,0.8,0.6,0.6,0.8,1.0,1.1,1.5,1.2,1.0,1.0,1.0,1.3,1.1,0.8,0.7,0.9,1.1,1.1,0.9,0.7,0.7,0.7
"12-03-2010",0.5,0.4,0.4,0.4,0.5,0.8,1.6,2.2,1.7,0.9,0.8,0.8,0.9,0.9,1.0,0.7,0.7,0.6,0.6,0.7,0.7,1.0,0.7,0.6
"13-03-2010",0.5,0.5,0.4,0.5,0.4,0.5,1.3,1.5,1.4,0.7,0.8,1.0,0.7,0.8,0.9,0.7,0.7,0.5,0.5,0.5,0.6,1.1,1.6,1.4
"14-03-2010",1.1,1.0,0.7,1.0,0.6,0.8,0.8,0.8,0.8,0.8,0.9,1.0,1.0,0.9,0.8,1.3,0.8,0.9,1.1,0.8,0.9,0.8,0.9,0.7
"15-03-2010",0.5,0.6,0.4,0.4,0.4,0.6,0.9,1.1,1.6,1.7,1.1,1.0,1.0,1.1,0.7,1.0,1.0,1.2,1.6,1.6,1.8,1.5,1.5,1.5
"16-03-2010",1.0,0.9,0.8,1.0,0.8,-9999,1.0,1.2,1.3,1.0,0.6,0.9,-9999,0.7,0.8,0.4,0.7,0.7,0.7,0.7,0.8,1.4,1.7,1.8
"17-03-2010",1.9,1.6,1.1,0.9,1.0,0.9,1.4,1.4,1.0,-9999,1.2,1.3,1.2,1.2,1.2,1.4,1.1,1.3,1.3,1.4,1.4,1.1,0.8,0.7
"18-03-2010",0.5,0.4,0.4,0.4,0.4,1.2,1.0,1.4,-9999,1.1,0.9,0.8,0.6,0.8,0.7,0.5,0.5,0.5,0.6,0.7,0.7,0.8,0.9,1.5
"19-03-2010",1.7,1.7,1.1,1.0,1.0,1.2,1.8,2.4,1.9,1.5,1.5,0.9,0.8,0.8,0.7,0.6,0.4,0.5,0.8,1.2,1.7,2.1,1.7,2.0
"20-03-2010",1.8,1.8,1.4,1.0,1.1,1.4,1.6,2.0,1.4,0.8,0.6,0.6,0.6,0.5,0.5,0.4,0.5,0.4,0.5,0.6,0.6,0.7,0.7,1.5
"21-03-2010",1.7,0.9,0.5,0.4,0.6,1.2,1.2,1.5,0.9,0.5,0.9,0.6,0.5,0.4,0.4,0.4,0.4,0.4,0.4,0.5,0.5,0.8,0.6,0.4
"22-03-2010",0.5,0.5,0.4,0.7,1.0,1.1,1.7,2.0,1.1,1.1,0.8,0.5,0.5,0.6,0.5,-9999,0.8,0.5,0.6,0.6,0.6,0.5,0.8,1.1
"23-03-2010",0.9,0.7,0.9,0.7,0.9,1.3,1.6,1.8,1.3,1.9,0.6,0.8,1.2,1.1,0.9,0.6,0.8,1.0,1.2,2.0,1.4,1.2,0.8,0.6
"24-03-2010",0.6,0.5,0.4,0.4,0.4,0.5,1.4,1.3,1.4,1.2,0.8,0.8,0.9,1.1,1.1,1.3,0.9,0.8,1.0,1.1,1.0,1.1,0.9,0.7
"25-03-2010",0.9,0.7,0.4,0.4,0.5,0.5,0.6,0.6,0.6,0.6,0.7,0.5,0.4,0.5,0.8,0.6,0.5,0.6,0.8,0.7,1.1,1.1,0.9,0.7
"26-03-2010",0.5,0.4,0.4,0.4,0.3,0.5,1.3,1.1,1.1,1.1,1.5,1.4,1.1,1.1,1.3,1.1,1.0,1.3,1.3,1.8,1.9,1.9,1.7,1.1
"27-03-2010",0.9,0.9,0.6,0.6,3.3,0.9,0.9,2.3,1.5,0.8,0.9,0.5,0.9,0.6,0.6,0.5,0.4,0.5,0.6,0.5,0.5,0.6,0.5,0.5
"28-03-2010",0.5,0.4,0.5,0.4,0.3,0.4,0.4,0.3,0.3,0.4,0.4,0.4,0.5,0.4,0.4,0.4,0.4,0.4,0.4,0.5,0.7,0.5,0.4,0.3
"29-03-2010",0.3,0.3,0.3,0.3,0.3,0.4,0.5,-9999,0.7,0.7,0.7,1.1,0.8,1.0,1.0,1.0,0.9,0.8,0.7,0.6,0.7,0.8,0.5,0.5
"30-03-2010",0.5,0.4,0.4,0.4,0.7,0.6,1.0,1.6,2.3,1.8,1.0,0.9,0.6,0.6,0.6,0.5,0.4,0.5,0.6,0.7,0.6,0.6,0.5,0.8
"31-03-2010",1.2,0.3,0.2,0.3,0.8,0.3,0.3,0.3,0.3,0.5,0.4,0.4,0.5,0.6,0.5,0.4,0.4,0.4,0.5,0.7,0.8,0.7,0.8,0.4
"01-04-2010",0.5,0.4,0.3,0.3,0.4,0.5,0.6,0.8,0.8,0.9,1.0,1.1,1.2,0.9,1.4,0.5,0.4,0.4,0.5,0.6,0.5,0.7,0.5,0.6
"02-04-2010",0.8,1.2,0.8,0.9,1.1,0.6,0.5,0.6,0.9,0.8,0.6,0.6,0.7,1.0,0.7,0.7,0.7,0.5,0.6,0.6,0.6,0.7,0.7,0.5
"03-04-2010",0.4,0.4,0.3,0.3,0.5,0.7,1.0,1.2,1.3,0.6,0.5,0.5,0.5,0.5,0.5,0.4,0.4,0.3,0.3,0.4,0.4,0.5,0.5,0.4
"04-04-2010",0.4,0.7,1.2,1.0,0.7,0.7,0.8,0.8,0.8,0.8,0.7,0.7,0.7,0.6,0.5,0.4,0.4,0.4,0.4,0.7,0.7,0.8,0.7,0.6
"05-04-2010",0.7,0.8,0.7,0.7,0.6,0.7,0.6,0.6,0.6,0.5,0.4,0.5,0.5,0.4,0.3,0.3,0.3,0.3,0.4,0.4,0.4,0.8,0.6,0.4
"06-04-2010",0.3,0.3,0.3,0.2,0.3,0.3,0.4,0.5,0.6,0.5,0.6,0.5,0.6,0.9,0.7,0.6,0.5,0.5,0.7,1.2,0.8,0.7,0.8,0.7
"07-04-2010",0.5,0.5,0.5,0.4,0.5,0.6,1.4,1.4,0.9,1.3,0.9,0.8,0.8,1.2,1.2,1.0,1.0,1.0,1.2,1.4,1.5,1.3,1.2,0.9
"08-04-2010",0.9,1.3,1.0,1.1,1.1,1.2,1.6,2.2,1.9,-9999,0.8,0.6,1.5,1.1,0.7,0.7,0.8,0.9,1.6,1.9,1.8,1.8,1.5,0.3
"09-04-2010",1.1,-9999,0.8,0.7,0.7,1.2,1.5,2.6,2.1,1.6,1.7,1.6,1.3,1.1,1.1,1.0,1.2,1.1,1.4,1.5,1.7,1.6,1.1,1.2
"10-04-2010",1.1,0.8,-9999,0.5,0.6,0.6,0.9,1.1,1.0,-9999,0.9,0.9,-9999,1.6,1.1,0.9,0.8,0.7,0.8,0.8,1.1,1.7,0.9,0.6
"11-04-2010",0.7,0.7,0.5,0.4,0.4,0.5,0.5,0.5,0.6,0.7,0.7,0.7,0.7,0.8,0.9,0.9,1.0,0.8,1.1,1.1,1.3,1.1,0.9,1.3
"12-04-2010",1.0,0.9,0.8,0.5,0.5,0.8,1.2,1.9,2.1,1.4,1.0,0.8,1.0,0.8,0.6,0.5,0.5,0.5,0.6,1.0,0.6,0.7,0.6,0.4
"13-04-2010",0.4,0.9,0.6,0.5,0.6,0.8,1.3,2.2,2.2,1.3,1.2,0.9,0.9,0.9,0.9,0.4,0.5,0.7,0.5,0.5,0.6,0.6,0.6,0.6
"14-04-2010",0.5,0.4,0.5,0.5,0.6,0.5,0.4,0.6,0.8,0.5,0.6,0.5,0.4,0.5,0.4,0.4,0.5,0.5,0.6,0.5,0.5,0.6,0.6,0.5
"15-04-2010",0.4,0.5,0.4,0.4,0.3,0.5,1.4,1.8,0.9,0.6,0.6,0.6,0.5,0.6,0.8,0.6,0.5,0.6,0.5,-9999,0.8,0.7,0.7,0.5
"16-04-2010",0.4,0.4,0.3,0.4,0.4,0.7,1.0,0.8,0.6,0.6,0.5,0.6,0.5,0.5,0.5,0.4,0.4,0.5,0.7,0.7,0.8,0.6,0.5,0.6
"17-04-2010",0.5,0.5,0.5,0.6,0.4,0.4,0.9,0.9,1.5,1.0,0.8,0.7,0.6,0.5,0.5,0.5,0.6,0.6,0.5,0.8,1.1,1.2,1.0,1.2
"18-04-2010",1.0,0.9,0.6,0.6,0.5,0.7,0.9,1.0,0.8,0.8,0.7,0.6,0.7,0.6,0.4,0.4,0.5,0.6,0.7,1.0,1.1,1.3,1.2,1.0
"19-04-2010",0.7,0.7,0.4,0.4,0.4,0.5,0.6,0.9,0.6,0.6,0.5,0.6,0.6,0.6,0.6,0.6,0.4,0.5,0.5,0.6,0.5,-9999,0.4,0.3
"20-04-2010",0.3,0.4,0.3,0.3,0.3,0.3,0.5,0.7,0.6,0.7,0.7,0.7,0.7,0.6,0.7,0.5,0.5,0.6,0.5,0.6,0.6,0.6,0.4,0.4
"21-04-2010",0.3,0.5,0.3,0.3,0.3,0.4,0.8,1.3,1.3,0.9,0.9,-9999,1.2,1.2,1.2,1.9,1.2,1.2,1.3,1.3,1.4,2.3,1.2,0.7
"22-04-2010",0.5,0.5,0.5,0.5,1.0,1.5,1.5,2.0,2.1,1.2,0.6,0.6,0.6,0.8,0.5,0.6,0.5,0.5,0.7,0.8,0.9,0.7,0.6,0.7
"23-04-2010",0.6,0.6,0.4,0.4,0.5,1.0,1.5,1.8,1.1,0.6,0.4,0.4,0.5,0.5,0.5,0.4,0.4,0.5,0.5,0.6,-9999,0.6,0.6,0.5
"24-04-2010",-9999,0.4,0.3,0.4,0.3,0.4,0.5,0.8,0.9,0.5,0.4,0.5,1.0,0.6,0.5,0.4,0.5,0.5,0.7,0.6,0.7,0.7,0.8,0.8
"25-04-2010",1.1,1.3,1.2,1.0,1.0,0.9,0.9,0.8,0.9,0.9,0.8,0.6,0.7,0.6,0.6,0.5,0.4,0.5,0.8,1.0,1.3,1.2,1.1,0.9
"26-04-2010",0.5,0.7,0.4,0.3,0.3,0.5,0.7,1.0,1.1,1.0,1.3,1.3,2.0,1.3,1.3,1.1,0.9,1.0,1.1,1.6,1.1,1.0,0.7,0.6
"27-04-2010",0.5,0.4,0.3,0.3,0.3,0.5,0.9,1.2,1.2,1.3,1.4,1.4,1.4,1.2,1.3,1.0,1.1,1.2,1.3,1.4,1.4,1.1,0.8,0.6
"28-04-2010",0.5,0.6,0.4,0.3,0.3,0.5,0.8,1.1,-9999,1.0,1.2,-9999,1.1,0.9,1.0,1.1,0.9,1.0,1.3,1.7,1.7,1.9,1.3,0.9
"29-04-2010",1.1,0.8,0.6,0.4,0.4,0.5,0.7,1.2,1.2,1.2,1.2,1.3,1.1,1.2,1.0,0.9,0.9,1.1,1.1,1.2,1.6,1.6,1.2,0.7
"30-04-2010",0.6,0.6,0.4,0.4,0.4,0.6,0.7,1.1,1.2,1.1,1.2,-9999,-9999,1.2,1.6,1.0,1.1,1.2,1.5,1.6,1.9,2.0,1.4,1.1
"01-05-2010",0.9,0.9,0.6,0.6,0.8,0.8,0.9,0.8,0.7,0.6,0.8,0.6,0.6,0.6,0.4,0.4,0.4,0.4,0.4,0.4,0.5,0.6,0.6,0.5
"02-05-2010",0.6,0.9,1.1,0.9,0.8,1.3,1.0,0.9,0.9,0.9,0.5,0.5,0.5,0.4,0.4,0.4,0.4,0.4,0.5,0.5,0.7,0.6,0.6,0.9
"03-05-2010",0.7,0.6,0.6,0.5,0.8,0.7,0.9,2.0,2.0,1.3,0.7,0.9,0.7,0.7,0.5,0.6,0.7,0.4,0.5,0.6,0.6,0.5,0.5,0.6
"04-05-2010",0.5,0.4,0.4,0.4,0.7,0.9,1.7,1.8,1.4,1.0,0.7,0.8,0.6,0.6,0.7,0.5,0.4,0.5,0.5,0.7,0.8,1.0,1.0,1.2
"05-05-2010",1.5,1.5,1.5,1.1,0.9,1.1,1.3,1.9,1.9,0.9,0.7,0.8,0.9,0.7,0.5,0.5,0.5,0.6,0.6,0.5,1.1,0.9,0.7,1.1
"06-05-2010",0.6,0.7,0.4,0.4,0.4,0.7,1.3,1.4,2.3,1.2,1.0,1.1,0.9,0.9,0.6,0.5,0.4,0.5,0.5,0.6,0.8,0.7,0.5,0.5
"07-05-2010",0.5,0.7,0.5,0.4,0.4,0.4,0.9,1.4,1.3,0.8,1.0,1.0,1.0,1.0,1.1,0.7,0.7,0.7,0.9,0.7,0.8,0.6,0.5,0.4
"08-05-2010",0.6,0.5,1.2,0.4,0.8,0.7,0.9,0.7,0.8,1.2,0.9,0.9,0.7,0.7,0.7,0.5,0.4,0.4,0.5,0.6,0.6,0.8,0.7,0.8
"09-05-2010",0.8,0.7,0.7,0.5,0.6,0.6,0.7,0.7,0.6,0.6,0.5,0.5,0.5,0.5,0.5,0.5,0.4,0.3,0.4,0.4,0.5,0.6,0.5,0.5
"10-05-2010",0.6,0.5,0.4,0.3,0.3,0.6,0.7,0.8,1.5,0.9,0.7,1.0,1.0,0.9,0.7,0.5,0.4,0.5,0.5,0.5,0.6,0.6,0.7,0.5
"11-05-2010",0.5,0.5,0.6,0.5,0.8,0.7,0.8,1.5,1.7,1.4,0.9,0.9,0.9,0.5,0.4,0.4,0.5,0.6,0.5,0.8,0.6,0.6,0.6,0.8
"12-05-2010",0.9,0.9,1.3,1.0,0.9,1.2,1.9,2.2,1.7,1.4,1.1,0.9,0.6,0.7,0.7,0.5,0.5,0.4,0.5,0.6,0.6,0.8,0.6,0.7
"13-05-2010",0.7,1.1,0.4,0.4,0.4,0.4,0.5,0.6,1.0,0.6,0.5,0.6,0.5,0.5,0.5,0.4,0.5,0.4,0.5,0.7,0.6,0.9,-9999,0.7
"14-05-2010",0.3,0.3,0.3,0.3,0.3,0.4,0.7,0.7,0.9,1.1,1.0,1.4,0.5,0.6,0.5,0.4,0.4,0.5,0.5,0.5,0.6,0.6,0.7,0.4
"15-05-2010",0.4,-9999,-9999,-9999,0.3,0.5,0.7,0.6,0.6,0.6,0.5,0.4,0.7,0.7,0.6,0.5,0.4,0.4,0.4,0.4,0.4,0.5,0.4,0.3
"16-05-2010",0.3,0.3,0.3,0.3,0.3,0.3,0.3,0.3,0.4,0.4,0.4,0.5,0.4,0.4,0.3,0.4,0.4,0.4,0.4,0.4,0.4,0.4,0.3,0.4
"17-05-2010",0.3,0.3,0.3,0.2,0.4,0.4,0.5,0.5,0.6,0.7,0.7,0.7,0.8,0.7,0.5,0.4,0.6,0.6,0.6,0.6,0.6,0.5,0.4,0.4
"18-05-2010",0.3,0.3,0.3,0.3,0.3,0.3,0.4,0.6,0.6,0.5,0.6,0.8,0.9,-9999,0.7,0.7,0.6,0.7,0.7,0.7,0.6,0.6,0.4,0.4
"19-05-2010",0.4,0.4,0.3,0.3,0.3,0.5,0.7,0.8,1.0,0.9,0.8,0.7,0.8,0.8,0.5,0.4,0.4,0.5,0.5,0.5,0.5,0.5,0.5,0.5
"20-05-2010",0.4,0.5,0.3,0.3,0.3,0.7,1.1,1.3,0.9,0.7,0.6,0.7,0.4,0.6,0.5,0.4,0.4,0.5,0.5,0.6,0.5,0.5,0.5,0.4
"21-05-2010",0.4,0.3,0.3,0.3,0.3,0.4,0.6,0.9,1.1,1.1,0.9,0.6,0.7,0.8,0.7,0.7,0.6,0.5,0.8,1.4,1.6,1.4,1.0,0.8
"22-05-2010",0.7,0.4,0.4,0.3,0.3,0.5,0.6,0.6,0.6,0.6,0.7,0.7,1.1,0.9,0.7,0.7,0.6,0.6,0.6,0.7,1.0,0.8,0.6,0.7
"23-05-2010",0.7,0.7,0.8,1.2,0.9,1.1,1.1,1.1,1.0,0.6,0.4,0.5,0.5,0.5,0.4,0.3,0.5,0.6,0.4,0.4,0.6,0.6,0.5,0.5
"24-05-2010",0.4,0.9,1.0,0.6,1.1,1.0,1.3,1.1,0.7,0.8,0.6,0.5,0.5,0.5,0.4,0.4,0.3,0.4,0.5,0.5,0.7,0.5,0.5,0.4
"25-05-2010",0.4,0.4,0.4,0.4,0.7,0.8,1.0,1.9,1.5,1.3,1.0,1.0,0.6,0.6,0.5,0.4,0.5,0.4,0.6,0.5,0.6,0.5,0.5,0.5
"26-05-2010",0.8,0.6,0.4,0.3,0.3,0.9,1.3,0.9,0.8,0.7,0.6,0.8,0.7,0.6,0.6,0.4,0.5,0.4,0.5,0.5,0.6,0.7,0.4,0.6
"27-05-2010",0.9,0.9,0.8,0.6,0.7,1.1,1.6,2.3,1.7,1.5,1.2,0.7,0.5,0.7,0.8,0.4,0.5,0.4,0.6,0.7,0.5,1.3,1.3,0.7
"28-05-2010",0.7,0.5,0.3,0.3,0.4,0.8,1.3,1.8,1.0,1.0,1.2,1.0,1.1,0.9,0.9,0.8,0.5,0.6,0.6,0.6,0.6,0.8,0.5,0.5
"29-05-2010",0.4,0.5,0.4,0.4,0.5,0.8,1.0,0.7,1.1,0.8,0.5,0.5,0.6,0.6,0.4,0.4,0.4,0.3,0.4,0.5,0.7,0.6,0.5,0.7
"30-05-2010",0.8,0.6,0.4,0.4,0.7,1.2,0.9,1.4,1.0,0.9,0.6,0.6,0.4,0.5,0.5,0.3,0.5,0.5,0.5,0.6,0.7,0.6,0.6,0.9
"31-05-2010",0.6,0.5,0.4,0.6,0.8,0.9,0.6,1.2,2.3,2.7,1.8,1.0,0.7,0.6,0.5,0.4,0.5,0.4,0.5,0.5,0.4,0.5,0.4,0.3
"01-06-2010",0.3,0.3,0.3,0.2,0.3,0.3,0.3,0.4,0.5,0.5,0.4,0.5,0.5,0.5,0.5,0.4,0.4,0.6,0.7,0.7,0.8,1.1,1.0,0.6
"02-06-2010",0.4,0.4,0.4,0.3,0.3,0.4,0.5,0.8,1.0,0.8,0.9,0.7,0.8,0.6,0.4,0.4,0.4,0.4,0.4,0.4,0.5,0.4,0.3,0.4
"03-06-2010",0.4,0.3,0.2,0.2,0.2,0.5,0.6,0.7,0.6,0.5,0.9,0.8,0.6,0.6,0.4,0.5,0.4,0.5,0.4,0.5,0.6,0.6,0.4,0.6
"04-06-2010",0.4,0.3,0.3,0.2,0.2,0.4,0.5,0.8,0.8,1.5,0.8,-9999,0.5,0.6,0.5,0.3,0.3,0.4,0.5,0.5,0.5,0.4,0.4,0.4
"05-06-2010",0.6,0.4,0.3,0.2,0.2,0.3,0.6,0.6,0.6,0.6,1.2,0.8,0.8,0.7,0.5,0.4,0.4,0.4,0.4,0.4,0.4,0.6,0.6,0.5
"06-06-2010",0.5,0.5,0.4,0.3,0.3,0.4,0.4,0.4,0.5,0.5,0.6,0.7,0.7,0.7,0.6,0.5,0.6,0.9,1.0,0.8,0.9,1.0,0.8,0.6
"07-06-2010",0.6,0.6,0.5,0.4,0.5,0.6,0.8,1.1,1.1,0.8,0.7,0.7,1.0,0.8,0.6,0.5,0.5,0.5,0.5,0.5,0.5,0.6,0.4,0.4
"08-06-2010",0.3,0.4,0.3,0.6,0.8,0.9,1.5,1.7,0.9,1.1,0.9,1.0,0.7,0.5,0.6,0.4,0.4,0.4,0.5,0.6,0.7,0.7,0.4,0.4
"09-06-2010",0.5,0.4,0.4,0.7,0.7,0.8,0.9,1.8,1.6,0.9,0.7,0.7,-9999,0.7,1.0,0.5,0.6,0.4,0.4,0.5,0.5,0.5,0.8,0.7
"10-06-2010",1.1,1.5,1.6,1.1,0.9,1.1,1.4,2.0,1.6,1.1,0.7,1.1,1.2,1.3,1.1,1.0,1.0,1.0,1.4,1.7,1.7,1.6,0.8,0.6
"11-06-2010",0.5,0.4,0.4,0.3,0.3,0.5,0.9,0.9,1.5,1.3,1.5,1.4,1.4,1.2,1.2,1.4,1.0,0.9,1.3,1.4,1.7,1.8,1.5,1.4
"12-06-2010",0.8,0.5,0.5,0.7,0.6,0.8,0.7,0.8,1.2,0.7,1.1,1.0,1.0,0.9,0.5,0.4,0.5,0.4,0.4,0.5,0.5,0.5,0.5,0.6
"13-06-2010",0.6,0.9,1.1,1.1,1.1,1.0,1.0,0.9,0.9,0.7,0.6,0.6,0.5,0.5,0.4,0.3,0.3,0.3,0.3,0.4,0.6,1.2,0.7,0.6
"14-06-2010",0.5,0.4,0.4,0.5,0.5,0.4,1.1,2.1,1.9,1.4,1.0,0.6,0.8,0.7,0.5,0.5,0.4,0.4,0.5,0.5,0.7,1.1,1.5,1.3
"15-06-2010",1.0,0.7,0.4,0.4,0.5,0.6,0.8,1.7,1.8,1.4,1.2,0.5,0.5,0.5,0.6,0.4,0.5,0.4,0.6,0.7,0.8,0.8,0.9,0.8
"16-06-2010",0.6,1.0,1.0,0.9,0.7,1.6,1.8,2.6,2.5,1.3,0.5,0.5,0.6,0.5,0.5,0.4,0.4,0.4,0.4,0.4,0.6,0.7,0.7,1.7
"17-06-2010",0.6,0.6,0.5,0.5,0.4,0.6,1.2,2.0,1.4,1.3,0.9,0.8,0.8,0.5,0.5,0.5,0.5,0.6,0.6,0.9,0.9,0.7,0.7,0.6
"18-06-2010",0.6,0.7,0.5,0.5,0.4,0.5,1.9,1.0,1.2,1.1,1.4,1.0,0.6,0.5,0.6,0.6,0.6,0.9,0.8,0.8,0.7,1.0,0.8,0.5
"19-06-2010",0.7,0.6,0.3,0.3,0.3,0.3,0.5,0.7,0.6,0.5,0.5,0.5,0.5,0.3,0.4,0.3,0.3,0.3,0.3,0.4,0.3,0.3,0.4,0.4
"20-06-2010",0.3,0.3,0.3,0.3,0.2,0.2,0.3,0.3,0.3,0.3,0.4,0.4,0.4,0.3,0.3,0.2,0.2,0.3,0.3,0.4,0.4,0.5,0.4,0.4
"21-06-2010",0.3,0.3,0.2,0.2,0.2,0.3,0.5,0.7,0.8,0.8,0.4,0.4,0.4,0.4,0.4,0.4,0.3,0.3,0.5,0.5,0.5,0.5,0.3,0.3
"22-06-2010",0.3,0.2,0.2,0.2,0.2,0.3,0.4,0.6,0.8,0.7,0.7,0.8,0.7,0.7,0.8,0.6,-9999,-9999,0.4,-9999,-9999,-9999,0.3,0.5
"23-06-2010",0.3,0.2,0.2,0.2,0.2,0.4,0.6,0.6,-9999,-9999,-9999,-9999,-9999,-9999,-9999,-9999,-9999,-9999,-9999,-9999,-9999,-9999,-9999,-9999
"24-06-2010",-9999,-9999,-9999,-9999,-9999,-9999,-9999,-9999,1.1,1.0,0.8,0.9,0.9,0.7,0.9,0.5,0.5,0.4,0.4,0.4,0.8,0.5,1.1,1.1
"25-06-2010",1.0,0.6,0.3,0.3,0.3,0.4,0.8,0.9,0.7,0.8,1.0,-9999,-9999,0.9,0.8,0.4,0.3,0.3,0.3,0.4,0.4,0.5,0.4,0.4
"26-06-2010",0.3,0.3,0.3,0.2,0.3,0.7,0.8,0.9,0.7,0.6,0.5,0.5,0.5,0.5,0.3,0.3,0.3,0.3,0.3,0.3,0.3,0.4,0.4,0.4
"27-06-2010",0.4,0.3,0.3,0.3,0.3,0.3,0.6,0.5,0.5,0.5,0.4,0.4,0.4,0.3,0.2,0.2,0.2,0.2,0.3,0.5,0.4,0.3,0.3,0.4
"28-06-2010",0.3,0.3,0.3,0.3,0.3,0.4,1.1,1.9,1.8,0.8,1.2,0.7,0.8,0.7,1.5,0.8,0.6,0.6,0.7,0.8,0.6,0.6,0.4,0.4
"29-06-2010",0.3,0.5,0.8,0.7,0.7,1.0,1.2,0.7,0.6,0.7,0.5,0.4,0.7,0.7,0.5,0.4,0.3,0.3,0.5,0.5,0.5,0.6,0.4,0.3
"30-06-2010",0.4,0.4,0.4,0.3,0.7,0.4,1.7,2.0,1.2,1.1,1.0,0.7,0.7,0.8,0.6,0.4,0.4,0.4,0.4,0.3,0.6,0.6,0.4,0.4
"01-07-2010",1.1,1.0,1.2,1.0,0.8,1.0,1.5,1.9,1.3,1.3,1.2,0.9,0.8,0.6,0.5,0.5,0.5,0.4,0.4,0.6,0.8,0.6,0.4,0.6
"02-07-2010",0.8,0.7,0.9,0.9,0.6,0.9,1.0,1.0,1.4,1.4,1.2,1.1,0.9,0.7,0.7,0.5,0.5,0.4,0.4,0.5,0.5,0.6,0.6,0.7
"03-07-2010",0.6,0.7,0.7,0.4,0.5,0.6,0.6,0.6,0.5,0.6,0.6,0.5,0.6,0.6,0.5,0.4,0.5,0.7,0.8,0.8,0.8,0.9,0.7,0.5
"04-07-2010",0.5,0.5,0.7,0.6,0.6,0.6,0.7,0.6,0.4,0.4,0.4,0.4,0.4,0.4,0.5,0.3,0.3,0.3,0.4,0.3,0.5,0.8,0.6,0.6
"05-07-2010",0.5,0.6,0.7,0.7,0.6,0.9,1.1,1.4,1.6,1.0,0.9,0.8,0.7,0.6,0.5,0.4,0.4,0.4,0.8,0.8,0.6,0.5,0.5,0.4
"06-07-2010",0.4,0.4,0.3,0.4,0.5,0.8,1.2,1.8,1.7,1.2,1.0,0.8,0.7,0.7,0.7,0.4,0.4,0.4,0.4,0.8,0.6,0.5,0.5,0.5
"07-07-2010",0.5,0.4,0.6,0.6,0.7,0.9,1.1,1.5,-9999,-9999,1.9,1.3,1.2,1.3,1.5,0.8,0.5,0.4,0.4,0.7,0.6,0.7,0.6,0.5
"08-07-2010",0.4,0.4,0.3,0.3,0.3,0.6,1.2,1.4,1.2,1.1,1.1,1.2,1.3,0.8,0.8,0.9,1.0,1.2,1.3,1.4,1.5,1.0,0.7,0.6
"09-07-2010",0.4,0.4,0.3,0.2,0.3,0.4,0.6,1.0,1.2,1.1,1.1,1.0,1.2,1.1,0.9,0.8,1.3,1.6,1.4,1.4,0.6,0.6,0.5,0.5
"10-07-2010",0.5,0.6,0.5,0.3,0.4,0.6,0.9,0.6,0.7,0.5,-9999,-9999,-9999,-9999,-9999,-9999,-9999,-9999,-9999,-9999,-9999,-9999,-9999,-9999
"11-07-2010",-9999,-9999,-9999,-9999,-9999,-9999,-9999,-9999,-9999,0.4,0.4,0.5,-9999,-9999,-9999,-9999,-9999,0.5,-9999,-9999,-9999,-9999,-9999,0.4
"12-07-2010",0.6,-9999,-9999,-9999,-9999,-9999,1.0,-9999,1.4,1.3,0.7,1.0,-9999,-9999,-9999,-9999,-9999,-9999,-9999,-9999,-9999,1.0,0.6,-9999
"13-07-2010",-9999,-9999,-9999,-9999,-9999,-9999,-9999,-9999,1.5,-9999,-9999,-9999,0.6,0.6,0.5,0.4,0.3,0.4,0.5,0.5,0.6,0.6,0.7,0.7
"14-07-2010",-9999,0.5,0.5,0.4,0.4,0.7,0.7,0.9,1.9,0.8,1.5,0.5,0.8,-9999,0.5,0.5,0.5,0.4,0.4,0.5,0.6,0.7,0.6,0.9
"15-07-2010",-9999,1.1,0.9,0.9,-9999,-9999,-9999,-9999,-9999,-9999,-9999,-9999,-9999,-9999,-9999,-9999,-9999,-9999,-9999,-9999,-9999,-9999,-9999,-9999
"16-07-2010",-9999,-9999,-9999,-9999,-9999,-9999,-9999,-9999,-9999,-9999,-9999,-9999,-9999,-9999,-9999,-9999,-9999,-9999,-9999,-9999,-9999,-9999,-9999,-9999
"17-07-2010",-9999,-9999,-9999,-9999,-9999,-9999,-9999,-9999,-9999,-9999,-9999,-9999,0.8,0.9,0.8,-9999,-9999,-9999,-9999,0.8,0.9,1.0,0.7,0.6
"18-07-2010",0.5,0.5,0.4,0.4,0.4,0.4,-9999,0.5,0.6,0.4,0.5,0.5,0.5,0.5,0.5,0.4,0.4,0.4,0.5,0.6,0.7,1.1,1.0,1.0
"19-07-2010",0.7,0.4,0.4,0.3,0.3,0.5,0.5,0.9,1.0,1.0,-9999,1.2,1.4,1.3,1.2,1.0,0.9,0.9,1.1,0.9,0.9,1.1,0.8,0.6
"20-07-2010",0.5,0.4,0.4,0.3,0.4,-9999,-9999,1.2,1.5,1.3,1.2,1.5,1.5,1.1,1.0,0.8,0.5,0.5,0.9,1.5,1.5,1.7,1.0,1.0
"21-07-2010",0.7,0.7,0.4,0.4,0.4,0.7,1.2,1.3,1.1,1.0,0.7,0.8,0.8,0.6,0.5,0.5,0.4,0.4,0.5,0.5,0.7,0.7,0.5,0.5
"22-07-2010",0.7,0.7,0.7,0.5,0.4,0.7,1.1,1.2,0.9,0.9,1.1,1.3,1.3,1.2,1.0,1.0,1.1,1.1,1.3,1.7,1.4,1.5,0.7,0.7
"23-07-2010",0.7,0.5,0.4,0.4,0.4,0.6,0.8,1.1,1.3,1.1,1.2,1.3,1.4,1.4,1.1,0.9,1.0,1.1,1.1,1.5,1.6,1.5,1.3,0.9
"24-07-2010",0.5,0.8,0.7,0.5,0.6,0.6,0.7,1.5,1.0,1.0,0.7,0.5,0.5,0.5,0.5,0.4,0.4,0.3,0.3,0.3,0.4,0.4,0.5,0.4
"25-07-2010",0.5,0.4,0.4,0.4,0.3,0.4,0.6,0.5,0.5,0.4,0.4,0.5,0.5,0.4,0.3,0.3,0.3,0.3,0.6,0.4,0.5,0.6,0.6,0.5
"26-07-2010",0.5,0.6,0.4,0.4,0.4,0.5,0.9,1.1,0.9,1.0,0.8,0.7,0.7,0.6,0.7,0.4,0.4,0.4,0.7,1.0,1.3,1.0,0.8,0.4
"27-07-2010",0.4,0.3,0.3,0.3,0.3,0.4,0.5,0.6,0.8,0.7,0.7,0.7,0.7,0.5,0.6,0.5,0.5,0.4,0.4,0.7,0.6,0.5,0.4,0.3
"28-07-2010",0.3,0.3,0.3,0.2,0.2,0.3,0.5,0.6,0.8,0.7,0.7,0.7,0.6,0.6,0.6,0.5,0.6,0.5,0.4,0.4,0.3,0.4,0.3,0.4
"29-07-2010",0.4,0.3,0.4,0.4,0.3,0.6,0.7,0.9,1.0,1.1,1.1,1.0,0.9,0.9,0.9,0.7,0.6,0.7,1.3,1.7,1.5,1.3,1.0,1.1
"30-07-2010",0.9,0.4,0.4,0.4,0.3,0.5,0.8,1.1,1.1,1.1,1.0,1.0,0.9,0.8,0.7,0.8,0.6,0.4,0.5,1.1,1.5,1.4,1.1,0.7
"31-07-2010",0.6,0.5,0.5,0.5,0.5,0.6,0.8,0.7,0.6,0.7,0.4,0.4,0.4,0.5,0.5,0.3,0.3,0.3,0.3,0.3,0.3,0.5,0.6,0.4
"01-08-2010",0.3,0.3,0.4,0.3,0.4,0.4,0.5,0.6,0.5,0.5,0.3,0.3,0.4,0.4,0.3,0.3,0.2,0.3,0.3,0.4,0.4,0.5,0.5,0.4
"02-08-2010",0.5,0.5,0.5,0.6,0.6,0.6,0.9,1.2,0.9,1.2,0.8,0.7,0.7,0.6,0.8,0.7,0.4,0.5,0.7,0.7,1.2,1.3,1.1,0.7
"03-08-2010",0.4,0.4,0.5,0.5,0.6,0.6,1.0,1.0,1.2,1.1,1.0,0.8,0.6,0.7,0.7,0.6,0.7,0.4,0.6,0.6,0.8,0.6,0.7,0.6
"04-08-2010",0.5,0.4,0.4,0.6,0.6,0.7,0.8,0.9,1.1,0.8,0.8,0.7,0.7,0.7,0.5,0.4,0.4,0.4,0.4,0.4,0.5,0.6,0.6,0.7
"05-08-2010",0.7,0.5,0.5,0.5,0.5,0.6,0.6,0.9,1.3,1.0,0.7,0.7,0.7,0.7,0.5,0.3,0.3,0.4,0.5,0.5,0.5,0.4,0.4,0.5
"06-08-2010",0.4,0.4,0.4,0.3,0.3,0.4,0.5,0.5,0.5,0.5,0.4,0.5,0.4,0.5,0.4,0.4,0.4,0.4,0.4,0.4,0.4,0.4,0.3,0.3
"07-08-2010",0.3,0.3,0.3,0.2,0.2,0.3,0.3,0.3,0.3,0.4,0.4,0.4,0.5,0.3,0.3,0.3,0.3,0.3,0.2,0.3,0.3,0.5,0.5,0.4
"08-08-2010",0.3,0.3,0.3,0.4,0.4,0.6,0.6,0.8,0.6,0.4,0.4,0.4,0.3,0.4,0.4,0.3,0.3,0.3,0.3,0.3,0.5,0.5,0.4,0.5
"09-08-2010",0.4,0.4,0.4,0.4,0.4,0.8,1.1,1.1,1.0,0.8,0.8,0.7,0.7,0.7,0.8,0.5,0.4,0.4,0.5,0.5,1.0,1.1,1.0,1.2
"10-08-2010",0.5,0.5,0.4,0.4,0.4,0.6,0.8,1.0,1.0,0.7,0.7,0.8,0.6,0.5,0.5,0.6,0.4,0.4,1.1,1.2,1.2,1.2,0.9,0.6
"11-08-2010",0.5,0.5,0.4,0.5,0.4,0.5,0.7,1.0,1.1,0.9,0.9,0.6,0.6,0.6,0.8,0.5,0.5,0.6,0.6,0.7,0.6,0.9,0.5,0.6
"12-08-2010",0.6,0.5,0.4,0.5,0.6,0.7,0.8,1.2,1.0,1.0,0.7,0.7,0.6,0.6,0.5,0.6,0.5,0.5,0.5,0.5,0.6,0.8,0.5,0.6
"13-08-2010",0.5,0.4,0.5,0.5,0.7,1.2,0.9,0.9,1.2,1.1,0.8,0.7,0.8,0.7,0.6,0.5,0.5,0.5,0.5,0.7,0.6,0.7,0.5,0.6
"14-08-2010",0.7,0.6,0.6,0.8,0.8,1.0,1.1,1.4,1.0,0.8,0.7,0.6,0.6,0.7,0.5,0.5,0.5,0.4,0.4,0.5,0.5,1.0,1.1,0.9
"15-08-2010",0.8,0.8,0.9,0.8,0.6,0.8,0.9,0.6,0.5,0.5,0.5,0.5,0.5,0.5,0.4,0.4,0.4,0.4,0.5,0.6,0.8,1.0,0.8,1.1
"16-08-2010",0.9,0.5,0.5,0.5,0.4,0.5,0.9,1.0,1.0,0.8,0.9,0.8,0.6,0.7,0.7,0.6,0.7,1.1,0.7,0.7,1.0,1.2,1.2,0.9
"17-08-2010",1.2,1.2,1.0,0.8,0.7,1.1,1.2,1.3,0.7,0.8,0.6,0.6,0.6,0.4,0.4,0.4,0.3,0.4,0.4,0.6,0.6,0.5,0.3,0.3
"18-08-2010",0.3,0.3,0.3,0.3,0.3,0.4,0.5,0.8,0.7,0.6,0.7,1.0,0.7,0.7,0.5,0.5,0.5,0.6,0.7,1.1,1.2,1.0,0.7,0.6
"19-08-2010",0.5,0.4,0.4,0.5,0.4,0.7,1.0,1.3,1.3,1.0,0.9,0.7,0.7,0.7,0.7,0.6,0.5,0.5,0.7,0.7,0.9,1.2,0.9,0.8
"20-08-2010",0.6,0.4,0.7,0.6,0.5,0.6,1.1,0.8,1.0,0.8,0.8,0.9,0.9,0.9,0.7,0.7,0.8,0.7,0.9,1.1,1.1,1.0,0.8,0.6
"21-08-2010",0.7,0.5,0.4,0.3,0.3,0.4,0.5,0.5,0.6,0.5,0.6,0.6,0.7,0.7,0.6,0.4,0.4,0.4,0.5,0.5,0.6,0.7,0.6,0.5
"22-08-2010",0.5,0.4,0.4,0.4,0.3,0.4,0.5,0.4,0.4,0.4,0.5,0.5,0.5,0.5,0.5,0.5,0.5,0.5,0.5,0.5,0.6,0.6,0.5,0.5
"23-08-2010",0.5,0.4,0.4,0.3,0.3,0.5,0.6,0.9,0.8,0.9,0.9,0.9,0.7,0.8,0.7,0.7,0.7,0.7,0.8,0.8,0.8,0.8,0.7,0.7
"24-08-2010",0.6,0.4,0.3,0.3,0.3,0.4,0.8,1.1,1.0,1.0,0.9,0.9,0.8,0.8,0.7,0.7,0.4,0.4,0.5,0.8,0.7,0.7,0.5,0.3
"25-08-2010",0.4,0.3,0.3,0.3,0.7,1.0,1.3,1.5,1.3,1.0,0.8,0.5,0.9,0.7,0.5,0.5,0.6,0.6,0.7,0.7,0.6,0.7,0.5,0.6
"26-08-2010",0.7,1.0,0.9,0.9,0.6,0.8,1.0,1.5,1.2,1.2,1.2,1.1,1.4,1.2,1.3,0.9,0.7,1.1,1.2,1.4,1.5,1.4,1.0,0.9
"27-08-2010",0.9,0.9,0.6,0.6,0.5,0.7,0.8,1.1,1.2,1.0,1.0,1.0,1.0,1.0,1.0,0.8,0.8,1.0,1.1,1.2,1.4,1.2,1.1,1.0
"28-08-2010",0.8,0.7,0.7,0.7,0.6,0.7,0.8,1.3,1.2,0.9,0.7,0.5,0.6,0.5,0.4,0.3,0.3,0.3,0.4,0.3,0.4,0.4,0.5,0.4
"29-08-2010",0.4,0.3,0.4,0.3,0.4,0.4,0.5,0.5,0.8,0.5,0.4,0.4,0.3,0.3,0.3,0.3,0.3,0.3,0.3,0.5,0.5,0.5,0.4,0.7
"30-08-2010",0.5,0.4,0.8,0.7,0.5,0.4,0.9,1.4,0.8,0.8,0.6,0.7,0.8,0.7,0.5,0.4,0.3,0.3,0.4,0.4,0.4,0.3,0.3,0.4
"31-08-2010",0.3,0.3,0.3,0.3,0.3,0.3,0.4,0.6,1.0,0.8,0.8,0.9,0.9,0.8,0.7,0.5,0.4,0.4,0.5,0.6,0.7,0.5,0.4,0.3
"01-09-2010",0.3,0.3,0.3,0.3,0.3,0.3,0.7,0.8,0.8,0.9,0.9,1.1,0.8,0.7,0.6,0.6,0.5,0.5,0.4,0.5,0.5,0.5,0.5,0.5
"02-09-2010",0.4,0.6,0.6,0.4,0.4,0.6,0.8,1.2,1.4,1.4,0.6,0.6,0.6,0.5,0.5,0.4,0.3,0.3,0.5,0.6,0.5,0.5,0.4,0.4
"03-09-2010",0.3,0.6,0.7,0.5,0.5,0.7,0.9,1.4,1.8,1.3,1.0,0.8,-9999,0.7,0.9,0.6,0.4,0.5,0.9,1.6,1.3,1.3,0.9,0.9
"04-09-2010",0.7,0.7,0.5,0.4,0.4,0.6,0.9,0.9,1.1,0.9,0.9,0.5,0.5,0.6,0.5,0.3,0.3,0.3,0.3,0.3,0.4,0.5,0.6,0.9
"05-09-2010",0.7,0.5,0.5,0.4,0.4,0.5,0.8,0.7,0.8,0.6,0.7,0.5,0.6,0.4,0.4,0.3,0.4,0.6,0.7,0.8,1.0,1.0,0.9,0.7
"06-09-2010",0.6,0.5,0.3,0.3,0.3,0.5,0.6,1.0,0.9,0.8,1.0,1.0,1.0,0.8,1.0,1.0,0.9,1.2,1.3,1.3,1.5,1.3,0.8,0.6
"07-09-2010",1.0,0.7,0.5,0.4,0.5,0.8,0.8,1.7,1.1,0.9,0.6,0.5,0.7,0.7,0.8,0.5,0.6,0.5,0.6,1.6,1.7,1.5,1.0,1.1
"08-09-2010",0.8,0.7,0.9,0.7,0.5,0.7,1.3,2.0,2.3,1.1,0.9,0.8,0.9,0.7,0.8,0.6,0.4,0.5,0.4,0.5,0.5,0.5,0.5,0.4
"09-09-2010",0.6,0.8,1.0,0.7,0.7,0.7,1.5,1.6,2.3,1.3,1.2,0.9,0.9,0.7,0.6,0.6,0.6,0.4,0.6,1.1,1.7,1.8,1.4,1.0
"10-09-2010",0.7,1.0,1.0,0.7,0.7,1.1,1.1,1.1,1.2,1.4,0.9,1.0,0.7,0.9,0.8,0.7,0.5,0.5,0.7,0.9,1.0,1.0,0.6,0.5
"11-09-2010",0.5,0.5,0.4,0.4,0.4,0.7,0.7,0.8,1.0,0.9,0.7,0.7,0.7,0.7,0.6,0.8,0.5,0.8,0.7,0.6,0.7,0.6,0.5,0.5
"12-09-2010",0.6,0.5,0.4,0.3,0.3,0.3,0.4,0.3,0.4,0.5,0.5,0.5,0.5,0.5,0.5,0.4,0.5,0.5,0.6,0.7,1.0,0.7,0.8,0.8
"13-09-2010",0.8,0.4,0.3,0.3,0.4,0.4,0.7,1.2,1.2,1.4,0.8,0.7,0.7,0.7,0.7,0.4,0.4,0.7,0.9,1.6,1.5,1.4,1.1,0.8
"14-09-2010",0.7,0.6,0.6,0.4,0.4,0.7,0.8,1.7,1.8,2.1,1.3,1.2,1.6,0.9,1.0,0.9,0.8,1.1,2.0,2.2,1.5,1.4,1.1,1.1
"15-09-2010",0.7,0.5,0.4,0.3,0.3,0.5,0.7,1.3,1.3,1.3,1.2,1.4,1.4,1.4,1.4,1.0,0.9,1.3,1.6,1.8,1.5,1.6,0.8,1.1
"16-09-2010",1.1,0.9,0.8,0.9,1.1,1.3,1.2,2.6,2.3,1.3,1.1,1.3,1.6,1.5,0.8,0.6,0.6,0.5,0.6,0.9,1.8,2.0,1.3,0.8
"17-09-2010",1.4,1.8,1.4,1.0,1.2,1.4,1.7,2.3,2.7,1.8,1.1,0.8,0.8,0.7,0.7,0.7,0.6,0.5,0.5,0.5,0.7,0.5,0.6,1.2
"18-09-2010",0.7,0.8,1.5,1.4,1.2,1.2,1.1,1.4,1.5,0.8,0.8,0.7,0.7,0.6,0.5,0.4,0.4,0.4,0.4,0.4,0.4,0.4,0.5,0.5
"19-09-2010",0.5,0.4,0.9,0.6,1.1,1.4,1.2,1.4,1.2,0.9,0.8,0.6,0.5,0.5,0.4,0.3,0.3,0.3,0.4,0.5,0.6,0.8,0.5,0.5
"20-09-2010",0.7,0.8,1.3,1.1,0.8,1.2,1.4,2.2,2.2,1.8,1.2,0.8,0.8,0.8,0.7,0.5,0.4,0.5,0.6,0.9,1.2,1.3,1.3,0.8
"21-09-2010",0.7,0.6,0.5,0.4,0.4,0.7,1.1,1.7,1.5,1.6,1.6,1.4,1.5,1.5,1.5,1.2,1.2,1.4,1.8,2.1,1.8,1.2,1.1,0.9
"22-09-2010",0.7,0.4,0.3,0.3,0.4,0.6,0.8,1.2,1.4,1.5,1.5,-9999,1.4,1.4,1.4,1.3,1.0,0.9,1.2,1.1,1.1,1.1,0.9,0.5
"23-09-2010",0.4,0.4,0.3,0.3,0.3,0.5,0.7,1.0,1.1,1.2,1.3,1.1,1.1,1.1,0.9,0.7,0.7,1.0,1.0,1.4,1.2,1.1,0.8,0.6
"24-09-2010",0.5,0.5,0.4,0.4,0.3,0.6,1.1,1.4,1.5,1.0,1.0,0.7,0.8,0.9,0.7,0.6,0.4,1.1,1.7,2.0,1.8,1.8,1.3,0.9
"25-09-2010",0.9,0.8,0.8,0.4,0.4,0.6,0.6,0.6,1.0,1.3,0.7,0.3,0.4,0.4,0.4,0.3,0.3,0.3,0.3,0.3,0.3,0.3,0.4,0.3
"26-09-2010",0.3,0.3,0.2,0.2,0.2,0.3,0.3,0.4,0.6,0.3,0.3,0.3,0.3,0.3,0.3,0.2,0.3,0.4,0.5,0.6,0.6,0.5,0.5,0.3
"27-09-2010",0.3,0.3,0.3,0.2,0.2,0.7,0.8,1.2,1.4,1.0,0.7,0.6,0.7,0.5,0.4,0.4,0.6,0.6,0.8,0.8,0.8,1.2,0.6,0.5
"28-09-2010",0.3,0.3,0.6,0.8,0.7,0.9,0.7,2.2,2.5,1.6,1.2,0.8,0.6,0.5,0.5,0.5,0.5,0.5,0.6,0.6,0.6,0.5,0.6,1.1
"29-09-2010",1.7,1.2,0.9,0.6,0.5,0.7,1.0,1.2,2.4,1.9,0.7,0.5,0.5,0.6,0.5,0.4,0.3,0.4,0.7,0.5,0.5,0.5,0.3,0.3
"30-09-2010",0.3,0.2,0.2,0.2,0.3,0.5,0.8,1.7,1.4,1.0,0.7,0.7,0.8,0.8,0.7,0.6,0.6,0.9,0.9,0.8,1.4,1.4,1.3,0.9
"01-10-2010",0.8,0.7,0.5,0.4,0.4,0.6,1.1,1.6,1.9,1.6,1.7,1.6,0.9,0.7,0.8,0.6,0.6,0.6,0.6,0.7,0.8,1.0,0.9,1.1
"02-10-2010",0.8,0.7,0.5,0.4,0.4,0.6,0.7,0.8,1.1,1.1,1.4,1.0,1.1,1.5,0.7,0.7,1.0,0.8,1.0,1.3,1.2,1.2,1.1,1.0
"03-10-2010",0.9,0.8,0.7,0.7,0.8,0.8,0.7,0.8,0.8,0.8,0.6,0.5,0.5,0.4,0.4,0.4,0.4,0.5,1.0,1.1,1.1,0.9,0.9,-9999
"04-10-2010",0.6,0.5,0.4,-9999,0.4,1.0,1.4,2.0,2.1,1.8,1.4,-9999,-9999,-9999,-9999,-9999,-9999,-9999,-9999,-9999,1.2,1.0,1.0,0.6
"05-10-2010",-9999,0.4,-9999,-9999,-9999,-9999,-9999,2.0,1.8,1.7,1.6,0.6,0.9,0.8,1.0,0.6,0.5,0.7,1.5,2.0,1.9,1.4,1.2,1.3
"06-10-2010",0.9,1.0,0.8,0.8,0.7,1.0,1.8,2.3,2.3,1.3,0.9,0.9,0.6,0.6,0.6,0.5,0.4,1.1,1.5,1.6,1.0,1.1,1.3,1.4
"07-10-2010",0.8,0.6,0.4,0.3,0.4,0.6,1.0,1.3,1.5,1.8,1.7,1.8,1.6,1.8,1.9,1.2,1.2,1.4,1.5,1.5,1.3,1.2,0.8,0.6
"08-10-2010",0.5,0.4,0.3,0.3,0.3,0.5,0.8,1.3,1.4,1.3,1.4,1.6,-9999,-9999,-9999,-9999,-9999,1.7,-9999,-9999,-9999,1.4,0.6,0.6
"09-10-2010",0.5,0.4,0.4,0.4,0.4,0.5,0.6,0.7,1.2,1.1,1.0,1.0,0.9,1.0,0.7,0.5,0.5,0.5,0.5,0.6,1.1,1.5,1.3,1.1
"10-10-2010",1.0,0.7,0.6,0.7,0.6,0.7,0.7,0.6,1.0,1.0,1.0,0.6,0.4,0.4,0.4,0.3,0.4,0.8,1.0,1.1,1.0,1.0,1.2,1.0
"11-10-2010",0.9,0.8,0.7,0.5,0.4,0.6,1.1,1.9,2.1,1.8,1.2,0.7,0.6,0.6,0.7,0.8,1.6,1.7,2.3,1.9,0.7,0.6,0.5,0.3
"12-10-2010",0.3,0.3,0.2,0.3,0.4,0.7,0.9,1.1,0.8,2.9,0.9,0.6,0.6,0.7,0.5,0.5,1.1,1.4,1.6,-9999,2.2,2.0,1.3,1.0
"13-10-2010",0.8,0.6,0.7,0.5,0.4,0.8,1.4,1.6,2.0,2.4,2.1,2.1,0.8,0.8,-9999,-9999,0.7,0.8,0.9,2.2,-9999,1.6,1.6,1.4
"14-10-2010",1.5,-9999,1.0,0.9,0.7,0.8,1.4,1.8,-9999,1.8,1.3,0.5,0.5,0.7,0.7,1.0,1.4,1.6,1.7,1.9,2.2,2.0,0.8,1.1
"15-10-2010",2.6,1.0,0.6,1.2,1.3,1.3,2.2,2.4,2.8,1.6,1.0,1.0,0.9,0.7,0.6,0.7,0.5,0.9,1.3,1.2,0.9,1.0,1.1,1.8
"16-10-2010",1.4,1.7,1.4,1.0,1.0,1.3,1.5,1.5,1.6,1.3,0.7,0.7,0.6,0.5,-9999,-9999,-9999,-9999,-9999,-9999,-9999,-9999,-9999,-9999
"17-10-2010",-9999,-9999,-9999,-9999,-9999,-9999,-9999,-9999,-9999,-9999,0.6,0.5,0.5,0.5,-9999,-9999,-9999,0.4,-9999,-9999,-9999,-9999,-9999,-9999
"18-10-2010",-9999,-9999,-9999,-9999,-9999,-9999,-9999,-9999,-9999,-9999,-9999,-9999,-9999,-9999,-9999,-9999,-9999,-9999,-9999,-9999,-9999,-9999,-9999,-9999
"19-10-2010",-9999,-9999,-9999,-9999,-9999,-9999,-9999,-9999,-9999,-9999,-9999,-9999,-9999,-9999,-9999,-9999,-9999,-9999,-9999,-9999,-9999,-9999,-9999,-9999
"20-10-2010",-9999,-9999,-9999,-9999,-9999,-9999,-9999,-9999,-9999,-9999,-9999,-9999,-9999,-9999,-9999,-9999,-9999,-9999,-9999,-9999,-9999,-9999,-9999,-9999
"21-10-2010",-9999,-9999,-9999,-9999,-9999,-9999,-9999,-9999,-9999,-9999,-9999,-9999,-9999,-9999,-9999,-9999,-9999,-9999,-9999,-9999,-9999,-9999,-9999,-9999
"22-10-2010",-9999,-9999,-9999,-9999,-9999,-9999,-9999,-9999,-9999,-9999,-9999,1.4,1.6,1.4,1.6,1.1,1.3,1.6,1.8,1.8,1.5,1.4,0.8,0.7
"23-10-2010",0.4,0.4,0.4,0.4,0.4,0.7,0.6,0.7,1.4,-9999,0.8,1.0,0.6,0.7,0.6,0.6,0.6,-9999,0.7,0.7,-9999,-9999,-9999,-9999
"24-10-2010",1.1,1.5,1.1,1.0,1.0,0.8,1.0,1.3,1.1,0.8,0.4,0.5,-9999,-9999,0.5,0.5,0.4,0.5,0.6,0.6,0.6,1.0,1.6,1.5
"25-10-2010",1.3,0.9,0.8,0.6,0.6,0.8,0.9,1.4,2.1,2.4,1.1,0.5,0.7,0.9,0.7,0.5,0.4,0.4,0.5,0.5,0.5,0.5,0.5,0.3
"26-10-2010",0.3,0.2,0.3,0.2,0.4,0.5,0.9,2.1,2.4,1.5,1.0,1.1,1.0,1.1,0.6,0.4,0.6,0.8,1.2,1.3,1.9,1.9,2.4,2.3
"27-10-2010",-9999,-9999,1.1,-9999,0.6,0.8,1.8,-9999,2.3,1.7,1.1,0.4,-9999,-9999,0.7,-9999,-9999,-9999,-9999,0.6,-9999,-9999,-9999,-9999
"28-10-2010",-9999,-9999,-9999,-9999,-9999,-9999,-9999,-9999,-9999,-9999,-9999,-9999,-9999,-9999,-9999,-9999,-9999,-9999,-9999,-9999,-9999,-9999,-9999,-9999
"29-10-2010",-9999,-9999,-9999,-9999,0.4,0.7,0.7,1.3,1.8,1.3,1.3,1.4,1.5,1.5,1.5,1.4,1.1,1.2,1.6,1.8,1.8,2.3,1.8,1.4
"30-10-2010",1.2,1.1,1.0,0.7,0.7,0.8,1.1,1.2,1.8,1.2,1.2,0.9,0.8,0.7,0.6,1.0,0.7,0.6,0.9,0.9,0.8,1.5,1.6,1.5
"31-10-2010",1.5,1.2,1.1,1.1,1.0,1.1,0.9,1.1,1.0,0.9,0.8,0.6,0.5,0.5,0.5,0.5,0.5,0.5,0.8,1.6,1.8,1.7,1.7,2.1
"01-11-2010",1.8,1.6,1.1,0.6,0.5,0.5,0.7,1.3,1.9,1.7,1.4,0.9,1.0,1.0,0.9,0.8,0.7,1.1,1.7,2.0,1.9,2.3,1.7,1.3
"02-11-2010",1.3,0.8,0.6,0.5,0.4,0.7,1.1,2.0,2.5,2.2,1.6,0.9,1.1,1.0,1.0,0.6,0.7,0.8,0.8,0.9,2.2,2.4,1.6,1.4
"03-11-2010",1.3,1.0,0.7,0.6,0.6,1.0,1.1,2.3,2.4,1.4,0.7,0.7,1.0,0.9,0.8,0.6,1.0,0.8,1.0,2.5,2.1,2.0,1.7,1.6
"04-11-2010",1.6,1.4,1.0,0.6,0.6,0.9,1.3,2.0,2.0,1.8,1.1,1.0,1.0,0.9,1.0,0.6,0.9,1.5,1.6,1.9,2.9,2.7,2.4,2.8
"05-11-2010",2.7,2.8,2.1,1.8,1.6,1.7,1.9,2.3,3.1,2.8,2.2,1.8,1.1,1.3,1.1,0.9,1.3,2.4,2.2,3.2,3.7,3.1,3.3,3.2
"06-11-2010",2.4,2.0,1.5,1.2,1.0,0.9,1.1,1.6,1.8,1.6,1.4,1.1,0.7,0.9,0.8,0.6,0.6,0.7,0.9,0.8,1.2,1.7,3.5,4.3
"07-11-2010",3.3,3.0,2.2,1.7,1.8,1.3,1.5,1.5,1.3,1.4,0.8,0.7,0.5,0.4,0.5,0.4,0.4,0.6,0.7,1.0,1.2,0.9,1.6,2.5
"08-11-2010",2.4,2.1,1.9,1.2,1.1,1.2,1.5,1.5,0.4,0.5,0.4,0.4,0.5,0.5,0.5,0.4,0.4,0.5,0.6,0.5,0.4,0.4,0.3,0.3
"09-11-2010",0.3,0.2,0.2,0.2,0.2,0.3,0.3,0.6,0.6,0.5,0.6,0.6,0.6,0.4,0.4,0.6,0.5,0.5,0.6,0.6,0.6,0.5,-9999,-9999
"10-11-2010",-9999,0.3,0.2,0.2,0.2,0.3,0.4,0.5,0.5,0.6,0.7,0.6,0.5,0.6,0.6,0.5,0.6,0.9,1.1,0.6,0.6,0.7,0.5,0.5
"11-11-2010",0.5,0.8,0.8,0.8,0.7,0.8,1.3,2.3,1.4,0.4,0.5,0.5,0.5,0.5,0.4,0.5,0.4,0.6,1.1,1.9,2.2,1.8,1.7,2.2
"12-11-2010",1.8,1.5,1.3,0.8,0.7,0.8,1.1,1.7,2.3,2.1,-9999,0.4,1.2,-9999,1.7,1.4,0.8,0.8,1.3,1.5,2.3,1.3,2.1,2.3
"13-11-2010",1.7,0.9,0.5,0.3,0.4,0.5,0.6,1.1,0.8,1.0,1.1,1.1,1.1,1.5,1.5,1.3,1.4,1.1,0.6,0.6,1.4,1.6,1.3,0.8
"14-11-2010",0.8,0.9,0.5,0.3,0.5,0.5,0.6,0.9,1.5,0.7,0.7,0.9,0.9,1.0,1.4,1.0,1.2,1.4,1.5,1.6,1.9,2.0,1.7,1.9
"15-11-2010",1.4,1.1,0.7,0.7,0.5,0.7,1.9,1.9,2.1,1.8,1.3,0.9,0.9,0.6,0.6,0.7,0.8,0.7,0.8,0.8,1.2,2.1,2.0,1.9
"16-11-2010",2.0,1.7,1.2,0.8,0.7,1.3,1.5,2.3,2.9,1.8,1.1,0.9,1.2,0.8,0.6,0.5,0.8,1.1,0.9,0.8,0.9,1.3,2.2,2.0
"17-11-2010",2.0,1.5,1.2,1.2,1.0,1.0,1.4,1.9,1.7,0.4,0.4,0.5,0.5,0.5,0.6,0.7,0.9,1.0,1.8,2.2,2.5,2.4,2.9,3.3
"18-11-2010",1.4,0.5,0.4,0.3,0.4,0.6,2.1,2.0,2.1,0.7,0.6,0.8,1.5,0.6,0.7,0.6,0.4,0.9,1.1,1.2,3.3,3.3,2.3,2.4
"19-11-2010",2.1,1.4,1.3,0.9,0.7,1.0,1.5,1.8,2.8,2.0,1.3,0.7,0.5,0.6,0.7,0.6,0.8,1.1,0.8,1.0,1.8,2.5,1.9,2.3
"20-11-2010",1.1,0.7,0.6,1.3,1.3,1.2,1.3,1.7,1.8,1.6,1.0,0.7,0.7,0.9,0.7,0.5,0.7,0.8,1.2,1.0,0.9,2.2,3.2,3.2
"21-11-2010",3.1,2.6,2.1,1.8,1.5,1.3,1.1,1.3,1.2,0.8,0.7,0.6,0.5,0.4,0.5,0.5,0.6,0.6,1.0,1.3,2.4,2.9,2.6,2.1
"22-11-2010",1.8,1.5,1.1,0.9,0.8,1.1,1.4,1.7,2.5,2.3,1.0,0.5,0.5,0.6,0.6,0.4,-9999,0.3,0.4,0.4,0.3,0.3,0.3,0.2
"23-11-2010",0.2,0.2,0.2,0.2,0.2,0.3,0.3,0.7,0.7,0.8,0.6,0.6,0.5,0.7,0.7,0.6,0.6,0.6,0.6,0.5,0.5,0.5,0.4,0.3
"24-11-2010",0.3,0.3,0.3,0.3,0.2,0.3,0.4,0.6,1.1,0.9,1.0,0.7,0.7,0.8,0.7,0.6,0.5,0.5,0.5,0.5,0.4,0.4,0.4,0.5
"25-11-2010",0.4,0.4,0.5,0.3,0.5,0.6,0.8,2.0,2.1,1.6,0.9,0.7,0.9,0.8,0.9,0.8,1.5,0.9,0.9,1.5,1.7,2.3,2.5,2.6
"26-11-2010",0.6,0.3,0.2,0.2,0.3,-9999,0.4,0.6,0.6,0.7,0.6,0.6,0.6,0.5,0.6,0.4,0.4,0.5,0.6,0.5,0.5,0.4,0.4,0.3
"27-11-2010",0.2,0.3,0.2,0.2,-9999,0.8,0.3,0.3,0.5,0.5,0.6,0.5,0.5,0.5,0.5,0.5,0.4,0.3,0.3,0.3,0.4,0.4,0.3,0.3
"28-11-2010",0.4,0.7,1.4,1.5,1.3,1.1,1.0,1.3,2.1,1.5,0.4,0.4,0.3,0.3,0.3,0.3,0.3,-9999,-9999,-9999,-9999,-9999,-9999,-9999
"29-11-2010",-9999,-9999,-9999,-9999,-9999,-9999,-9999,-9999,-9999,-9999,-9999,-9999,-9999,-9999,-9999,-9999,-9999,0.9,0.9,0.9,0.8,0.7,0.6,0.4
"30-11-2010",0.8,0.3,0.2,0.3,0.3,0.7,0.6,0.7,0.9,1.6,1.5,1.1,0.6,0.7,0.9,0.7,0.5,0.7,1.1,0.8,1.3,1.4,0.9,0.4
"01-12-2010",0.3,0.2,0.2,0.2,0.2,0.3,0.6,0.8,1.4,1.2,1.0,0.7,0.4,0.8,0.7,0.9,0.6,0.5,0.5,0.6,1.0,0.6,0.4,0.4
"02-12-2010",0.8,0.6,0.5,0.6,0.3,0.9,0.6,1.6,1.5,0.5,0.7,0.6,0.6,0.6,0.6,0.5,0.5,0.5,0.5,0.6,0.6,0.8,0.7,1.7
"03-12-2010",0.8,0.3,0.4,0.2,0.2,0.2,0.4,0.5,0.8,0.4,0.3,0.4,0.4,0.4,0.4,0.3,0.4,0.4,0.5,0.4,0.6,0.6,0.7,0.4
"04-12-2010",0.3,0.2,0.2,0.3,0.2,0.3,0.3,0.3,0.5,0.4,0.4,0.4,0.5,0.4,0.4,0.4,0.4,0.4,0.3,0.3,0.4,0.3,0.3,0.3
"05-12-2010",0.3,0.3,0.3,0.4,0.4,0.4,0.5,0.7,0.7,0.5,0.6,0.5,0.4,0.5,0.5,0.7,1.1,0.9,0.9,0.9,1.5,0.8,0.7,0.6
"06-12-2010",0.6,0.7,0.5,0.7,0.7,1.0,2.1,2.4,2.9,2.1,1.2,0.8,0.8,1.1,0.9,0.8,0.9,0.9,1.0,1.8,1.5,1.0,2.7,3.9
"07-12-2010",3.0,2.6,2.9,2.4,1.6,1.6,2.0,2.4,2.5,3.1,1.5,2.0,0.7,0.9,0.6,0.7,0.7,1.2,1.4,1.2,1.0,1.5,1.4,2.1
"08-12-2010",3.1,2.0,1.1,1.2,1.1,1.5,2.2,2.9,3.7,2.5,1.0,1.0,1.0,0.9,0.7,0.7,0.7,0.9,1.1,1.3,1.6,2.6,2.6,0.6
"09-12-2010",0.9,2.6,1.8,1.4,1.4,1.4,2.2,2.7,3.3,2.1,1.0,1.4,0.7,0.9,0.7,0.6,0.6,0.8,0.8,0.6,0.7,0.7,0.6,0.4
"10-12-2010",0.3,0.4,0.3,0.4,0.4,0.6,0.5,1.0,1.2,1.3,1.0,1.5,1.9,2.2,2.0,1.4,1.2,1.4,1.1,1.1,0.8,0.8,0.6,0.4
"11-12-2010",0.4,0.3,0.3,0.3,0.3,0.4,0.5,0.4,0.6,0.6,0.7,0.8,0.9,1.1,1.1,0.8,0.7,0.7,0.7,0.7,0.7,0.7,0.5,0.5
"12-12-2010",0.4,0.4,0.6,0.3,0.4,0.5,0.4,0.5,0.9,0.6,0.7,0.9,0.9,0.8,0.8,1.1,1.3,1.2,2.0,3.8,3.9,3.5,3.4,2.7
"13-12-2010",3.2,2.3,1.5,1.1,0.9,0.8,0.4,1.7,1.5,1.0,2.6,3.0,3.6,3.1,1.5,1.6,1.2,1.4,1.2,1.1,1.5,1.6,1.0,0.7
"14-12-2010",0.8,0.5,0.4,0.5,0.6,1.1,1.6,2.3,1.9,2.7,1.4,1.6,1.2,1.0,1.1,0.9,1.1,1.7,2.3,3.4,3.1,2.5,1.8,1.3
"15-12-2010",1.2,1.2,0.7,0.4,0.5,0.9,1.3,2.0,2.4,2.8,2.3,1.9,1.8,2.1,2.2,2.0,1.6,1.8,1.9,2.2,2.0,2.0,1.2,0.9
"16-12-2010",0.7,0.7,0.7,0.4,0.4,0.9,0.9,1.9,1.7,1.0,1.5,1.7,1.6,2.3,2.3,1.7,2.5,2.0,2.0,2.1,1.6,1.2,0.6,0.7
"17-12-2010",0.6,0.5,0.5,0.6,0.7,1.2,1.8,3.4,4.0,3.7,2.3,2.4,1.2,1.3,1.4,1.0,1.0,1.3,1.8,0.9,1.1,0.9,0.6,0.5
"18-12-2010",0.4,0.4,0.4,0.3,0.4,0.4,0.6,0.5,0.7,0.9,0.7,0.7,0.8,0.6,0.7,0.7,0.6,0.5,0.5,0.5,0.6,0.5,0.5,0.5
"19-12-2010",0.4,0.3,0.3,0.3,0.3,0.3,0.4,0.4,1.4,0.8,1.5,1.6,2.3,2.5,1.5,1.5,2.7,3.1,3.9,4.0,3.5,3.9,4.4,4.0
"20-12-2010",3.2,2.4,1.9,1.6,1.5,1.8,2.1,3.1,4.0,0.9,0.8,0.8,0.6,1.1,0.6,0.5,0.4,0.5,0.6,0.5,0.6,1.0,0.8,0.5
"21-12-2010",0.6,0.3,0.2,0.2,0.2,0.4,0.3,0.4,0.5,0.5,0.6,0.6,0.8,0.7,1.0,0.6,1.2,0.7,0.8,0.8,0.9,0.8,0.6,0.4
"22-12-2010",0.4,1.3,1.5,1.4,1.5,1.4,1.6,2.3,3.0,3.5,3.4,1.0,0.8,0.6,1.0,0.7,0.6,0.8,0.9,1.0,1.1,1.1,1.3,0.9
"23-12-2010",2.4,2.5,2.4,2.0,1.6,1.5,1.6,2.1,2.8,3.9,1.8,0.8,0.8,1.0,0.8,0.7,0.6,0.6,0.7,0.7,0.9,0.7,0.4,0.4
"24-12-2010",0.3,0.6,0.3,0.2,0.3,0.3,0.3,0.3,0.4,0.5,0.5,0.5,0.5,0.6,0.7,0.4,0.4,0.5,0.4,0.3,0.4,0.3,0.3,0.3
"25-12-2010",0.3,0.3,0.3,0.2,0.3,0.3,0.2,0.2,0.3,0.5,0.5,0.4,0.4,0.5,0.4,0.3,0.4,0.5,0.5,0.4,0.6,0.6,-9999,0.6
"26-12-2010",0.5,0.7,0.7,1.5,1.4,1.8,1.0,1.5,1.5,1.2,0.7,0.6,0.5,0.7,0.5,0.4,0.4,0.7,0.8,0.8,0.7,0.7,1.0,0.8
"27-12-2010",0.5,0.7,0.8,1.0,1.1,1.5,1.2,1.8,2.8,3.6,2.7,1.5,1.0,1.3,1.7,1.2,1.6,1.1,1.9,1.5,1.2,0.9,0.8,1.2
"28-12-2010",1.0,1.3,1.2,0.7,0.5,0.7,1.1,1.4,1.6,1.7,1.5,1.5,1.5,2.0,1.8,1.2,1.3,1.2,1.8,1.7,1.4,1.1,0.8,0.9
"29-12-2010",0.8,0.7,0.6,0.5,0.7,1.0,1.5,1.8,1.8,1.8,1.8,2.6,1.9,2.4,1.8,1.6,1.4,1.7,1.4,1.3,1.6,1.3,0.9,0.8
"30-12-2010",0.7,0.5,0.5,0.5,0.4,0.7,1.2,2.0,1.9,2.0,1.6,1.5,1.7,2.1,1.6,2.4,1.9,-9999,1.8,2.3,2.0,1.9,1.6,3.0
"31-12-2010",0.8,1.0,0.8,-9999,0.6,1.0,1.5,2.2,2.6,1.8,1.4,1.5,1.4,0.9,1.9,1.2,0.9,1.1,1.9,2.0,2.7,2.6,2.7,2.4
"01-01-2011",2.9,-9999,-9999,-9999,-9999,-9999,-9999,-9999,-9999,-9999,-9999,-9999,-9999,-9999,-9999,-9999,-9999,-9999,-9999,-9999,-9999,-9999,-9999,-9999
