"01-01-2011",4,4,4,4,4,3,3,3,4,4,8,29,40,45,48,50,44,48,42,21,4,3,3,3
"02-01-2011",3,3,4,5,8,6,5,9,12,43,37,47,30,33,5,7,20,27,11,4,3,3,3,3
"03-01-2011",3,3,3,4,4,3,3,3,3,3,3,4,4,4,3,3,3,4,3,4,7,8,15,22
"04-01-2011",31,26,33,39,31,17,5,6,7,5,6,8,7,12,12,12,8,6,6,4,5,5,7,7
"05-01-2011",5,6,9,5,5,3,3,3,3,3,9,15,13,24,24,18,9,6,33,3,3,3,4,4
"06-01-2011",4,4,4,5,5,4,4,3,4,7,21,31,29,44,40,54,52,19,4,4,4,4,4,4
"07-01-2011",4,5,10,11,8,4,3,3,3,3,5,10,21,20,27,24,19,14,3,3,3,3,3,3
"08-01-2011",4,4,5,4,4,3,3,3,3,3,7,19,16,23,20,18,14,8,3,3,3,3,3,4
"09-01-2011",4,3,3,3,3,3,3,3,3,3,3,9,19,29,45,43,33,19,7,5,3,3,3,3
"10-01-2011",3,2,3,3,3,2,2,2,2,3,3,4,14,14,5,5,6,4,4,4,2,3,3,3
"11-01-2011",3,3,3,4,4,3,3,3,3,3,4,12,57,36,37,41,40,31,23,19,28,28,35,41
"12-01-2011",42,45,46,22,8,21,3,2,2,10,39,36,39,14,3,4,3,2,2,3,2,2,3,5
"13-01-2011",10,12,6,8,8,2,2,2,2,3,3,5,11,6,5,4,4,3,3,6,4,3,4,2
"14-01-2011",2,2,2,3,3,2,2,2,1,1,2,3,4,6,5,3,3,2,3,2,2,2,-9999,-9999
"15-01-2011",-9999,-9999,-9999,-9999,-9999,-9999,-9999,-9999,-9999,-9999,-9999,-9999,-9999,-9999,-9999,-9999,-9999,-9999,-9999,-9999,-9999,-9999,-9999,-9999
"16-01-2011",-9999,-9999,-9999,-9999,-9999,-9999,-9999,-9999,-9999,-9999,-9999,-9999,-9999,-9999,-9999,-9999,-9999,-9999,-9999,-9999,-9999,-9999,-9999,-9999
"17-01-2011",-9999,-9999,-9999,-9999,-9999,-9999,-9999,-9999,-9999,-9999,-9999,-9999,-9999,-9999,-9999,-9999,-9999,-9999,-9999,-9999,-9999,-9999,-9999,-9999
"18-01-2011",-9999,-9999,-9999,-9999,-9999,-9999,-9999,-9999,-9999,-9999,-9999,-9999,-9999,28,30,22,18,9,7,4,3,3,3,3
"19-01-2011",3,3,3,3,-9999,-9999,-9999,-9999,-9999,-9999,-9999,-9999,-9999,-9999,-9999,-9999,-9999,-9999,-9999,-9999,-9999,-9999,-9999,-9999
"20-01-2011",-9999,-9999,4,25,3,3,3,3,3,3,5,16,28,63,68,76,78,58,55,21,4,4,4,4
"21-01-2011",4,4,4,4,4,4,3,3,35,4,18,37,39,59,42,35,53,37,35,51,40,42,63,63
"22-01-2011",55,51,8,7,4,4,4,4,4,11,33,44,52,65,64,58,64,56,42,34,37,39,42,61
"23-01-2011",58,73,68,70,49,19,5,5,7,19,34,36,53,59,48,50,39,29,21,23,23,11,10,15
"24-01-2011",16,29,22,7,8,4,3,3,4,7,17,22,24,39,42,49,37,21,14,18,17,23,31,35
"25-01-2011",42,18,18,19,4,3,3,3,9,6,10,21,16,29,33,28,31,20,15,20,16,18,23,23
"26-01-2011",26,40,39,25,21,7,2,2,3,6,25,34,48,46,46,34,41,29,14,4,4,4,4,3
"27-01-2011",3,3,3,3,2,2,2,2,3,4,16,44,61,72,63,64,72,62,34,20,17,9,4,4
"28-01-2011",9,61,49,44,68,84,47,22,15,13,12,14,15,19,21,24,29,10,7,16,13,9,12,11
"29-01-2011",18,25,38,52,48,37,22,10,14,17,31,31,28,28,31,31,36,27,20,20,20,32,29,24
"30-01-2011",30,30,44,35,41,36,33,25,27,33,37,40,41,47,39,44,34,21,12,9,7,7,14,23
"31-01-2011",27,36,45,49,40,16,4,3,4,9,20,25,18,16,19,14,15,9,8,6,7,10,11,18
"01-02-2011",21,44,49,52,46,26,7,7,12,18,21,31,34,33,33,37,32,23,16,8,8,9,7,13
"02-02-2011",-9999,14,22,60,60,22,11,4,8,23,32,38,55,-9999,39,28,26,14,15,14,17,23,-9999,-9999
"03-02-2011",57,53,46,51,42,14,7,5,9,12,12,15,12,15,12,15,24,26,27,29,36,44,54,32
"04-02-2011",54,67,75,78,74,73,63,53,44,37,36,36,41,39,37,32,33,26,22,27,31,36,47,56
"05-02-2011",70,70,55,67,71,62,48,30,33,47,56,51,-9999,-9999,62,55,58,42,20,9,4,4,4,5
"06-02-2011",4,4,3,3,3,2,3,3,3,4,12,33,38,-9999,23,38,44,17,6,4,4,5,5,5
"07-02-2011",4,4,4,3,3,3,2,3,-9999,3,6,26,28,44,-9999,-9999,37,-9999,-9999,-9999,-9999,-9999,4,4
"08-02-2011",3,21,19,4,3,-9999,4,3,4,11,18,-9999,46,44,-9999,-9999,-9999,-9999,-9999,-9999,-9999,-9999,-9999,-9999
"09-02-2011",-9999,-9999,-9999,3,3,3,3,3,3,3,6,27,37,38,47,-9999,-9999,-9999,-9999,-9999,-9999,-9999,-9999,-9999
"10-02-2011",-9999,-9999,4,63,13,3,3,-9999,-9999,-9999,-9999,-9999,-9999,-9999,-9999,-9999,-9999,-9999,-9999,-9999,-9999,-9999,-9999,30
"11-02-2011",28,30,35,26,7,4,3,4,5,14,45,46,78,90,-9999,-9999,-9999,-9999,-9999,-9999,-9999,-9999,-9999,4
"12-02-2011",4,10,26,75,77,31,15,9,37,62,62,-9999,-9999,-9999,-9999,-9999,-9999,-9999,-9999,-9999,-9999,-9999,-9999,-9999
"13-02-2011",36,57,33,26,22,18,4,4,5,10,27,75,-9999,-9999,-9999,-9999,-9999,-9999,-9999,-9999,-9999,-9999,-9999,-9999
"14-02-2011",4,4,4,3,4,3,4,3,4,9,17,27,36,27,-9999,46,73,82,79,74,65,76,37,27
"15-02-2011",28,42,49,35,24,15,4,4,15,15,38,25,28,26,27,27,27,24,22,21,23,29,40,-9999
"16-02-2011",57,66,-9999,64,56,40,13,10,-9999,-9999,29,34,-9999,34,57,81,63,17,11,7,9,10,10,9
"17-02-2011",18,56,28,19,25,31,31,53,35,30,58,69,75,72,82,82,77,77,66,68,68,71,81,83
"18-02-2011",97,98,98,98,90,84,66,53,67,71,79,86,84,81,86,91,84,82,75,78,88,89,32,21
"19-02-2011",16,18,35,33,27,22,14,10,7,12,37,45,58,63,71,67,64,58,55,55,42,43,50,51
"20-02-2011",43,44,50,35,39,15,10,20,28,35,31,39,41,43,24,20,21,14,8,5,3,4,6,9
"21-02-2011",19,26,35,30,25,8,3,3,5,11,20,48,58,67,69,67,65,58,46,52,53,62,71,76
"22-02-2011",95,95,91,67,41,18,4,3,5,9,11,22,32,50,75,74,72,36,10,3,4,6,10,18
"23-02-2011",33,50,45,46,49,20,4,3,4,14,20,30,29,23,24,29,30,26,25,19,22,27,37,44
"24-02-2011",47,51,50,46,39,21,8,4,6,5,8,24,28,22,18,11,7,3,4,4,5,15,25,26
"25-02-2011",28,30,32,44,42,22,13,7,7,9,-9999,-9999,20,27,28,30,24,23,17,19,25,22,23,27
"26-02-2011",27,32,35,40,37,31,20,23,21,19,20,19,18,19,20,22,20,23,22,15,17,20,28,37
"27-02-2011",43,53,58,62,56,49,41,23,30,26,23,27,21,22,22,21,24,26,15,10,33,35,54,58
"28-02-2011",50,62,63,66,59,31,16,8,7,15,15,20,21,24,23,24,21,13,9,8,5,4,6,14
"01-03-2011",31,36,36,37,40,25,9,6,6,9,10,13,11,15,16,17,14,16,12,16,19,13,26,25
"02-03-2011",40,48,51,58,56,38,14,7,9,8,9,5,6,5,4,5,6,5,4,4,4,3,4,13
"03-03-2011",19,23,23,32,28,11,4,4,6,11,15,18,20,16,11,10,9,9,6,6,8,7,12,27
"04-03-2011",40,55,57,46,47,28,16,13,12,16,21,25,21,23,15,24,24,23,13,17,16,15,26,52
"05-03-2011",63,46,57,50,58,50,28,28,27,30,37,34,48,50,49,46,43,31,26,13,13,18,18,19
"06-03-2011",23,38,49,49,43,32,14,13,19,26,37,42,58,76,88,85,98,93,80,75,22,8,10,27
"07-03-2011",63,72,67,62,77,70,63,63,62,62,64,59,59,64,61,66,62,61,64,55,39,34,55,73
"08-03-2011",74,83,80,87,89,73,61,52,41,36,42,43,47,49,49,47,48,50,33,22,45,47,55,58
"09-03-2011",48,52,71,89,91,51,39,43,45,56,63,64,69,68,69,73,68,53,47,30,32,23,16,9
"10-03-2011",16,27,35,16,9,4,3,10,30,43,51,58,65,70,69,65,65,40,18,5,4,3,4,3
"11-03-2011",3,3,3,3,3,2,3,3,4,32,52,60,52,62,69,59,75,92,61,47,18,4,4,4
"12-03-2011",4,3,3,3,3,3,3,3,4,6,15,58,86,102,117,122,112,109,84,67,37,4,4,4
"13-03-2011",4,4,3,3,4,3,3,4,8,41,92,119,122,115,141,127,139,118,122,107,79,67,16,4
"14-03-2011",4,10,20,22,9,3,3,3,5,43,74,79,94,103,105,106,116,105,97,79,68,63,81,82
"15-03-2011",18,60,104,99,46,8,8,3,30,76,77,98,116,118,112,121,119,95,90,77,70,68,83,82
"16-03-2011",91,93,98,87,22,2,2,2,31,93,93,97,87,98,99,100,107,101,82,71,69,68,79,87
"17-03-2011",89,91,54,3,4,79,59,62,64,56,54,59,81,44,81,70,79,84,76,67,73,79,82,90
"18-03-2011",85,82,59,16,8,3,2,2,1,41,76,85,84,88,92,98,99,88,72,51,30,4,3,28
"19-03-2011",18,49,61,48,53,30,5,31,25,50,79,77,92,102,96,53,63,35,40,34,14,4,8,5
"20-03-2011",5,3,18,40,50,40,33,31,40,56,48,47,43,44,44,52,56,54,36,26,39,36,40,47
"21-03-2011",61,75,83,80,77,58,30,25,24,34,31,35,26,30,27,31,30,26,25,29,30,43,56,73
"22-03-2011",76,91,91,82,76,48,37,29,35,50,47,53,58,57,66,64,68,66,52,52,45,47,69,76
"23-03-2011",75,73,72,78,59,26,9,23,40,46,49,58,58,58,57,69,62,49,47,38,40,30,39,33
"24-03-2011",25,59,84,82,69,58,47,26,25,40,41,58,50,59,72,74,72,58,39,15,8,10,4,6
"25-03-2011",6,4,4,3,3,3,3,5,11,37,71,101,117,100,77,105,126,127,107,80,77,83,93,60
"26-03-2011",14,3,27,30,42,6,5,35,48,68,78,73,98,122,117,115,123,115,97,69,36,51,70,79
"27-03-2011",87,80,76,80,80,51,24,49,58,63,75,71,78,63,79,95,71,44,31,25,53,53,50,53
"28-03-2011",73,57,56,32,5,3,3,-9999,3,10,19,33,57,72,69,99,87,104,90,86,69,65,75,42
"29-03-2011",29,62,15,25,13,1,1,1,2,3,25,52,21,27,28,21,64,72,81,64,60,45,58,62
"30-03-2011",64,71,72,72,33,2,1,1,2,5,-9999,-9999,10,58,59,74,89,97,92,79,62,15,7,14
"31-03-2011",20,43,44,51,42,16,9,3,3,4,4,4,4,8,6,11,11,13,6,14,21,24,30,42
"01-04-2011",36,36,48,47,39,21,10,7,11,17,16,22,26,25,25,28,29,33,29,27,37,45,43,44
"02-04-2011",56,76,68,71,68,57,48,43,37,43,43,43,41,33,28,44,65,59,59,56,44,46,18,23
"03-04-2011",40,37,65,56,58,56,52,13,37,42,52,79,61,80,82,93,95,82,58,56,64,72,56,43
"04-04-2011",58,66,67,63,49,22,8,5,15,29,42,45,56,42,60,57,104,102,99,78,77,74,79,84
"05-04-2011",76,47,11,9,9,1,1,1,1,15,53,81,80,95,94,122,93,78,90,61,39,34,41,35
"06-04-2011",30,35,23,5,10,6,1,5,12,19,37,38,38,32,40,53,50,42,46,33,33,27,43,62
"07-04-2011",56,70,81,78,63,52,33,14,25,33,-9999,47,46,54,59,61,58,62,55,43,44,49,49,65
"08-04-2011",41,40,51,39,8,3,3,3,5,16,52,63,78,87,86,85,99,86,94,70,59,43,59,84
"09-04-2011",93,70,27,18,12,11,11,4,6,29,50,74,82,94,95,98,90,-9999,127,85,63,55,82,80
"10-04-2011",77,65,49,35,75,90,78,97,95,87,81,77,99,125,128,131,126,105,106,104,98,93,104,85
"11-04-2011",30,39,42,60,47,29,39,34,32,53,54,60,73,74,76,84,86,66,64,57,54,63,66,69
"12-04-2011",68,83,94,89,63,29,5,7,6,35,65,78,101,115,115,122,118,116,105,94,60,27,80,66
"13-04-2011",68,68,64,38,64,23,14,14,11,23,47,83,104,102,119,111,102,105,96,88,60,64,80,78
"14-04-2011",105,116,114,113,106,83,43,49,52,71,68,62,51,59,44,78,62,46,36,37,88,92,101,103
"15-04-2011",88,78,62,75,67,35,13,6,13,58,71,-9999,-9999,-9999,-9999,-9999,-9999,-9999,-9999,-9999,-9999,-9999,-9999,-9999
"16-04-2011",-9999,-9999,-9999,-9999,-9999,-9999,-9999,-9999,-9999,-9999,-9999,-9999,-9999,-9999,-9999,-9999,-9999,-9999,-9999,-9999,-9999,-9999,-9999,-9999
"17-04-2011",-9999,-9999,-9999,-9999,-9999,-9999,-9999,-9999,-9999,-9999,-9999,-9999,-9999,-9999,-9999,-9999,-9999,-9999,-9999,-9999,-9999,-9999,-9999,-9999
"18-04-2011",-9999,-9999,-9999,-9999,-9999,-9999,-9999,-9999,-9999,-9999,-9999,-9999,-9999,-9999,-9999,-9999,-9999,-9999,-9999,-9999,-9999,-9999,-9999,-9999
"19-04-2011",-9999,-9999,-9999,-9999,-9999,-9999,-9999,-9999,-9999,-9999,-9999,-9999,-9999,-9999,-9999,-9999,-9999,-9999,-9999,-9999,-9999,-9999,-9999,-9999
"20-04-2011",-9999,-9999,-9999,-9999,-9999,-9999,-9999,-9999,-9999,-9999,-9999,-9999,-9999,-9999,-9999,-9999,-9999,-9999,-9999,-9999,-9999,-9999,-9999,-9999
"21-04-2011",-9999,-9999,-9999,-9999,-9999,-9999,-9999,-9999,-9999,-9999,-9999,-9999,-9999,65,65,69,76,76,62,44,53,53,65,74
"22-04-2011",68,81,88,81,71,56,48,58,70,78,79,88,91,98,98,90,91,88,78,61,59,64,65,55
"23-04-2011",40,14,34,87,61,40,26,43,59,86,97,109,112,119,122,86,75,84,85,78,74,66,75,72
"24-04-2011",79,77,77,87,91,68,29,48,74,93,97,108,98,94,110,133,133,111,79,71,60,64,64,67
"25-04-2011",74,71,58,56,69,67,54,52,71,77,81,84,86,98,94,104,80,71,69,58,48,53,50,54
"26-04-2011",68,78,82,81,73,35,41,46,42,38,49,59,65,72,83,76,72,61,56,33,37,24,25,49
"27-04-2011",50,56,63,69,64,45,27,11,10,8,11,23,24,30,22,18,19,18,22,23,19,20,31,42
"28-04-2011",47,57,71,72,66,37,17,12,11,22,31,35,45,-9999,-9999,-9999,-9999,-9999,-9999,-9999,-9999,-9999,-9999,-9999
"29-04-2011",-9999,-9999,-9999,-9999,-9999,-9999,-9999,-9999,-9999,-9999,38,43,42,55,48,40,90,98,79,76,97,83,91,82
"30-04-2011",80,86,68,44,5,1,1,1,5,29,45,50,98,97,103,95,101,97,82,89,93,96,91,78
"01-05-2011",72,61,74,78,64,41,57,27,33,31,41,82,91,88,85,85,87,88,82,81,76,66,38,6
"02-05-2011",1,1,9,10,21,7,2,1,1,13,17,17,46,63,75,79,77,82,80,75,56,19,34,37
"03-05-2011",27,15,44,43,35,39,31,5,14,27,31,-9999,-9999,81,81,88,89,94,100,93,64,30,19,16
"04-05-2011",26,43,23,37,41,27,10,16,30,25,22,14,12,32,90,87,52,25,31,48,25,28,42,46
"05-05-2011",38,28,16,21,30,16,4,5,30,46,46,55,48,23,23,31,28,46,40,41,38,41,54,61
"06-05-2011",69,79,83,95,99,80,45,41,41,48,53,56,57,60,62,64,67,63,53,44,38,29,45,46
"07-05-2011",45,41,48,52,21,11,12,16,26,34,76,93,91,83,110,125,155,125,117,102,88,105,84,94
"08-05-2011",96,88,85,73,54,18,8,8,20,28,83,109,119,117,125,112,107,114,118,112,114,103,92,100
"09-05-2011",97,62,49,75,82,57,32,24,32,32,47,55,65,87,93,79,85,72,66,58,62,63,77,89
"10-05-2011",102,109,108,104,97,69,44,39,46,45,52,56,53,58,61,63,74,71,56,52,-9999,-9999,49,60
"11-05-2011",74,87,78,79,81,-9999,33,22,54,63,78,87,76,79,86,86,94,86,81,79,85,84,87,93
"12-05-2011",99,107,106,97,87,74,47,43,49,55,43,46,50,43,57,67,63,54,52,46,38,36,34,31
"13-05-2011",41,31,25,57,64,41,18,37,33,47,57,62,68,75,75,73,83,125,107,85,84,99,76,58
"14-05-2011",23,9,11,19,6,4,5,10,13,16,81,130,99,106,115,115,111,111,102,86,78,79,40,17
"15-05-2011",6,10,16,12,7,11,6,9,12,15,52,78,80,105,144,146,128,159,138,115,101,105,49,28
"16-05-2011",12,4,4,4,4,4,4,5,9,20,76,78,82,112,108,105,138,128,114,109,96,81,82,64
"17-05-2011",36,56,22,22,20,22,6,9,26,73,90,103,104,90,93,95,95,95,104,104,91,90,88,70
"18-05-2011",49,32,50,62,66,39,16,12,28,35,44,81,96,95,90,108,111,107,106,98,99,65,32,62
"19-05-2011",50,31,41,45,53,53,17,6,10,16,17,37,32,44,34,30,26,37,67,37,39,42,41,60
"20-05-2011",67,80,79,66,56,20,6,15,47,50,56,56,59,74,46,83,98,121,111,75,66,54,62,61
"21-05-2011",19,5,4,5,7,5,5,5,8,14,42,66,79,105,101,101,130,85,58,65,55,22,23,25
"22-05-2011",25,18,32,28,8,12,6,11,69,78,78,86,95,97,102,93,99,95,84,66,43,41,35,41
"23-05-2011",12,27,29,22,57,25,6,6,22,54,66,65,66,84,77,72,53,44,47,46,42,41,34,59
"24-05-2011",59,51,34,47,47,38,33,45,50,60,85,79,83,85,121,130,106,101,80,84,10,10,19,45
"25-05-2011",24,45,48,17,5,6,16,29,29,29,43,46,60,102,104,36,25,62,63,48,16,24,46,44
"26-05-2011",30,37,21,13,14,6,7,13,26,51,41,38,45,30,27,22,23,31,27,11,9,8,14,28
"27-05-2011",71,61,80,83,66,60,17,10,15,8,30,28,30,57,49,87,5,9,19,27,42,55,68,53
"28-05-2011",61,68,54,70,57,44,28,13,34,58,68,69,69,73,75,80,113,116,101,76,48,34,17,42
"29-05-2011",41,40,18,10,7,4,4,10,16,18,60,77,105,121,124,113,117,107,96,89,79,70,10,6
"30-05-2011",10,9,5,10,4,6,8,5,10,14,36,57,72,77,57,89,101,97,90,22,16,72,61,18
"31-05-2011",17,13,4,4,5,4,4,5,39,8,100,83,89,109,119,118,136,124,112,101,103,94,80,83
"01-06-2011",70,63,39,52,13,4,4,5,7,13,36,77,73,77,105,95,83,101,-9999,102,94,82,77,86
"02-06-2011",35,15,8,13,35,5,4,9,8,18,32,77,74,112,108,119,76,78,79,97,92,37,50,25
"03-06-2011",15,27,18,14,9,6,5,5,8,5,7,11,76,107,136,111,102,113,104,108,80,44,33,29
"04-06-2011",37,22,28,15,22,11,5,10,21,13,42,61,85,103,139,128,106,70,63,34,24,27,33,35
"05-06-2011",31,54,37,22,12,11,9,24,36,44,58,77,101,110,113,112,109,118,102,91,77,78,8,8
"06-06-2011",6,9,14,28,37,10,9,11,18,50,75,95,68,94,56,50,125,150,105,34,26,39,36,38
"07-06-2011",46,51,33,46,63,23,14,15,26,37,61,68,88,61,111,129,115,79,21,60,85,59,7,33
"08-06-2011",41,44,25,16,9,6,6,9,11,13,34,73,78,85,90,113,104,107,114,106,115,107,105,93
"09-06-2011",89,103,102,44,44,8,7,7,36,13,26,87,108,78,108,78,92,117,101,74,45,34,70,86
"10-06-2011",67,68,80,85,87,43,17,18,30,18,23,35,34,30,37,43,57,49,41,22,30,48,55,66
"11-06-2011",54,42,31,34,27,10,7,20,58,62,62,58,82,90,93,95,106,129,139,130,126,114,117,94
"12-06-2011",73,89,91,76,75,32,13,21,43,52,68,69,86,104,73,66,59,94,60,35,11,22,36,27
"13-06-2011",28,25,33,52,37,31,20,34,46,58,67,69,73,83,91,97,107,95,89,105,67,79,65,31
"14-06-2011",13,17,41,29,17,10,10,8,17,18,57,91,89,105,123,87,99,108,103,72,93,75,19,27
"15-06-2011",11,14,8,13,22,23,17,21,15,31,59,42,39,58,50,57,77,80,40,23,16,31,22,55
"16-06-2011",53,64,75,90,75,63,39,35,43,53,54,62,74,52,69,62,78,48,46,68,80,28,7,6
"17-06-2011",5,8,6,6,6,7,6,9,20,28,70,84,61,68,61,101,108,129,83,81,79,82,72,62
"18-06-2011",6,8,6,6,6,5,6,10,9,17,44,75,96,92,97,93,91,113,76,74,84,81,90,86
"19-06-2011",68,7,11,9,11,6,7,13,12,31,84,97,113,107,122,106,118,113,94,102,81,82,81,54
"20-06-2011",18,46,61,24,14,8,7,8,8,16,15,35,42,118,106,82,95,113,104,75,47,22,43,67
"21-06-2011",28,8,9,7,12,21,10,15,34,-9999,-9999,-9999,-9999,50,57,60,55,48,43,31,29,23,20,28
"22-06-2011",15,27,58,52,69,45,23,25,40,45,44,52,51,57,53,66,70,71,62,52,54,42,56,64
"23-06-2011",43,77,84,86,87,62,31,30,39,44,52,58,60,63,65,68,64,60,54,38,39,28,49,43
"24-06-2011",40,68,62,77,77,49,28,20,40,40,53,65,67,59,59,67,56,65,51,50,38,25,13,14
"25-06-2011",7,18,8,3,13,10,3,8,5,31,41,83,105,126,131,134,117,94,44,45,42,18,28,54
"26-06-2011",56,69,72,74,81,73,72,65,73,80,79,75,69,80,89,89,93,91,91,83,63,48,62,65
"27-06-2011",60,43,59,38,78,67,65,61,48,49,57,66,58,73,73,69,74,74,68,59,54,20,33,54
"28-06-2011",49,52,41,46,38,12,8,23,37,65,62,100,104,96,101,114,117,103,109,109,108,107,97,34
"29-06-2011",35,22,25,25,31,23,8,9,25,31,51,100,113,118,113,108,107,103,102,101,102,98,91,55
"30-06-2011",56,21,7,7,6,6,4,8,24,22,82,96,94,83,87,86,85,84,77,76,67,68,75,77
"01-07-2011",73,67,57,33,38,9,3,4,11,18,34,73,85,75,73,63,71,88,67,72,76,31,24,44
"02-07-2011",37,48,56,36,13,7,3,4,11,48,98,100,114,107,87,81,85,84,88,87,74,85,83,77
"03-07-2011",85,80,82,77,76,71,15,16,35,54,74,70,64,65,83,89,89,81,77,65,53,40,46,29
"04-07-2011",26,25,41,37,63,17,7,12,38,35,54,59,47,68,82,95,98,79,78,67,59,36,19,28
"05-07-2011",28,48,46,29,13,11,4,7,16,11,18,88,108,113,134,107,103,91,91,91,82,68,76,77
"06-07-2011",55,54,61,48,22,15,9,7,26,36,45,51,49,61,61,62,88,80,76,82,81,59,55,61
"07-07-2011",60,68,69,77,38,11,13,18,44,39,51,80,106,116,102,107,105,86,70,48,30,25,39,23
"08-07-2011",35,46,27,25,19,13,5,6,26,38,54,49,52,64,72,69,81,72,59,43,35,24,38,40
"09-07-2011",33,31,15,14,39,65,32,36,55,71,75,70,73,72,73,71,73,71,68,58,38,32,47,50
"10-07-2011",57,22,41,69,86,76,53,45,71,80,89,89,90,92,96,94,96,91,87,70,52,54,48,28
"11-07-2011",50,80,77,66,63,45,31,30,39,51,54,52,58,62,75,77,73,62,64,56,45,45,51,38
"12-07-2011",65,67,49,86,89,58,29,37,42,54,65,61,50,54,60,55,62,55,44,33,32,44,36,60
"13-07-2011",59,68,73,82,77,49,14,15,37,36,45,60,61,58,65,71,73,67,59,49,42,36,38,45
"14-07-2011",39,63,75,69,70,42,16,26,38,50,61,75,85,69,99,79,65,64,45,31,26,20,34,27
"15-07-2011",37,51,54,63,51,7,4,9,29,48,86,53,63,93,106,116,111,69,55,32,31,19,20,18
"16-07-2011",23,21,42,7,8,10,7,5,14,38,45,52,111,132,140,115,107,105,87,45,36,61,51,8
"17-07-2011",14,13,5,3,2,3,3,6,6,19,46,80,136,151,122,95,126,114,112,94,86,90,70,36
"18-07-2011",26,36,44,24,28,4,2,2,4,13,21,25,35,46,93,105,103,6,3,5,11,33,28,27
"19-07-2011",21,30,23,9,2,1,1,2,3,11,24,78,97,158,192,173,109,113,102,113,105,112,100,93
"20-07-2011",24,1,2,8,20,3,1,1,2,3,35,89,84,62,68,62,83,104,116,111,98,77,37,41
"21-07-2011",58,63,69,67,76,39,8,8,16,27,34,43,44,54,31,45,60,60,52,31,25,24,61,67
"22-07-2011",60,41,59,76,56,19,4,8,22,19,37,51,36,45,58,95,93,76,65,69,74,49,47,38
"23-07-2011",52,47,27,20,20,17,5,5,11,25,66,88,86,86,116,105,103,93,93,95,86,65,73,83
"24-07-2011",89,63,48,41,38,26,10,16,20,48,63,59,40,123,113,124,127,123,103,95,100,96,92,61
"25-07-2011",42,23,39,43,38,22,14,12,28,31,41,43,42,43,61,77,82,73,77,74,58,30,48,59
"26-07-2011",52,55,56,58,55,21,20,25,27,37,58,85,81,86,75,71,71,59,52,43,8,21,57,64
"27-07-2011",48,51,56,59,46,17,12,10,10,26,35,26,66,65,79,77,80,66,69,60,31,36,58,77
"28-07-2011",53,26,4,7,4,4,3,4,6,12,27,11,30,74,150,188,159,98,94,14,18,17,19,17
"29-07-2011",6,17,7,7,10,5,3,4,10,23,45,-9999,93,96,97,81,94,90,91,87,74,68,70,61
"30-07-2011",56,61,46,47,20,15,6,5,19,31,50,52,61,84,88,97,102,88,83,78,72,21,35,56
"31-07-2011",49,28,35,28,16,6,9,8,28,41,68,90,111,120,124,107,98,93,87,88,83,82,81,58
"01-08-2011",57,49,42,18,14,5,5,5,8,9,24,44,106,114,85,95,102,102,106,92,95,79,56,44
"02-08-2011",30,25,68,78,49,38,32,42,47,57,62,72,84,73,99,104,91,96,86,72,45,45,51,56
"03-08-2011",43,56,63,79,91,61,26,44,63,57,69,67,77,72,74,80,90,84,76,60,57,62,60,70
"04-08-2011",68,72,68,53,62,35,21,37,49,66,81,91,77,108,83,115,109,91,80,60,34,48,30,53
"05-08-2011",23,40,48,42,18,9,4,7,22,20,38,86,59,95,94,92,159,125,44,50,36,31,44,44
"06-08-2011",42,62,71,75,73,55,43,53,58,61,64,69,66,70,71,70,72,74,72,66,55,43,37,40
"07-08-2011",38,49,65,54,42,51,32,37,39,57,59,95,106,106,88,80,86,84,65,60,47,39,34,30
"08-08-2011",40,59,35,21,35,24,6,11,23,54,85,53,70,102,100,117,136,120,88,31,38,28,35,33
"09-08-2011",39,42,42,57,15,10,5,5,6,12,32,86,98,94,128,142,108,81,93,56,57,59,64,25
"10-08-2011",30,9,9,8,24,16,2,4,3,10,10,36,102,95,105,35,90,90,60,47,76,60,55,39
"11-08-2011",58,66,68,64,66,62,33,41,43,43,48,54,58,62,63,61,66,67,68,48,44,40,49,54
"12-08-2011",65,69,60,58,46,37,35,23,33,37,50,47,68,65,59,55,82,88,85,73,58,42,41,44
"13-08-2011",43,42,26,33,27,15,13,28,43,62,56,68,45,90,119,120,106,98,97,68,59,64,61,67
"14-08-2011",56,47,37,28,43,33,16,6,20,63,56,78,95,103,106,113,116,107,89,80,69,54,56,50
"15-08-2011",38,35,43,32,40,43,9,23,44,48,27,25,58,103,105,105,105,89,78,81,45,15,39,61
"16-08-2011",48,25,24,27,33,2,3,8,22,51,38,28,69,107,102,117,126,124,92,56,2,11,21,9
"17-08-2011",28,10,27,22,9,6,28,28,42,55,69,63,65,67,67,70,71,67,64,58,38,48,66,67
"18-08-2011",76,40,78,80,59,40,15,5,36,49,57,67,68,68,69,71,71,64,51,48,51,50,46,57
"19-08-2011",58,64,42,40,31,39,22,25,26,48,52,61,65,68,70,74,73,68,68,58,43,45,56,53
"20-08-2011",64,90,84,85,67,48,41,49,79,80,84,84,82,79,84,84,87,88,78,69,54,55,67,44
"21-08-2011",41,27,50,83,78,54,51,63,74,80,83,84,91,88,88,83,82,78,77,73,40,50,62,72
"22-08-2011",78,84,79,77,74,57,41,35,46,48,56,64,66,65,68,66,62,63,54,51,50,60,60,51
"23-08-2011",43,51,60,66,79,68,47,37,38,47,51,58,59,54,58,54,64,61,68,41,46,55,56,54
"24-08-2011",61,74,74,79,71,55,37,40,42,44,46,40,-9999,48,63,65,62,71,65,60,57,63,74,74
"25-08-2011",79,84,88,83,74,61,31,28,38,56,62,69,71,76,83,81,75,72,66,53,49,72,85,80
"26-08-2011",76,72,70,71,61,31,9,19,33,42,53,51,60,58,58,67,69,68,68,61,63,58,69,70
"27-08-2011",72,78,80,88,78,65,55,53,62,68,73,76,79,76,78,82,69,78,79,71,68,73,73,63
"28-08-2011",68,72,73,69,62,51,40,52,62,68,74,79,84,81,80,74,79,84,77,67,64,55,69,71
"29-08-2011",59,64,69,72,72,54,44,36,42,49,62,66,72,73,63,51,67,63,66,54,35,54,58,61
"30-08-2011",50,42,37,37,38,14,5,6,-9999,-9999,-9999,-9999,-9999,-9999,-9999,-9999,-9999,-9999,-9999,-9999,-9999,-9999,-9999,-9999
"31-08-2011",-9999,-9999,-9999,-9999,-9999,-9999,-9999,-9999,8,12,17,73,95,113,103,75,73,74,77,68,59,54,47,59
"01-09-2011",49,43,32,30,30,15,6,6,9,15,28,69,51,63,94,90,107,82,103,68,41,33,69,63
"02-09-2011",24,12,12,6,6,7,6,7,12,15,43,37,79,79,105,98,90,88,103,34,77,57,69,54
"03-09-2011",8,6,7,12,8,7,7,6,6,19,59,74,98,97,128,129,120,109,65,55,52,48,55,42
"04-09-2011",32,69,79,44,83,124,94,79,66,58,70,77,74,84,86,85,89,75,62,49,33,50,43,25
"05-09-2011",23,29,48,44,49,48,28,29,33,41,49,56,49,67,72,73,70,80,53,42,31,30,27,45
"06-09-2011",36,46,44,29,14,8,7,7,17,30,53,74,84,144,130,66,81,109,61,10,22,20,29,42
"07-09-2011",66,77,91,85,87,53,37,25,33,42,55,62,58,57,64,74,78,69,59,52,52,48,61,60
"08-09-2011",73,56,49,73,49,29,24,42,46,58,61,67,70,75,80,87,87,68,67,55,61,22,32,54
"09-09-2011",75,81,82,76,39,8,6,6,13,20,28,83,80,84,91,84,89,87,97,95,93,81,72,8
"10-09-2011",16,8,16,45,34,17,6,7,33,54,80,88,119,107,121,74,87,82,84,67,54,42,46,55
"11-09-2011",54,54,29,34,26,21,12,9,24,59,71,79,79,78,82,107,108,104,85,81,19,20,30,30
"12-09-2011",39,47,63,60,43,17,10,13,41,51,-9999,-9999,57,77,56,58,95,80,42,29,25,22,23,22
"13-09-2011",36,54,72,57,56,31,20,12,26,40,47,58,65,61,63,58,59,45,36,12,8,11,4,7
"14-09-2011",5,2,2,2,4,21,7,3,16,26,31,62,59,59,76,72,81,101,41,4,2,2,12,30
"15-09-2011",11,13,5,10,7,2,1,2,2,5,14,26,35,65,78,87,125,107,86,36,27,14,12,20
"16-09-2011",-9999,-9999,-9999,-9999,-9999,-9999,-9999,-9999,-9999,-9999,-9999,-9999,-9999,-9999,-9999,-9999,-9999,-9999,-9999,-9999,-9999,-9999,-9999,-9999
"17-09-2011",-9999,-9999,-9999,-9999,-9999,-9999,-9999,-9999,-9999,-9999,-9999,-9999,-9999,-9999,-9999,-9999,-9999,-9999,-9999,-9999,-9999,-9999,-9999,-9999
"18-09-2011",-9999,-9999,-9999,-9999,-9999,-9999,-9999,-9999,-9999,-9999,-9999,-9999,-9999,-9999,-9999,-9999,-9999,-9999,-9999,-9999,-9999,-9999,-9999,-9999
"19-09-2011",-9999,-9999,-9999,-9999,-9999,-9999,-9999,-9999,-9999,-9999,-9999,13,40,83,86,97,83,80,70,74,70,68,69,68
"20-09-2011",77,67,74,79,71,52,3,3,7,15,40,53,63,61,21,31,15,37,55,52,27,61,78,86
"21-09-2011",89,77,69,31,34,19,36,5,9,12,30,36,59,59,55,52,52,55,41,24,23,29,48,51
"22-09-2011",51,66,63,67,68,48,27,24,40,33,46,53,50,59,70,72,64,52,52,51,39,42,55,49
"23-09-2011",19,21,40,47,48,21,14,9,31,24,41,46,52,44,49,66,62,59,49,37,27,21,8,16
"24-09-2011",7,-9999,-9999,-9999,-9999,-9999,-9999,-9999,-9999,-9999,-9999,-9999,-9999,-9999,-9999,-9999,-9999,-9999,-9999,-9999,-9999,-9999,-9999,-9999
"25-09-2011",-9999,-9999,-9999,-9999,-9999,-9999,-9999,-9999,-9999,-9999,-9999,-9999,-9999,-9999,-9999,-9999,-9999,-9999,-9999,-9999,-9999,-9999,31,77
"26-09-2011",63,74,65,70,72,30,9,5,26,36,43,51,61,60,52,49,55,50,50,34,33,34,42,55
"27-09-2011",66,59,67,74,66,55,31,22,27,41,40,46,49,47,50,54,58,57,49,43,42,50,55,71
"28-09-2011",61,68,65,67,61,42,17,12,21,34,43,58,59,66,61,62,61,62,49,52,50,48,70,70
"29-09-2011",54,68,59,74,70,42,28,31,37,42,46,55,52,55,55,49,55,51,48,41,42,34,47,59
"30-09-2011",61,66,75,55,57,24,10,17,19,38,43,42,42,49,46,54,51,43,31,24,22,21,21,35
"01-10-2011",35,45,45,50,45,26,11,9,21,35,37,41,43,42,43,48,53,47,46,38,43,43,41,34
"02-10-2011",39,36,30,33,48,37,15,33,39,42,48,47,49,50,51,51,46,40,37,27,24,15,22,18
"03-10-2011",18,18,46,60,44,26,4,7,8,21,27,32,42,47,53,53,51,39,31,26,16,23,23,27
"04-10-2011",41,47,61,48,51,29,18,11,10,26,36,45,41,47,53,34,35,36,85,30,12,12,26,25
"05-10-2011",28,27,26,37,32,15,4,3,6,23,39,57,55,66,81,130,127,128,105,64,40,27,45,18
"06-10-2011",5,2,21,18,13,3,2,2,3,7,19,16,21,56,79,102,138,113,110,87,84,61,67,25
"07-10-2011",5,6,12,16,8,2,2,2,3,7,24,63,74,91,99,94,96,85,82,72,47,23,16,42
"08-10-2011",53,59,56,51,40,12,3,6,5,24,56,63,75,69,60,60,61,61,59,58,59,61,69,73
"09-10-2011",76,73,71,65,58,35,19,57,29,-9999,20,36,41,65,62,62,65,63,30,29,19,25,7,9
"10-10-2011",53,66,70,57,33,18,6,5,5,8,12,16,11,11,16,18,27,26,26,26,31,34,36,36
"11-10-2011",35,40,37,43,41,36,30,18,18,19,24,28,29,31,27,29,29,27,23,23,19,15,20,30
"12-10-2011",25,30,42,28,35,19,7,6,7,12,16,30,37,36,43,58,53,47,10,6,4,4,3,3
"13-10-2011",3,3,3,2,3,3,3,3,3,3,10,12,18,55,81,69,83,92,93,78,72,78,61,14
"14-10-2011",6,3,3,4,6,3,3,3,5,18,32,33,35,31,45,42,24,25,25,24,27,27,30,35
"15-10-2011",39,39,40,41,35,26,19,25,23,13,19,15,18,18,21,28,34,31,26,27,28,29,30,36
"16-10-2011",35,41,37,31,30,24,28,35,38,38,36,30,29,32,37,30,21,16,17,22,26,29,37,35
"17-10-2011",36,47,47,45,44,25,14,8,12,16,18,17,19,20,23,29,33,30,23,12,13,25,13,19
"18-10-2011",11,35,32,38,30,4,3,2,5,15,30,32,39,58,48,50,63,67,65,39,23,3,2,2
"19-10-2011",3,2,4,6,5,2,2,2,2,4,14,40,52,73,79,86,88,81,54,28,4,10,4,3
"20-10-2011",3,3,4,5,12,8,3,2,3,5,26,59,70,70,74,84,89,89,74,69,85,45,3,2
"21-10-2011",3,5,14,19,7,2,2,2,3,4,28,50,46,45,60,79,89,88,75,55,29,4,3,2
"22-10-2011",2,2,2,3,2,2,2,2,3,4,20,43,56,56,57,53,54,51,49,39,36,28,22,29
"23-10-2011",20,43,27,19,22,18,6,10,16,32,43,48,50,40,50,47,49,40,32,32,24,19,21,30
"24-10-2011",59,62,63,60,38,12,8,5,6,16,25,38,32,28,26,27,31,20,19,16,12,11,21,31
"25-10-2011",18,20,9,24,23,8,6,3,5,13,22,24,25,21,24,32,33,24,21,25,23,15,29,24
"26-10-2011",38,36,31,31,48,36,20,14,14,20,23,18,13,20,24,22,20,17,22,25,25,33,28,49
"27-10-2011",48,55,53,45,42,36,21,15,13,15,23,20,19,23,31,27,24,28,23,16,19,19,31,36
"28-10-2011",32,36,37,36,30,19,22,16,24,32,47,63,71,55,64,63,59,57,54,49,37,43,46,42
"29-10-2011",51,52,56,65,59,40,19,16,20,31,40,48,49,54,56,56,57,58,50,49,48,44,48,52
"30-10-2011",64,67,66,68,71,68,55,52,52,56,54,52,54,50,51,56,54,49,41,34,26,21,19,8
"31-10-2011",17,33,43,43,41,34,11,4,3,12,-9999,-9999,40,39,36,32,31,17,13,24,24,8,14,20
"01-11-2011",25,12,14,15,9,2,2,3,9,23,39,43,26,30,47,61,56,45,59,18,2,2,2,2
"02-11-2011",2,12,23,24,17,2,2,3,7,24,46,54,53,58,55,50,28,20,9,12,22,23,44,52
"03-11-2011",47,59,62,60,41,19,5,6,9,22,28,34,26,26,24,25,23,12,6,3,5,4,4,15
"04-11-2011",38,48,44,62,51,19,13,4,10,14,22,28,36,24,23,22,19,7,11,7,10,6,5,3
"05-11-2011",5,11,14,25,6,3,3,5,19,44,53,65,68,-9999,75,38,44,42,9,6,5,6,8,9
"06-11-2011",13,14,18,16,9,8,11,6,20,39,49,59,58,89,85,58,34,34,12,13,9,8,8,9
"07-11-2011",10,13,13,12,14,8,4,4,6,15,22,29,32,25,22,21,13,7,6,6,5,5,5,8
"08-11-2011",10,15,19,17,19,4,3,3,6,15,23,28,31,27,25,24,24,12,5,4,4,6,5,5
"09-11-2011",11,23,31,22,26,5,4,4,5,6,10,15,11,21,28,20,17,30,35,26,8,4,4,4
"10-11-2011",4,3,3,3,3,3,3,3,3,4,5,14,16,32,52,56,32,8,6,6,7,6,7,14
"11-11-2011",26,34,33,28,27,14,7,8,10,17,19,24,28,25,21,23,26,21,21,18,23,26,29,34
"12-11-2011",40,44,44,46,44,35,27,29,26,28,30,33,35,27,23,23,22,24,24,28,27,27,32,31
"13-11-2011",39,41,41,49,48,45,36,-9999,-9999,-9999,-9999,-9999,-9999,-9999,-9999,-9999,-9999,-9999,-9999,-9999,-9999,-9999,-9999,-9999
"14-11-2011",-9999,-9999,-9999,-9999,-9999,-9999,-9999,-9999,-9999,-9999,-9999,-9999,-9999,-9999,-9999,-9999,-9999,-9999,-9999,-9999,-9999,-9999,-9999,-9999
"15-11-2011",-9999,-9999,-9999,-9999,-9999,-9999,-9999,-9999,-9999,-9999,-9999,28,18,29,24,24,22,30,31,35,32,34,40,47
"16-11-2011",53,56,58,52,36,30,15,14,20,22,24,25,25,27,25,25,26,12,8,10,5,6,19,27
"17-11-2011",30,13,29,23,38,8,4,9,14,25,17,26,29,27,27,22,23,19,12,7,8,14,19,26
"18-11-2011",34,42,41,36,27,13,3,3,6,11,20,25,31,35,35,29,24,18,16,12,8,5,3,10
"19-11-2011",4,4,4,9,10,4,3,3,4,-9999,-9999,-9999,-9999,-9999,-9999,-9999,20,9,4,4,3,3,3,4
"20-11-2011",4,7,4,8,6,8,3,3,7,21,47,58,68,78,57,62,44,26,23,17,7,21,19,4
"21-11-2011",3,7,5,3,3,2,2,2,3,11,37,45,65,62,41,27,21,6,6,4,3,3,3,3
"22-11-2011",3,34,8,6,4,2,2,3,3,6,26,41,33,49,71,65,33,40,32,22,4,3,4,3
"23-11-2011",3,5,15,15,24,7,3,3,5,9,19,27,38,57,29,17,13,8,5,5,6,4,5,11
"24-11-2011",12,16,25,23,19,3,3,3,4,14,24,34,37,27,32,27,22,20,19,6,5,17,27,35
"25-11-2011",41,44,51,49,42,16,11,6,9,15,21,21,21,28,33,30,16,13,11,17,7,10,13,16
"26-11-2011",10,8,9,18,4,3,2,2,3,11,31,32,33,31,30,20,20,13,14,7,6,13,15,23
"27-11-2011",18,26,23,24,16,24,26,29,32,30,36,35,43,55,57,49,40,25,13,13,9,8,3,3
"28-11-2011",2,2,4,6,4,2,2,2,2,4,18,32,40,38,44,43,43,28,6,3,4,4,3,4
"29-11-2011",3,3,2,2,2,2,2,2,2,3,12,22,20,21,25,29,25,20,18,12,21,21,19,16
"30-11-2011",24,44,30,14,11,6,3,2,3,6,21,37,34,33,26,21,25,20,12,6,4,3,3,3
"01-12-2011",3,3,4,5,4,3,2,2,2,3,23,33,57,54,48,45,31,10,4,4,4,4,4,3
"02-12-2011",3,3,2,2,2,2,2,2,2,3,7,24,20,25,40,55,37,25,14,3,3,4,4,4
"03-12-2011",3,3,2,2,2,2,2,2,2,3,11,38,43,53,67,66,50,48,31,24,33,38,3,4
"04-12-2011",4,3,3,3,2,2,2,2,2,3,11,33,47,59,63,56,57,49,20,3,3,4,4,4
"05-12-2011",3,3,3,3,2,2,2,2,2,2,10,24,-9999,-9999,-9999,-9999,-9999,-9999,-9999,-9999,-9999,-9999,-9999,-9999
"06-12-2011",-9999,-9999,-9999,-9999,-9999,-9999,-9999,-9999,22,31,34,41,35,25,24,17,13,16,29,39,9,4,7,11
"07-12-2011",2,3,2,2,2,2,2,2,2,3,7,13,22,15,8,8,7,22,23,15,23,18,23,28
"08-12-2011",17,31,28,34,33,11,2,2,2,5,18,23,30,33,38,35,44,17,5,7,15,24,28,28
"09-12-2011",43,51,51,51,50,29,13,4,11,22,35,38,49,54,34,40,55,33,15,8,3,3,3,3
"10-12-2011",3,3,2,2,2,2,2,2,2,3,15,31,35,41,51,55,49,34,8,3,3,3,4,4
"11-12-2011",3,3,2,2,2,2,2,2,2,2,3,13,25,34,33,73,38,28,5,3,3,3,3,3
"12-12-2011",3,3,3,2,2,2,2,2,2,2,3,8,22,26,46,31,29,28,13,5,3,3,3,3
"13-12-2011",3,2,4,2,2,2,1,2,1,1,1,5,13,22,31,34,20,-9999,-9999,7,2,2,3,2
"14-12-2011",3,4,3,2,2,2,2,2,1,2,4,7,16,26,24,22,20,20,7,4,3,8,8,11
"15-12-2011",3,3,2,2,2,2,1,1,1,2,11,12,19,29,29,34,42,25,12,14,10,5,11,23
"16-12-2011",16,2,2,2,2,2,1,2,5,11,20,32,39,40,41,31,23,27,25,34,16,8,15,6
"17-12-2011",23,21,29,29,32,10,-9999,42,45,50,44,47,49,47,49,45,52,55,58,55,45,28,33,45
"18-12-2011",58,46,48,55,59,39,19,8,23,22,17,19,16,18,23,12,13,3,10,2,4,3,6,8
"19-12-2011",12,20,19,19,35,33,16,38,29,26,36,36,36,49,37,31,37,44,44,32,20,15,29,24
"20-12-2011",20,16,6,5,1,1,8,17,12,14,-9999,-9999,36,32,27,24,17,26,24,18,21,22,41,43
"21-12-2011",49,46,54,51,33,35,9,5,5,8,26,48,59,64,66,67,64,68,65,54,60,65,66,72
"22-12-2011",72,82,83,85,84,75,81,81,74,73,73,71,72,72,74,62,15,9,10,8,12,12,29,40
"23-12-2011",44,52,50,40,34,41,27,28,16,16,19,19,13,12,19,25,18,16,15,21,8,14,25,35
"24-12-2011",36,48,52,54,37,24,13,9,13,26,24,26,34,27,23,18,13,7,7,4,8,9,6,11
"25-12-2011",14,20,20,21,25,22,18,22,30,38,45,46,46,46,49,50,45,38,32,24,24,23,25,36
"26-12-2011",37,45,57,64,53,49,52,53,53,52,55,52,46,44,44,45,40,28,15,16,20,17,19,29
"27-12-2011",33,33,26,27,21,10,8,5,11,20,22,27,28,30,30,24,17,9,6,6,8,8,7,7
"28-12-2011",7,6,7,5,5,2,2,3,3,4,9,22,22,25,27,21,14,8,5,4,4,4,20,33
"29-12-2011",31,16,23,13,6,3,3,3,3,4,12,20,30,40,42,38,28,37,21,14,4,4,4,3
"30-12-2011",3,3,2,2,3,3,3,3,3,3,11,43,49,54,55,55,39,29,13,18,41,12,4,3
"31-12-2011",3,3,3,3,2,3,3,2,2,4,9,18,28,30,30,24,27,29,29,35,35,30,33,40
