"01-01-2013",2,2,4,3,4,1,1,1,1,3,7,7,5,8,11,8,10,10,6,4,8,11,6,4
"02-01-2013",3,2,4,3,2,3,1,6,8,6,7,6,8,8,9,9,13,7,4,3,4,3,2,2
"03-01-2013",1,1,1,1,1,2,2,3,2,2,2,2,3,4,3,2,2,2,2,3,3,2,2,2
"04-01-2013",1,1,1,2,2,2,2,4,6,6,5,4,2,3,4,2,3,5,4,4,4,4,3,2
"05-01-2013",2,1,1,1,1,1,2,1,2,2,2,2,3,3,2,3,6,4,6,3,3,3,3,2
"06-01-2013",1,1,1,1,1,1,1,1,1,1,1,1,1,1,1,1,1,1,1,1,1,2,2,1
"07-01-2013",1,1,1,1,1,1,1,1,1,3,3,4,2,1,1,1,1,1,1,1,1,2,1,1
"08-01-2013",1,1,1,1,1,1,1,1,1,1,1,1,1,1,1,2,2,2,2,1,2,1,1,1
"09-01-2013",1,1,1,1,2,2,1,4,10,4,3,3,5,7,8,9,3,4,5,6,9,5,10,9
"10-01-2013",4,3,3,3,3,3,4,6,11,18,26,16,15,24,32,25,29,22,18,20,26,25,20,16
"11-01-2013",6,6,3,3,6,15,5,9,9,28,39,25,23,16,14,14,19,11,14,15,25,28,18,14
"12-01-2013",13,20,32,17,14,10,11,9,4,4,3,3,2,2,2,2,2,2,1,1,1,1,1,1
"13-01-2013",1,1,1,1,1,1,3,1,2,3,8,2,6,11,24,18,17,7,3,2,2,3,4,2
"14-01-2013",2,1,1,1,1,1,1,2,3,2,2,3,3,4,5,6,5,5,7,7,5,4,3,4
"15-01-2013",3,2,10,22,35,18,11,5,5,11,13,23,30,43,38,39,40,21,18,14,8,10,5,4
"16-01-2013",3,2,2,1,3,3,4,6,14,13,10,6,5,6,5,8,12,13,14,14,13,12,8,7
"17-01-2013",5,2,2,2,1,3,5,6,5,4,7,17,32,7,12,13,5,11,17,17,14,12,12,17
"18-01-2013",6,3,3,1,2,5,4,10,21,20,32,14,26,18,21,7,3,6,3,1,3,4,5,4
"19-01-2013",3,2,1,4,11,1,8,1,1,1,3,4,5,4,6,12,13,9,6,13,6,5,5,5
"20-01-2013",4,2,1,2,1,1,2,3,2,4,13,10,14,19,13,15,14,12,14,16,16,17,12,13
"21-01-2013",10,6,6,3,1,2,2,2,5,3,14,13,11,34,44,21,20,11,18,21,14,10,11,6
"22-01-2013",6,4,3,7,3,2,2,3,4,4,4,5,17,29,25,27,31,21,17,23,27,25,18,9
"23-01-2013",4,3,3,3,3,1,1,4,4,4,3,4,4,3,3,5,5,17,20,8,5,10,9,5
"24-01-2013",3,2,2,1,1,2,2,2,1,1,2,28,42,33,37,15,4,7,14,4,8,3,3,4
"25-01-2013",8,16,8,3,5,8,8,5,4,10,22,14,16,9,51,40,3,2,2,2,3,2,2,2
"26-01-2013",1,1,1,3,3,3,4,3,3,4,4,4,4,4,4,3,4,3,3,3,3,3,3,2
"27-01-2013",2,2,2,2,1,1,1,1,1,1,1,2,1,1,1,1,10,2,2,1,1,1,1,1
"28-01-2013",2,3,3,3,10,11,7,14,13,15,9,8,7,6,5,6,9,7,3,2,3,3,4,7
"29-01-2013",3,1,1,1,1,1,2,9,6,4,3,4,3,2,2,2,2,2,2,2,2,2,3,5
"30-01-2013",5,3,3,3,2,2,1,4,7,4,3,3,4,4,3,2,3,3,3,3,3,2,2,1
"31-01-2013",1,3,5,4,3,3,5,2,2,6,6,7,3,3,2,1,2,2,1,2,1,1,1,1
"01-02-2013",1,1,1,1,1,1,2,6,7,8,11,13,5,8,16,18,22,21,23,12,4,2,21,11
"02-02-2013",8,8,10,11,3,2,1,8,8,14,6,25,12,16,21,27,24,27,11,13,13,5,4,7
"03-02-2013",5,3,1,2,2,2,3,3,4,4,3,4,4,3,4,4,5,8,11,9,2,2,2,1
"04-02-2013",1,1,1,2,1,1,2,3,1,3,1,7,5,3,3,5,14,42,37,23,13,4,2,1
"05-02-2013",1,1,1,1,1,1,1,3,10,4,2,3,6,15,14,14,27,18,13,18,17,10,4,3
"06-02-2013",4,10,2,2,1,2,5,8,5,15,11,34,17,12,13,12,18,23,15,16,23,7,3,4
"07-02-2013",5,6,2,2,2,2,6,10,10,10,8,10,16,15,11,12,12,8,3,2,1,1,7,3
"08-02-2013",1,2,5,3,2,1,1,2,2,2,1,1,2,1,1,1,1,1,1,1,1,1,1,1
"09-02-2013",1,1,1,1,1,1,1,3,7,16,11,9,12,13,16,14,15,15,13,21,31,12,5,11
"10-02-2013",6,10,9,8,13,44,14,5,11,7,9,9,7,5,3,2,3,3,7,8,4,3,1,1
"11-02-2013",1,1,2,2,2,1,1,1,2,2,2,3,2,2,3,3,3,2,1,1,1,1,1,1
"12-02-2013",1,2,1,1,1,1,1,1,3,2,3,5,7,14,12,5,4,4,3,3,4,4,3,3
"13-02-2013",2,1,1,1,1,1,1,2,6,6,8,8,7,6,3,2,4,3,2,2,2,1,1,1
"14-02-2013",1,1,1,1,1,1,1,1,2,3,2,1,3,3,2,2,1,4,3,1,1,3,2,1
"15-02-2013",2,2,2,2,2,1,2,2,3,1,2,1,1,2,7,20,10,11,16,16,18,20,14,13
"16-02-2013",8,3,3,1,1,1,1,1,1,1,1,2,1,2,1,1,1,1,1,1,1,1,1,1
"17-02-2013",1,1,1,1,1,1,1,1,1,1,3,2,3,4,4,4,8,7,2,3,2,1,2,5
"18-02-2013",1,1,3,2,1,1,1,1,2,2,5,4,4,5,4,4,6,4,3,3,2,2,2,2
"19-02-2013",1,1,1,1,1,1,1,2,3,3,3,2,5,4,4,5,5,4,3,2,2,2,2,3
"20-02-2013",2,1,1,1,1,1,2,6,4,6,4,2,3,3,3,6,9,16,8,5,5,3,4,4
"21-02-2013",4,2,1,1,1,1,1,1,1,3,3,3,3,2,2,2,2,2,2,3,2,2,2,1
"22-02-2013",1,1,1,1,1,1,1,1,1,3,3,2,3,4,2,3,3,2,4,5,4,3,1,1
"23-02-2013",1,1,1,1,1,1,1,1,5,11,12,12,10,11,18,12,7,3,4,5,5,3,3,3
"24-02-2013",2,2,1,1,1,1,1,1,1,1,2,2,2,2,2,3,3,3,3,3,3,4,3,3
"25-02-2013",3,2,1,1,1,1,1,1,2,2,2,3,4,4,4,4,4,4,5,4,3,3,2,3
"26-02-2013",1,1,1,1,1,1,1,4,3,2,1,2,6,5,4,3,14,18,10,13,10,2,2,2
"27-02-2013",1,1,1,1,1,1,1,1,7,2,1,1,5,2,2,2,1,1,3,3,2,3,1,1
"28-02-2013",2,1,1,1,1,1,1,1,2,1,1,2,3,4,4,4,5,13,23,13,9,7,9,12
"01-03-2013",6,1,1,1,1,1,1,5,7,12,19,3,3,4,4,7,9,15,13,8,5,6,3,2
"02-03-2013",2,1,8,2,1,1,1,2,1,9,9,11,11,6,3,3,2,2,2,1,1,1,1,1
"03-03-2013",1,1,1,1,1,1,1,1,1,1,1,2,3,3,2,3,3,4,4,2,1,1,1,1
"04-03-2013",3,3,2,2,1,2,2,2,3,2,4,3,2,3,2,2,2,1,1,1,1,2,1,1
"05-03-2013",1,2,1,1,1,1,1,2,2,3,5,5,10,16,14,7,7,8,14,13,16,8,5,5
"06-03-2013",6,4,5,4,6,4,3,5,3,6,12,10,9,10,9,9,8,12,18,12,14,18,16,10
"07-03-2013",8,7,15,37,10,4,3,5,5,4,3,3,8,15,15,23,15,16,17,13,12,16,10,11
"08-03-2013",12,10,7,5,4,5,4,8,20,16,29,22,18,15,22,15,13,15,18,12,10,16,24,26
"09-03-2013",11,9,5,5,2,4,2,1,6,9,9,9,7,8,6,8,8,5,4,7,4,3,3,5
"10-03-2013",14,4,1,1,2,2,4,3,7,7,6,4,4,9,7,6,10,6,11,11,8,8,6,6
"11-03-2013",2,1,1,1,4,5,6,5,7,5,4,4,9,14,7,8,13,13,13,10,6,12,4,1
"12-03-2013",1,1,1,1,1,1,1,2,2,7,6,7,3,8,6,1,1,1,1,1,2,7,6,5
"13-03-2013",3,2,1,1,1,2,1,6,7,16,6,12,6,4,5,5,7,8,9,7,6,9,5,4
"14-03-2013",2,2,1,2,1,1,3,4,6,6,8,10,9,8,7,5,4,4,3,4,5,2,4,10
"15-03-2013",8,5,3,3,4,3,4,6,14,21,9,5,4,3,9,8,7,13,2,1,2,2,1,1
"16-03-2013",1,1,1,1,1,1,1,1,1,1,1,1,1,1,1,1,1,1,1,1,2,1,1,1
"17-03-2013",1,1,1,1,1,1,1,1,1,1,1,2,3,3,1,3,2,4,7,4,8,11,6,3
"18-03-2013",4,4,2,1,1,1,1,1,1,1,2,4,4,3,3,4,6,7,14,19,23,17,18,15
"19-03-2013",11,10,8,6,7,8,9,12,14,11,14,20,13,8,8,7,6,8,10,8,3,2,2,2
"20-03-2013",1,1,1,1,1,1,1,16,13,7,8,8,27,18,21,8,7,8,9,9,3,6,2,1
"21-03-2013",1,1,1,1,1,1,1,2,23,30,43,24,14,16,16,14,8,10,26,5,3,2,7,5
"22-03-2013",1,2,2,1,1,1,2,2,1,1,1,1,1,1,1,1,1,1,1,1,1,2,2,1
"23-03-2013",1,1,1,1,1,1,1,1,1,1,2,1,1,1,1,1,1,1,1,2,4,3,2,1
"24-03-2013",1,1,39,4,5,6,2,3,8,11,6,10,8,6,4,5,5,5,3,2,1,1,1,1
"25-03-2013",1,1,1,1,1,1,1,1,1,2,2,2,3,3,3,3,3,3,3,3,3,4,5,3
"26-03-2013",2,2,2,4,3,3,3,8,13,11,14,7,6,5,2,5,6,6,1,3,13,13,5,3
"27-03-2013",2,3,16,14,9,1,5,4,1,1,2,4,5,5,9,5,5,5,5,8,6,2,2,1
"28-03-2013",2,2,1,1,1,1,1,1,2,3,2,2,2,3,4,2,4,2,4,4,3,2,1,1
"29-03-2013",1,1,1,1,1,1,1,1,6,2,2,2,3,3,2,3,3,3,4,4,2,3,4,7
"30-03-2013",3,2,1,1,1,1,4,5,9,29,25,12,13,15,15,15,16,15,11,12,7,6,18,9
"31-03-2013",2,2,1,1,1,2,5,1,1,2,1,2,3,12,8,7,8,20,13,12,10,7,6,5
"01-04-2013",5,8,7,1,1,1,2,-9999,4,4,5,2,3,3,2,6,7,5,7,11,14,21,13,5
"02-04-2013",3,9,4,2,3,2,1,5,9,7,15,16,23,7,2,2,2,3,2,2,2,2,1,1
"03-04-2013",1,1,1,1,1,1,1,1,4,5,3,1,1,1,1,1,1,-9999,-9999,6,4,2,1,2
"04-04-2013",2,2,2,2,2,2,2,4,4,3,2,6,3,3,3,5,3,3,3,11,15,7,10,12
"05-04-2013",7,3,3,3,3,4,2,11,16,3,8,46,32,23,9,4,7,5,4,4,5,4,3,3
"06-04-2013",3,3,5,10,9,8,8,20,27,16,9,12,11,14,15,13,12,11,11,14,13,9,3,2
"07-04-2013",2,2,2,2,2,2,5,2,3,3,2,2,2,2,3,4,4,3,3,3,3,3,3,3
"08-04-2013",3,3,4,4,3,3,3,4,4,4,4,4,7,4,4,4,4,3,12,6,4,4,4,5
"09-04-2013",5,3,2,3,2,2,2,3,9,13,18,12,18,14,10,8,8,7,8,9,9,13,9,9
"10-04-2013",9,3,3,3,3,3,2,5,10,14,12,18,13,11,9,9,9,11,11,9,10,6,6,12
"11-04-2013",24,9,11,4,3,2,2,7,7,4,3,3,3,3,2,3,2,3,4,13,10,7,6,4
"12-04-2013",3,2,2,2,3,2,3,3,4,5,10,22,16,11,11,9,11,11,11,10,7,6,6,7
"13-04-2013",18,10,5,6,7,5,4,4,5,13,13,10,17,16,17,12,12,11,13,12,7,4,9,7
"14-04-2013",3,3,3,3,2,2,3,3,2,2,3,3,3,2,2,3,6,6,9,8,10,5,3,2
"15-04-2013",2,2,3,3,3,2,2,3,4,3,3,2,3,3,2,3,3,4,4,4,8,7,4,3
"16-04-2013",3,3,3,3,3,2,2,3,3,3,3,3,3,3,3,3,3,3,3,4,3,3,9,6
"17-04-2013",6,3,3,3,3,3,4,3,4,3,4,5,7,4,3,4,3,4,4,6,8,10,7,4
"18-04-2013",4,3,3,3,3,3,9,15,6,11,15,10,8,6,7,11,11,9,11,14,5,12,8,6
"19-04-2013",4,3,3,4,3,3,3,4,4,4,5,5,6,13,11,11,7,9,13,13,10,8,9,9
"20-04-2013",6,4,4,6,22,10,4,4,7,9,9,7,14,11,8,8,6,6,6,6,7,10,15,5
"21-04-2013",7,4,4,4,3,3,4,4,9,10,10,4,3,3,3,3,4,4,6,9,4,4,11,9
"22-04-2013",8,8,3,8,8,7,6,9,5,9,18,9,9,9,7,6,7,7,8,9,9,6,3,3
"23-04-2013",3,3,4,4,4,4,4,14,21,13,16,10,8,8,10,9,10,8,7,10,7,7,5,7
"24-04-2013",6,4,3,4,3,3,3,3,9,9,9,6,5,5,10,12,11,16,11,10,11,8,4,10
"25-04-2013",3,3,4,3,3,4,4,6,10,19,16,5,6,5,8,10,12,13,10,9,7,6,5,5
"26-04-2013",4,4,2,3,3,4,4,4,7,7,8,10,8,6,13,15,11,11,9,10,9,10,12,17
"27-04-2013",13,10,5,5,4,3,3,3,5,14,19,13,9,8,7,7,6,5,8,6,5,8,9,6
"28-04-2013",20,16,3,3,2,3,2,4,6,10,20,15,10,8,8,11,10,10,9,8,9,10,13,8
"29-04-2013",6,5,4,3,3,3,3,4,11,32,26,5,7,11,14,18,20,13,16,16,4,14,30,31
"30-04-2013",5,3,3,3,3,3,8,7,6,22,25,8,4,3,4,6,6,6,9,9,11,7,4,4
"01-05-2013",3,8,23,5,3,3,2,3,5,9,6,7,28,15,10,20,39,9,8,8,10,9,19,14
"02-05-2013",12,6,3,3,3,2,2,3,6,20,47,23,15,9,6,7,7,6,12,12,6,12,7,4
"03-05-2013",4,5,8,14,9,6,5,7,7,20,33,17,8,5,7,10,6,5,8,7,8,18,8,18
"04-05-2013",15,5,4,3,3,3,7,10,6,4,4,5,4,3,3,3,4,5,9,7,7,8,5,20
"05-05-2013",23,8,4,4,5,3,3,3,9,6,7,5,4,4,6,8,10,7,10,8,12,10,8,4
"06-05-2013",18,6,4,7,13,3,3,9,10,7,9,6,6,5,6,6,5,5,6,5,7,9,13,15
"07-05-2013",8,21,10,4,4,4,3,3,12,10,11,11,9,7,9,7,8,11,9,8,5,5,4,3
"08-05-2013",3,2,2,3,4,3,4,4,8,19,35,16,18,16,11,9,9,10,9,8,4,37,8,4
"09-05-2013",4,4,4,4,4,4,4,4,4,5,5,4,4,3,4,3,4,4,4,4,4,6,4,4
"10-05-2013",3,3,3,3,3,3,3,3,11,9,11,11,5,4,9,9,7,9,11,14,11,10,13,6
"11-05-2013",4,6,2,2,4,4,5,5,8,16,8,5,5,5,7,8,6,4,7,9,11,7,7,5
"12-05-2013",5,4,3,3,3,3,3,3,3,4,4,4,5,4,4,4,3,3,3,4,3,3,3,3
"13-05-2013",3,2,2,2,3,3,3,5,3,3,3,3,3,3,3,3,4,3,3,3,3,3,3,3
"14-05-2013",3,3,3,3,3,3,3,3,4,4,3,3,3,3,3,3,3,3,3,3,4,3,3,3
"15-05-2013",3,3,2,3,2,3,2,3,14,15,7,5,7,9,7,8,10,7,7,8,10,9,7,5
"16-05-2013",19,18,15,9,9,7,4,9,14,20,39,33,25,12,10,12,11,13,12,15,14,9,28,28
"17-05-2013",11,8,4,3,3,3,3,4,6,4,4,5,8,12,10,9,12,12,10,10,8,9,8,8
"18-05-2013",8,5,7,9,4,3,4,9,14,7,5,8,11,6,4,5,8,9,14,21,36,6,5,3
"19-05-2013",5,14,7,6,3,3,4,5,6,6,5,5,4,5,5,6,7,6,6,10,7,8,4,3
"20-05-2013",3,4,4,4,3,2,2,3,9,12,12,20,17,13,14,15,12,12,14,13,8,13,13,5
"21-05-2013",14,9,5,3,3,3,3,3,3,3,3,3,4,3,4,6,7,8,17,12,10,12,14,15
"22-05-2013",14,12,8,6,5,5,5,5,12,16,10,13,13,14,11,15,10,12,14,8,8,8,7,5
"23-05-2013",4,3,4,4,4,10,7,12,10,6,5,4,5,4,4,5,4,3,4,6,5,7,7,8
"24-05-2013",7,5,4,3,6,4,5,11,6,5,4,3,4,4,4,3,6,5,6,6,9,9,8,8
"25-05-2013",5,4,4,4,5,5,6,5,6,9,7,5,4,4,3,4,3,4,5,6,7,8,6,5
"26-05-2013",5,5,4,3,3,4,5,4,5,5,4,3,3,3,2,3,3,3,4,3,3,3,2,2
"27-05-2013",2,2,2,2,2,2,2,5,5,4,4,4,4,4,5,6,5,5,7,6,6,7,5,6
"28-05-2013",6,6,7,4,4,4,12,12,13,9,7,12,19,11,7,8,8,8,9,8,8,5,6,4
"29-05-2013",4,8,11,2,2,2,2,2,3,24,4,3,4,3,3,5,6,7,7,9,8,9,9,10
"30-05-2013",7,15,8,10,10,13,11,11,30,17,11,7,8,7,6,6,4,4,8,6,6,8,5,7
"31-05-2013",5,4,4,3,3,2,3,5,7,5,3,4,4,4,4,4,3,3,3,3,3,4,4,3
"01-06-2013",2,2,2,2,4,6,3,3,4,4,6,4,7,5,3,3,3,3,4,5,8,10,12,7
"02-06-2013",5,4,3,2,3,4,3,4,4,5,4,4,3,3,3,2,4,3,2,3,6,3,2,3
"03-06-2013",3,3,4,3,3,2,3,4,6,3,3,3,8,5,3,3,5,6,6,8,8,7,7,6
"04-06-2013",3,3,2,2,3,2,3,3,5,4,3,3,4,3,3,6,5,5,5,6,11,5,4,3
"05-06-2013",3,3,3,3,5,5,7,8,13,3,3,3,4,6,5,5,4,4,12,15,7,6,4,3
"06-06-2013",3,3,3,3,3,3,3,3,3,4,10,3,3,3,3,3,3,3,3,3,11,9,8,6
"07-06-2013",22,11,5,10,3,3,4,5,6,5,6,12,12,9,9,7,7,6,7,8,9,7,6,7
"08-06-2013",9,10,8,8,4,3,3,3,4,4,3,3,4,4,3,3,3,5,4,9,9,10,6,5
"09-06-2013",8,5,4,4,5,7,5,4,7,5,5,4,3,4,6,5,5,6,7,14,13,8,12,9
"10-06-2013",8,9,9,4,22,56,34,20,20,14,16,10,12,10,7,8,7,9,8,4,6,9,6,5
"11-06-2013",4,4,4,4,4,4,3,7,14,5,5,4,5,5,7,12,12,9,12,9,5,4,3,3
"12-06-2013",3,4,3,3,2,3,3,3,3,4,3,3,5,4,3,4,3,3,3,6,4,4,3,4
"13-06-2013",4,3,3,3,3,3,3,3,3,4,4,4,4,3,3,3,3,3,3,6,10,10,9,8
"14-06-2013",4,4,4,4,3,3,4,3,5,5,5,4,4,5,3,4,5,6,11,18,11,35,15,8
"15-06-2013",11,8,5,5,4,4,4,4,4,4,3,4,3,3,4,3,3,3,5,11,11,11,9,6
"16-06-2013",12,6,4,3,2,3,4,3,3,3,3,3,3,3,3,3,3,3,3,4,15,16,14,11
"17-06-2013",17,8,9,5,4,3,3,5,10,15,5,7,11,8,8,9,10,10,10,12,16,8,7,6
"18-06-2013",3,2,2,2,4,3,4,6,27,24,16,11,7,6,7,7,6,7,8,8,12,10,8,16
"19-06-2013",15,6,3,4,9,13,5,10,17,13,12,13,10,8,8,10,8,8,12,15,15,14,7,8
"20-06-2013",13,9,5,4,4,4,4,6,9,8,6,11,8,9,7,7,8,7,7,10,14,8,11,13
"21-06-2013",10,3,3,3,10,16,7,6,9,-9999,-9999,8,8,8,8,7,10,8,7,10,11,8,8,10
"22-06-2013",11,8,8,8,7,5,5,6,7,7,13,9,7,6,7,5,8,5,14,26,22,13,6,13
"23-06-2013",11,13,6,14,3,5,11,16,15,12,6,5,4,5,5,5,6,9,10,11,7,7,6,4
"24-06-2013",3,3,3,3,3,4,3,3,3,3,4,3,5,6,5,4,5,5,6,8,7,9,11,12
"25-06-2013",10,7,4,4,4,5,4,4,7,5,7,9,10,7,5,7,7,6,9,7,7,9,5,8
"26-06-2013",6,4,3,3,3,3,3,3,3,3,3,3,4,3,3,3,3,3,3,3,3,3,3,3
"27-06-2013",3,3,3,3,3,3,4,4,5,4,3,3,3,3,3,4,3,3,3,3,3,3,3,3
"28-06-2013",3,3,3,3,3,3,3,3,4,3,3,4,4,3,3,3,3,3,4,3,3,6,18,10
"29-06-2013",12,16,6,3,4,4,5,10,8,5,18,13,9,8,7,5,5,6,7,7,5,4,4,4
"30-06-2013",4,3,4,4,3,3,4,4,3,3,3,3,3,3,3,3,3,3,3,3,3,4,4,4
"01-07-2013",4,4,4,4,4,4,4,4,4,4,4,3,3,3,3,2,2,3,3,3,4,4,3,3
"02-07-2013",3,3,3,3,3,3,3,3,2,3,5,3,3,4,3,3,5,9,6,9,11,11,12,13
"03-07-2013",11,9,10,8,4,4,4,4,25,11,3,3,3,3,3,6,13,7,7,7,13,8,11,12
"04-07-2013",8,6,7,7,7,6,5,5,11,11,14,17,8,7,7,7,7,7,7,10,10,7,11,14
"05-07-2013",8,9,5,6,5,5,7,11,13,10,8,5,6,4,5,6,6,7,6,4,4,5,4,4
"06-07-2013",5,5,4,3,4,4,4,4,4,4,4,3,3,3,3,4,6,6,5,5,5,6,3,3
"07-07-2013",3,3,3,3,3,2,3,3,3,4,4,4,4,4,3,4,3,4,5,6,4,3,3,3
"08-07-2013",4,4,3,3,4,3,3,3,3,4,4,4,3,3,3,3,5,5,6,9,9,5,5,3
"09-07-2013",3,4,4,4,3,18,5,4,4,4,4,3,4,4,5,4,3,3,4,4,4,4,3,4
"10-07-2013",4,4,6,4,4,4,5,5,9,4,4,5,4,4,4,4,6,5,5,4,4,4,3,3
"11-07-2013",3,3,3,3,3,3,4,4,4,6,10,8,7,7,7,8,10,7,6,9,11,13,8,16
"12-07-2013",10,9,9,6,6,4,4,6,5,5,4,4,4,4,4,4,4,4,4,4,8,7,5,4
"13-07-2013",9,4,3,3,3,3,3,4,4,4,4,4,4,3,3,3,3,2,3,3,3,4,3,3
"14-07-2013",3,3,3,3,3,3,3,3,3,3,3,3,3,2,3,2,2,3,3,3,3,3,4,3
"15-07-2013",3,3,3,3,3,3,3,3,3,3,3,3,3,3,3,4,3,3,3,3,3,3,8,19
"16-07-2013",14,14,3,4,3,4,4,4,4,4,4,3,3,4,3,3,5,6,6,3,3,3,3,3
"17-07-2013",3,3,3,4,3,3,3,5,4,4,4,4,4,4,4,4,4,4,5,6,11,14,13,4
"18-07-2013",8,6,4,3,3,4,22,16,9,4,6,4,4,4,5,4,10,6,12,13,14,10,6,15
"19-07-2013",4,5,7,14,11,16,4,8,5,15,23,14,10,7,7,7,6,8,15,10,14,12,13,16
"20-07-2013",6,12,6,6,4,4,4,4,3,4,4,4,4,4,4,4,4,5,6,8,14,17,8,13
"21-07-2013",13,14,15,12,5,4,4,3,3,4,4,4,4,4,3,3,6,5,7,7,4,5,4,4
"22-07-2013",4,4,4,5,5,5,4,4,6,25,31,15,15,17,12,9,9,7,9,10,12,13,10,10
"23-07-2013",15,6,10,7,6,6,6,6,6,6,6,7,9,9,8,8,9,9,10,10,11,10,9,5
"24-07-2013",4,4,5,7,3,3,3,4,8,3,4,4,3,4,3,3,3,3,7,14,13,10,6,4
"25-07-2013",12,17,4,5,5,5,4,4,5,4,4,4,3,3,3,3,3,3,11,16,14,13,10,5
"26-07-2013",3,3,4,5,4,4,4,4,4,4,4,4,4,3,3,3,4,3,3,4,9,6,12,8
"27-07-2013",5,4,4,4,3,3,3,5,4,5,4,5,4,8,7,5,5,17,5,8,11,10,6,4
"28-07-2013",6,10,6,6,5,5,5,5,16,14,8,7,6,6,6,6,4,5,8,6,8,9,10,11
"29-07-2013",6,10,9,14,11,9,7,6,20,37,23,14,10,10,9,12,12,11,11,12,15,11,9,7
"30-07-2013",8,7,9,4,10,20,10,16,12,17,29,24,16,9,9,9,9,15,10,15,12,14,28,5
"31-07-2013",5,5,5,5,5,5,5,5,5,4,4,4,4,4,4,4,3,3,3,3,3,4,3,3
"01-08-2013",3,4,3,3,3,3,3,3,3,4,4,4,4,4,6,6,7,9,11,10,15,16,17,10
"02-08-2013",10,7,6,6,5,5,4,4,4,9,16,13,9,8,6,7,8,7,9,8,10,8,9,11
"03-08-2013",3,3,3,3,4,4,5,6,13,10,5,4,5,5,4,4,4,4,6,13,11,8,9,11
"04-08-2013",5,3,6,11,4,4,4,3,3,5,5,5,5,4,3,3,3,3,4,7,11,13,5,4
"05-08-2013",4,4,4,4,4,4,4,4,4,5,5,9,9,8,8,7,8,10,10,8,7,10,4,9
"06-08-2013",15,8,5,3,3,3,5,10,8,5,5,5,5,5,4,4,6,10,13,12,11,9,16,15
"07-08-2013",10,6,7,4,7,5,7,11,7,6,7,8,6,6,6,6,6,6,10,13,11,10,11,5
"08-08-2013",4,3,3,3,2,2,2,3,7,8,6,4,5,5,5,5,5,6,6,9,13,18,6,4
"09-08-2013",17,16,9,6,3,3,8,8,7,9,10,9,6,4,11,8,5,8,8,9,11,12,11,13
"10-08-2013",11,14,4,3,4,4,3,6,5,4,3,3,4,5,5,5,4,4,4,6,4,7,6,3
"11-08-2013",2,2,3,3,4,5,6,4,4,5,4,4,4,3,4,3,3,5,8,5,8,8,16,14
"12-08-2013",12,7,6,5,4,4,4,4,7,5,9,7,8,8,6,7,8,8,8,11,11,12,11,8
"13-08-2013",4,4,6,8,7,4,5,6,7,15,28,40,15,7,7,6,6,7,7,11,15,13,10,6
"14-08-2013",4,3,4,4,3,5,6,3,3,27,34,17,13,10,8,6,5,4,5,8,8,10,4,5
"15-08-2013",9,9,9,10,5,4,4,3,3,3,4,4,3,3,3,2,4,4,4,4,5,9,10,9
"16-08-2013",21,3,2,2,2,3,4,4,4,4,5,4,4,4,4,4,4,6,4,3,4,8,5,4
"17-08-2013",5,4,16,19,16,12,8,6,7,6,6,5,4,4,4,5,5,6,6,8,7,10,10,9
"18-08-2013",13,7,5,10,4,3,15,21,13,6,6,5,6,5,4,4,4,4,5,8,12,11,10,8
"19-08-2013",10,11,8,7,6,5,3,3,3,4,8,10,14,10,6,5,5,7,10,7,8,5,10,12
"20-08-2013",3,2,2,4,5,3,3,3,14,35,21,18,10,8,6,5,5,4,6,8,10,10,12,12
"21-08-2013",15,9,5,3,3,3,3,3,4,5,8,9,7,6,6,5,5,4,5,7,5,17,7,6
"22-08-2013",3,6,7,4,4,6,3,3,4,10,5,4,3,5,5,5,6,7,8,10,8,11,14,12
"23-08-2013",8,10,6,4,3,3,3,5,10,22,17,10,7,6,4,4,7,7,8,6,8,11,10,5
"24-08-2013",3,3,5,6,6,4,3,13,6,17,18,14,10,8,5,4,4,4,6,7,7,11,6,9
"25-08-2013",6,5,5,4,3,3,3,4,29,17,10,12,7,6,5,4,4,6,5,6,7,6,9,7
"26-08-2013",6,8,14,5,7,20,12,8,9,29,46,26,13,10,11,10,8,8,9,12,10,10,6,10
"27-08-2013",12,24,6,11,10,11,8,-9999,-9999,-9999,-9999,-9999,-9999,-9999,10,11,8,8,8,4,4,7,5,7
"28-08-2013",10,12,5,4,8,5,13,16,17,27,42,33,17,10,10,11,9,9,16,11,11,20,19,10
"29-08-2013",7,9,12,11,7,4,4,4,3,4,3,3,3,4,3,3,2,2,3,3,2,2,3,3
"30-08-2013",3,3,3,3,3,3,3,3,3,3,4,3,3,3,3,2,2,2,3,4,4,4,4,3
"31-08-2013",3,3,3,4,4,3,4,4,4,5,4,5,7,8,10,6,6,5,6,8,8,9,8,7
"01-09-2013",8,5,5,5,4,4,4,4,4,8,8,7,6,4,4,4,5,5,5,8,7,7,11,9
"02-09-2013",6,5,26,10,5,12,8,6,4,9,5,4,5,4,5,4,4,4,6,9,6,6,5,4
"03-09-2013",4,5,6,6,4,4,3,4,4,4,4,4,4,4,3,4,3,4,4,4,4,4,4,3
"04-09-2013",3,3,3,3,3,3,3,3,4,3,3,3,3,3,2,2,2,2,3,3,3,2,3,3
"05-09-2013",5,3,4,3,4,3,3,4,11,21,19,12,7,7,7,5,6,6,6,9,10,8,11,10
"06-09-2013",5,3,3,3,5,4,6,6,8,5,4,4,4,4,5,7,7,8,8,9,9,8,8,10
"07-09-2013",6,6,32,9,6,8,4,4,4,4,4,4,4,4,3,3,4,5,7,9,9,11,9,4
"08-09-2013",7,9,7,6,4,3,3,3,-9999,-9999,-9999,-9999,-9999,-9999,3,2,2,3,7,8,8,11,9,6
"09-09-2013",4,8,4,4,7,12,3,6,19,19,21,13,8,8,7,7,7,7,8,9,8,7,9,10
"10-09-2013",7,6,5,3,2,3,3,4,6,7,7,17,14,10,10,10,9,9,11,18,12,11,8,6
"11-09-2013",6,14,17,20,7,4,6,7,7,16,26,15,10,9,8,4,4,5,4,4,3,4,6,12
"12-09-2013",9,9,8,8,8,4,4,4,12,12,19,30,14,13,13,12,11,7,5,13,9,24,13,4
"13-09-2013",4,6,5,5,5,5,6,7,8,11,14,8,5,5,4,6,7,6,4,4,3,3,3,3
"14-09-2013",3,2,3,3,3,4,4,5,6,4,4,3,3,2,3,3,2,3,3,3,3,3,3,3
"15-09-2013",3,3,4,4,3,6,6,8,8,8,3,3,3,3,3,3,3,3,5,8,5,7,5,10
"16-09-2013",4,3,2,2,2,2,3,7,14,9,6,10,12,17,7,4,4,5,4,6,8,7,5,5
"17-09-2013",4,4,4,4,9,19,4,9,15,19,28,18,15,13,12,13,14,12,20,15,9,7,6,8
"18-09-2013",10,10,7,15,9,4,4,3,4,3,3,3,3,3,3,4,3,3,3,4,3,4,3,3
"19-09-2013",3,3,3,3,3,3,3,7,7,16,11,6,10,14,11,6,6,8,10,9,7,10,9,5
"20-09-2013",4,3,3,3,3,2,2,3,3,3,2,4,3,3,3,3,2,3,3,4,3,3,3,3
"21-09-2013",3,3,4,3,3,3,3,3,3,3,3,3,3,3,2,3,2,2,3,3,4,3,3,3
"22-09-2013",3,3,3,3,3,3,3,3,3,3,3,3,3,3,3,3,2,3,4,5,5,4,3,3
"23-09-2013",4,4,4,3,3,3,3,3,4,4,4,4,4,4,3,5,3,4,3,3,5,5,3,3
"24-09-2013",3,3,3,2,2,3,4,6,7,4,3,3,4,4,3,3,2,3,3,3,3,3,3,3
"25-09-2013",3,3,3,3,3,4,3,4,4,15,12,6,7,16,15,12,13,13,11,9,9,9,26,12
"26-09-2013",11,9,6,6,5,7,5,6,8,11,10,8,10,16,18,20,19,23,19,13,10,13,9,5
"27-09-2013",6,4,4,4,3,3,3,4,4,4,5,5,5,4,4,5,4,3,4,4,15,9,5,4
"28-09-2013",4,4,4,4,7,6,4,4,4,6,11,14,9,7,6,6,6,6,7,9,8,8,11,10
"29-09-2013",6,6,4,5,8,4,5,5,6,8,8,11,10,6,5,6,5,5,8,6,8,10,7,7
"30-09-2013",8,6,4,7,5,5,5,6,8,4,15,20,12,11,14,17,16,10,10,9,5,6,12,16
"01-10-2013",11,5,8,9,7,5,6,8,14,13,9,5,4,4,6,4,4,4,4,4,4,4,4,3
"02-10-2013",3,3,3,2,2,3,3,3,3,3,4,4,4,4,4,4,4,4,5,5,4,4,5,4
"03-10-2013",4,4,3,3,3,3,3,3,4,4,3,3,4,3,3,4,3,3,4,3,4,4,3,3
"04-10-2013",3,3,3,3,3,3,3,3,3,3,3,3,3,4,4,5,6,6,8,10,14,16,15,6
"05-10-2013",5,5,4,4,3,3,3,3,4,6,5,5,5,7,6,6,6,8,11,9,8,11,6,6
"06-10-2013",8,6,5,3,3,3,3,3,3,3,4,12,9,6,5,4,4,5,7,9,12,13,4,4
"07-10-2013",4,4,6,8,19,3,3,4,5,7,6,8,19,17,10,8,7,10,13,11,9,9,7,7
"08-10-2013",4,8,6,4,4,3,3,4,3,4,4,8,19,16,11,11,11,15,13,12,13,5,5,9
"09-10-2013",5,5,5,5,3,4,6,10,5,4,10,13,21,27,13,14,13,14,18,11,12,11,6,4
"10-10-2013",5,7,4,4,5,7,7,10,7,12,27,32,19,15,14,13,12,10,14,12,7,9,7,4
"11-10-2013",4,5,4,3,11,8,9,14,7,11,10,15,33,44,34,58,29,18,16,13,10,8,6,5
"12-10-2013",5,6,5,5,6,6,7,9,8,19,33,16,7,6,6,6,9,13,15,13,13,10,11,8
"13-10-2013",7,8,8,8,7,7,7,7,12,29,30,26,13,8,9,8,8,9,9,8,10,10,10,7
"14-10-2013",7,8,6,6,6,7,8,12,10,23,32,14,12,19,15,16,19,27,33,17,17,14,13,10
"15-10-2013",8,6,4,4,4,11,12,10,19,15,18,26,24,19,13,12,11,13,12,13,8,8,10,6
"16-10-2013",4,4,3,4,5,6,5,5,10,9,21,14,35,11,15,9,10,14,21,18,12,11,6,12
"17-10-2013",9,3,3,3,3,3,3,4,5,4,4,4,4,5,4,4,4,4,6,6,5,5,5,5
"18-10-2013",4,4,4,4,3,3,3,4,4,3,3,3,3,4,3,4,3,3,4,6,4,5,4,3
"19-10-2013",2,3,3,3,3,3,3,4,4,4,5,4,5,4,4,4,5,4,4,4,3,4,6,5
"20-10-2013",5,5,5,6,8,3,3,3,6,13,9,9,8,6,5,5,4,5,7,8,9,8,4,3
"21-10-2013",4,4,3,3,4,5,9,10,7,14,11,6,6,11,12,13,16,21,23,10,17,13,12,12
"22-10-2013",10,6,5,5,4,4,4,4,4,11,26,40,23,17,13,22,27,35,32,16,11,8,6,12
"23-10-2013",11,9,9,8,6,4,4,4,7,15,27,52,57,20,19,16,16,17,23,9,5,18,12,5
"24-10-2013",7,5,5,5,4,3,3,4,6,6,8,6,9,9,10,12,20,19,15,11,11,10,7,11
"25-10-2013",21,24,17,13,6,5,4,4,9,14,13,8,11,23,19,17,22,31,31,29,11,13,7,8
"26-10-2013",18,7,4,5,7,6,6,7,7,6,10,7,8,9,9,12,12,14,13,11,5,5,7,6
"27-10-2013",5,5,4,6,5,5,5,4,4,6,6,6,5,6,6,6,8,12,18,10,12,11,14,16
"28-10-2013",9,10,7,6,7,7,6,6,6,9,11,11,9,7,6,16,16,19,13,8,7,8,10,7
"29-10-2013",8,9,7,8,7,7,7,6,7,12,18,16,18,30,29,48,63,21,10,25,20,16,12,14
"30-10-2013",19,10,10,9,8,7,7,20,13,30,19,20,26,47,28,27,26,15,20,20,9,13,6,4
"31-10-2013",61,19,11,9,9,10,8,9,33,39,38,39,78,38,47,30,21,15,16,5,6,6,8,13
"01-11-2013",10,8,9,8,8,12,6,6,6,7,12,27,16,13,11,16,30,33,23,16,14,9,10,4
"02-11-2013",5,11,11,8,7,5,10,13,14,12,13,9,10,9,11,15,20,17,23,13,10,7,5,5
"03-11-2013",5,4,5,6,8,6,5,5,7,5,6,6,7,8,13,12,15,13,12,16,13,9,7,6
"04-11-2013",5,6,7,7,8,42,16,12,29,21,19,17,18,22,23,23,23,32,24,10,10,6,5,4
"05-11-2013",4,4,4,4,4,4,4,5,6,6,8,13,15,14,10,12,14,12,8,8,9,7,6,5
"06-11-2013",5,4,4,4,4,4,-9999,-9999,-9999,11,6,5,5,6,6,12,11,6,5,5,5,4,6,5
"07-11-2013",4,4,4,3,3,3,3,4,3,3,4,4,4,4,4,4,4,4,7,4,6,5,6,14
"08-11-2013",11,6,4,4,4,6,6,5,11,14,7,11,18,16,13,16,15,18,11,13,10,5,4,4
"09-11-2013",4,5,5,6,6,6,8,12,12,17,16,18,22,10,15,11,10,14,8,9,16,18,16,9
"10-11-2013",6,6,6,6,6,5,5,5,7,11,7,7,9,9,9,8,8,10,12,11,14,8,8,5
"11-11-2013",16,4,4,4,3,3,4,4,4,5,7,7,9,24,36,35,30,19,11,13,44,12,8,11
"12-11-2013",13,3,3,3,3,4,4,5,6,6,5,5,5,4,5,5,5,4,4,4,4,6,5,5
"13-11-2013",6,6,6,5,5,5,5,8,4,5,5,5,5,12,18,7,7,6,5,5,5,4,4,4
"14-11-2013",4,3,3,3,3,4,4,4,5,5,7,5,6,6,6,8,7,9,8,9,4,3,3,4
"15-11-2013",3,3,3,3,4,4,3,3,4,4,5,10,11,11,7,9,7,9,10,10,8,6,7,7
"16-11-2013",5,4,3,7,5,4,4,3,4,4,7,8,14,9,6,8,8,9,6,4,4,5,6,5
"17-11-2013",4,4,3,3,3,4,6,7,9,9,9,9,7,6,5,7,6,6,7,4,4,4,3,4
"18-11-2013",9,5,4,5,4,4,4,5,12,9,17,28,21,16,16,16,19,14,6,6,12,8,6,6
"19-11-2013",5,4,4,3,4,4,4,5,5,4,5,5,6,7,10,15,14,12,9,8,6,6,5,5
"20-11-2013",4,4,4,3,4,4,4,5,5,5,6,6,19,21,20,35,36,39,33,16,17,15,17,25
"21-11-2013",33,12,15,11,12,10,11,12,20,24,26,18,26,31,43,65,38,17,14,20,16,13,10,10
"22-11-2013",7,7,5,4,6,4,5,7,18,15,19,11,28,46,18,16,17,24,9,16,10,7,7,6
"23-11-2013",7,4,4,4,3,3,3,3,3,4,4,6,6,8,10,10,14,17,6,6,9,10,9,6
"24-11-2013",5,4,3,4,3,5,18,4,4,4,4,4,11,18,16,17,32,21,13,15,22,13,9,8
"25-11-2013",9,7,5,4,5,4,4,4,4,13,15,14,10,13,5,6,5,5,6,5,5,4,4,4
"26-11-2013",4,3,3,3,3,3,3,4,4,4,4,4,4,5,5,5,5,5,5,5,4,4,5,5
"27-11-2013",5,6,7,5,4,4,4,5,5,4,4,4,4,4,4,5,6,5,4,4,4,4,3,3
"28-11-2013",4,4,3,3,4,4,4,4,5,3,4,4,5,5,5,6,5,5,4,8,5,4,6,4
"29-11-2013",5,4,4,4,4,4,3,4,5,7,7,6,6,5,4,4,5,5,4,4,4,3,4,4
"30-11-2013",4,4,4,4,3,3,3,3,4,4,4,5,5,5,5,6,7,6,6,7,6,6,5,5
"01-12-2013",4,4,4,4,4,4,4,4,3,4,4,4,4,4,4,4,5,6,6,5,5,5,4,4
"02-12-2013",4,4,4,4,4,3,6,5,6,4,5,3,4,5,5,5,5,5,5,6,5,5,5,5
"03-12-2013",5,5,5,5,5,5,5,5,10,13,8,7,11,9,10,10,6,5,5,5,5,4,8,5
"04-12-2013",4,4,4,4,4,4,7,7,7,13,6,6,7,5,7,9,10,7,8,6,5,5,5,5
"05-12-2013",5,5,5,5,5,5,6,9,9,11,12,13,18,14,12,10,10,10,8,6,5,4,4,4
"06-12-2013",7,6,6,7,7,6,9,11,11,22,43,36,24,15,13,22,23,18,41,25,10,26,22,9
"07-12-2013",8,6,4,4,4,4,3,3,4,5,13,21,26,8,10,6,5,6,5,5,5,4,4,4
"08-12-2013",6,5,5,5,4,5,4,4,5,4,4,7,7,9,9,6,8,6,7,5,4,4,4,4
"09-12-2013",4,3,3,3,3,3,3,6,25,36,24,17,17,10,12,18,19,10,10,6,5,4,3,4
"10-12-2013",4,4,4,4,4,4,5,7,8,8,5,5,5,5,5,5,5,4,4,3,3,3,4,4
"11-12-2013",4,4,4,4,3,3,4,5,5,5,5,6,5,5,5,6,4,5,4,5,6,6,6,6
"12-12-2013",5,5,6,7,6,5,4,4,5,4,5,6,8,6,8,12,11,18,27,6,6,6,5,5
"13-12-2013",5,5,5,5,5,4,5,7,7,6,5,7,9,8,8,9,7,6,6,8,7,7,6,6
"14-12-2013",5,4,4,4,4,4,5,5,6,9,21,19,12,10,10,13,24,18,14,13,17,18,16,14
"15-12-2013",37,33,33,13,9,9,9,10,10,25,43,29,16,12,13,16,17,10,11,9,8,7,6,6
"16-12-2013",6,6,6,5,4,4,5,5,5,5,5,5,5,5,5,6,6,5,7,6,4,4,4,4
"17-12-2013",4,4,4,4,5,5,4,5,5,5,4,5,5,5,7,7,5,5,4,4,4,6,6,5
"18-12-2013",7,4,4,4,3,4,4,6,8,33,18,6,6,11,10,9,6,4,4,5,5,4,4,4
"19-12-2013",4,3,3,4,4,4,4,5,9,19,20,17,11,10,9,18,33,24,19,21,26,29,49,26
"20-12-2013",23,26,15,9,14,10,8,9,8,21,34,34,19,13,16,25,22,16,12,8,9,17,9,8
"21-12-2013",8,8,7,12,8,9,10,10,12,14,9,7,8,10,8,8,11,9,9,9,7,7,6,8
"22-12-2013",6,5,6,7,6,6,8,6,7,13,16,15,15,14,17,24,25,26,25,19,12,14,14,11
"23-12-2013",8,8,10,9,7,8,11,14,20,34,43,37,22,14,23,30,28,21,15,18,14,20,17,12
"24-12-2013",8,8,7,9,11,13,39,18,19,19,56,56,45,32,30,26,32,95,80,58,63,32,34,20
"25-12-2013",19,18,41,40,37,54,55,39,40,43,40,44,38,33,41,28,23,35,16,35,41,42,47,20
"26-12-2013",35,29,16,15,23,25,26,20,16,18,22,23,21,17,30,38,30,22,19,14,18,13,13,13
"27-12-2013",12,10,10,11,10,8,16,11,6,14,12,14,13,13,16,6,7,7,6,6,6,4,26,4
"28-12-2013",4,4,4,5,5,5,6,6,7,6,6,8,9,8,7,5,5,5,5,5,4,4,4,4
"29-12-2013",8,6,5,4,4,4,5,6,9,15,11,11,5,10,9,5,9,21,25,17,11,7,8,8
"30-12-2013",9,6,6,8,10,6,5,5,9,15,21,21,46,36,26,25,30,27,39,21,14,13,10,6
"31-12-2013",4,4,5,4,4,4,4,5,7,7,5,7,8,10,8,6,17,14,11,5,5,4,4,-9999
