"01-01-2012",1,2,1,1,1,1,1,1,2,1,2,2,2,3,3,3,2,2,2,2,19,23,8,4
"02-01-2012",17,8,10,4,5,7,32,72,58,39,44,56,18,15,8,4,17,59,54,42,40,59,64,55
"03-01-2012",72,51,47,28,33,41,65,98,112,165,187,56,37,34,14,5,5,61,78,67,77,115,97,116
"04-01-2012",81,45,36,42,55,59,50,91,168,160,87,59,45,42,28,17,8,86,62,65,46,32,33,72
"05-01-2012",55,53,38,31,30,44,82,164,174,120,83,46,37,37,20,7,8,77,63,58,67,32,71,125
"06-01-2012",86,84,37,47,14,20,5,21,65,55,47,43,9,15,36,55,22,4,3,2,2,2,2,1
"07-01-2012",1,1,1,1,1,1,1,2,3,7,4,5,4,5,4,3,3,5,7,6,6,5,4,1
"08-01-2012",2,4,4,2,2,2,2,2,3,5,6,6,4,8,5,2,2,5,5,3,5,5,7,2
"09-01-2012",2,9,13,10,2,2,5,20,6,11,10,7,6,4,5,5,4,5,4,3,4,7,3,1
"10-01-2012",1,1,1,1,3,2,4,17,75,13,14,11,6,3,5,5,8,6,5,3,3,3,2,1
"11-01-2012",1,1,1,1,2,2,2,6,8,9,5,8,5,4,5,4,3,3,4,3,2,2,2,1
"12-01-2012",1,1,1,1,1,1,3,7,11,17,6,5,7,8,8,11,11,7,7,7,6,4,3,11
"13-01-2012",33,16,9,16,34,25,53,165,183,161,138,60,19,10,9,6,9,50,63,85,111,56,41,30
"14-01-2012",70,51,2,1,1,1,1,1,3,3,5,5,3,5,4,3,2,2,2,2,4,2,2,1
"15-01-2012",1,1,1,5,2,5,9,2,6,6,4,4,3,3,2,2,2,2,2,3,4,4,5,1
"16-01-2012",1,1,1,1,1,1,3,6,7,6,6,5,5,5,5,5,4,4,5,3,3,3,3,2
"17-01-2012",1,2,1,1,1,1,5,12,33,24,11,8,7,5,5,5,4,11,13,4,5,6,5,28
"18-01-2012",30,9,1,2,4,5,34,67,120,196,85,17,6,6,6,5,4,5,4,7,8,7,7,6
"19-01-2012",1,1,1,3,5,15,33,89,70,104,126,37,19,11,8,3,5,21,86,62,67,53,31,18
"20-01-2012",16,43,24,30,29,31,77,105,111,121,172,123,85,99,143,152,142,202,130,157,165,195,134,111
"21-01-2012",81,68,181,84,52,42,68,18,3,2,3,3,3,3,3,3,2,2,1,2,2,2,2,2
"22-01-2012",1,1,1,1,1,1,8,31,54,22,23,28,15,6,5,3,5,17,31,76,43,44,70,32
"23-01-2012",53,44,36,7,13,8,67,174,192,99,134,167,110,53,39,19,13,69,83,58,45,46,143,54
"24-01-2012",97,16,17,27,9,57,42,82,95,52,70,85,92,57,27,41,25,33,53,30,46,94,125,136
"25-01-2012",60,82,66,70,61,55,45,17,35,10,6,8,4,4,5,5,5,4,5,4,5,4,3,3
"26-01-2012",3,2,1,1,1,3,8,13,20,10,10,10,10,12,8,4,8,5,4,2,2,2,2,1
"27-01-2012",1,1,1,1,1,1,2,3,13,10,5,5,4,6,5,4,3,5,4,3,3,6,5,3
"28-01-2012",1,1,1,1,1,1,1,19,32,51,25,10,9,9,19,6,6,5,3,3,1,1,1,1
"29-01-2012",1,1,1,1,1,1,1,1,1,1,1,1,1,1,1,1,1,4,6,2,1,1,1,1
"30-01-2012",1,1,1,1,1,1,6,24,3,1,1,4,2,2,2,2,2,2,2,1,1,1,2,1
"31-01-2012",1,1,1,1,1,2,9,37,65,7,10,5,4,4,3,2,2,4,24,5,18,29,6,8
"01-02-2012",2,1,1,1,1,1,1,3,2,3,9,7,6,6,3,3,2,2,1,1,1,1,1,1
"02-02-2012",1,1,1,1,1,1,1,2,2,2,2,2,2,3,3,3,2,2,2,2,1,1,1,1
"03-02-2012",1,1,1,1,1,1,1,2,3,3,5,26,58,50,34,36,16,18,44,22,32,18,21,33
"04-02-2012",14,8,16,11,7,4,5,23,52,65,41,60,17,14,13,40,73,50,54,48,69,102,121,76
"05-02-2012",262,109,75,98,41,41,23,38,72,91,100,76,60,59,56,65,24,44,40,43,51,24,18,16
"06-02-2012",27,11,7,6,4,3,7,21,29,58,61,49,4,2,11,22,11,8,2,3,2,2,3,1
"07-02-2012",1,1,1,1,1,1,1,3,4,5,5,2,2,3,1,2,1,4,4,4,4,3,2,1
"08-02-2012",1,1,1,1,1,1,1,3,3,4,4,4,5,6,6,4,4,3,3,2,1,1,2,1
"09-02-2012",1,1,1,1,1,1,2,5,6,7,2,2,2,3,3,2,1,3,3,4,4,3,1,1
"10-02-2012",1,1,1,1,1,1,1,1,1,2,2,2,2,2,3,2,2,2,1,1,1,1,1,1
"11-02-2012",1,1,-9999,-9999,-9999,1,1,1,1,1,1,1,2,3,2,2,2,1,1,2,1,1,1,1
"12-02-2012",1,3,1,1,1,3,8,5,8,9,5,6,9,14,7,7,23,7,11,16,4,2,14,27
"13-02-2012",10,16,1,1,2,5,10,62,102,102,108,186,149,63,15,8,8,4,3,1,1,1,1,1
"14-02-2012",1,1,1,1,1,4,5,67,45,37,30,34,22,12,19,8,15,9,11,9,15,5,3,4
"15-02-2012",5,1,1,1,1,1,14,60,30,10,26,25,9,8,4,3,2,1,30,55,35,48,35,18
"16-02-2012",7,3,1,1,1,1,25,6,11,70,5,3,3,3,3,3,2,2,2,3,3,2,1,1
"17-02-2012",1,1,1,1,1,1,1,3,4,4,3,3,3,3,3,3,1,2,2,2,2,1,2,1
"18-02-2012",1,1,1,2,2,1,8,24,50,74,25,4,4,3,3,2,2,2,2,2,2,2,2,1
"19-02-2012",1,1,2,3,2,2,6,12,18,33,33,17,7,4,2,1,1,2,27,40,13,11,11,28
"20-02-2012",46,26,7,8,18,26,55,89,43,65,79,70,64,27,17,5,5,4,3,17,52,48,24,50
"21-02-2012",47,46,23,3,3,4,31,113,88,74,54,19,5,3,3,8,4,4,32,20,14,10,13,47
"22-02-2012",15,1,1,1,1,1,1,8,12,16,45,18,3,1,5,3,3,5,11,32,35,30,45,28
"23-02-2012",2,13,3,1,1,1,5,15,72,32,17,6,7,4,2,3,1,1,21,31,59,70,15,4
"24-02-2012",2,3,5,2,5,9,2,7,6,2,2,2,2,2,2,2,1,1,1,1,1,1,1,1
"25-02-2012",1,1,1,1,1,1,4,17,20,13,9,2,2,1,1,1,1,1,1,1,1,1,1,1
"26-02-2012",1,1,1,1,1,1,1,1,1,1,1,2,1,1,1,1,1,1,1,1,1,1,1,1
"27-02-2012",1,1,1,1,1,1,1,1,1,1,1,1,2,1,1,1,1,1,1,1,1,1,1,1
"28-02-2012",1,1,1,1,1,1,1,3,4,4,3,3,3,2,2,2,2,2,2,2,2,2,1,1
"29-02-2012",1,1,1,1,1,1,2,10,13,9,7,14,4,4,3,2,2,1,1,1,2,1,2,5
"01-03-2012",4,2,1,1,1,1,3,4,4,2,2,1,1,2,8,3,5,1,2,4,19,18,18,7
"02-03-2012",4,2,3,1,1,4,34,9,68,103,20,26,11,3,5,9,8,4,35,49,3,2,2,1
"03-03-2012",1,1,1,1,1,1,1,1,2,2,1,1,1,1,1,1,1,1,1,1,1,1,1,1
"04-03-2012",1,1,1,1,1,1,1,3,1,1,2,1,1,2,2,2,3,1,7,25,17,6,3,2
"05-03-2012",1,1,1,1,1,2,19,99,39,86,28,45,32,39,38,18,8,6,14,8,23,17,1,1
"06-03-2012",1,1,1,1,1,1,2,2,15,5,7,4,6,4,5,4,2,1,5,2,1,1,1,1
"07-03-2012",1,1,1,1,1,7,14,14,11,11,4,3,3,3,4,7,3,7,14,28,14,20,11,6
"08-03-2012",5,2,3,3,1,2,9,23,23,14,13,11,16,14,20,11,14,6,2,2,14,5,10,12
"09-03-2012",16,7,22,8,4,5,8,13,10,37,25,42,38,24,17,17,6,6,19,9,14,16,13,7
"10-03-2012",3,4,2,2,2,1,1,1,1,1,1,4,3,6,6,2,3,1,1,1,1,1,1,2
"11-03-2012",1,1,1,1,1,1,1,1,1,1,1,1,3,2,1,1,2,1,1,2,3,7,5,5
"12-03-2012",2,1,2,1,1,1,2,3,5,4,9,7,6,2,4,3,4,4,3,4,6,4,3,7
"13-03-2012",1,1,1,1,1,1,4,11,8,5,4,4,3,2,3,2,2,4,23,53,73,39,32,63
"14-03-2012",5,1,1,1,1,1,1,2,4,3,5,3,1,2,2,2,1,2,2,1,3,1,2,1
"15-03-2012",1,1,1,1,1,1,3,5,4,4,3,3,2,2,3,2,2,2,1,2,2,2,1,1
"16-03-2012",1,1,1,1,1,1,2,13,23,13,11,9,4,3,2,2,2,2,1,1,6,16,14,10
"17-03-2012",4,3,5,6,3,1,2,7,7,12,12,2,1,1,1,1,1,1,2,19,28,27,12,4
"18-03-2012",3,2,1,1,6,5,11,19,14,15,11,8,4,1,1,1,1,1,1,22,29,44,28,9
"19-03-2012",5,2,1,1,3,6,5,22,20,23,9,10,13,3,2,2,2,2,3,10,35,46,47,41
"20-03-2012",21,2,2,1,3,2,6,23,27,32,30,33,36,16,5,3,6,16,52,91,103,134,86,87
"21-03-2012",24,2,1,1,2,6,37,101,64,9,15,10,5,1,2,2,1,1,12,29,16,56,91,88
"22-03-2012",55,22,16,17,8,13,48,80,110,60,23,3,1,1,1,1,1,1,1,5,6,8,9,3
"23-03-2012",1,3,1,2,2,3,24,82,34,19,18,6,2,1,1,2,2,2,2,21,39,31,11,3
"24-03-2012",2,2,7,6,1,3,9,23,10,24,10,6,2,1,1,1,1,1,2,8,14,19,7,10
"25-03-2012",3,4,5,1,1,4,6,20,14,6,4,5,2,1,1,1,1,1,7,8,3,11,3,1
"26-03-2012",1,1,1,1,2,1,1,-9999,2,2,2,1,1,1,1,1,1,1,1,1,1,1,1,1
"27-03-2012",1,1,1,1,1,1,1,2,3,4,4,2,3,4,3,2,2,2,2,1,1,4,8,12
"28-03-2012",5,2,1,1,1,1,1,2,4,2,3,1,1,1,1,1,1,1,1,1,1,2,2,3
"29-03-2012",2,1,1,1,1,1,12,68,106,50,16,5,5,3,1,1,1,1,1,1,6,26,34,23
"30-03-2012",34,16,6,10,7,5,14,125,120,51,5,3,2,1,2,1,1,1,1,1,2,1,1,1
"31-03-2012",1,1,1,1,1,1,4,24,33,32,13,7,6,3,7,3,2,2,1,1,3,6,15,12
"01-04-2012",3,2,3,2,2,3,4,9,45,63,33,4,2,1,1,1,1,1,1,1,1,1,1,1
"02-04-2012",1,1,1,1,1,1,1,4,15,11,12,5,6,5,3,3,2,2,1,1,1,1,1,1
"03-04-2012",1,1,1,1,1,1,5,34,20,29,22,10,4,3,2,2,1,1,1,2,1,5,17,7
"04-04-2012",2,1,1,1,2,4,17,44,23,26,13,43,18,16,11,7,7,9,5,22,15,2,12,34
"05-04-2012",50,18,20,18,6,6,14,22,12,26,37,28,9,5,2,3,7,13,7,6,2,11,9,6
"06-04-2012",1,1,1,2,1,4,21,21,40,31,14,5,5,4,3,3,2,1,2,2,3,34,51,41
"07-04-2012",29,21,14,4,15,25,22,50,61,51,48,19,9,5,1,1,2,2,1,2,3,10,36,39
"08-04-2012",18,4,3,2,1,2,4,12,13,4,3,1,1,1,1,1,1,1,1,1,1,1,2,1
"09-04-2012",1,1,1,1,1,1,1,1,2,5,3,3,2,2,3,3,3,2,3,2,3,2,2,1
"10-04-2012",1,1,1,1,1,1,1,4,6,4,4,4,3,2,3,3,1,1,1,1,1,1,8,12
"11-04-2012",3,1,1,1,1,1,23,61,94,62,26,15,4,2,3,2,2,2,1,1,1,1,1,5
"12-04-2012",5,4,1,1,2,1,21,33,38,17,5,4,4,2,1,1,1,2,2,1,1,3,16,3
"13-04-2012",5,1,2,1,2,3,12,19,10,13,14,5,1,1,2,1,4,3,2,8,3,1,6,4
"14-04-2012",3,2,2,1,1,1,3,10,16,3,2,1,1,1,1,1,1,1,1,1,1,1,1,1
"15-04-2012",1,1,1,1,1,1,1,1,1,1,1,1,1,1,1,1,1,1,1,1,1,1,1,1
"16-04-2012",1,1,1,1,1,1,1,2,9,1,1,1,1,1,1,1,1,1,1,1,1,1,1,1
"17-04-2012",1,1,1,1,1,1,1,1,1,1,1,3,3,1,1,1,1,1,1,1,1,4,2,2
"18-04-2012",3,1,1,1,1,1,1,2,2,2,2,2,3,3,3,3,2,2,2,2,1,2,1,1
"19-04-2012",1,1,1,1,1,4,19,52,79,57,6,2,1,1,1,1,1,1,1,1,1,1,2,1
"20-04-2012",1,1,1,1,1,1,1,1,1,1,2,4,3,2,2,1,1,1,1,1,2,5,8,25
"21-04-2012",19,28,18,5,12,2,5,31,6,4,3,2,1,1,1,1,1,1,1,1,1,2,1,1
"22-04-2012",1,1,1,1,1,1,2,11,33,19,7,2,1,1,1,1,1,1,1,1,1,4,4,2
"23-04-2012",2,1,1,1,1,1,10,69,33,13,21,3,2,1,1,2,2,2,2,1,1,3,1,4
"24-04-2012",3,4,1,1,1,2,14,63,78,90,24,6,3,2,2,3,1,1,1,1,1,14,4,12
"25-04-2012",5,3,1,1,1,2,24,72,33,11,7,4,2,1,1,2,1,1,1,1,3,15,5,1
"26-04-2012",1,1,1,1,1,1,1,1,2,1,1,1,1,1,1,1,1,1,1,1,1,5,3,2
"27-04-2012",1,1,1,1,1,1,17,57,31,11,11,4,1,1,1,1,2,1,1,1,2,1,1,1
"28-04-2012",1,1,1,1,1,1,1,1,2,1,1,1,2,2,1,1,1,1,1,1,2,13,2,2
"29-04-2012",2,1,2,1,1,1,1,1,1,1,3,1,1,1,1,1,1,1,1,1,1,2,2,2
"30-04-2012",4,1,1,1,1,1,13,43,13,20,24,16,4,1,1,1,1,1,1,1,2,12,12,9
"01-05-2012",3,1,3,1,1,1,2,5,4,2,2,1,1,1,1,1,1,1,1,1,2,4,4,3
"02-05-2012",2,1,1,1,1,1,8,58,27,17,18,7,3,1,1,1,1,1,1,1,3,5,3,1
"03-05-2012",6,1,1,1,1,1,15,78,39,19,20,6,6,1,1,1,1,1,1,1,1,2,9,4
"04-05-2012",5,1,1,1,1,1,7,47,31,15,9,4,2,1,1,1,1,1,1,1,1,1,2,1
"05-05-2012",1,1,1,1,1,1,3,20,4,9,6,2,1,1,1,1,1,1,1,1,1,3,4,3
"06-05-2012",1,1,1,1,1,1,4,9,4,4,1,1,1,1,1,1,1,1,1,1,1,2,1,1
"07-05-2012",1,1,1,1,1,1,11,30,5,16,20,4,1,1,1,1,1,2,1,1,1,5,6,2
"08-05-2012",1,1,1,1,3,1,16,22,27,32,8,2,2,2,2,2,1,1,1,1,1,3,3,1
"09-05-2012",1,1,1,1,1,1,3,7,2,1,-9999,1,1,1,1,1,1,3,5,7,14,13,16,7
"10-05-2012",4,3,3,3,2,2,3,8,12,17,9,4,2,1,1,1,1,1,1,3,10,3,3,5
"11-05-2012",3,2,2,1,1,1,4,7,8,2,1,1,1,1,1,1,1,1,1,2,1,2,2,6
"12-05-2012",7,5,6,2,1,1,2,3,5,4,1,1,1,1,1,-9999,2,2,2,3,8,21,33,50
"13-05-2012",60,65,64,51,43,37,39,42,39,39,40,17,3,2,2,1,1,1,1,1,1,1,1,1
"14-05-2012",1,1,1,1,2,2,4,9,21,32,33,24,10,4,4,3,2,1,1,1,2,1,1,1
"15-05-2012",2,3,1,1,1,2,4,7,8,9,6,3,4,3,3,3,3,4,5,7,11,7,5,6
"16-05-2012",6,5,4,5,3,3,3,5,7,6,4,3,2,2,2,2,2,2,3,2,2,3,5,4
"17-05-2012",5,5,5,4,4,2,2,7,9,9,9,-9999,-9999,-9999,-9999,-9999,-9999,-9999,-9999,-9999,-9999,-9999,-9999,-9999
"18-05-2012",-9999,-9999,-9999,-9999,-9999,-9999,-9999,-9999,-9999,-9999,-9999,-9999,-9999,-9999,-9999,-9999,-9999,-9999,-9999,-9999,-9999,-9999,-9999,-9999
"19-05-2012",-9999,-9999,-9999,-9999,-9999,-9999,-9999,-9999,-9999,-9999,-9999,-9999,-9999,-9999,-9999,-9999,-9999,-9999,-9999,-9999,-9999,-9999,-9999,-9999
"20-05-2012",-9999,-9999,-9999,-9999,-9999,-9999,-9999,-9999,-9999,-9999,-9999,-9999,-9999,-9999,-9999,-9999,-9999,-9999,-9999,-9999,-9999,-9999,-9999,-9999
"21-05-2012",-9999,-9999,-9999,-9999,-9999,-9999,-9999,-9999,-9999,-9999,-9999,-9999,-9999,-9999,-9999,-9999,-9999,-9999,-9999,-9999,-9999,-9999,-9999,-9999
"22-05-2012",-9999,-9999,-9999,-9999,-9999,-9999,-9999,-9999,-9999,-9999,-9999,-9999,-9999,-9999,-9999,-9999,-9999,-9999,-9999,-9999,-9999,-9999,-9999,-9999
"23-05-2012",-9999,-9999,-9999,-9999,-9999,-9999,-9999,-9999,-9999,-9999,-9999,-9999,-9999,-9999,-9999,-9999,-9999,-9999,-9999,-9999,-9999,-9999,-9999,-9999
"24-05-2012",-9999,-9999,-9999,-9999,-9999,-9999,-9999,-9999,-9999,-9999,-9999,-9999,-9999,-9999,-9999,-9999,-9999,-9999,-9999,-9999,-9999,-9999,-9999,-9999
"25-05-2012",-9999,-9999,-9999,-9999,-9999,-9999,-9999,-9999,-9999,-9999,-9999,-9999,-9999,-9999,-9999,-9999,-9999,-9999,-9999,-9999,-9999,-9999,-9999,-9999
"26-05-2012",-9999,-9999,-9999,-9999,-9999,-9999,-9999,-9999,-9999,-9999,-9999,-9999,-9999,-9999,-9999,-9999,-9999,-9999,-9999,-9999,-9999,-9999,-9999,-9999
"27-05-2012",-9999,-9999,-9999,-9999,-9999,-9999,-9999,-9999,-9999,-9999,-9999,-9999,-9999,-9999,-9999,-9999,-9999,-9999,-9999,-9999,-9999,-9999,-9999,-9999
"28-05-2012",-9999,-9999,-9999,-9999,-9999,-9999,-9999,-9999,-9999,-9999,-9999,-9999,-9999,-9999,-9999,-9999,-9999,-9999,-9999,-9999,-9999,-9999,-9999,-9999
"29-05-2012",-9999,-9999,-9999,-9999,-9999,-9999,-9999,-9999,-9999,-9999,-9999,-9999,-9999,-9999,-9999,-9999,-9999,-9999,1,1,1,6,6,4
"30-05-2012",1,1,1,1,1,1,4,6,5,5,6,4,2,2,1,2,2,2,2,9,16,22,13,7
"31-05-2012",3,2,1,1,1,2,30,57,40,22,9,7,5,4,4,4,4,2,1,1,1,3,9,6
"01-06-2012",3,1,2,1,1,2,20,44,10,8,5,3,2,2,2,2,3,2,1,1,1,3,13,6
"02-06-2012",3,4,1,1,1,2,7,19,7,8,9,7,3,2,4,2,3,1,1,1,1,1,2,6
"03-06-2012",4,1,1,1,1,2,12,7,3,3,3,2,1,1,1,1,1,1,1,1,1,5,4,3
"04-06-2012",2,2,1,1,1,1,2,6,9,5,3,2,1,1,1,1,2,2,1,1,1,1,1,3
"05-06-2012",2,1,1,1,1,1,13,25,13,10,5,3,2,2,2,2,3,3,2,1,1,1,3,1
"06-06-2012",1,1,1,1,1,1,2,3,3,4,3,2,2,3,3,2,2,2,2,2,3,1,1,1
"07-06-2012",1,1,1,1,1,1,1,3,3,3,5,1,2,2,1,3,2,2,2,2,1,1,2,2
"08-06-2012",4,2,2,1,2,3,11,4,8,12,7,5,2,3,2,2,2,3,3,1,1,10,15,7
"09-06-2012",5,1,2,2,1,1,7,13,8,8,6,5,4,2,1,1,1,2,1,1,1,5,5,6
"10-06-2012",4,2,1,1,2,2,8,8,6,6,5,2,1,1,2,2,2,2,2,2,1,1,3,3
"11-06-2012",1,1,1,1,1,2,11,35,10,5,4,3,3,2,2,3,2,2,1,1,1,2,4,2
"12-06-2012",2,1,1,1,1,2,18,12,11,13,9,4,3,3,5,3,3,2,2,1,1,7,6,3
"13-06-2012",2,1,1,1,1,1,14,20,10,11,7,5,3,3,3,4,3,3,3,2,2,14,16,9
"14-06-2012",2,1,1,1,1,1,2,4,5,5,5,5,4,3,3,2,2,1,2,2,2,2,1,1
"15-06-2012",1,1,1,1,1,1,3,5,9,8,5,3,3,4,3,1,1,1,1,1,2,4,6,8
"16-06-2012",6,3,2,2,1,1,3,5,2,2,2,2,2,2,2,2,2,2,1,1,1,1,1,1
"17-06-2012",1,1,1,1,1,1,1,1,1,1,1,1,1,1,1,1,1,1,1,1,1,2,2,4
"18-06-2012",1,1,1,1,1,1,8,10,7,12,4,2,2,2,2,1,2,1,1,1,1,4,3,1
"19-06-2012",1,1,1,1,1,3,14,26,13,8,8,4,4,3,2,1,1,1,2,1,1,5,9,6
"20-06-2012",3,3,1,1,1,1,3,6,4,4,2,3,2,2,4,3,2,1,1,1,1,4,5,1
"21-06-2012",1,1,1,1,1,1,5,-9999,5,3,2,1,2,2,1,2,2,2,1,2,1,14,10,4
"22-06-2012",4,1,1,1,1,1,15,22,19,10,11,4,4,2,3,2,2,2,2,2,1,3,3,4
"23-06-2012",2,1,1,1,1,1,6,17,16,3,2,2,1,2,2,2,2,1,1,1,2,1,2,3
"24-06-2012",1,1,1,1,2,2,2,8,5,4,4,2,2,2,3,1,1,1,1,1,2,2,2,1
"25-06-2012",1,1,1,1,1,2,15,19,30,20,9,6,3,2,3,3,2,3,2,1,1,1,1,6
"26-06-2012",4,4,1,1,1,2,16,21,23,11,6,5,4,2,2,2,2,2,3,4,3,2,1,1
"27-06-2012",1,1,1,1,1,1,1,2,2,3,3,3,3,2,3,3,2,2,2,2,1,1,1,1
"28-06-2012",1,1,1,1,1,1,2,5,5,6,4,2,4,4,3,2,3,2,2,2,2,1,1,1
"29-06-2012",1,1,1,1,1,2,18,17,6,15,13,7,4,4,3,3,2,2,2,2,1,1,2,7
"30-06-2012",5,3,2,3,2,2,7,8,6,6,5,2,2,2,2,2,2,2,2,1,1,1,2,2
"01-07-2012",2,2,1,1,1,1,1,4,2,3,1,1,1,2,1,1,2,2,2,1,1,2,1,1
"02-07-2012",1,1,1,1,1,1,2,4,4,3,3,2,2,2,2,2,1,2,1,1,1,1,1,2
"03-07-2012",2,1,1,1,1,1,3,2,3,2,2,2,4,3,2,2,2,2,1,1,1,1,1,1
"04-07-2012",2,1,1,1,1,1,14,38,18,14,10,5,2,2,2,2,1,2,2,1,1,5,6,5
"05-07-2012",2,1,1,1,1,1,10,34,26,17,13,5,4,2,4,2,3,1,2,1,3,18,18,19
"06-07-2012",7,7,2,3,1,3,20,13,12,8,7,3,3,3,2,2,2,2,2,2,2,1,1,1
"07-07-2012",2,2,1,1,1,2,7,7,6,6,4,2,2,1,1,2,2,1,2,1,1,2,5,2
"08-07-2012",2,3,2,1,1,1,3,6,6,6,3,2,2,1,1,2,2,3,2,1,1,1,1,2
"09-07-2012",1,1,1,1,1,1,10,10,7,6,4,3,3,2,2,2,1,2,2,1,1,1,1,2
"10-07-2012",2,1,1,1,1,1,3,6,10,8,5,3,3,2,2,3,2,4,3,2,1,1,1,1
"11-07-2012",1,1,1,1,1,1,5,4,4,5,6,2,2,2,3,2,3,2,2,1,1,1,4,2
"12-07-2012",1,2,2,1,1,1,14,23,9,6,7,8,4,2,3,3,2,2,1,1,1,4,2,3
"13-07-2012",1,1,1,1,1,1,1,2,3,2,1,2,2,2,2,2,2,2,2,1,1,1,4,2
"14-07-2012",1,1,1,2,1,2,4,4,4,4,3,2,2,2,3,2,2,3,3,1,1,2,2,3
"15-07-2012",3,2,1,2,2,2,4,4,6,5,3,2,1,1,1,1,1,2,2,1,1,1,4,3
"16-07-2012",3,2,1,1,1,2,11,10,9,10,11,5,3,2,2,1,2,2,2,1,1,1,1,1
"17-07-2012",1,1,1,1,1,1,1,2,2,3,3,3,3,2,2,2,3,8,3,1,1,1,4,5
"18-07-2012",4,1,1,1,1,1,1,1,2,2,3,2,1,3,3,3,3,2,2,1,1,1,2,5
"19-07-2012",7,2,1,1,1,1,6,13,11,5,5,4,3,3,3,3,1,3,2,1,1,1,1,3
"20-07-2012",2,1,1,1,1,1,9,13,6,6,3,3,3,2,2,3,1,1,2,1,1,2,4,2
"21-07-2012",1,1,1,1,1,1,4,8,5,6,4,3,2,2,2,3,1,2,1,2,2,6,9,3
"22-07-2012",2,1,1,1,1,1,3,6,5,4,3,1,1,2,2,3,3,2,2,2,2,3,6,2
"23-07-2012",1,2,1,1,1,1,1,5,3,2,2,1,1,1,1,1,1,1,1,1,1,2,3,2
"24-07-2012",1,1,1,1,1,1,3,6,7,7,5,4,2,2,2,3,4,2,2,2,2,2,2,3
"25-07-2012",2,1,2,1,2,2,9,9,6,4,3,3,3,2,3,3,4,3,3,3,2,2,3,5
"26-07-2012",5,3,2,3,1,2,2,4,5,3,2,3,3,4,4,3,3,3,2,3,2,2,4,1
"27-07-2012",1,1,1,1,1,1,1,2,3,3,3,4,3,4,2,2,2,1,1,1,1,1,1,1
"28-07-2012",1,1,1,1,1,1,1,2,2,2,2,2,1,2,2,2,2,2,2,1,1,1,1,2
"29-07-2012",1,1,2,1,1,1,2,5,3,2,1,1,2,1,2,1,2,2,1,1,1,1,1,1
"30-07-2012",1,1,1,1,1,1,5,27,21,11,9,3,3,2,2,1,1,1,1,1,1,2,2,3
"31-07-2012",2,1,1,1,1,1,1,3,3,2,3,3,2,2,2,2,2,2,1,1,1,1,1,1
"01-08-2012",1,1,1,1,1,1,1,6,9,5,5,5,5,2,3,3,2,2,1,1,2,2,1,1
"02-08-2012",1,1,1,1,1,1,5,22,13,4,4,3,7,3,3,2,2,2,2,2,1,2,7,4
"03-08-2012",3,3,2,1,1,3,22,50,11,6,3,4,4,2,3,2,2,2,1,1,1,2,2,3
"04-08-2012",1,1,1,1,1,1,4,7,6,9,8,4,2,1,2,2,2,1,1,1,1,1,1,1
"05-08-2012",1,1,1,1,1,1,2,5,4,5,5,5,6,5,1,1,1,1,1,1,1,1,1,1
"06-08-2012",1,1,1,1,1,1,9,17,26,19,13,8,3,2,2,2,3,3,2,1,1,5,8,3
"07-08-2012",2,1,1,1,1,6,12,9,16,16,15,8,6,4,3,2,2,2,1,1,1,1,3,4
"08-08-2012",1,1,1,1,2,3,3,2,3,2,2,2,2,4,3,3,3,3,1,1,1,2,5,3
"09-08-2012",4,3,2,1,1,1,5,14,7,5,5,4,2,2,3,2,2,3,2,2,2,2,2,2
"10-08-2012",1,1,1,1,1,1,1,2,3,4,2,3,3,2,2,2,2,1,1,1,1,1,1,1
"11-08-2012",1,1,1,1,1,1,2,3,2,2,2,2,2,1,2,2,1,1,1,1,1,1,1,1
"12-08-2012",1,1,1,1,1,1,1,1,1,1,1,1,1,1,1,1,1,1,1,1,2,3,2,2
"13-08-2012",2,1,1,1,1,1,4,5,3,3,2,2,3,2,2,1,1,2,2,1,1,1,1,1
"14-08-2012",1,1,1,1,1,1,6,18,9,6,5,3,2,1,1,1,2,2,2,1,1,2,1,1
"15-08-2012",1,1,1,1,1,1,1,3,2,3,2,2,2,1,1,1,1,1,1,1,1,2,1,1
"16-08-2012",1,1,1,1,1,1,6,26,21,17,20,5,4,2,3,2,2,1,1,1,1,1,3,2
"17-08-2012",1,1,1,1,1,1,5,8,2,4,3,2,1,2,2,1,1,2,1,1,1,1,2,2
"18-08-2012",1,1,1,1,1,1,2,4,3,4,2,2,2,2,2,2,1,2,1,1,1,1,1,2
"19-08-2012",1,1,1,1,1,1,1,2,3,4,2,2,2,2,2,1,1,1,1,1,1,1,2,2
"20-08-2012",1,1,1,1,1,1,3,11,19,12,4,3,3,3,3,2,2,2,1,1,1,3,3,2
"21-08-2012",2,1,1,1,1,1,7,23,16,9,4,3,3,3,2,2,2,2,1,1,7,11,11,6
"22-08-2012",2,1,1,1,1,2,7,47,19,19,22,17,6,3,3,3,3,2,1,1,5,10,10,3
"23-08-2012",3,2,1,1,1,2,7,34,16,18,13,10,5,3,3,3,2,2,2,3,7,13,5,4
"24-08-2012",17,7,2,2,1,2,9,32,16,13,14,17,6,3,3,2,2,2,2,2,4,20,9,7
"25-08-2012",5,1,2,2,2,2,6,12,8,10,6,6,4,3,2,1,2,1,1,1,6,8,5,6
"26-08-2012",3,1,2,2,2,1,2,4,4,3,3,4,2,1,1,1,1,1,2,1,3,7,6,3
"27-08-2012",6,4,2,1,1,1,11,28,2,3,2,2,2,2,2,1,1,1,1,1,2,1,1,1
"28-08-2012",1,1,1,1,1,1,1,2,3,3,3,3,2,3,2,2,2,2,2,1,2,2,2,6
"29-08-2012",2,2,1,1,1,1,4,11,25,10,11,4,2,2,2,2,2,2,1,1,1,1,2,3
"30-08-2012",2,1,1,1,1,1,5,39,19,21,15,3,2,2,3,3,3,2,2,1,1,1,1,2
"31-08-2012",2,3,2,1,1,1,10,23,23,10,3,3,3,2,3,2,2,2,2,1,1,3,10,4
"01-09-2012",3,3,1,1,1,1,5,17,24,12,6,2,2,2,2,2,1,2,2,1,1,4,3,3
"02-09-2012",2,1,1,1,1,1,1,3,3,3,2,2,2,2,2,1,1,2,1,1,1,2,6,4
"03-09-2012",1,1,1,1,1,2,14,33,32,18,6,4,3,3,3,2,2,2,2,2,1,1,2,4
"04-09-2012",2,1,1,1,1,1,10,58,55,23,9,3,3,3,2,3,3,3,2,2,1,1,3,6
"05-09-2012",3,2,2,1,2,3,16,35,32,16,5,3,3,3,2,4,3,3,2,2,2,1,4,5
"06-09-2012",3,1,1,1,1,3,17,45,11,11,8,4,2,3,4,4,2,2,2,2,2,1,2,1
"07-09-2012",1,1,1,1,1,1,1,2,3,4,5,3,3,3,3,1,1,1,1,1,1,5,11,5
"08-09-2012",3,2,2,1,1,1,1,2,2,1,2,2,2,2,2,1,2,1,1,1,1,4,4,2
"09-09-2012",2,2,1,1,1,1,2,7,7,7,7,2,2,1,1,2,1,1,1,1,2,9,8,4
"10-09-2012",2,3,2,1,1,1,3,15,17,18,7,3,3,2,2,2,2,2,2,1,1,2,6,5
"11-09-2012",2,3,2,1,1,1,2,3,4,3,4,4,4,3,3,2,2,2,2,1,1,3,2,2
"12-09-2012",1,1,1,1,1,1,5,16,20,4,4,3,3,4,3,2,2,2,3,1,1,1,1,4
"13-09-2012",2,2,1,1,1,1,4,15,9,7,4,3,3,4,3,3,3,2,2,1,1,2,8,2
"14-09-2012",1,1,1,1,1,1,1,7,17,4,4,1,1,2,2,3,5,7,4,4,13,37,21,6
"15-09-2012",4,3,1,1,1,1,1,1,2,1,2,2,2,1,1,1,2,1,3,7,6,4,1,2
"16-09-2012",2,4,2,2,1,1,1,1,1,2,4,5,3,4,3,1,2,3,3,3,3,2,1,1
"17-09-2012",1,1,1,1,1,1,1,3,6,5,4,4,5,5,4,3,2,6,11,4,6,22,34,8
"18-09-2012",6,4,2,1,2,1,18,49,57,37,42,20,4,-9999,-9999,5,4,2,1,11,13,20,12,7
"19-09-2012",3,2,1,1,1,3,18,81,80,18,25,13,4,3,3,3,2,2,2,1,1,4,7,6
"20-09-2012",3,2,1,1,1,2,7,20,19,16,17,9,5,3,3,5,3,2,4,17,55,27,2,2
"21-09-2012",1,1,1,1,1,1,1,3,3,4,3,3,4,4,4,3,3,3,2,2,2,3,4,1
"22-09-2012",1,1,1,1,1,1,1,1,6,5,9,3,5,4,4,3,2,1,1,4,13,7,5,4
"23-09-2012",2,3,2,1,1,1,3,8,20,14,19,19,5,2,1,2,1,1,1,2,10,13,7,3
"24-09-2012",2,1,1,1,1,1,8,53,76,34,32,19,11,4,3,3,2,1,2,2,10,19,10,6
"25-09-2012",3,1,1,1,1,3,13,57,97,54,30,32,10,7,6,3,3,2,2,7,29,29,11,3
"26-09-2012",2,2,1,1,2,2,16,53,87,81,39,5,4,3,2,2,2,3,1,8,9,8,3,5
"27-09-2012",2,1,1,3,2,8,44,83,91,63,37,27,11,4,3,2,3,2,2,5,28,32,16,3
"28-09-2012",5,5,2,2,2,2,24,77,77,38,43,39,28,8,5,4,3,4,2,9,33,18,9,4
"29-09-2012",2,4,4,2,2,1,8,27,35,18,16,13,6,3,2,2,2,2,3,14,18,8,7,4
"30-09-2012",9,4,1,1,2,2,4,9,14,11,12,9,6,5,3,1,2,2,3,9,15,11,5,7
"01-10-2012",2,2,2,2,1,1,7,51,46,45,63,20,10,7,6,5,2,2,2,12,14,14,8,4
"02-10-2012",2,1,1,1,1,1,7,41,77,22,37,15,4,3,3,3,3,2,2,1,7,13,12,4
"03-10-2012",2,2,1,1,2,4,10,26,23,48,40,10,7,4,4,2,2,2,1,3,12,3,2,1
"04-10-2012",1,1,1,1,1,1,2,3,4,3,3,3,3,3,2,2,2,2,3,1,9,9,6,4
"05-10-2012",2,1,1,1,1,1,7,38,76,53,46,19,9,4,4,2,2,4,2,12,11,16,16,5
"06-10-2012",2,2,1,1,1,3,10,20,23,13,15,8,4,2,2,2,2,1,1,2,11,8,5,5
"07-10-2012",2,1,1,1,1,1,2,4,20,9,8,6,4,2,1,2,1,2,1,3,9,9,7,6
"08-10-2012",4,1,1,1,1,1,2,3,4,4,5,4,2,3,3,3,2,3,3,3,3,2,1,1
"09-10-2012",1,1,1,1,1,1,1,3,1,5,7,4,6,4,4,5,4,1,1,5,5,2,2,2
"10-10-2012",1,1,1,1,1,2,14,40,25,23,47,17,4,4,3,2,4,3,2,1,2,2,3,3
"11-10-2012",3,1,1,1,1,1,10,52,110,61,42,20,9,7,5,4,1,2,1,1,9,16,6,4
"12-10-2012",1,1,1,1,1,1,12,47,91,78,45,28,14,8,4,3,2,1,1,3,15,25,17,7
"13-10-2012",8,8,3,1,1,1,5,17,36,20,12,6,4,3,3,3,3,1,1,9,14,19,8,10
"14-10-2012",9,2,4,2,2,3,8,13,23,20,9,7,3,3,2,2,2,2,1,5,19,17,11,27
"15-10-2012",4,3,1,1,1,4,34,90,126,78,25,12,8,9,18,26,14,7,6,52,64,32,15,6
"16-10-2012",6,6,1,1,1,3,23,75,86,56,123,76,31,19,16,12,15,5,7,2,9,26,15,12
"17-10-2012",10,11,6,2,2,6,25,86,147,80,42,18,78,19,7,5,6,-9999,-9999,7,3,2,1,2
"18-10-2012",5,5,5,1,1,2,12,57,78,24,19,10,3,3,3,3,1,1,2,18,25,25,22,5
"19-10-2012",3,1,1,1,1,3,13,84,107,103,44,17,9,6,3,4,3,2,2,31,29,19,19,6
"20-10-2012",3,1,1,1,1,2,4,23,52,17,17,18,17,8,3,2,1,1,1,1,6,15,26,12
"21-10-2012",7,2,2,1,1,1,1,4,4,9,3,3,2,2,2,1,2,1,2,16,26,15,8,4
"22-10-2012",3,1,1,1,1,1,19,45,105,116,84,74,7,8,5,5,3,2,1,1,12,13,7,7
"23-10-2012",2,1,1,1,1,1,1,10,29,12,7,6,8,7,4,3,2,2,1,17,26,41,18,6
"24-10-2012",3,2,1,1,1,1,7,32,57,52,23,19,9,3,3,2,2,1,1,10,9,9,6,4
"25-10-2012",2,1,1,1,1,2,20,78,91,78,49,34,13,3,3,2,2,2,2,9,17,11,9,6
"26-10-2012",3,2,1,1,2,2,10,36,55,40,28,20,13,4,3,2,2,1,8,19,12,8,9,5
"27-10-2012",3,2,1,2,2,1,5,32,51,51,40,38,33,21,6,4,5,11,25,6,20,23,42,26
"28-10-2012",43,44,22,54,23,14,11,38,16,5,2,3,2,8,8,8,8,25,56,18,42,38,11,14
"29-10-2012",25,32,20,24,19,1,1,1,2,2,3,2,2,2,3,2,2,5,7,7,4,6,2,2
"30-10-2012",1,1,1,1,1,1,1,11,12,8,5,5,6,3,5,2,2,28,49,28,20,31,17,13
"31-10-2012",19,4,1,2,4,5,27,49,28,38,38,49,23,10,7,4,3,9,24,28,30,2,2,8
"01-11-2012",5,1,1,1,1,1,5,4,21,3,1,1,1,3,3,19,4,4,9,27,53,18,63,58
"02-11-2012",44,24,21,13,9,6,22,42,87,73,63,48,34,20,9,6,3,24,59,46,41,57,31,19
"03-11-2012",9,24,17,9,14,5,11,28,59,66,26,11,6,5,3,2,6,20,15,12,22,17,10,7
"04-11-2012",6,2,3,5,8,6,11,29,58,30,31,26,6,4,2,2,1,11,31,42,19,14,9,7
"05-11-2012",4,15,2,2,1,2,27,88,107,100,45,19,6,4,2,2,1,13,41,40,33,23,28,21
"06-11-2012",14,22,5,2,2,7,22,60,42,49,20,10,6,3,4,5,8,21,16,26,26,38,28,50
"07-11-2012",27,19,5,3,1,2,11,63,98,54,20,19,6,6,4,4,9,3,2,7,3,2,1,1
"08-11-2012",1,1,1,1,1,1,1,3,5,5,4,4,7,6,8,8,7,9,7,5,3,3,4,16
"09-11-2012",8,2,1,1,1,3,17,74,89,62,58,56,25,10,9,7,4,9,9,10,10,4,3,2
"10-11-2012",1,1,1,1,1,1,1,2,6,7,6,5,4,3,4,4,5,6,8,38,26,19,21,13
"11-11-2012",13,6,6,6,7,3,6,12,42,40,28,17,8,5,4,2,1,19,14,24,27,16,17,16
"12-11-2012",4,4,3,1,3,3,21,66,123,101,100,56,25,9,3,2,8,55,40,57,67,66,52,14
"13-11-2012",15,13,2,4,2,5,44,112,91,66,27,14,8,16,12,5,26,59,37,30,33,34,28,37
"14-11-2012",8,3,15,22,4,2,7,51,84,89,49,24,27,27,6,6,4,3,4,8,21,41,43,30
"15-11-2012",3,1,1,1,1,1,6,17,18,16,7,4,4,4,5,4,5,3,3,6,7,8,3,1
"16-11-2012",1,1,1,1,1,1,1,2,3,2,4,3,3,3,3,4,6,7,9,5,11,5,3,13
"17-11-2012",9,1,1,1,1,1,2,2,3,1,1,2,3,2,2,2,5,8,21,19,7,1,7,16
"18-11-2012",5,4,1,1,2,1,3,8,10,7,3,3,2,3,2,1,1,4,17,29,25,15,17,11
"19-11-2012",3,3,4,4,1,1,24,63,83,65,74,55,20,9,9,7,12,19,22,18,20,27,35,45
"20-11-2012",34,19,6,1,1,1,1,3,3,2,2,-9999,-9999,-9999,2,2,2,1,14,7,13,7,1,1
"21-11-2012",1,1,1,1,1,1,1,2,2,1,3,5,5,9,4,4,7,14,17,12,10,8,6,3
"22-11-2012",22,20,4,5,1,3,18,71,83,116,81,27,17,5,5,3,3,33,42,31,40,28,23,66
"23-11-2012",57,21,2,1,1,5,33,69,111,34,7,7,5,4,4,3,2,4,10,7,12,15,22,19
"24-11-2012",3,7,4,1,1,2,6,9,6,28,13,11,7,6,4,3,2,25,6,4,4,3,4,7
"25-11-2012",7,7,1,3,2,2,5,10,7,3,1,2,2,2,2,2,1,1,17,25,24,46,54,11
"26-11-2012",8,7,7,4,3,8,28,87,78,40,43,41,38,10,5,4,2,13,60,44,31,47,56,37
"27-11-2012",24,32,14,3,6,13,33,83,105,93,122,81,19,7,4,4,1,3,9,10,22,33,9,3
"28-11-2012",4,3,2,1,3,6,18,53,73,64,49,33,35,22,11,3,9,43,72,85,80,69,38,28
"29-11-2012",6,1,1,1,1,1,1,1,1,1,1,2,20,5,1,1,1,1,1,2,2,1,1,4
"30-11-2012",2,1,1,1,1,1,3,6,6,2,2,2,4,3,1,1,2,15,6,5,4,4,2,1
"01-12-2012",1,1,2,1,3,2,7,8,59,68,20,56,22,8,5,3,2,22,32,20,44,18,14,5
"02-12-2012",9,2,1,1,2,5,5,13,32,36,44,42,55,44,22,10,16,5,4,3,3,4,6,6
"03-12-2012",3,1,1,1,1,1,11,44,67,98,45,3,2,2,1,3,4,22,8,3,2,2,1,1
"04-12-2012",1,1,1,1,1,1,1,3,4,4,5,5,5,5,5,4,5,12,5,44,39,30,25,22
"05-12-2012",3,2,4,2,1,6,22,46,88,129,117,70,108,99,44,55,69,90,92,108,98,90,12,2
"06-12-2012",1,1,1,1,1,1,1,5,12,8,5,4,5,6,6,4,4,7,12,22,18,4,2,1
"07-12-2012",1,1,1,1,1,1,1,3,4,4,5,4,4,4,5,5,4,4,3,16,42,49,44,33
"08-12-2012",23,18,20,20,12,12,24,46,58,60,43,32,68,101,74,77,62,75,76,124,139,124,55,83
"09-12-2012",45,2,2,5,2,3,2,6,24,43,4,2,4,5,5,7,3,3,2,2,2,2,1,1
"10-12-2012",1,1,1,1,1,1,1,3,5,5,6,5,4,4,3,3,3,4,4,3,2,2,3,12
"11-12-2012",17,10,8,5,4,5,11,41,88,103,79,79,78,76,32,24,31,95,95,97,141,6,1,1
"12-12-2012",1,1,1,1,1,1,2,4,6,7,6,6,7,5,8,7,5,3,3,4,4,2,1,1
"13-12-2012",1,1,1,1,1,1,1,6,12,8,13,11,8,5,4,5,3,4,6,26,59,52,42,30
"14-12-2012",11,9,5,5,8,10,26,72,104,128,84,34,39,55,38,35,38,110,111,96,82,100,61,60
"15-12-2012",53,49,49,50,65,59,41,31,40,59,60,52,46,26,37,44,22,78,155,109,105,89,86,96
"16-12-2012",49,63,65,60,19,17,11,14,12,28,34,39,40,54,42,14,26,55,89,90,77,40,86,39
"17-12-2012",46,57,58,53,69,66,73,98,107,92,59,11,24,11,10,6,16,76,63,18,22,25,41,57
"18-12-2012",51,6,1,1,1,1,1,2,2,4,2,2,2,2,2,2,2,2,2,3,1,5,7,3
"19-12-2012",1,1,1,1,1,1,2,7,10,7,10,9,8,6,6,5,3,3,3,3,3,2,2,1
"20-12-2012",1,1,1,1,1,1,2,4,9,7,5,5,6,6,5,5,2,3,3,5,5,6,3,1
"21-12-2012",1,1,1,1,1,1,1,3,10,6,6,10,8,6,6,5,7,5,10,31,41,14,30,27
"22-12-2012",18,6,1,3,4,1,1,1,2,2,3,3,2,3,2,3,4,5,7,4,5,3,2,1
"23-12-2012",1,1,1,1,1,1,1,1,1,3,2,2,2,4,4,3,2,15,6,3,3,23,28,17
"24-12-2012",12,8,7,6,4,9,27,55,69,70,73,81,40,16,9,14,8,49,67,63,73,47,76,44
"25-12-2012",33,39,31,19,19,25,33,35,30,56,26,18,20,19,10,5,9,32,29,20,17,20,32,29
"26-12-2012",17,6,4,6,16,12,23,19,37,62,35,44,43,29,30,8,9,10,9,55,110,100,78,86
"27-12-2012",72,81,67,43,27,36,48,76,63,80,80,53,43,23,12,13,11,23,82,71,79,63,100,91
"28-12-2012",38,53,23,21,20,19,25,35,39,64,49,41,46,24,32,42,35,41,78,125,107,65,122,127
"29-12-2012",140,45,32,1,2,1,1,1,1,2,5,5,1,3,5,3,2,5,4,3,4,3,3,1
"30-12-2012",1,1,1,1,1,1,1,1,1,2,2,3,3,2,3,3,10,13,12,10,13,9,8,6
"31-12-2012",4,2,2,1,4,12,36,36,52,72,66,74,73,12,6,49,33,64,103,104,95,87,80,72
