"01-01-2011",4,4,4,4,4,4,4,4,4,5,23,20,20,12,8,6,5,4,4,4,4,4,4,4
"02-01-2011",4,4,4,4,4,4,4,4,4,4,4,4,15,10,6,5,4,4,5,4,5,4,4,4
"03-01-2011",4,4,4,4,4,4,4,4,4,4,4,4,4,4,5,4,4,4,4,4,4,4,4,4
"04-01-2011",4,4,4,4,4,4,4,4,4,5,5,5,5,5,5,5,5,5,5,4,4,4,4,4
"05-01-2011",4,4,4,4,4,4,4,4,4,6,5,4,4,4,4,5,7,6,7,4,4,4,4,4
"06-01-2011",4,4,4,4,4,4,4,4,4,5,5,8,7,13,11,10,8,5,5,5,5,5,6,5
"07-01-2011",4,4,7,4,4,7,4,5,11,8,20,27,34,9,9,11,7,8,8,4,6,5,11,9
"08-01-2011",4,4,4,4,4,4,4,4,4,4,10,10,12,8,5,4,4,4,4,4,4,4,4,4
"09-01-2011",4,4,4,4,4,4,4,4,4,5,29,13,10,6,9,10,6,5,5,4,4,4,4,4
"10-01-2011",4,4,4,4,4,4,4,4,5,7,6,8,7,18,11,8,6,5,6,5,4,4,4,4
"11-01-2011",4,4,4,4,4,4,4,7,7,5,7,16,41,13,5,6,5,4,4,4,4,4,4,4
"12-01-2011",4,4,4,4,4,4,4,5,7,6,5,5,14,6,5,5,5,5,5,5,5,4,4,4
"13-01-2011",5,4,4,4,4,4,4,5,5,5,5,5,8,10,14,6,5,5,4,5,4,4,4,4
"14-01-2011",4,4,4,4,3,4,4,4,4,7,14,10,8,7,4,4,5,4,4,4,4,4,4,4
"15-01-2011",4,4,4,4,4,4,4,4,5,6,13,16,15,17,6,4,4,4,5,5,4,4,4,4
"16-01-2011",4,4,4,4,3,4,4,4,4,4,4,4,4,4,4,4,4,4,4,4,4,4,4,4
"17-01-2011",4,4,4,4,4,4,4,5,4,5,8,23,13,5,5,5,4,4,5,5,5,5,5,14
"18-01-2011",6,5,3,3,4,4,4,4,7,10,15,41,27,28,30,29,14,8,5,5,5,5,4,4
"19-01-2011",4,4,4,4,4,4,5,4,5,15,10,17,18,10,8,6,5,4,4,4,4,4,4,4
"20-01-2011",4,4,4,4,4,4,4,4,4,4,8,8,20,6,15,4,4,4,4,4,4,4,8,15
"21-01-2011",4,4,4,4,4,4,4,4,5,5,5,5,6,59,35,5,18,12,4,4,5,5,4,4
"22-01-2011",4,4,4,4,4,4,4,7,4,5,5,6,5,4,11,8,9,7,6,4,4,4,4,4
"23-01-2011",4,4,4,4,4,5,4,4,4,5,7,8,7,7,8,7,7,6,4,5,5,7,4,4
"24-01-2011",4,4,3,4,5,4,4,4,4,4,4,11,7,4,7,6,5,5,5,12,6,4,4,4
"25-01-2011",4,4,4,4,4,4,4,4,4,4,4,4,4,4,4,5,4,4,4,4,4,4,5,4
"26-01-2011",4,4,4,4,4,4,5,5,7,19,32,29,20,15,12,10,8,6,5,5,5,6,4,4
"27-01-2011",4,4,4,4,4,4,4,4,13,34,10,29,6,10,13,5,7,7,6,5,12,5,4,4
"28-01-2011",4,4,4,4,4,4,4,4,4,4,4,4,4,5,5,4,4,4,5,4,4,4,4,4
"29-01-2011",4,4,4,4,4,4,4,4,4,6,5,4,4,4,4,4,4,4,4,5,4,4,4,4
"30-01-2011",4,4,4,4,4,4,4,4,4,4,4,4,4,5,4,4,4,4,4,4,4,4,5,4
"31-01-2011",4,4,4,4,4,4,4,4,4,4,4,4,4,4,4,4,4,4,4,4,5,5,4,4
"01-02-2011",4,4,4,4,4,4,4,4,5,7,10,6,5,7,5,5,5,4,4,5,4,4,4,4
"02-02-2011",4,4,4,4,4,4,4,4,5,28,44,34,24,14,22,10,5,4,4,4,4,4,4,4
"03-02-2011",4,4,4,4,3,4,4,4,4,4,6,9,5,6,5,5,4,4,4,4,4,4,4,4
"04-02-2011",4,4,4,4,4,4,4,4,4,5,11,15,14,9,6,5,5,4,4,4,4,4,4,4
"05-02-2011",4,4,4,4,4,4,4,4,5,18,13,8,9,8,5,5,5,7,4,4,4,4,4,4
"06-02-2011",4,4,4,4,4,4,4,4,4,5,7,11,10,7,6,4,5,4,4,4,4,4,4,4
"07-02-2011",4,4,3,4,4,4,4,4,4,5,8,19,9,5,4,4,4,4,4,4,4,4,4,4
"08-02-2011",4,3,4,4,4,4,4,4,4,4,6,5,5,5,4,2,4,4,4,4,4,4,4,4
"09-02-2011",3,3,3,3,4,4,4,4,4,4,7,4,4,4,4,4,4,4,4,4,4,4,4,4
"10-02-2011",4,4,4,3,3,4,4,4,4,4,4,4,4,4,4,4,4,4,4,4,4,4,4,4
"11-02-2011",4,4,4,4,4,4,4,4,-9999,4,12,10,5,5,4,4,4,4,4,4,4,4,4,4
"12-02-2011",4,4,4,4,4,4,4,4,4,4,8,22,10,6,5,5,5,4,4,4,4,4,4,4
"13-02-2011",4,4,4,4,4,4,4,4,4,4,4,4,5,5,4,4,4,4,4,4,4,4,4,4
"14-02-2011",4,4,4,4,4,4,4,4,4,4,11,7,5,4,4,4,4,4,4,4,4,4,4,4
"15-02-2011",4,4,4,4,4,4,4,4,4,4,4,7,11,5,10,5,5,4,4,4,4,4,4,4
"16-02-2011",4,4,4,4,4,4,4,4,4,4,4,4,4,5,5,5,5,4,5,4,4,4,4,4
"17-02-2011",4,4,3,4,4,4,4,4,4,4,4,4,5,4,5,6,6,13,16,9,9,11,5,6
"18-02-2011",4,4,4,4,10,4,4,15,4,27,14,35,55,46,14,4,4,5,4,4,4,4,4,4
"19-02-2011",4,4,3,4,4,4,4,4,3,4,4,6,4,5,6,5,4,4,4,4,4,4,4,4
"20-02-2011",4,3,3,3,3,3,3,3,4,4,4,4,4,4,4,4,4,4,4,4,4,4,4,4
"21-02-2011",4,4,3,3,3,3,4,4,4,5,4,4,5,5,4,4,4,4,4,4,4,4,4,4
"22-02-2011",4,3,3,3,4,3,4,4,4,4,5,7,8,7,5,6,5,4,4,4,5,5,4,4
"23-02-2011",4,4,3,3,3,3,3,4,5,6,4,4,4,4,4,4,4,4,4,4,4,4,4,4
"24-02-2011",4,4,3,4,4,3,4,4,4,4,4,4,4,-9999,4,4,4,4,4,4,4,4,4,4
"25-02-2011",4,4,4,4,4,4,4,4,5,6,5,5,5,5,7,11,5,4,4,4,4,4,4,4
"26-02-2011",4,4,4,4,4,4,4,5,4,6,10,5,5,7,7,9,6,5,4,4,5,4,4,4
"27-02-2011",4,4,4,4,4,4,4,4,4,4,4,4,5,5,5,4,4,4,4,4,4,4,4,4
"28-02-2011",4,4,4,4,4,4,4,4,5,4,4,4,5,13,15,5,5,4,4,4,4,4,4,4
"01-03-2011",4,4,4,4,4,4,4,4,5,4,5,4,4,5,5,6,5,5,4,4,4,4,4,4
"02-03-2011",4,4,4,4,4,4,4,4,5,4,5,-9999,-9999,-9999,-9999,-9999,-9999,-9999,-9999,-9999,-9999,-9999,-9999,-9999
"03-03-2011",-9999,-9999,-9999,-9999,-9999,-9999,-9999,-9999,-9999,-9999,-9999,-9999,-9999,-9999,-9999,-9999,-9999,-9999,-9999,-9999,-9999,-9999,-9999,-9999
"04-03-2011",-9999,-9999,-9999,-9999,-9999,-9999,-9999,-9999,-9999,-9999,-9999,-9999,-9999,-9999,-9999,-9999,-9999,-9999,-9999,-9999,-9999,-9999,-9999,-9999
"05-03-2011",-9999,-9999,-9999,-9999,-9999,-9999,-9999,-9999,-9999,-9999,-9999,-9999,-9999,-9999,-9999,-9999,-9999,-9999,-9999,-9999,-9999,-9999,-9999,-9999
"06-03-2011",-9999,-9999,-9999,-9999,-9999,-9999,-9999,-9999,-9999,-9999,-9999,-9999,-9999,-9999,-9999,-9999,-9999,-9999,-9999,-9999,-9999,-9999,-9999,-9999
"07-03-2011",-9999,-9999,-9999,-9999,-9999,-9999,-9999,-9999,-9999,-9999,-9999,-9999,-9999,-9999,-9999,-9999,-9999,-9999,-9999,-9999,-9999,-9999,-9999,-9999
"08-03-2011",-9999,-9999,-9999,-9999,-9999,-9999,-9999,-9999,-9999,-9999,5,4,4,4,4,4,4,4,4,4,4,4,5,4
"09-03-2011",4,4,4,4,4,4,4,4,4,4,4,4,4,4,4,4,4,4,4,4,4,4,4,4
"10-03-2011",4,4,4,4,4,4,4,5,5,6,5,5,5,5,5,5,4,4,4,4,4,4,4,4
"11-03-2011",4,4,4,4,4,4,4,6,9,59,47,21,28,20,8,7,5,4,4,4,4,4,4,4
"12-03-2011",4,4,4,4,4,4,4,4,4,4,5,6,6,4,4,4,4,4,4,4,4,4,4,4
"13-03-2011",4,4,4,4,4,4,4,4,4,4,4,4,4,4,4,4,4,4,4,4,4,4,4,4
"14-03-2011",4,4,4,4,4,4,4,4,5,6,7,9,6,4,4,4,4,4,4,4,4,4,4,4
"15-03-2011",4,4,4,4,4,4,4,4,6,6,5,8,5,5,4,5,4,4,4,4,4,4,4,4
"16-03-2011",4,4,4,4,4,4,4,4,4,7,4,4,5,5,5,4,4,4,4,4,4,4,4,4
"17-03-2011",4,4,4,4,4,4,4,4,5,5,4,4,4,4,4,4,4,4,4,4,4,4,4,4
"18-03-2011",4,4,4,4,4,4,4,4,4,4,4,4,4,4,4,4,4,4,4,4,4,4,4,4
"19-03-2011",4,4,4,4,4,4,4,4,4,4,4,4,4,4,4,4,4,4,4,4,4,4,4,4
"20-03-2011",4,4,4,4,4,4,4,4,4,4,4,4,5,4,4,4,4,4,4,4,4,4,4,4
"21-03-2011",4,4,4,4,4,4,4,4,4,4,4,4,4,4,4,4,4,4,4,4,4,4,4,4
"22-03-2011",4,4,4,4,4,4,4,4,4,6,6,4,4,4,4,4,4,4,4,4,4,4,4,4
"23-03-2011",4,4,4,4,4,4,4,4,9,4,4,4,4,5,4,4,4,4,4,4,4,4,4,4
"24-03-2011",4,4,4,4,4,4,4,4,4,4,5,4,4,4,4,4,4,4,4,4,4,4,4,4
"25-03-2011",4,4,4,4,4,4,4,4,4,4,4,5,4,4,4,4,4,4,4,4,4,4,4,4
"26-03-2011",4,4,4,4,4,4,4,4,4,5,6,4,4,4,4,4,4,4,4,4,4,4,4,4
"27-03-2011",4,4,4,4,4,4,4,4,4,5,4,4,4,4,4,4,4,4,4,4,4,4,4,4
"28-03-2011",4,4,4,4,4,4,4,-9999,4,4,4,4,4,4,4,4,4,4,4,4,4,4,4,4
"29-03-2011",4,4,4,4,4,4,4,4,4,7,9,4,4,4,4,4,4,4,4,4,4,4,4,4
"30-03-2011",4,4,4,4,4,4,4,4,4,4,4,4,4,4,4,4,4,4,4,4,4,4,4,4
"31-03-2011",4,4,4,4,4,4,4,4,4,5,5,5,4,4,4,4,4,4,4,4,4,4,4,4
"01-04-2011",4,4,4,4,4,4,4,4,4,4,4,4,4,4,4,4,4,4,4,4,4,4,4,4
"02-04-2011",4,4,4,4,4,4,4,4,4,4,4,4,4,4,4,4,4,4,4,4,4,4,4,4
"03-04-2011",4,4,4,4,4,4,4,4,4,6,5,4,4,4,4,4,4,4,4,4,4,4,4,4
"04-04-2011",4,4,4,4,4,4,4,4,4,4,4,4,5,5,4,4,4,4,4,4,4,4,4,4
"05-04-2011",4,4,4,4,4,4,4,4,4,5,6,4,4,4,4,4,4,4,4,4,4,4,4,4
"06-04-2011",4,4,4,4,4,4,4,4,4,4,4,4,4,4,4,4,4,4,4,4,4,4,4,4
"07-04-2011",4,4,4,4,4,4,4,5,5,6,5,4,4,5,5,4,4,4,4,4,4,4,4,4
"08-04-2011",4,4,4,4,4,4,4,4,4,4,16,17,15,11,5,4,4,4,4,4,4,4,4,4
"09-04-2011",4,4,4,4,4,4,4,4,4,4,4,4,4,4,4,4,4,4,4,4,4,4,4,4
"10-04-2011",4,4,4,4,4,4,4,4,4,4,4,4,4,4,4,4,4,4,4,4,4,4,4,4
"11-04-2011",4,4,4,4,4,4,4,4,4,4,4,4,4,4,4,4,4,4,4,4,4,4,4,4
"12-04-2011",4,4,4,4,4,4,4,4,4,4,5,5,4,5,4,4,4,4,4,4,4,4,4,4
"13-04-2011",4,4,4,4,4,4,4,4,6,7,7,7,4,4,4,4,4,4,4,4,4,4,4,4
"14-04-2011",4,4,4,4,4,4,4,4,4,4,4,4,4,4,4,4,4,4,4,4,4,4,4,4
"15-04-2011",4,4,4,4,4,4,4,4,4,25,21,8,5,4,4,4,4,4,4,4,4,4,4,4
"16-04-2011",4,4,4,4,4,4,4,4,4,4,5,4,4,4,4,4,4,4,4,4,4,3,2,2
"17-04-2011",1,1,1,1,1,1,1,1,1,1,2,3,3,3,3,3,3,3,3,3,3,3,3,3
"18-04-2011",4,4,4,3,4,4,4,4,4,4,4,4,4,4,4,4,4,4,4,3,3,3,3,3
"19-04-2011",3,3,3,3,2,2,2,3,4,6,5,4,4,4,4,4,4,4,4,4,4,4,4,4
"20-04-2011",4,3,3,3,3,3,4,4,4,9,11,8,6,7,5,4,4,4,4,4,4,4,4,4
"21-04-2011",4,4,4,4,4,4,4,4,4,4,5,4,4,4,4,4,4,4,4,4,4,4,4,4
"22-04-2011",4,4,4,4,4,4,4,4,4,4,4,4,4,4,4,4,4,4,4,4,4,4,4,4
"23-04-2011",4,4,4,4,4,4,4,4,4,4,4,4,4,4,4,4,4,4,4,4,4,4,4,4
"24-04-2011",4,4,4,4,4,4,4,4,4,4,4,4,4,4,4,4,4,4,4,4,4,4,4,4
"25-04-2011",4,4,4,4,4,4,4,4,4,4,4,4,4,4,4,4,4,4,4,4,4,4,4,4
"26-04-2011",4,4,4,4,4,4,4,4,4,4,4,4,4,4,4,4,4,4,4,4,4,4,4,4
"27-04-2011",4,4,4,4,4,4,4,4,4,4,4,4,4,4,4,4,4,4,4,4,4,4,4,4
"28-04-2011",4,4,4,4,4,4,4,4,4,7,10,8,5,5,5,4,4,4,4,4,4,4,4,4
"29-04-2011",4,4,4,4,4,4,4,4,4,4,4,6,5,4,4,4,4,4,4,4,3,3,3,4
"30-04-2011",4,3,4,3,3,3,4,4,5,8,6,5,4,4,4,4,4,4,4,4,4,4,4,4
"01-05-2011",4,4,3,3,3,3,3,3,3,4,4,3,3,4,4,4,4,4,4,4,4,4,4,4
"02-05-2011",4,4,4,4,4,3,3,4,4,4,4,4,4,4,4,4,4,4,4,4,4,4,4,4
"03-05-2011",4,4,4,3,3,3,4,4,4,5,4,4,4,4,4,4,4,4,4,4,4,4,4,4
"04-05-2011",4,4,3,3,3,3,3,4,8,8,4,4,4,4,4,4,4,4,4,4,4,4,4,3
"05-05-2011",3,3,4,3,3,3,2,2,2,3,3,3,3,3,4,4,4,4,4,4,4,4,4,4
"06-05-2011",4,4,4,4,4,4,4,4,4,4,4,4,3,4,4,4,4,4,4,4,4,4,4,4
"07-05-2011",4,4,3,3,3,3,3,3,4,4,4,4,4,4,4,4,4,4,4,4,4,4,4,4
"08-05-2011",4,3,3,3,3,3,3,3,4,5,5,5,4,4,4,4,4,4,4,4,4,4,4,4
"09-05-2011",4,3,3,3,3,3,3,3,3,4,3,4,4,4,4,4,4,4,4,4,4,4,4,4
"10-05-2011",4,3,3,3,3,3,4,4,4,9,10,5,4,4,4,4,4,4,4,4,4,4,4,3
"11-05-2011",4,3,3,4,4,4,4,4,4,4,4,4,4,5,4,4,4,4,4,4,4,4,4,4
"12-05-2011",4,4,4,3,3,4,4,4,4,5,5,4,3,4,4,4,4,4,4,4,4,4,4,4
"13-05-2011",4,3,3,3,3,4,3,4,4,4,5,5,4,4,4,4,4,4,4,4,4,4,4,4
"14-05-2011",4,4,4,3,4,4,4,3,4,4,4,4,4,4,4,4,4,4,4,4,4,4,4,4
"15-05-2011",4,4,4,4,4,4,4,4,4,4,4,4,4,4,4,4,4,4,4,4,4,4,4,4
"16-05-2011",4,4,4,4,4,4,4,4,4,5,5,5,4,4,4,4,4,4,4,4,4,4,4,4
"17-05-2011",4,4,4,3,4,4,4,4,4,4,4,4,4,4,4,4,4,4,4,4,4,4,4,4
"18-05-2011",4,4,4,4,4,4,4,4,4,5,4,4,4,4,4,4,4,4,4,4,4,4,4,4
"19-05-2011",4,4,4,3,4,4,4,4,4,4,4,4,3,4,4,4,4,4,4,4,4,4,4,4
"20-05-2011",4,4,3,4,4,3,3,3,5,5,4,4,4,4,4,4,4,4,4,4,4,4,4,4
"21-05-2011",4,4,4,4,3,3,4,4,4,4,4,4,4,4,4,4,4,4,4,4,4,4,4,4
"22-05-2011",4,4,4,3,3,3,4,4,4,4,4,4,4,4,4,4,4,4,4,4,4,4,4,4
"23-05-2011",4,4,3,4,4,4,4,4,4,4,4,4,4,4,4,4,4,4,4,4,4,3,2,1
"24-05-2011",1,1,1,1,1,1,1,1,2,2,3,4,4,4,4,4,4,4,4,4,4,4,4,3
"25-05-2011",4,3,3,2,2,2,3,3,3,3,4,4,4,4,4,4,4,4,4,4,4,4,4,4
"26-05-2011",4,4,4,3,3,3,3,3,4,5,4,4,4,4,4,4,4,4,4,4,4,4,4,4
"27-05-2011",4,4,4,3,3,3,4,3,3,4,4,4,4,4,4,4,4,4,4,4,4,4,4,4
"28-05-2011",4,3,3,3,3,3,3,3,3,4,4,4,4,4,4,4,4,4,4,4,4,4,4,4
"29-05-2011",4,4,3,3,3,3,3,4,4,4,4,4,4,4,4,4,4,4,4,4,4,4,4,4
"30-05-2011",3,3,2,2,1,1,1,1,1,1,1,2,4,4,4,4,4,4,4,4,4,4,3,4
"31-05-2011",3,3,1,1,1,1,1,1,1,1,1,3,4,4,4,4,4,4,4,4,4,4,4,3
"01-06-2011",3,3,2,2,2,1,1,2,3,4,4,4,4,4,4,4,4,4,4,4,4,4,4,4
"02-06-2011",4,3,3,2,2,2,2,2,3,5,5,4,4,4,4,4,4,4,4,4,4,4,4,4
"03-06-2011",4,3,3,3,3,3,2,2,3,5,4,4,4,4,4,4,4,4,4,4,4,3,2,2
"04-06-2011",2,1,1,1,1,1,1,1,1,1,1,1,1,1,4,4,4,4,4,4,4,3,2,2
"05-06-2011",1,1,1,1,1,1,1,1,1,1,2,3,4,4,4,4,4,4,4,4,4,4,4,4
"06-06-2011",4,3,2,1,1,1,1,1,1,2,3,4,4,4,4,4,4,4,4,4,4,4,4,4
"07-06-2011",4,3,2,2,2,2,2,2,2,3,4,4,4,4,4,4,4,4,4,4,4,4,4,4
"08-06-2011",3,3,2,1,1,1,1,1,1,3,4,4,4,4,4,4,8,5,4,4,4,4,4,4
"09-06-2011",4,3,2,2,1,1,1,1,2,3,3,4,4,4,4,4,4,4,4,4,4,4,4,4
"10-06-2011",4,4,3,3,3,4,4,4,4,4,4,4,4,4,4,4,4,4,4,4,4,4,4,4
"11-06-2011",4,4,4,4,4,4,4,4,4,4,4,4,4,4,4,4,4,4,4,4,4,4,4,4
"12-06-2011",4,4,4,4,4,4,4,4,4,4,4,4,4,4,4,4,4,4,4,4,4,4,3,4
"13-06-2011",4,4,4,4,3,3,3,3,3,3,4,4,4,4,4,4,4,4,4,4,4,4,4,4
"14-06-2011",4,4,4,3,3,2,3,3,4,4,4,4,-9999,3,3,3,3,3,3,2,3,2,3,3
"15-06-2011",2,2,2,2,2,2,2,2,1,2,2,2,2,3,3,3,3,2,3,3,2,2,2,2
"16-06-2011",2,2,2,2,2,2,2,1,2,4,4,3,3,3,3,3,3,3,3,3,3,2,2,2
"17-06-2011",2,2,2,2,1,1,1,1,2,4,4,-9999,18,2,4,4,4,4,5,5,4,4,4,4
"18-06-2011",4,4,4,4,4,4,5,4,4,5,5,4,5,4,4,4,4,4,4,4,4,5,5,4
"19-06-2011",4,4,4,4,4,4,4,4,5,4,5,4,4,4,4,4,4,4,4,4,4,4,5,4
"20-06-2011",4,4,4,4,4,4,5,5,4,4,4,5,-9999,-9999,1,1,1,1,1,1,1,1,1,1
"21-06-2011",1,1,1,1,1,2,1,1,1,2,2,1,2,1,1,1,1,1,1,1,1,2,1,1
"22-06-2011",1,1,1,1,1,1,2,1,1,2,2,2,2,2,1,1,1,1,1,1,1,1,1,1
"23-06-2011",1,1,1,1,2,2,1,2,2,5,3,2,1,1,2,1,1,1,1,1,1,1,1,1
"24-06-2011",1,1,1,1,1,1,1,2,2,-9999,-9999,2,1,1,2,1,1,1,1,1,1,1,1,1
"25-06-2011",1,1,1,1,1,1,1,1,2,-9999,-9999,-9999,1,1,1,1,1,1,1,-9999,-9999,1,1,1
"26-06-2011",1,1,1,1,1,1,1,1,1,1,1,1,1,1,1,1,1,1,1,1,1,1,1,1
"27-06-2011",1,1,1,1,1,1,1,1,2,1,1,1,1,-9999,-9999,1,1,1,1,1,1,1,1,1
"28-06-2011",1,1,1,1,1,1,1,1,1,1,1,2,1,1,1,1,1,1,1,1,1,1,1,1
"29-06-2011",1,1,1,1,1,1,1,1,1,2,1,2,1,1,1,2,1,1,1,1,1,1,1,1
"30-06-2011",2,2,1,1,1,1,1,4,4,4,8,3,2,2,2,2,1,1,2,2,3,3,1,1
"01-07-2011",2,1,1,1,1,1,1,1,1,1,1,2,2,1,2,2,1,1,1,1,1,1,1,1
"02-07-2011",1,1,1,1,1,1,1,1,2,4,2,2,1,1,1,1,1,2,1,2,1,1,1,2
"03-07-2011",1,1,1,1,1,2,2,1,1,2,1,2,1,1,1,1,1,1,1,1,1,1,1,1
"04-07-2011",1,1,1,1,2,1,2,2,3,4,3,2,2,2,2,1,1,1,1,1,1,1,1,1
"05-07-2011",1,1,1,1,2,1,1,1,3,5,3,2,2,1,2,1,2,2,2,1,1,1,1,1
"06-07-2011",1,1,1,1,1,1,2,2,2,1,2,1,2,2,2,1,1,2,1,1,1,1,1,1
"07-07-2011",1,1,2,1,1,1,1,1,5,6,3,2,2,2,1,2,1,1,1,1,1,1,1,1
"08-07-2011",1,1,1,1,1,1,1,1,4,7,5,4,2,2,2,1,2,2,2,1,1,1,1,1
"09-07-2011",1,1,1,1,1,1,1,1,1,1,2,2,2,2,1,1,1,1,2,1,1,1,1,1
"10-07-2011",1,1,1,1,1,1,2,1,1,2,2,1,1,2,1,1,1,1,1,1,1,1,1,1
"11-07-2011",1,1,1,1,1,1,1,2,6,4,4,3,2,2,2,1,1,1,2,2,1,1,1,1
"12-07-2011",1,1,1,1,1,1,2,4,8,5,3,2,2,2,2,2,2,2,2,2,1,2,1,2
"13-07-2011",3,1,1,1,1,2,2,2,2,2,2,2,2,1,2,2,1,1,1,2,2,3,1,1
"14-07-2011",1,1,1,1,1,1,1,1,2,3,2,2,1,2,1,2,1,1,1,2,7,1,1,2
"15-07-2011",1,1,2,1,1,1,1,2,2,2,2,2,1,2,2,1,2,2,2,1,2,1,1,1
"16-07-2011",1,1,2,1,1,1,1,1,2,2,2,2,2,2,1,1,1,1,1,1,1,1,1,1
"17-07-2011",1,1,1,1,1,1,1,1,1,1,1,1,1,1,1,1,1,2,1,1,1,1,1,1
"18-07-2011",1,1,1,1,1,1,1,1,2,1,2,1,1,2,2,1,1,1,2,1,1,1,1,1
"19-07-2011",1,1,1,1,1,1,3,3,3,4,3,2,1,2,2,1,1,1,1,1,1,2,1,1
"20-07-2011",1,1,2,1,1,2,2,1,2,3,2,2,1,1,2,1,1,1,1,2,1,2,2,2
"21-07-2011",2,1,1,1,1,1,2,1,8,4,4,2,3,4,3,1,2,1,1,1,1,1,1,1
"22-07-2011",1,1,1,1,1,1,1,1,4,3,6,2,1,2,2,2,1,2,2,1,1,1,1,1
"23-07-2011",1,1,1,1,1,1,1,1,9,4,2,2,2,2,1,2,2,1,1,1,1,1,4,2
"24-07-2011",3,2,1,1,1,1,2,1,2,1,2,2,2,2,1,2,2,2,1,1,1,1,1,2
"25-07-2011",1,1,1,1,1,1,1,1,3,2,2,2,1,1,1,1,1,1,2,2,1,1,1,1
"26-07-2011",2,3,2,2,1,1,1,2,2,5,3,2,1,2,1,2,1,1,2,1,1,1,1,1
"27-07-2011",1,1,1,1,1,1,1,2,3,3,2,2,2,2,2,2,2,1,1,1,1,1,1,1
"28-07-2011",1,1,1,1,1,1,2,1,2,7,2,-9999,-9999,-9999,2,1,2,2,1,1,2,2,1,1
"29-07-2011",1,1,1,1,1,2,2,1,1,4,2,2,2,2,2,2,2,2,1,1,2,3,2,2
"30-07-2011",2,2,2,1,2,1,1,2,2,2,2,2,2,2,2,2,1,1,1,1,1,1,1,1
"31-07-2011",1,1,1,1,1,1,2,1,1,2,2,1,2,2,1,2,1,1,1,2,3,2,2,2
"01-08-2011",2,1,1,1,1,2,1,2,2,3,3,3,3,2,2,2,2,1,2,2,1,1,1,1
"02-08-2011",2,2,1,1,2,1,2,2,2,2,2,2,2,2,2,2,2,2,1,1,2,2,1,1
"03-08-2011",1,1,1,1,2,1,2,1,2,2,2,2,2,2,2,1,2,2,2,2,1,1,1,1
"04-08-2011",1,1,1,1,2,1,2,1,2,1,2,2,2,2,2,2,2,2,1,2,1,1,1,1
"05-08-2011",2,1,1,2,1,1,1,1,2,3,2,2,2,1,1,1,2,1,1,1,2,1,1,2
"06-08-2011",1,1,2,2,1,1,1,2,2,3,2,2,2,2,1,1,1,1,2,2,2,2,1,1
"07-08-2011",1,1,1,1,1,1,1,1,1,2,2,2,2,1,1,1,1,2,2,2,1,1,2,2
"08-08-2011",1,1,1,1,1,1,1,1,1,1,2,2,2,2,2,2,2,1,2,1,2,1,1,2
"09-08-2011",1,1,2,2,1,1,1,2,3,4,3,2,2,2,2,2,2,2,2,2,2,2,1,2
"10-08-2011",2,3,2,2,2,2,2,2,2,2,1,1,2,2,2,2,2,1,1,1,1,1,1,1
"11-08-2011",1,1,1,2,1,1,1,1,1,2,2,2,2,2,2,2,1,1,1,1,2,1,2,1
"12-08-2011",1,1,1,1,1,1,2,1,2,2,2,2,2,2,2,2,1,2,2,1,2,2,1,1
"13-08-2011",1,1,1,1,1,2,1,1,2,5,4,3,2,2,2,2,1,2,2,2,1,1,1,1
"14-08-2011",1,1,1,1,1,1,1,1,1,2,3,3,2,2,2,2,1,1,1,1,1,1,1,1
"15-08-2011",1,1,1,1,1,2,1,2,2,2,2,2,2,1,2,1,2,2,2,2,2,1,1,1
"16-08-2011",1,1,1,1,1,1,2,2,2,3,4,4,2,2,1,2,2,2,1,2,1,1,2,2
"17-08-2011",3,1,1,1,1,1,1,1,2,6,6,4,2,2,2,2,2,1,1,1,1,2,1,4
"18-08-2011",1,1,1,1,1,1,1,2,2,2,3,3,2,2,2,2,2,1,1,2,1,1,1,1
"19-08-2011",2,1,1,2,2,2,2,2,1,3,2,2,2,2,1,2,1,1,2,1,1,1,2,1
"20-08-2011",1,1,2,1,1,1,1,1,2,2,2,2,2,2,2,2,2,2,1,1,1,2,2,2
"21-08-2011",2,2,1,1,1,1,1,1,2,1,1,2,2,1,2,2,1,2,1,2,1,1,1,1
"22-08-2011",2,1,1,1,1,1,2,1,2,3,2,2,2,2,2,2,2,1,1,1,2,1,1,1
"23-08-2011",2,2,2,1,2,1,1,2,2,3,3,2,2,2,2,2,2,1,2,2,1,1,1,1
"24-08-2011",1,1,1,2,1,1,1,1,2,3,4,4,2,2,2,2,2,1,2,2,1,2,2,1
"25-08-2011",2,2,1,2,1,1,2,2,2,5,6,4,2,2,2,1,1,2,2,2,2,1,1,2
"26-08-2011",2,1,3,2,1,1,2,2,2,2,2,2,2,2,1,1,2,2,1,2,2,2,2,1
"27-08-2011",1,1,1,1,1,2,1,1,2,2,1,2,1,1,2,2,1,1,1,2,1,1,1,1
"28-08-2011",1,1,1,2,2,1,2,1,2,2,2,2,2,1,2,1,2,2,2,2,1,1,1,2
"29-08-2011",2,2,1,1,1,1,2,2,2,2,3,3,3,2,2,2,2,2,2,1,2,2,2,1
"30-08-2011",1,1,2,1,1,1,1,2,2,8,3,2,2,2,2,2,2,2,2,2,2,1,1,1
"31-08-2011",1,1,2,2,1,1,2,2,2,6,5,5,3,2,2,2,2,2,2,2,2,1,2,2
"01-09-2011",1,1,1,1,1,1,2,1,3,7,10,5,4,2,2,2,2,2,1,1,1,1,1,2
"02-09-2011",2,1,1,1,1,1,2,2,2,3,6,5,4,2,2,2,2,2,1,1,1,1,2,3
"03-09-2011",3,2,1,1,1,1,1,2,3,3,3,2,3,2,2,2,2,2,1,2,2,2,2,2
"04-09-2011",2,1,2,2,2,3,2,2,2,2,2,3,2,2,1,2,1,2,2,3,1,1,2,2
"05-09-2011",1,1,1,1,2,1,1,1,1,3,4,2,2,2,2,2,2,1,2,2,2,2,1,2
"06-09-2011",1,1,1,1,1,1,1,1,2,2,2,2,2,2,2,2,2,2,2,2,2,2,2,2
"07-09-2011",1,2,2,2,2,2,2,2,2,2,2,2,2,2,2,2,3,2,2,2,3,3,2,2
"08-09-2011",2,2,2,2,2,2,2,2,3,3,5,4,2,2,2,2,2,2,2,2,2,2,2,1
"09-09-2011",1,1,1,1,2,1,1,2,3,5,8,6,4,3,2,2,3,2,2,2,2,1,2,2
"10-09-2011",2,1,1,1,1,2,2,1,2,2,3,3,2,2,2,2,1,1,2,2,2,1,1,1
"11-09-2011",2,2,1,1,1,1,1,1,2,3,4,3,2,2,2,3,1,1,2,2,1,1,2,2
"12-09-2011",1,1,2,2,2,2,1,2,4,4,4,2,2,2,2,2,1,2,2,2,1,1,2,2
"13-09-2011",1,2,2,3,2,1,1,1,2,7,8,9,4,2,2,2,2,2,2,1,1,1,1,1
"14-09-2011",1,1,2,2,2,2,2,2,2,2,11,5,4,2,2,2,1,2,2,1,1,1,2,1
"15-09-2011",1,2,1,1,1,1,1,2,3,3,16,7,8,2,2,2,2,2,2,1,1,1,1,1
"16-09-2011",4,3,2,1,2,1,1,2,2,4,6,5,4,4,3,2,2,2,2,2,1,2,1,2
"17-09-2011",1,1,1,1,1,1,1,2,2,2,4,6,4,3,2,2,2,2,2,1,1,2,2,2
"18-09-2011",2,1,1,1,1,1,1,2,2,3,3,2,2,2,2,2,2,2,2,1,1,2,1,2
"19-09-2011",2,1,1,1,1,1,1,2,2,2,2,3,2,2,2,2,2,2,2,3,2,2,2,2
"20-09-2011",2,1,1,1,1,1,2,1,1,2,2,3,2,2,2,2,2,2,2,1,1,2,1,1
"21-09-2011",2,1,1,1,2,1,2,2,2,2,2,3,2,3,2,2,2,2,2,1,2,1,2,2
"22-09-2011",2,2,2,2,2,1,2,2,2,-9999,-9999,2,2,2,2,2,2,2,2,2,2,2,2,1
"23-09-2011",1,1,1,1,2,2,2,2,3,3,2,2,2,2,2,2,2,2,2,2,2,2,2,2
"24-09-2011",2,1,1,2,4,2,2,2,2,2,4,5,3,2,3,2,2,2,2,1,1,2,1,1
"25-09-2011",1,1,2,2,2,2,2,2,2,2,3,3,3,2,2,2,2,2,2,2,2,2,2,1
"26-09-2011",2,1,1,1,2,1,2,2,2,4,3,2,2,3,2,2,2,2,2,2,2,2,1,1
"27-09-2011",2,1,2,2,1,2,2,2,2,5,2,2,2,3,2,2,2,2,2,2,2,1,1,1
"28-09-2011",2,1,2,2,1,2,2,2,2,4,7,5,3,2,2,2,2,2,2,2,1,2,1,1
"29-09-2011",1,1,1,2,2,1,1,2,2,3,14,12,4,2,2,3,2,2,2,2,2,2,2,2
"30-09-2011",2,1,2,1,2,2,2,2,2,3,5,3,2,2,2,2,1,1,2,1,1,2,2,1
"01-10-2011",1,1,2,2,1,1,2,2,6,4,3,4,3,2,2,2,1,2,2,2,1,2,2,1
"02-10-2011",2,1,2,4,1,1,1,1,2,2,2,2,2,2,2,2,2,2,4,1,2,1,1,2
"03-10-2011",1,1,1,1,2,1,2,2,2,8,9,4,3,3,2,2,2,2,2,2,1,2,2,1
"04-10-2011",1,1,1,1,2,1,1,2,2,13,23,6,8,5,4,3,2,2,2,2,1,2,2,1
"05-10-2011",1,1,1,1,1,2,1,2,2,4,14,15,9,4,2,2,2,2,2,2,2,1,1,1
"06-10-2011",1,1,1,1,1,1,2,2,2,2,12,14,11,5,4,3,2,3,2,2,2,2,2,1
"07-10-2011",1,1,1,1,2,1,2,2,2,5,4,3,2,2,2,2,2,2,2,3,3,2,2,1
"08-10-2011",1,1,1,2,1,1,1,1,1,2,2,2,2,2,1,1,2,2,2,2,2,1,2,2
"09-10-2011",2,1,1,1,1,2,1,1,2,2,2,2,2,2,2,2,2,2,2,1,1,1,1,2
"10-10-2011",2,1,2,1,2,1,2,2,2,2,2,2,2,2,2,2,2,2,2,2,1,2,2,2
"11-10-2011",1,2,2,2,1,1,2,2,2,2,2,3,2,3,2,2,2,2,2,2,2,2,2,2
"12-10-2011",2,2,1,1,2,2,2,2,3,10,6,9,5,5,4,4,2,2,2,2,2,2,2,2
"13-10-2011",2,1,1,2,2,2,2,2,3,6,3,2,3,3,3,2,2,2,2,2,3,2,2,1
"14-10-2011",2,2,1,2,2,1,2,2,2,2,2,3,3,3,3,3,2,3,3,2,3,2,2,2
"15-10-2011",2,2,1,1,2,2,1,2,2,2,2,3,3,3,3,2,2,2,2,2,2,3,3,3
"16-10-2011",3,2,2,2,2,2,1,2,2,2,2,3,2,2,2,2,2,3,2,3,3,3,2,2
"17-10-2011",2,2,2,2,1,1,2,2,2,3,3,3,3,3,3,2,2,2,2,2,3,2,3,2
"18-10-2011",2,2,2,2,2,2,2,2,2,2,2,2,2,3,3,3,2,2,2,3,3,2,2,2
"19-10-2011",2,2,2,2,2,2,2,2,3,4,12,15,18,10,6,4,4,3,3,3,3,3,2,2
"20-10-2011",2,2,2,2,2,2,1,2,3,2,6,13,6,4,4,3,3,3,3,3,2,3,2,2
"21-10-2011",2,2,2,2,2,2,2,2,2,3,19,16,12,7,3,3,3,3,3,3,3,3,3,3
"22-10-2011",3,2,2,2,2,2,2,2,3,2,2,4,6,4,4,3,3,2,3,4,3,3,3,3
"23-10-2011",2,2,2,2,2,2,2,2,2,2,3,4,4,4,3,3,3,4,4,4,3,3,2,2
"24-10-2011",2,1,2,2,2,2,3,3,3,3,3,3,6,6,4,4,3,3,3,4,8,5,4,3
"25-10-2011",3,2,1,2,2,2,2,3,4,4,8,6,6,3,3,4,3,4,5,4,2,2,2,2
"26-10-2011",2,2,2,2,2,1,2,2,2,3,2,3,2,2,3,3,3,3,2,3,2,2,2,2
"27-10-2011",2,3,2,2,2,2,2,2,2,2,4,7,5,4,3,3,3,2,2,3,4,3,3,2
"28-10-2011",2,2,2,1,1,2,2,4,4,4,7,6,3,3,3,2,2,2,1,3,3,3,2,2
"29-10-2011",2,2,1,2,1,2,2,2,2,3,3,3,6,4,3,3,3,3,2,3,3,4,4,3
"30-10-2011",2,2,2,2,1,2,2,2,2,3,2,2,3,3,3,3,2,3,3,3,3,2,3,3
"31-10-2011",2,2,2,2,2,2,2,2,3,4,44,26,5,3,3,3,3,3,3,3,3,3,2,2
"01-11-2011",2,2,2,2,2,2,2,2,6,14,17,8,6,4,3,3,3,2,3,3,2,2,2,3
"02-11-2011",3,2,2,2,2,2,2,3,3,5,12,5,3,3,3,3,3,3,3,2,2,3,2,2
"03-11-2011",2,2,1,1,2,2,2,2,4,6,15,6,3,4,3,3,2,4,3,3,2,2,2,3
"04-11-2011",2,2,2,2,2,3,3,4,3,14,22,13,13,4,3,3,2,3,3,2,2,2,2,2
"05-11-2011",2,2,2,2,2,2,2,3,3,9,13,5,5,4,3,3,3,3,3,2,4,3,2,2
"06-11-2011",2,2,2,2,2,2,2,2,2,3,17,9,3,3,3,3,8,4,4,5,3,3,2,3
"07-11-2011",2,2,1,6,2,2,2,3,5,16,9,7,10,13,16,23,17,12,12,14,5,10,8,7
"08-11-2011",4,4,3,3,2,2,2,3,5,4,3,4,6,6,4,5,5,5,4,5,5,4,4,3
"09-11-2011",3,6,4,4,4,3,6,6,4,14,20,13,14,9,8,7,4,4,5,4,4,3,10,7
"10-11-2011",3,1,9,8,2,2,4,4,6,11,14,19,8,6,3,3,3,3,3,3,3,3,2,2
"11-11-2011",2,2,2,2,2,2,2,3,3,3,2,2,3,3,3,3,4,3,3,3,3,4,3,3
"12-11-2011",2,2,2,1,1,2,2,2,3,2,3,3,3,3,2,2,3,3,4,4,5,5,3,2
"13-11-2011",2,2,2,1,2,2,2,3,3,3,3,3,3,4,3,3,4,3,3,2,4,3,3,2
"14-11-2011",2,2,2,1,2,2,3,3,4,3,2,2,3,2,2,2,2,2,5,5,5,4,3,2
"15-11-2011",2,2,1,2,2,2,3,4,5,3,5,7,3,3,2,3,2,3,3,3,3,5,3,4
"16-11-2011",3,2,2,2,2,2,2,4,13,24,71,67,21,6,5,5,10,5,5,4,4,3,3,3
"17-11-2011",3,3,2,3,2,2,2,3,6,6,30,11,5,5,6,3,3,4,4,4,5,7,4,4
"18-11-2011",3,3,2,2,2,3,4,8,13,13,51,47,16,11,6,5,5,4,4,5,4,5,7,6
"19-11-2011",4,4,4,3,2,4,3,4,4,8,28,14,13,16,6,4,5,5,5,4,4,4,4,4
"20-11-2011",3,2,2,3,3,3,2,2,4,5,12,12,6,5,4,4,5,3,4,3,4,3,3,3
"21-11-2011",2,3,2,3,3,3,3,2,3,9,11,22,15,5,6,5,5,10,8,6,5,5,4,4
"22-11-2011",4,3,3,3,2,3,3,3,5,7,19,66,6,4,3,4,5,5,3,5,13,5,4,3
"23-11-2011",4,4,3,2,3,2,3,4,4,10,14,40,101,98,71,49,43,41,19,58,31,36,23,7
"24-11-2011",4,3,3,3,3,3,3,3,4,3,5,4,4,3,5,8,12,25,16,7,5,4,3,4
"25-11-2011",3,5,3,4,4,2,3,3,4,3,3,6,5,6,9,7,7,13,5,5,5,4,4,4
"26-11-2011",3,2,2,2,2,2,2,2,3,3,9,12,14,9,7,4,3,3,3,3,3,2,2,2
"27-11-2011",2,1,2,2,3,2,3,3,4,5,9,5,3,3,4,4,3,5,5,5,5,3,4,4
"28-11-2011",3,3,23,5,3,2,3,4,4,9,69,47,35,341,14,11,9,9,4,4,5,2,2,3
"29-11-2011",3,2,3,3,2,2,3,4,5,6,28,6,10,8,12,14,13,12,9,6,8,6,4,3
"30-11-2011",3,2,3,3,2,3,3,4,9,15,25,8,33,20,14,12,11,10,8,7,7,7,8,5
"01-12-2011",2,6,4,3,2,2,3,4,4,11,14,22,28,18,16,10,10,6,4,3,3,4,3,3
"02-12-2011",2,3,3,2,4,4,3,5,5,3,4,4,5,11,12,7,9,9,5,5,4,68,6,6
"03-12-2011",7,7,5,11,20,7,8,4,6,5,19,23,19,8,6,4,8,9,5,6,4,3,3,3
"04-12-2011",2,3,2,2,2,2,2,3,5,4,3,4,4,7,5,4,18,8,8,7,5,5,4,3
"05-12-2011",3,2,2,2,2,3,2,3,9,4,12,10,15,9,5,4,3,3,3,3,3,3,3,2
"06-12-2011",2,2,2,2,1,2,2,2,2,2,2,2,4,2,3,3,2,3,3,2,2,2,1,3
"07-12-2011",3,2,2,2,2,2,2,3,3,35,126,11,2,3,3,3,4,3,3,3,2,2,1,2
"08-12-2011",2,1,2,2,2,2,3,5,-9999,-9999,8,14,13,19,14,5,5,5,5,5,5,5,4,4
"09-12-2011",4,4,4,5,4,4,5,5,5,5,13,24,-9999,-9999,8,8,5,8,5,7,7,7,6,5
"10-12-2011",4,5,4,4,4,4,5,5,6,7,10,32,55,34,17,10,8,7,7,7,8,7,7,7
"11-12-2011",6,5,6,5,5,4,5,5,6,10,12,8,12,8,13,10,11,9,10,12,10,9,8,6
"12-12-2011",6,5,4,5,4,4,5,5,9,9,5,40,14,25,13,51,30,73,10,11,10,15,8,6
"13-12-2011",5,4,6,4,5,4,5,5,9,10,10,52,21,33,28,8,23,19,28,20,8,9,7,7
"14-12-2011",5,5,9,9,14,12,6,6,39,41,51,45,27,15,33,17,7,9,7,7,6,5,5,4
"15-12-2011",4,5,4,4,4,4,5,6,9,5,9,15,8,8,12,12,6,6,6,6,5,4,5,5
"16-12-2011",4,4,11,5,4,4,10,6,6,15,45,18,8,9,8,7,5,5,5,5,4,5,4,4
"17-12-2011",4,4,4,4,4,4,4,4,4,4,4,4,4,5,5,5,5,5,5,5,5,5,5,5
"18-12-2011",5,4,5,4,4,4,4,4,4,4,4,5,5,5,5,5,6,7,6,7,6,5,5,5
"19-12-2011",4,5,4,5,4,4,5,6,9,6,8,9,15,17,18,10,6,9,8,7,9,14,16,11
"20-12-2011",22,18,7,6,5,7,24,9,6,9,31,35,16,7,16,9,16,7,12,26,6,5,5,4
"21-12-2011",4,4,4,4,4,4,5,9,10,10,8,7,6,16,13,16,14,21,10,6,7,7,6,5
"22-12-2011",4,4,4,4,4,4,4,4,5,6,5,6,6,7,8,6,5,6,6,5,7,5,6,5
"23-12-2011",5,4,4,5,5,5,5,6,7,6,5,6,6,7,7,5,5,5,5,6,6,6,5,5
"24-12-2011",4,4,4,5,4,5,5,6,7,7,7,7,8,8,7,6,6,6,8,13,12,8,10,7
"25-12-2011",6,7,6,5,5,5,5,5,7,9,10,14,6,6,6,5,6,8,6,7,8,9,7,8
"26-12-2011",6,5,5,5,6,4,5,6,7,8,6,6,6,6,6,7,7,10,9,10,9,8,7,6
"27-12-2011",6,5,5,5,5,5,5,7,8,8,11,28,9,6,13,10,8,9,9,8,11,8,8,15
"28-12-2011",5,15,8,5,4,4,5,8,9,35,70,87,63,32,23,22,15,12,12,16,8,8,7,6
"29-12-2011",6,5,5,5,5,9,7,11,13,43,72,80,64,72,55,52,47,38,7,15,27,11,9,9
"30-12-2011",9,8,6,8,5,9,6,17,14,36,56,136,128,99,19,8,7,47,8,8,68,68,49,110
"31-12-2011",126,98,18,11,5,5,4,5,5,5,6,7,7,6,5,6,6,5,5,5,5,5,5,-9999
