"01-01-2012",-9999,-9999,-9999,-9999,-9999,-9999,-9999,-9999,-9999,-9999,-9999,-9999,-9999,-9999,-9999,-9999,-9999,-9999,-9999,-9999,-9999,-9999,-9999,-9999
"02-01-2012",-9999,-9999,-9999,-9999,-9999,-9999,-9999,-9999,-9999,-9999,-9999,-9999,-9999,-9999,-9999,-9999,-9999,-9999,-9999,-9999,-9999,-9999,-9999,-9999
"03-01-2012",-9999,-9999,-9999,-9999,-9999,-9999,-9999,-9999,-9999,-9999,-9999,-9999,-9999,-9999,-9999,-9999,-9999,-9999,-9999,-9999,-9999,-9999,-9999,-9999
"04-01-2012",-9999,-9999,-9999,-9999,-9999,-9999,-9999,-9999,-9999,-9999,-9999,-9999,-9999,-9999,-9999,-9999,-9999,-9999,-9999,-9999,-9999,-9999,-9999,-9999
"05-01-2012",-9999,-9999,-9999,-9999,-9999,-9999,-9999,-9999,-9999,-9999,-9999,-9999,-9999,-9999,-9999,-9999,-9999,-9999,-9999,-9999,-9999,-9999,-9999,-9999
"06-01-2012",-9999,-9999,-9999,-9999,-9999,-9999,-9999,-9999,-9999,-9999,-9999,-9999,-9999,-9999,-9999,-9999,-9999,-9999,-9999,-9999,-9999,-9999,-9999,-9999
"07-01-2012",-9999,-9999,-9999,-9999,-9999,-9999,-9999,-9999,-9999,-9999,-9999,-9999,-9999,-9999,-9999,-9999,-9999,-9999,-9999,-9999,-9999,-9999,-9999,-9999
"08-01-2012",-9999,-9999,-9999,-9999,-9999,-9999,-9999,-9999,-9999,-9999,-9999,-9999,-9999,-9999,-9999,-9999,-9999,-9999,-9999,-9999,-9999,-9999,-9999,-9999
"09-01-2012",-9999,-9999,-9999,-9999,-9999,-9999,-9999,-9999,-9999,-9999,-9999,-9999,-9999,-9999,-9999,-9999,-9999,-9999,-9999,-9999,-9999,-9999,-9999,-9999
"10-01-2012",-9999,-9999,-9999,-9999,-9999,-9999,-9999,-9999,-9999,-9999,-9999,-9999,-9999,-9999,-9999,-9999,-9999,-9999,-9999,-9999,-9999,-9999,-9999,-9999
"11-01-2012",-9999,-9999,-9999,-9999,-9999,-9999,-9999,-9999,-9999,-9999,-9999,-9999,-9999,-9999,-9999,-9999,-9999,-9999,-9999,-9999,-9999,-9999,-9999,-9999
"12-01-2012",-9999,-9999,-9999,-9999,-9999,-9999,-9999,-9999,-9999,-9999,-9999,-9999,-9999,-9999,-9999,-9999,-9999,-9999,-9999,-9999,-9999,-9999,-9999,-9999
"13-01-2012",-9999,-9999,-9999,-9999,-9999,-9999,-9999,-9999,-9999,-9999,-9999,-9999,-9999,-9999,-9999,-9999,-9999,-9999,-9999,-9999,-9999,-9999,-9999,-9999
"14-01-2012",-9999,-9999,-9999,-9999,-9999,-9999,-9999,-9999,-9999,-9999,-9999,-9999,-9999,-9999,-9999,-9999,-9999,-9999,-9999,-9999,-9999,-9999,-9999,-9999
"15-01-2012",-9999,-9999,-9999,-9999,-9999,-9999,-9999,-9999,-9999,-9999,-9999,-9999,-9999,-9999,-9999,-9999,-9999,-9999,-9999,-9999,-9999,-9999,-9999,-9999
"16-01-2012",-9999,-9999,-9999,-9999,-9999,-9999,-9999,-9999,-9999,-9999,-9999,-9999,-9999,-9999,-9999,-9999,-9999,-9999,-9999,-9999,-9999,-9999,-9999,-9999
"17-01-2012",-9999,-9999,-9999,-9999,-9999,-9999,-9999,-9999,-9999,-9999,-9999,-9999,-9999,-9999,-9999,-9999,-9999,-9999,-9999,-9999,-9999,-9999,-9999,-9999
"18-01-2012",-9999,-9999,-9999,-9999,-9999,-9999,-9999,-9999,-9999,-9999,-9999,-9999,-9999,-9999,-9999,-9999,-9999,-9999,-9999,-9999,-9999,-9999,-9999,-9999
"19-01-2012",-9999,-9999,-9999,-9999,-9999,-9999,-9999,-9999,-9999,-9999,-9999,-9999,-9999,-9999,-9999,-9999,-9999,-9999,-9999,-9999,-9999,-9999,-9999,-9999
"20-01-2012",-9999,-9999,-9999,-9999,-9999,-9999,-9999,-9999,-9999,-9999,-9999,-9999,-9999,-9999,-9999,-9999,-9999,-9999,-9999,-9999,-9999,-9999,-9999,-9999
"21-01-2012",-9999,-9999,-9999,-9999,-9999,-9999,-9999,-9999,-9999,-9999,-9999,-9999,-9999,-9999,-9999,-9999,-9999,-9999,-9999,-9999,-9999,-9999,-9999,-9999
"22-01-2012",-9999,-9999,-9999,-9999,-9999,-9999,-9999,-9999,-9999,-9999,-9999,-9999,-9999,-9999,-9999,-9999,-9999,-9999,-9999,-9999,-9999,-9999,-9999,-9999
"23-01-2012",-9999,-9999,-9999,-9999,-9999,-9999,-9999,-9999,-9999,-9999,-9999,-9999,-9999,-9999,-9999,-9999,-9999,-9999,-9999,-9999,-9999,-9999,-9999,-9999
"24-01-2012",-9999,-9999,-9999,-9999,-9999,-9999,-9999,-9999,-9999,-9999,-9999,-9999,-9999,-9999,-9999,-9999,-9999,-9999,-9999,-9999,-9999,-9999,-9999,-9999
"25-01-2012",-9999,-9999,-9999,-9999,-9999,-9999,-9999,-9999,-9999,-9999,-9999,-9999,-9999,-9999,-9999,-9999,-9999,-9999,-9999,-9999,-9999,-9999,-9999,-9999
"26-01-2012",-9999,-9999,-9999,-9999,-9999,-9999,-9999,-9999,-9999,-9999,-9999,-9999,32,38,39,40,38,32,18,34,44,44,44,43
"27-01-2012",47,47,48,47,47,37,32,27,32,43,44,45,49,50,52,50,46,40,37,34,51,42,39,35
"28-01-2012",48,45,46,49,46,44,40,34,36,44,49,44,40,43,44,50,51,38,42,36,43,54,52,56
"29-01-2012",51,57,51,41,53,53,36,50,44,53,58,63,64,64,68,71,69,64,67,67,68,70,71,73
"30-01-2012",75,76,75,74,72,71,61,52,57,61,61,62,64,69,67,69,66,62,61,65,68,70,70,72
"31-01-2012",73,75,76,74,73,71,66,63,65,64,65,68,66,71,72,70,70,61,67,69,69,70,66,75
"01-02-2012",76,78,77,74,65,63,47,44,51,56,61,62,60,58,62,56,50,45,43,39,27,38,37,47
"02-02-2012",47,38,46,47,47,39,27,17,22,18,20,20,34,41,47,42,37,31,31,27,32,33,37,39
"03-02-2012",43,40,44,36,23,8,6,5,6,6,7,12,26,50,59,59,51,21,16,46,39,34,25,7
"04-02-2012",13,59,40,35,15,6,5,6,8,45,69,76,75,74,73,72,75,71,67,69,75,67,57,75
"05-02-2012",74,76,78,74,71,67,39,47,69,74,76,78,77,78,81,84,85,79,71,75,66,59,47,52
"06-02-2012",64,61,46,27,72,38,18,18,28,66,76,76,75,79,80,79,80,75,70,71,58,58,77,82
"07-02-2012",82,75,63,66,75,79,75,73,72,72,74,74,73,60,54,51,50,48,49,54,56,60,64,64
"08-02-2012",64,65,65,65,65,62,60,54,53,55,54,55,55,58,58,58,59,58,58,59,60,61,62,64
"09-02-2012",63,63,66,65,65,63,57,52,50,50,56,58,56,54,55,54,56,52,52,51,53,54,58,61
"10-02-2012",62,61,61,54,40,44,29,20,19,36,52,62,57,53,53,56,60,44,48,31,27,40,46,49
"11-02-2012",53,50,53,51,42,29,19,20,10,22,38,48,59,65,70,71,71,70,41,15,14,25,29,32
"12-02-2012",44,54,62,56,60,62,63,60,68,46,39,34,46,63,69,70,51,31,9,8,9,8,8,7
"13-02-2012",7,8,13,9,7,5,6,5,5,5,10,44,47,71,76,79,78,66,58,45,50,36,49,47
"14-02-2012",43,44,59,36,21,11,5,6,14,33,42,51,63,58,64,70,69,67,56,48,10,17,27,56
"15-02-2012",62,42,55,55,58,48,22,12,21,36,59,68,78,86,88,89,90,88,84,79,63,51,76,49
"16-02-2012",68,78,80,49,50,23,8,7,13,27,61,58,52,68,62,62,68,51,75,77,75,71,80,78
"17-02-2012",75,71,68,70,69,66,57,56,58,64,70,75,80,71,72,79,78,65,38,17,23,26,37,43
"18-02-2012",40,31,29,26,30,29,7,17,43,49,67,76,78,73,75,74,61,53,8,24,30,19,30,31
"19-02-2012",31,57,47,53,54,44,27,19,32,48,65,72,73,81,82,84,82,74,62,22,19,29,33,33
"20-02-2012",27,28,24,18,11,6,5,5,7,8,21,10,17,14,14,11,13,10,16,17,8,10,11,11
"21-02-2012",13,10,15,15,9,7,5,5,7,26,45,64,73,80,82,80,79,80,72,57,38,29,47,58
"22-02-2012",31,48,65,64,61,31,18,33,14,10,10,19,16,37,24,30,26,22,16,26,38,50,55,63
"23-02-2012",58,63,67,70,69,62,66,50,49,47,53,59,62,58,62,60,57,62,64,65,68,74,78,84
"24-02-2012",74,73,68,66,55,35,7,9,39,45,66,69,70,75,80,83,77,54,21,21,10,14,32,62
"25-02-2012",65,64,53,34,52,46,21,16,33,46,59,62,67,69,65,73,72,67,36,7,11,11,10,12
"26-02-2012",12,12,16,15,16,8,6,7,18,30,36,41,39,53,51,69,60,55,39,41,17,6,27,33
"27-02-2012",33,35,48,52,63,63,63,66,66,66,65,65,64,61,61,68,68,69,67,65,66,68,70,71
"28-02-2012",69,69,71,71,70,69,68,67,62,64,67,68,71,73,71,72,72,73,69,66,52,68,61,60
"29-02-2012",66,66,72,69,65,46,22,8,11,14,34,18,17,17,19,41,59,59,60,48,28,55,61,59
"01-03-2012",57,55,49,53,50,31,37,31,25,27,48,63,66,67,63,65,62,56,37,26,18,13,27,27
"02-03-2012",37,29,18,17,26,15,5,6,12,33,59,64,74,82,81,79,71,70,48,17,9,7,8,7
"03-03-2012",7,7,10,14,16,6,5,8,14,35,67,68,75,76,79,81,81,75,47,16,38,44,39,57
"04-03-2012",65,60,61,55,51,39,24,31,57,66,73,72,78,87,89,89,83,80,73,31,20,25,25,27
"05-03-2012",26,22,22,25,14,6,5,5,5,13,51,68,74,64,58,57,32,34,25,34,32,28,53,66
"06-03-2012",66,69,66,62,63,56,39,28,41,47,58,68,64,66,59,52,51,51,54,58,58,46,24,18
"07-03-2012",27,19,27,20,8,5,6,5,10,36,65,83,84,88,98,93,86,88,84,62,63,65,63,60
"08-03-2012",39,31,33,28,28,19,9,6,11,14,29,54,85,89,93,93,94,88,70,78,67,29,46,30
"09-03-2012",12,20,21,18,9,7,5,6,15,43,61,75,78,80,67,62,56,50,40,50,53,60,60,56
"10-03-2012",65,64,65,61,65,59,55,61,64,65,69,70,71,70,70,70,77,77,77,76,80,81,80,81
"11-03-2012",80,78,77,83,81,85,86,84,84,83,81,81,76,80,81,79,79,77,74,73,75,73,73,76
"12-03-2012",77,79,76,71,69,65,60,51,41,52,60,56,56,60,71,66,69,75,76,76,71,72,74,64
"13-03-2012",70,73,72,74,75,66,55,53,61,59,67,71,70,69,74,74,75,76,75,73,74,77,77,78
"14-03-2012",78,74,72,73,72,67,55,48,54,54,64,71,76,80,88,90,88,80,53,38,46,34,36,40
"15-03-2012",38,36,32,25,18,9,6,9,12,30,59,76,79,77,82,81,75,72,43,19,32,30,42,53
"16-03-2012",45,42,62,47,22,29,29,27,23,32,53,46,51,64,66,74,66,58,47,44,14,9,8,15
"17-03-2012",16,18,21,23,10,6,6,8,17,47,67,62,71,87,92,86,84,71,65,44,20,16,21,20
"18-03-2012",15,19,15,15,21,14,13,14,22,36,56,73,80,90,92,91,94,79,65,48,18,18,17,14
"19-03-2012",15,13,18,17,8,5,6,8,18,37,44,73,81,83,82,91,89,85,80,58,20,17,13,16
"20-03-2012",15,9,9,12,9,6,5,7,13,26,47,52,54,78,86,98,97,91,64,41,16,7,20,8
"21-03-2012",16,38,26,30,21,6,8,7,14,32,64,93,96,102,107,120,125,110,88,43,18,23,12,19
"22-03-2012",29,31,33,31,22,8,8,12,10,38,82,92,96,102,102,98,102,95,72,55,71,71,57,56
"23-03-2012",68,47,70,86,86,74,76,57,79,76,86,89,91,99,100,97,94,86,64,36,21,56,73,69
"24-03-2012",54,57,62,53,35,23,8,14,32,81,89,99,112,116,118,118,112,109,98,64,37,36,34,37
"25-03-2012",40,40,43,36,40,34,33,24,23,41,55,77,81,98,108,113,112,91,85,60,41,34,29,50
"26-03-2012",75,77,81,91,90,44,-9999,-9999,42,80,81,81,92,100,110,106,108,107,103,73,61,72,70,64
"27-03-2012",83,66,80,75,59,46,53,42,46,54,66,73,77,80,81,84,81,83,82,81,69,69,53,45
"28-03-2012",39,31,35,31,18,9,6,6,17,53,69,74,78,87,91,92,90,90,89,74,50,52,40,47
"29-03-2012",41,39,43,41,39,20,8,7,13,37,64,70,86,98,103,101,103,98,94,91,88,61,73,82
"30-03-2012",68,74,50,73,53,49,24,9,15,57,83,96,98,102,106,102,100,100,99,100,95,81,81,94
"31-03-2012",105,100,88,82,70,59,41,39,45,52,64,86,92,97,97,91,92,94,88,78,80,81,47,54
"01-04-2012",57,54,47,36,36,29,26,21,41,82,96,101,100,104,102,101,103,100,95,93,99,104,75,59
"02-04-2012",59,93,82,80,74,69,71,63,56,58,67,71,74,80,82,90,92,93,89,82,73,66,54,64
"03-04-2012",37,33,38,32,24,9,7,7,21,52,62,72,85,84,92,89,85,84,78,75,47,58,58,38
"04-04-2012",34,53,39,35,34,18,23,11,11,25,40,66,78,83,86,91,86,78,65,62,51,44,43,32
"05-04-2012",26,16,18,23,13,8,6,8,11,22,45,21,22,20,57,55,35,67,69,59,49,13,13,13
"06-04-2012",19,19,18,15,10,6,5,6,8,20,38,73,77,80,74,80,80,84,80,75,68,53,59,56
"07-04-2012",51,43,45,42,30,12,10,8,15,48,64,75,81,81,86,85,89,89,84,69,44,42,38,37
"08-04-2012",36,30,22,35,44,47,33,54,79,79,83,84,85,86,86,89,90,90,89,88,95,90,95,92
"09-04-2012",98,98,98,98,97,91,82,38,78,87,92,91,86,82,82,71,71,72,79,71,69,69,70,70
"10-04-2012",67,67,68,70,70,69,67,57,60,64,63,55,61,66,65,67,69,64,61,66,67,67,64,59
"11-04-2012",37,35,31,33,22,15,8,8,19,31,59,70,80,82,82,82,87,84,79,75,69,62,38,50
"12-04-2012",33,27,27,28,24,12,7,7,12,41,62,77,82,84,83,79,86,85,81,79,65,29,29,38
"13-04-2012",32,30,44,32,22,12,13,13,27,47,70,79,78,77,78,78,78,78,66,53,58,66,68,71
"14-04-2012",68,76,64,41,61,61,41,17,24,45,61,68,76,79,82,87,84,90,84,74,77,68,56,58
"15-04-2012",49,49,39,37,34,40,36,31,50,85,88,88,90,90,91,93,93,94,93,90,87,85,78,65
"16-04-2012",68,56,50,50,42,45,42,35,43,52,73,76,81,81,79,84,89,85,89,87,80,72,65,59
"17-04-2012",73,63,49,65,69,64,35,46,57,72,76,78,80,82,85,86,86,78,75,69,74,80,79,75
"18-04-2012",77,82,87,88,84,80,65,75,79,78,79,77,75,78,77,79,82,89,93,94,93,90,91,93
"19-04-2012",94,97,98,97,92,93,87,75,80,86,90,93,93,100,96,96,94,92,87,83,64,53,47,64
"20-04-2012",31,25,32,25,23,9,6,7,20,66,90,90,96,96,94,97,97,92,84,74,51,29,51,45
"21-04-2012",55,81,81,64,71,62,24,55,87,91,93,93,93,93,94,95,97,97,96,92,88,85,86,81
"22-04-2012",74,76,77,74,69,53,35,44,67,72,84,89,90,95,95,96,97,94,87,79,66,49,44,31
"23-04-2012",30,32,28,29,18,14,8,9,18,53,66,84,93,101,97,89,95,90,96,84,61,46,36,37
"24-04-2012",34,44,41,35,25,9,5,6,8,15,16,26,48,64,69,72,69,87,80,58,40,30,32,35
"25-04-2012",41,44,48,34,33,19,6,7,22,41,53,73,83,90,96,96,94,95,89,78,62,50,59,63
"26-04-2012",55,50,63,71,78,74,60,66,73,74,80,84,86,90,97,96,101,107,106,98,88,64,48,41
"27-04-2012",38,35,23,41,30,6,7,13,28,61,66,87,107,108,115,125,109,107,93,92,91,86,68,94
"28-04-2012",98,101,100,92,69,65,57,78,80,87,86,92,96,97,95,96,96,95,95,93,87,90,90,86
"29-04-2012",77,71,74,65,57,74,93,88,98,100,99,100,106,107,110,113,111,112,110,107,105,104,101,106
"30-04-2012",109,108,108,108,107,103,99,96,98,99,96,101,104,102,104,105,105,106,100,103,97,89,97,86
"01-05-2012",78,92,66,75,106,103,103,100,101,100,102,103,106,107,110,112,112,109,106,100,89,101,102,102
"02-05-2012",86,65,79,104,101,95,84,84,92,91,91,95,95,98,98,90,84,83,80,77,53,61,63,70
"03-05-2012",62,45,17,34,57,66,52,53,65,-9999,-9999,-9999,113,119,119,129,125,109,104,91,82,52,33,50
"04-05-2012",49,50,40,41,27,12,8,12,24,53,83,97,103,110,117,126,111,116,112,91,67,38,40,30
"05-05-2012",43,48,31,16,7,24,27,36,52,74,94,96,96,99,110,113,109,109,103,99,86,87,100,76
"06-05-2012",64,76,58,66,68,58,49,55,63,88,100,102,107,116,109,105,109,111,105,99,90,66,45,48
"07-05-2012",41,39,44,42,25,15,10,11,27,51,73,94,102,111,115,105,112,109,99,88,79,59,46,51
"08-05-2012",30,28,41,34,24,7,11,9,30,56,77,82,89,86,82,84,82,77,74,67,56,48,27,37
"09-05-2012",36,50,33,38,36,13,7,48,75,84,84,85,97,102,94,97,92,80,86,82,74,61,89,90
"10-05-2012",82,89,89,94,94,88,82,74,77,74,74,76,78,79,76,75,75,79,81,81,73,86,82,84
"11-05-2012",82,87,89,91,90,85,77,74,70,71,74,74,77,78,75,65,70,76,79,74,82,76,79,84
"12-05-2012",81,88,86,84,88,89,84,71,72,64,70,88,90,95,95,95,95,96,97,92,89,62,84,91
"13-05-2012",90,88,83,83,87,79,62,70,59,80,90,96,99,98,97,104,112,96,92,93,78,52,45,48
"14-05-2012",52,62,59,57,43,22,17,18,49,74,88,99,117,112,105,93,92,94,97,91,86,60,69,61
"15-05-2012",43,40,45,61,96,91,75,86,93,95,95,95,96,96,95,95,96,97,94,93,89,90,91,89
"16-05-2012",88,85,85,85,85,81,53,56,75,79,82,85,88,88,89,90,90,91,93,92,88,88,76,68
"17-05-2012",81,96,85,85,77,62,38,75,85,91,98,95,91,89,105,94,98,86,77,68,79,76,75,70
"18-05-2012",82,94,91,89,78,65,55,57,56,56,54,58,60,66,68,70,73,71,64,71,72,70,74,78
"19-05-2012",75,75,69,71,70,67,63,63,63,64,65,65,71,71,75,75,79,82,79,69,58,73,54,37
"20-05-2012",41,42,40,30,25,27,15,23,35,39,78,94,99,99,102,99,95,91,86,80,78,53,46,51
"21-05-2012",28,35,44,29,26,14,7,8,8,16,24,42,55,53,74,88,88,81,76,78,59,46,32,25
"22-05-2012",42,45,43,42,31,25,8,11,29,59,77,92,100,94,94,93,94,92,91,90,89,89,88,86
"23-05-2012",89,90,90,90,89,81,68,64,79,87,88,88,89,90,88,88,90,90,90,85,84,84,85,73
"24-05-2012",66,69,77,60,53,37,25,39,45,61,74,-9999,102,96,100,100,96,101,97,92,88,81,75,57
"25-05-2012",34,32,35,29,18,12,8,14,48,46,71,79,87,96,95,95,98,87,73,77,73,56,23,21
"26-05-2012",25,28,29,26,19,12,11,21,43,54,89,101,108,103,102,104,103,98,96,82,80,71,62,50
"27-05-2012",52,37,42,54,48,39,36,40,60,64,95,106,113,118,117,106,105,105,93,87,79,74,65,54
"28-05-2012",64,50,39,27,17,13,13,48,79,99,102,102,105,104,99,100,104,106,98,102,87,83,67,80
"29-05-2012",60,44,49,60,58,26,55,35,68,93,98,104,104,109,112,115,115,111,110,106,96,93,79,72
"30-05-2012",76,78,63,50,31,22,20,26,61,77,95,103,109,113,106,96,103,101,94,78,76,60,42,30
"31-05-2012",33,31,22,35,24,19,9,12,39,70,86,100,109,109,109,125,135,139,119,114,95,75,73,59
"01-06-2012",58,60,52,39,38,18,9,22,47,78,94,84,111,129,121,129,109,123,122,100,83,54,41,57
"02-06-2012",60,59,54,50,54,24,29,25,45,73,92,106,118,123,116,120,117,122,105,81,81,70,61,67
"03-06-2012",78,72,57,58,53,60,46,54,67,68,86,99,110,140,141,142,140,128,117,111,96,85,66,49
"04-06-2012",48,54,57,46,33,18,9,14,45,63,92,107,113,124,129,123,122,111,101,77,71,62,62,70
"05-06-2012",49,17,37,19,30,15,15,20,76,90,108,113,112,113,116,112,117,105,98,94,93,91,87,97
"06-06-2012",97,96,101,96,87,73,58,81,86,94,92,96,99,105,105,108,110,102,98,86,52,54,46,42
"07-06-2012",44,33,53,46,39,21,25,57,69,77,95,101,105,114,113,153,123,116,116,109,109,104,98,71
"08-06-2012",59,73,52,49,36,24,14,25,52,87,88,106,128,146,156,154,137,124,123,115,103,98,60,46
"09-06-2012",42,52,43,38,20,16,11,37,50,77,94,113,126,145,155,167,162,171,152,132,110,83,62,73
"10-06-2012",86,84,84,80,78,81,84,77,100,102,105,107,108,108,112,141,133,117,105,103,97,92,93,88
"11-06-2012",80,56,45,37,23,13,10,18,36,64,94,102,121,115,112,125,113,108,86,100,89,84,64,51
"12-06-2012",37,39,33,27,14,7,9,18,41,73,110,110,115,109,104,109,102,106,108,98,97,72,43,45
"13-06-2012",44,48,59,50,31,13,8,24,53,67,95,117,117,131,122,115,100,103,92,82,64,32,38,42
"14-06-2012",55,58,48,49,64,71,77,85,98,103,98,100,110,117,122,132,128,128,120,113,98,79,96,90
"15-06-2012",75,81,99,88,90,98,82,90,87,91,102,104,104,104,105,104,105,104,102,100,94,91,87,63
"16-06-2012",90,97,89,89,94,92,93,92,91,96,102,106,106,110,109,109,108,108,106,104,103,106,106,106
"17-06-2012",108,106,109,110,108,105,105,104,102,105,109,110,113,110,113,111,-9999,120,110,113,116,114,112,113
"18-06-2012",112,116,116,115,113,109,104,105,108,109,113,111,108,107,106,110,110,113,112,112,116,114,111,109
"19-06-2012",108,111,112,111,107,103,99,97,98,101,101,100,100,102,103,100,98,100,104,104,103,101,99,102
"20-06-2012",104,103,100,99,101,90,89,99,101,99,101,100,102,102,103,107,109,109,102,98,92,95,103,108
"21-06-2012",109,106,105,104,102,98,97,98,98,102,102,99,98,97,97,99,101,99,95,104,101,97,98,96
"22-06-2012",94,99,103,98,99,92,93,86,92,96,98,102,106,107,107,107,108,108,111,105,83,86,94,95
"23-06-2012",92,86,79,91,68,64,70,81,93,103,110,112,113,111,109,106,104,104,104,97,89,81,58,71
"24-06-2012",13,77,90,67,88,85,84,105,115,112,116,114,114,115,113,111,110,107,107,104,107,94,94,91
"25-06-2012",91,101,105,108,107,102,90,81,91,87,93,95,99,102,107,109,118,121,107,76,78,74,83,71
"26-06-2012",83,58,37,42,31,23,11,28,52,71,106,119,131,149,153,140,134,113,105,84,63,49,31,42
"27-06-2012",62,42,45,70,40,40,77,49,85,89,90,86,90,93,94,93,96,98,91,86,85,76,86,94
"28-06-2012",91,76,43,41,71,43,46,67,87,96,104,107,108,108,110,109,109,110,108,106,101,88,62,87
"29-06-2012",84,65,73,77,77,60,30,57,71,96,108,109,110,110,111,110,109,108,108,106,88,94,87,86
"30-06-2012",96,104,106,108,109,106,100,101,96,103,108,111,110,109,105,102,103,102,98,91,89,91,93,95
"01-07-2012",101,100,99,100,98,96,89,90,89,97,102,104,106,109,110,113,117,116,112,108,106,97,108,106
"02-07-2012",110,112,113,112,113,108,102,95,93,95,98,100,101,102,104,105,107,105,104,103,99,92,101,102
"03-07-2012",100,102,100,97,93,88,84,90,89,93,97,97,99,99,101,101,102,104,103,100,98,89,80,77
"04-07-2012",91,94,94,98,96,86,74,75,98,96,105,107,110,111,115,125,135,149,114,104,88,99,66,58
"05-07-2012",46,51,55,51,57,25,9,16,50,89,108,134,138,147,135,142,167,161,144,128,109,94,91,54
"06-07-2012",50,51,56,45,25,22,20,28,67,87,102,122,148,146,123,145,168,154,115,99,94,74,89,95
"07-07-2012",67,65,67,59,54,28,22,42,50,73,99,119,136,139,158,169,135,135,143,124,111,114,86,89
"08-07-2012",63,63,66,49,72,94,90,100,94,107,116,118,122,121,122,122,121,125,124,120,112,94,83,55
"09-07-2012",71,72,48,45,51,54,19,21,47,65,108,148,136,121,121,122,123,121,119,113,107,102,83,73
"10-07-2012",71,68,94,95,92,80,46,50,58,101,120,132,158,149,153,171,94,96,128,116,108,80,91,69
"11-07-2012",66,68,63,64,55,60,61,38,65,91,119,106,-9999,168,167,141,133,113,116,117,98,89,72,53
"12-07-2012",54,45,44,22,18,8,7,13,38,76,122,137,146,146,136,136,153,144,128,137,134,102,74,85
"13-07-2012",82,68,52,52,28,18,6,11,31,85,123,131,155,215,167,141,133,132,124,101,84,87,53,54
"14-07-2012",49,48,61,37,40,44,24,33,50,75,104,133,170,188,175,186,182,168,147,129,112,105,82,79
"15-07-2012",65,65,68,73,96,94,58,99,102,120,121,125,126,126,126,130,138,150,150,141,122,100,81,70
"16-07-2012",43,42,53,56,49,20,6,11,21,72,111,102,139,149,154,158,155,147,140,107,108,74,44,45
"17-07-2012",48,58,84,102,94,86,81,87,85,88,87,92,94,97,99,99,100,100,97,97,97,95,91,97
"18-07-2012",100,102,104,104,101,94,88,82,80,91,98,103,102,105,104,104,104,106,111,108,103,98,94,103
"19-07-2012",105,108,106,108,106,95,94,94,90,93,100,104,108,108,107,107,107,107,109,111,110,107,107,108
"20-07-2012",95,91,82,102,103,94,97,106,104,104,109,110,111,110,109,110,109,109,111,107,92,84,96,82
"21-07-2012",69,84,89,87,77,98,95,98,109,108,109,107,103,101,102,100,99,97,95,93,75,79,72,77
"22-07-2012",75,67,83,75,79,78,65,61,67,89,93,96,99,97,126,157,139,130,117,108,102,102,86,58
"23-07-2012",61,85,94,96,94,93,88,90,90,89,91,92,96,99,102,104,104,101,97,96,95,86,89,88
"24-07-2012",88,90,91,88,89,88,84,81,82,82,89,107,115,110,136,154,119,103,98,94,87,78,80,72
"25-07-2012",68,53,40,40,36,25,23,25,49,66,76,77,80,82,83,82,79,81,85,80,67,59,41,49
"26-07-2012",44,47,45,45,39,23,23,20,46,66,74,78,79,94,112,109,105,89,80,88,77,68,59,54
"27-07-2012",51,59,43,30,20,14,7,20,66,79,88,93,93,89,88,86,88,89,87,86,69,65,63,76
"28-07-2012",76,72,83,79,63,80,62,78,85,90,89,94,107,107,108,110,110,111,111,112,106,99,63,83
"29-07-2012",96,99,104,102,116,105,99,101,95,102,107,109,112,117,119,118,119,119,117,116,107,88,80,86
"30-07-2012",85,74,51,46,58,27,13,13,30,58,77,127,142,136,158,156,144,127,103,88,75,66,56,66
"31-07-2012",57,42,65,71,78,63,67,73,68,87,92,94,95,103,107,107,109,112,110,105,102,102,95,100
"01-08-2012",93,78,97,93,94,87,66,71,89,97,99,95,98,99,102,105,106,109,107,103,101,102,84,74
"02-08-2012",80,91,101,98,94,93,80,73,77,88,96,102,104,106,107,116,113,117,117,115,112,97,107,104
"03-08-2012",105,114,115,111,113,99,87,94,94,101,106,117,128,126,120,125,130,136,133,144,123,110,76,57
"04-08-2012",72,72,78,68,68,47,37,28,49,83,99,104,106,123,124,135,134,125,113,97,93,73,58,64
"05-08-2012",67,62,70,51,26,31,27,36,55,82,103,114,120,125,126,126,127,127,125,123,116,90,82,100
"06-08-2012",97,68,69,96,33,17,59,17,29,71,111,125,133,132,131,129,128,129,129,124,107,94,105,110
"07-08-2012",111,106,104,103,102,97,83,61,90,115,129,132,130,128,127,127,126,129,128,124,118,91,77,102
"08-08-2012",91,91,90,111,84,100,88,66,89,108,121,121,120,105,111,114,111,110,107,102,98,81,65,53
"09-08-2012",46,41,55,53,42,29,20,13,37,45,118,145,131,127,127,125,121,119,120,112,100,86,85,87
"10-08-2012",102,85,109,114,108,103,96,92,84,85,91,96,97,106,111,114,118,113,107,103,99,89,77,94
"11-08-2012",99,107,108,107,106,99,97,96,91,87,93,99,108,112,114,119,130,95,68,75,66,82,76,65
"12-08-2012",72,74,67,77,80,77,72,77,80,83,92,97,104,118,125,124,129,114,107,95,79,72,58,38
"13-08-2012",34,34,43,31,25,25,15,18,43,61,78,116,112,123,115,111,107,99,98,86,83,88,60,41
"14-08-2012",39,37,40,31,30,46,19,16,43,71,99,111,119,123,127,118,105,110,115,114,103,73,65,65
"15-08-2012",80,79,72,66,67,65,65,73,72,76,85,100,109,109,113,135,131,116,120,109,106,94,75,51
"16-08-2012",48,69,60,45,45,46,8,16,44,63,95,106,113,120,113,136,150,142,116,84,95,94,93,67
"17-08-2012",59,59,50,53,47,24,17,22,41,73,109,133,153,169,168,161,156,155,148,124,117,108,80,107
"18-08-2012",103,112,98,85,95,98,92,102,119,118,116,114,117,121,119,113,112,113,108,107,104,91,86,85
"19-08-2012",88,66,83,87,93,94,89,89,89,96,99,102,100,102,105,105,106,105,103,97,93,84,80,85
"20-08-2012",87,87,99,100,89,87,85,81,79,87,88,87,88,87,88,88,89,90,89,91,80,82,85,88
"21-08-2012",86,85,85,83,87,82,71,66,79,82,87,88,89,88,89,90,90,92,91,84,80,83,81,82
"22-08-2012",82,84,88,89,88,84,77,74,80,79,83,89,91,91,93,93,94,94,89,78,76,80,79,81
"23-08-2012",82,84,85,86,88,81,73,75,83,92,98,105,113,113,114,114,112,112,107,93,77,59,69,67
"24-08-2012",55,53,71,64,34,19,27,22,62,81,103,110,118,118,114,113,112,112,108,100,87,71,58,57
"25-08-2012",48,70,74,83,93,77,58,67,99,104,104,109,111,110,111,110,110,109,107,101,79,88,85,91
"26-08-2012",88,90,82,71,59,38,32,23,58,80,105,107,108,109,109,108,118,122,101,82,60,67,66,41
"27-08-2012",28,19,16,18,19,11,6,6,27,67,88,117,112,120,126,113,97,96,89,96,96,86,103,95
"28-08-2012",90,92,84,84,83,81,81,81,88,86,90,92,96,98,100,102,102,102,99,97,92,76,61,65
"29-08-2012",69,75,73,78,75,57,33,48,63,82,95,100,104,106,107,108,108,109,107,102,86,79,84,91
"30-08-2012",94,96,98,104,94,91,88,87,95,97,103,107,106,110,110,107,105,104,107,101,91,71,64,66
"31-08-2012",66,61,95,98,77,78,84,73,89,99,100,102,107,108,111,110,108,106,105,99,88,99,101,99
"01-09-2012",97,92,94,100,102,95,88,94,88,86,90,95,98,103,106,107,105,105,103,100,88,97,101,105
"02-09-2012",104,103,102,101,98,96,93,90,84,83,83,85,85,86,87,88,88,88,88,85,80,81,81,79
"03-09-2012",87,87,92,94,87,81,80,75,82,81,85,87,90,90,94,93,93,94,93,89,91,90,81,70
"04-09-2012",61,37,85,86,72,43,59,34,84,91,90,95,95,98,99,103,104,103,99,84,91,86,73,55
"05-09-2012",40,35,48,51,44,35,7,9,50,56,83,113,114,134,149,169,141,113,95,90,87,80,60,55
"06-09-2012",46,33,32,26,20,11,6,7,24,50,73,79,92,110,118,114,116,105,105,87,88,88,57,44
"07-09-2012",48,40,51,71,79,65,75,67,65,90,93,97,104,111,114,117,119,121,118,119,110,98,91,102
"08-09-2012",98,100,94,90,85,92,88,82,89,93,103,106,104,106,106,106,107,106,107,99,95,103,98,94
"09-09-2012",89,95,97,94,97,99,96,96,97,97,98,103,106,109,112,114,112,113,109,104,96,76,90,91
"10-09-2012",78,87,92,83,62,58,54,65,85,90,97,97,98,96,96,91,93,93,93,88,84,84,84,80
"11-09-2012",80,83,84,76,78,70,63,64,67,70,75,79,80,81,82,83,84,84,84,83,79,69,70,73
"12-09-2012",73,77,75,74,77,65,32,41,70,69,72,76,85,86,95,110,121,115,91,82,81,76,53,43
"13-09-2012",45,36,40,43,29,16,8,7,15,53,78,92,107,113,107,95,96,91,94,86,77,70,61,66
"14-09-2012",63,69,71,78,75,65,30,25,42,40,60,76,79,82,82,77,76,79,71,65,55,57,46,34
"15-09-2012",39,30,27,33,31,21,9,22,52,54,63,76,80,83,84,88,88,86,88,92,86,83,75,67
"16-09-2012",84,81,69,56,56,68,66,63,47,51,43,59,47,47,47,41,42,49,44,44,44,51,48,55
"17-09-2012",53,50,66,68,69,59,52,41,40,47,64,73,69,78,78,88,88,69,62,55,48,34,28,37
"18-09-2012",51,51,64,74,76,66,46,40,45,75,73,78,84,89,93,85,86,83,102,99,66,54,48,46
"19-09-2012",58,58,67,69,61,50,38,38,52,65,77,83,95,99,104,109,114,116,95,88,85,85,62,48
"20-09-2012",48,44,37,28,24,18,8,8,14,40,67,86,92,94,93,95,96,95,89,90,82,71,82,79
"21-09-2012",82,75,72,78,77,62,37,45,55,59,-9999,68,75,84,90,92,92,86,71,72,59,55,59,62
"22-09-2012",76,78,80,79,78,70,67,56,67,74,80,85,91,100,110,102,101,114,106,99,97,87,62,58
"23-09-2012",52,47,43,46,47,50,37,31,47,61,69,75,93,105,124,138,153,127,110,80,76,63,33,37
"24-09-2012",43,41,41,42,36,16,7,6,15,51,66,71,105,124,125,125,128,120,99,75,76,56,35,46
"25-09-2012",44,27,31,29,22,11,6,7,10,32,43,58,76,104,114,106,95,98,85,45,23,27,26,23
"26-09-2012",43,33,26,23,13,6,6,7,12,23,54,74,75,69,69,77,75,80,69,74,50,54,31,20
"27-09-2012",28,22,21,17,13,6,26,11,20,55,64,73,81,90,94,84,88,86,81,68,51,67,79,81
"28-09-2012",72,72,78,87,68,30,49,62,93,104,112,115,122,121,122,119,116,117,115,109,107,91,100,102
"29-09-2012",106,118,119,119,114,106,104,101,107,105,103,107,105,103,101,96,95,94,95,93,96,98,102,105
"30-09-2012",107,110,112,111,113,112,101,90,104,113,111,110,111,109,104,101,96,89,89,85,76,87,84,79
"01-10-2012",60,81,77,85,73,61,14,9,59,85,87,85,92,99,100,100,106,101,95,80,73,73,60,45
"02-10-2012",38,53,57,44,27,32,9,14,14,33,64,59,73,108,122,120,101,106,76,64,57,29,20,23
"03-10-2012",46,42,26,13,7,8,6,7,10,42,62,73,75,76,82,73,81,80,78,66,66,64,67,64
"04-10-2012",47,36,46,75,78,66,42,49,66,65,75,74,73,77,82,94,92,99,96,88,81,56,45,39
"05-10-2012",41,58,72,64,50,48,14,13,29,61,90,94,97,100,98,98,101,132,115,88,61,76,77,74
"06-10-2012",82,90,92,94,95,84,78,69,68,92,94,93,93,92,94,97,98,97,93,73,86,96,95,91
"07-10-2012",93,96,92,90,91,81,86,69,73,75,86,101,111,112,108,108,106,105,107,96,74,48,48,45
"08-10-2012",39,44,65,53,44,25,6,7,8,29,62,81,91,96,97,91,93,80,74,68,82,87,80,68
"09-10-2012",80,80,69,77,77,72,61,45,28,52,54,74,80,92,102,104,104,79,72,68,69,70,74,64
"10-10-2012",62,56,56,48,44,29,14,26,31,55,69,69,77,78,85,89,74,48,42,38,19,22,53,32
"11-10-2012",24,29,29,27,33,10,7,6,16,19,60,71,80,81,98,106,111,118,108,94,84,75,53,52
"12-10-2012",32,36,41,35,19,14,6,5,7,26,63,67,86,92,88,88,82,84,81,71,70,70,70,44
"13-10-2012",37,36,36,41,32,17,10,14,18,24,55,67,76,88,87,82,77,76,62,68,50,41,28,20
"14-10-2012",40,37,32,36,28,26,19,15,15,31,52,66,64,68,66,62,61,59,54,56,47,39,42,36
"15-10-2012",25,17,29,22,10,7,5,4,7,11,31,49,55,58,66,75,69,59,53,30,13,16,11,9
"16-10-2012",8,9,13,12,8,6,5,5,7,17,44,57,59,62,62,56,57,46,44,39,12,6,12,9
"17-10-2012",11,16,17,10,9,5,5,5,5,8,20,30,51,68,67,59,53,38,23,9,5,5,8,8
"18-10-2012",14,21,12,11,10,5,6,12,9,27,47,55,63,70,75,75,73,73,67,74,80,86,86,84
"19-10-2012",85,89,88,87,87,79,69,67,68,73,71,75,80,83,85,86,85,85,83,85,86,93,92,93
"20-10-2012",89,89,91,92,90,84,82,83,81,82,82,84,88,90,92,94,93,90,86,67,59,61,53,47
"21-10-2012",65,85,73,71,71,86,70,69,67,69,71,75,79,78,82,81,83,81,71,71,77,75,82,80
"22-10-2012",78,79,82,76,65,69,51,45,43,54,57,58,51,46,45,51,57,58,54,51,56,54,61,67
"23-10-2012",66,69,66,66,63,59,53,36,28,49,56,48,53,55,57,58,61,62,62,61,59,59,65,64
"24-10-2012",63,63,65,58,63,60,53,33,33,43,53,51,57,61,57,65,65,63,63,60,66,69,71,72
"25-10-2012",74,75,74,72,70,59,49,45,54,57,62,62,65,68,68,73,72,65,41,33,40,38,32,25
"26-10-2012",25,25,32,27,20,9,6,5,7,17,35,49,55,75,88,97,94,91,77,40,17,28,23,30
"27-10-2012",37,34,31,31,22,10,6,6,8,18,38,66,66,79,81,80,79,74,75,69,65,58,56,65
"28-10-2012",65,68,71,72,73,78,75,67,71,70,67,70,70,72,73,73,74,69,66,68,72,65,62,63
"29-10-2012",64,58,65,63,60,59,37,25,50,49,49,54,35,17,33,46,43,12,8,23,33,60,69,74
"30-10-2012",86,89,76,79,82,57,29,39,65,75,80,82,84,82,81,84,69,59,49,46,48,45,22,35
"31-10-2012",68,67,54,59,49,25,9,10,22,46,57,79,85,86,87,85,68,64,32,19,9,16,19,23
"01-11-2012",20,23,22,27,23,6,5,6,14,29,53,65,67,69,64,62,68,65,59,55,54,59,48,32
"02-11-2012",13,13,11,19,17,6,5,6,11,36,47,64,75,74,76,72,75,66,54,39,52,53,50,39
"03-11-2012",63,54,63,55,41,17,7,9,14,41,66,73,73,72,70,87,91,79,60,37,33,38,36,32
"04-11-2012",30,32,30,32,26,22,16,14,22,39,55,71,77,77,86,90,91,76,49,29,29,18,15,18
"05-11-2012",21,37,28,17,12,6,5,6,9,46,62,56,61,74,73,72,69,54,57,55,56,33,17,21
"06-11-2012",32,30,27,23,13,6,8,7,12,31,50,59,64,68,69,66,53,73,73,70,51,66,58,46
"07-11-2012",52,48,39,45,45,38,32,44,59,60,68,70,69,73,67,68,70,62,49,18,37,50,49,48
"08-11-2012",54,62,65,66,62,59,56,52,53,52,52,54,55,58,59,65,66,68,68,71,70,70,70,70
"09-11-2012",68,66,61,62,49,47,38,23,40,56,59,58,66,75,80,80,73,44,19,22,27,51,45,45
"10-11-2012",44,64,70,66,62,57,49,30,44,60,62,66,69,71,75,75,71,66,50,36,50,39,47,56
"11-11-2012",57,49,58,62,49,38,48,51,56,60,64,67,67,67,69,66,59,29,20,33,47,48,37,52
"12-11-2012",46,55,54,55,41,24,30,30,40,53,54,60,61,59,59,55,55,62,58,58,60,66,61,71
"13-11-2012",74,73,74,72,66,56,42,39,41,59,61,59,59,67,67,65,60,51,59,62,49,38,50,60
"14-11-2012",67,79,79,77,80,77,70,58,61,62,63,65,65,69,68,68,65,64,51,59,45,50,50,45
"15-11-2012",39,28,38,24,17,18,16,17,27,45,53,57,59,59,55,49,46,44,45,49,52,47,54,60
"16-11-2012",58,60,63,63,58,54,49,29,41,44,45,43,45,43,30,34,43,41,47,44,41,43,50,50
"17-11-2012",56,57,54,60,58,58,53,49,52,53,50,52,57,54,50,53,52,57,63,64,64,66,66,65
"18-11-2012",66,68,68,66,65,67,64,61,56,59,61,64,66,67,64,68,61,46,34,51,50,50,50,52
"19-11-2012",43,34,28,55,55,46,8,7,26,17,47,63,46,55,46,43,33,34,26,25,13,30,34,43
"20-11-2012",47,42,36,35,25,30,16,7,14,18,33,51,58,55,43,39,14,11,23,33,19,13,35,21
"21-11-2012",29,22,17,30,17,8,5,5,7,18,18,17,29,30,36,34,30,22,17,9,19,40,34,37
"22-11-2012",51,55,54,50,52,48,39,33,40,45,52,57,57,59,53,47,51,54,53,50,41,44,46,47
"23-11-2012",45,42,39,53,51,34,12,6,9,31,46,54,56,49,45,43,41,37,24,15,18,24,18,30
"24-11-2012",41,43,43,47,48,41,35,19,22,38,49,49,49,51,47,41,41,36,19,35,28,36,34,49
"25-11-2012",52,49,45,45,64,65,62,51,54,53,61,63,64,67,68,65,49,20,21,12,10,10,10,11
"26-11-2012",17,15,16,30,45,27,6,6,13,37,50,58,58,56,52,42,20,10,25,22,11,10,12,18
"27-11-2012",22,11,15,13,7,6,5,5,6,10,31,-9999,-9999,-9999,66,65,61,41,33,24,16,11,8,-9999
"28-11-2012",-9999,-9999,-9999,-9999,-9999,-9999,-9999,-9999,-9999,-9999,-9999,-9999,-9999,-9999,-9999,-9999,-9999,-9999,-9999,-9999,-9999,-9999,-9999,-9999
"29-11-2012",-9999,-9999,-9999,-9999,-9999,-9999,-9999,-9999,-9999,-9999,-9999,-9999,-9999,-9999,-9999,-9999,-9999,-9999,-9999,-9999,-9999,-9999,-9999,-9999
"30-11-2012",-9999,-9999,-9999,-9999,-9999,-9999,-9999,-9999,-9999,-9999,-9999,-9999,-9999,-9999,-9999,-9999,-9999,-9999,-9999,-9999,-9999,-9999,-9999,-9999
"01-12-2012",-9999,-9999,-9999,-9999,-9999,-9999,-9999,-9999,-9999,-9999,-9999,-9999,-9999,-9999,-9999,-9999,-9999,-9999,-9999,-9999,-9999,-9999,-9999,-9999
"02-12-2012",-9999,-9999,-9999,-9999,-9999,-9999,-9999,-9999,-9999,-9999,-9999,-9999,-9999,-9999,-9999,-9999,-9999,-9999,-9999,-9999,-9999,-9999,-9999,-9999
"03-12-2012",-9999,-9999,-9999,-9999,-9999,-9999,-9999,-9999,-9999,-9999,-9999,-9999,-9999,-9999,-9999,-9999,-9999,-9999,-9999,-9999,-9999,-9999,-9999,-9999
"04-12-2012",-9999,-9999,-9999,-9999,-9999,-9999,-9999,-9999,-9999,-9999,-9999,-9999,-9999,-9999,-9999,-9999,-9999,-9999,-9999,-9999,-9999,-9999,-9999,-9999
"05-12-2012",-9999,-9999,-9999,-9999,-9999,-9999,-9999,-9999,-9999,-9999,-9999,-9999,-9999,-9999,-9999,-9999,-9999,-9999,-9999,-9999,-9999,-9999,-9999,-9999
"06-12-2012",-9999,-9999,-9999,-9999,-9999,-9999,-9999,-9999,-9999,-9999,-9999,-9999,-9999,-9999,-9999,-9999,-9999,-9999,-9999,-9999,-9999,-9999,-9999,-9999
"07-12-2012",-9999,-9999,-9999,-9999,-9999,-9999,-9999,-9999,-9999,-9999,-9999,-9999,-9999,-9999,-9999,-9999,-9999,-9999,-9999,-9999,-9999,-9999,-9999,-9999
"08-12-2012",-9999,-9999,-9999,-9999,-9999,-9999,-9999,-9999,-9999,-9999,-9999,-9999,-9999,-9999,-9999,-9999,-9999,-9999,-9999,-9999,-9999,-9999,-9999,-9999
"09-12-2012",-9999,-9999,-9999,-9999,-9999,-9999,-9999,-9999,-9999,-9999,-9999,-9999,-9999,-9999,-9999,-9999,-9999,-9999,-9999,-9999,-9999,-9999,-9999,-9999
"10-12-2012",-9999,-9999,-9999,-9999,-9999,-9999,-9999,-9999,-9999,-9999,-9999,-9999,-9999,-9999,-9999,-9999,-9999,-9999,-9999,-9999,-9999,-9999,-9999,-9999
"11-12-2012",-9999,-9999,-9999,-9999,-9999,-9999,-9999,-9999,-9999,-9999,-9999,-9999,-9999,-9999,-9999,-9999,-9999,-9999,-9999,-9999,-9999,-9999,-9999,-9999
"12-12-2012",-9999,-9999,-9999,-9999,-9999,-9999,-9999,-9999,-9999,-9999,-9999,-9999,-9999,-9999,-9999,-9999,-9999,-9999,-9999,-9999,-9999,-9999,-9999,-9999
"13-12-2012",-9999,-9999,-9999,-9999,-9999,-9999,-9999,-9999,-9999,-9999,-9999,-9999,-9999,-9999,-9999,-9999,-9999,-9999,-9999,-9999,-9999,-9999,-9999,-9999
"14-12-2012",-9999,-9999,-9999,-9999,-9999,-9999,-9999,-9999,-9999,-9999,-9999,-9999,-9999,-9999,-9999,-9999,-9999,-9999,-9999,-9999,-9999,-9999,-9999,-9999
"15-12-2012",-9999,-9999,-9999,-9999,-9999,-9999,-9999,-9999,-9999,-9999,-9999,-9999,-9999,-9999,-9999,-9999,-9999,-9999,-9999,-9999,-9999,-9999,-9999,-9999
"16-12-2012",-9999,-9999,-9999,-9999,-9999,-9999,-9999,-9999,-9999,-9999,-9999,-9999,-9999,-9999,-9999,-9999,-9999,-9999,-9999,-9999,-9999,-9999,-9999,-9999
"17-12-2012",-9999,-9999,-9999,-9999,-9999,-9999,-9999,-9999,-9999,-9999,-9999,-9999,-9999,-9999,-9999,-9999,-9999,-9999,-9999,-9999,-9999,-9999,-9999,-9999
"18-12-2012",-9999,-9999,-9999,-9999,-9999,-9999,-9999,-9999,-9999,-9999,-9999,-9999,-9999,-9999,-9999,-9999,-9999,-9999,-9999,-9999,-9999,-9999,-9999,-9999
"19-12-2012",-9999,-9999,-9999,-9999,-9999,-9999,-9999,-9999,-9999,-9999,-9999,-9999,-9999,-9999,-9999,-9999,-9999,-9999,-9999,-9999,-9999,-9999,-9999,-9999
"20-12-2012",-9999,-9999,-9999,-9999,-9999,-9999,-9999,-9999,-9999,-9999,-9999,-9999,-9999,-9999,-9999,-9999,-9999,-9999,-9999,-9999,-9999,-9999,-9999,-9999
"21-12-2012",-9999,-9999,-9999,-9999,-9999,-9999,-9999,-9999,-9999,-9999,-9999,-9999,-9999,-9999,-9999,-9999,-9999,-9999,-9999,-9999,-9999,-9999,-9999,-9999
"22-12-2012",-9999,-9999,-9999,-9999,-9999,-9999,-9999,-9999,-9999,-9999,-9999,-9999,-9999,-9999,-9999,-9999,-9999,-9999,-9999,-9999,-9999,-9999,-9999,-9999
"23-12-2012",-9999,-9999,-9999,-9999,-9999,-9999,-9999,-9999,-9999,-9999,-9999,-9999,-9999,-9999,-9999,-9999,-9999,-9999,-9999,-9999,-9999,-9999,-9999,-9999
"24-12-2012",-9999,-9999,-9999,-9999,-9999,-9999,-9999,-9999,-9999,-9999,-9999,-9999,-9999,-9999,-9999,-9999,-9999,-9999,-9999,-9999,-9999,-9999,-9999,-9999
"25-12-2012",-9999,-9999,-9999,-9999,-9999,-9999,-9999,-9999,-9999,-9999,-9999,-9999,-9999,-9999,-9999,-9999,-9999,-9999,-9999,-9999,-9999,-9999,-9999,-9999
"26-12-2012",-9999,-9999,-9999,-9999,-9999,-9999,-9999,-9999,-9999,-9999,-9999,-9999,-9999,-9999,-9999,-9999,-9999,-9999,-9999,-9999,-9999,-9999,-9999,-9999
"27-12-2012",-9999,-9999,-9999,-9999,-9999,-9999,-9999,-9999,-9999,-9999,-9999,-9999,-9999,-9999,-9999,-9999,-9999,-9999,-9999,-9999,-9999,-9999,-9999,-9999
"28-12-2012",-9999,-9999,-9999,-9999,-9999,-9999,-9999,-9999,-9999,-9999,-9999,-9999,-9999,-9999,-9999,-9999,-9999,-9999,-9999,-9999,-9999,-9999,-9999,-9999
"29-12-2012",-9999,-9999,-9999,-9999,-9999,-9999,-9999,-9999,-9999,-9999,-9999,-9999,-9999,-9999,-9999,-9999,-9999,-9999,-9999,-9999,-9999,-9999,-9999,-9999
"30-12-2012",-9999,-9999,-9999,-9999,-9999,-9999,-9999,-9999,-9999,-9999,-9999,-9999,-9999,-9999,-9999,-9999,-9999,-9999,-9999,-9999,-9999,-9999,-9999,-9999
"31-12-2012",-9999,-9999,-9999,-9999,-9999,-9999,-9999,-9999,-9999,-9999,-9999,-9999,-9999,-9999,-9999,-9999,-9999,-9999,-9999,-9999,-9999,-9999,-9999,-9999
