"01-01-2012",1.6,1.5,1.8,1.1,1.7,1.2,2.1,1.8,0.9,0.8,0.7,1.0,1.1,1.1,0.6,0.7,0.8,1.2,1.3,1.1,1.3,1.4,1.5,1.4
"02-01-2012",1.1,0.8,1.0,0.6,1.1,1.3,1.4,1.9,1.9,1.8,2.3,1.4,1.6,1.8,1.5,2.2,2.5,3.8,3.9,4.3,5.0,5.7,5.8,6.0
"03-01-2012",5.9,5.1,4.4,3.5,2.8,2.5,3.4,4.3,6.6,4.3,3.1,2.7,2.9,2.9,2.8,3.0,3.5,3.7,4.5,5.8,6.3,6.1,5.8,5.8
"04-01-2012",5.6,5.5,4.2,3.1,2.3,2.2,2.7,2.9,3.7,3.7,2.4,2.7,2.5,2.7,2.6,3.5,3.2,3.5,2.9,2.8,2.5,3.8,4.2,3.7
"05-01-2012",3.2,3.2,3.2,2.4,2.8,2.8,3.5,4.3,5.1,4.7,3.0,3.2,2.7,2.5,2.6,2.8,3.0,3.1,2.9,2.1,4.2,5.1,4.1,5.5
"06-01-2012",4.9,4.0,0.8,0.5,0.4,0.4,0.4,0.4,0.4,0.4,0.4,0.4,0.4,0.4,0.4,0.5,0.7,1.1,0.9,0.9,1.0,0.8,0.8,0.9
"07-01-2012",1.0,0.7,0.7,0.9,1.1,1.2,1.3,1.4,1.6,1.0,1.2,1.4,1.9,1.8,1.6,1.5,1.7,1.7,1.6,2.0,2.0,1.8,1.5,1.7
"08-01-2012",1.4,1.7,1.1,0.6,0.8,1.0,1.2,0.9,0.8,1.0,1.5,1.3,1.7,1.4,1.4,1.2,1.2,1.7,1.5,1.7,2.5,2.2,2.1,1.5
"09-01-2012",1.3,1.1,1.2,1.3,1.0,1.5,2.2,3.6,3.1,2.1,3.0,2.5,3.5,2.8,2.7,2.7,2.2,2.2,2.1,1.2,1.2,1.6,2.0,1.4
"10-01-2012",0.7,0.7,0.7,0.6,0.6,0.7,0.7,1.5,1.7,1.6,1.4,1.7,1.8,1.6,1.7,1.4,1.6,1.4,1.5,1.9,1.8,1.4,1.6,0.9
"11-01-2012",1.0,0.6,0.6,0.4,0.5,1.0,1.9,2.2,2.2,1.9,1.3,1.8,1.9,1.8,2.0,1.9,1.6,1.4,1.5,1.2,1.5,1.9,1.3,0.9
"12-01-2012",0.6,0.6,0.7,0.5,0.6,0.7,0.9,1.3,2.1,1.8,1.9,2.4,1.8,2.0,1.6,1.9,2.1,2.0,2.8,3.3,2.6,2.0,1.5,1.6
"13-01-2012",2.4,2.3,2.0,1.5,2.8,2.9,4.0,4.3,4.8,5.7,3.3,-9999,3.2,2.1,2.4,2.6,2.6,2.9,3.0,2.1,3.1,3.9,3.6,3.1
"14-01-2012",2.8,3.1,1.9,2.7,3.1,3.3,3.9,4.5,6.4,3.8,2.8,2.2,2.3,2.1,1.9,2.0,1.9,1.7,1.1,0.9,0.9,0.9,0.8,0.9
"15-01-2012",0.6,1.2,1.0,0.3,0.4,0.5,0.3,0.9,0.9,0.8,1.2,1.3,1.4,1.1,0.9,1.0,1.1,0.8,1.3,1.2,2.1,1.7,1.6,1.2
"16-01-2012",0.8,0.8,0.4,0.4,0.3,0.6,0.9,1.6,1.7,1.4,1.3,1.4,1.4,1.3,1.5,1.7,1.6,2.0,1.8,1.6,1.7,1.8,1.9,1.0
"17-01-2012",1.0,0.7,0.6,0.5,0.8,1.4,1.9,1.8,4.8,2.1,2.0,1.2,1.8,1.6,1.5,1.6,1.4,1.1,1.0,1.9,2.6,2.0,1.7,1.6
"18-01-2012",1.5,1.1,0.6,0.4,0.4,0.4,0.9,1.9,2.0,2.0,2.1,1.7,1.1,1.1,0.9,1.3,1.8,2.2,2.5,2.5,2.7,3.1,2.4,2.0
"19-01-2012",1.4,1.1,0.8,0.6,0.7,1.0,1.4,2.5,3.1,2.4,1.7,1.5,2.1,1.5,1.9,2.3,2.6,3.6,2.9,3.7,4.5,5.3,5.4,5.5
"20-01-2012",5.8,3.6,1.4,1.2,1.1,1.1,2.5,4.2,5.3,4.4,3.0,2.6,1.8,2.0,1.9,1.7,1.8,1.7,2.1,2.6,3.2,2.2,1.8,1.7
"21-01-2012",1.8,1.9,1.4,1.7,2.1,1.8,2.2,2.7,3.6,2.9,2.1,1.8,1.4,1.9,2.6,3.1,1.9,0.9,1.2,1.1,1.5,1.1,1.4,1.3
"22-01-2012",0.6,0.4,0.3,0.5,0.5,0.6,0.6,1.0,0.9,1.2,1.6,1.4,1.4,1.4,1.3,1.2,1.2,2.3,2.5,2.3,3.3,3.9,4.6,4.9
"23-01-2012",5.3,4.0,4.4,2.1,1.9,3.7,5.5,4.6,6.4,3.8,3.4,3.0,2.4,2.6,2.9,3.1,2.8,3.8,3.9,3.3,4.8,4.4,5.4,4.7
"24-01-2012",4.3,2.7,3.1,2.5,2.1,1.7,2.2,3.2,3.9,3.9,3.1,3.0,2.7,2.8,3.2,2.5,3.1,3.5,3.7,3.9,2.9,2.2,2.1,1.7
"25-01-2012",1.1,2.3,1.4,1.4,1.1,1.5,2.2,3.3,3.2,3.5,3.1,2.0,2.4,2.2,2.3,2.5,2.1,2.2,2.9,2.3,1.6,1.6,1.5,1.3
"26-01-2012",1.3,1.0,0.8,0.8,1.0,1.4,2.7,3.1,3.0,2.4,2.2,1.8,1.4,2.0,1.8,1.7,0.6,2.1,2.9,2.8,2.7,2.2,1.4,1.1
"27-01-2012",1.0,0.8,0.9,0.7,0.5,1.0,0.9,2.5,1.3,2.1,1.9,0.9,0.7,0.7,1.0,0.8,0.8,1.0,1.0,1.3,1.4,1.8,0.7,0.6
"28-01-2012",0.8,0.8,0.5,0.6,0.6,0.6,0.9,0.8,0.9,1.4,1.0,1.4,1.4,1.4,1.5,1.1,1.0,1.0,0.8,0.7,0.9,0.8,0.7,0.9
"29-01-2012",0.6,0.6,0.5,0.4,0.4,0.4,0.4,0.4,0.4,0.6,0.5,0.5,0.6,0.6,0.6,0.5,0.6,0.6,0.7,0.9,0.9,0.7,0.6,0.4
"30-01-2012",0.3,0.3,0.2,0.2,0.2,0.2,0.5,0.7,0.8,0.7,0.6,0.7,0.8,0.7,0.8,0.7,0.7,0.7,0.9,0.6,0.6,0.5,0.5,0.3
"31-01-2012",0.3,0.2,0.2,0.1,0.2,0.3,0.5,0.6,0.7,0.6,0.7,0.8,0.6,0.8,0.9,0.8,0.8,0.9,0.8,0.8,0.9,0.8,0.6,0.5
"01-02-2012",0.4,0.3,0.3,0.2,0.2,0.4,0.6,0.9,1.2,0.8,0.7,0.8,0.8,0.9,0.8,0.8,0.9,0.9,1.0,1.0,1.1,1.1,0.9,0.9
"02-02-2012",0.8,0.8,0.8,0.4,0.5,0.6,1.0,1.2,1.4,1.7,1.4,1.7,2.1,1.3,2.5,2.7,2.7,3.2,3.1,3.2,3.1,2.9,2.8,1.7
"03-02-2012",1.3,1.1,1.0,0.9,0.8,1.1,2.4,3.4,3.5,4.5,3.3,2.5,3.4,3.0,2.0,1.1,0.7,0.8,0.8,1.1,2.5,1.4,2.0,1.3
"04-02-2012",0.6,0.4,0.8,1.5,1.2,0.4,0.6,0.6,0.6,0.6,0.9,1.2,0.8,0.9,0.7,0.5,0.4,0.4,0.5,0.4,0.8,0.7,0.4,0.3
"05-02-2012",0.3,0.4,0.4,0.3,0.3,0.2,0.3,0.3,0.2,0.2,0.4,0.5,0.5,0.5,0.4,0.4,0.4,0.5,0.5,0.7,0.5,0.7,1.1,0.7
"06-02-2012",1.1,0.7,0.9,0.9,1.0,0.8,0.4,0.4,0.3,0.7,0.8,0.3,0.2,0.2,0.2,0.2,0.2,0.2,0.2,0.3,1.0,0.6,0.4,0.2
"07-02-2012",0.2,0.2,0.2,0.2,0.1,0.2,0.3,0.5,0.7,0.6,0.7,0.7,0.5,0.6,1.2,2.0,1.9,2.3,2.2,2.2,2.0,1.6,1.4,0.8
"08-02-2012",0.5,0.4,0.3,0.2,0.3,0.4,0.9,1.2,1.2,0.6,0.8,0.7,0.6,0.6,0.6,0.6,0.4,0.6,0.5,0.6,0.6,0.5,0.4,0.4
"09-02-2012",0.3,0.2,0.2,0.1,0.1,0.2,0.3,0.7,0.7,0.7,0.5,0.6,0.7,0.7,0.9,0.9,0.8,1.0,1.0,1.0,1.2,1.3,1.1,0.8
"10-02-2012",0.6,0.4,0.3,0.3,0.3,0.4,0.7,0.8,1.3,1.0,0.9,1.0,1.1,1.2,1.0,0.9,1.1,0.6,0.9,2.2,2.3,0.7,0.7,1.3
"11-02-2012",0.4,0.4,0.3,0.2,0.2,0.2,0.4,0.4,0.4,0.5,1.2,0.6,0.6,1.2,1.8,1.6,0.6,1.7,2.0,1.4,1.1,3.5,1.3,1.8
"12-02-2012",2.2,1.4,0.9,0.8,0.5,0.5,0.5,0.7,0.7,1.0,0.9,1.3,1.4,1.5,1.3,1.2,2.0,1.9,1.5,1.0,1.6,0.5,0.4,0.6
"13-02-2012",1.8,0.9,0.3,1.1,1.4,2.2,3.1,4.1,5.0,3.0,3.2,3.0,2.3,2.1,2.1,2.1,2.5,2.5,2.7,2.6,2.5,2.6,1.6,1.4
"14-02-2012",0.9,1.0,0.8,0.7,0.7,1.2,2.5,1.9,3.0,1.8,2.0,2.5,2.0,2.0,1.4,1.8,1.3,1.1,2.2,2.3,3.2,3.0,2.0,1.7
"15-02-2012",1.3,0.9,0.8,0.6,0.8,1.3,1.4,2.5,3.8,2.3,0.5,0.4,0.3,0.6,1.6,1.5,1.8,1.8,1.7,1.9,2.1,2.0,1.3,1.3
"16-02-2012",1.3,0.6,0.6,0.6,0.8,0.7,1.8,2.5,2.9,1.9,0.8,1.8,2.0,2.2,1.8,1.8,2.2,2.4,1.8,1.6,1.5,1.1,0.6,0.7
"17-02-2012",0.6,0.5,0.5,0.5,0.5,0.7,1.2,1.4,1.6,1.2,1.3,1.3,1.3,1.3,1.5,1.5,1.7,1.9,2.1,2.4,1.7,2.0,2.3,2.3
"18-02-2012",1.3,0.9,1.1,1.1,0.9,1.1,1.3,1.8,1.7,1.4,1.7,1.7,1.7,1.7,1.3,1.1,1.5,1.9,2.2,2.4,2.5,2.7,3.1,2.5
"19-02-2012",1.8,1.7,1.1,1.2,1.2,2.1,2.1,2.4,2.0,1.5,1.3,1.5,1.4,1.2,1.2,1.2,1.2,1.6,1.7,1.0,0.9,1.1,1.1,3.1
"20-02-2012",3.2,3.0,2.4,2.1,1.8,1.8,2.7,3.7,4.6,3.6,3.1,1.2,1.1,2.0,2.2,2.4,1.8,1.1,2.3,2.0,1.8,2.3,2.8,3.1
"21-02-2012",2.7,2.5,1.2,0.8,0.8,0.8,2.1,3.1,3.2,1.8,0.3,0.5,0.4,0.4,0.4,0.5,0.8,0.5,0.9,0.8,0.8,1.2,1.1,1.0
"22-02-2012",0.9,0.5,0.3,0.2,0.3,0.3,0.6,0.7,1.5,1.3,0.8,1.0,1.2,1.2,1.0,0.6,0.6,0.8,0.9,1.0,1.1,1.1,0.6,0.4
"23-02-2012",0.4,0.3,0.2,0.2,0.2,0.4,0.6,1.1,1.3,1.1,0.8,0.9,0.8,1.1,1.1,0.7,0.9,1.3,1.2,1.6,2.7,3.0,2.2,2.1
"24-02-2012",1.8,1.7,1.8,1.4,1.5,1.5,3.4,3.4,4.5,2.5,2.2,2.1,1.9,1.7,1.9,1.6,2.1,1.9,2.7,3.1,2.1,3.5,2.2,2.9
"25-02-2012",2.1,1.5,1.1,1.0,0.9,1.3,1.4,2.9,3.0,2.3,1.5,1.8,1.4,1.4,1.7,1.5,1.6,2.5,3.0,3.3,3.9,3.2,3.0,4.9
"26-02-2012",5.2,4.6,3.9,4.1,3.6,2.7,3.1,2.6,1.3,1.6,1.6,1.9,1.9,1.1,1.2,1.1,1.5,1.8,1.9,1.9,2.2,2.1,3.3,2.0
"27-02-2012",1.2,1.1,0.9,0.7,0.6,0.5,0.4,0.2,0.6,0.5,0.5,0.3,0.4,0.4,0.4,0.3,0.3,0.4,0.3,0.3,0.3,0.3,0.2,0.2
"28-02-2012",0.2,0.1,0.1,0.1,0.1,0.3,0.9,1.1,1.1,1.0,0.7,0.8,1.0,1.0,1.1,1.2,1.4,1.4,0.9,1.1,1.5,0.9,0.7,0.7
"29-02-2012",0.5,0.4,0.3,0.2,0.3,0.9,1.7,2.6,2.3,2.0,2.2,2.6,1.6,1.5,1.6,1.6,1.4,1.4,1.4,1.4,1.1,0.9,0.8,0.6
"01-03-2012",0.5,0.4,0.3,0.2,0.2,0.3,0.8,1.7,1.7,1.1,0.6,0.5,0.6,0.5,-9999,0.7,1.1,1.3,1.4,2.0,2.5,2.0,1.6,1.1
"02-03-2012",1.5,1.6,1.0,0.7,1.1,1.7,2.2,2.8,2.8,2.3,2.1,2.1,1.9,1.5,1.9,2.3,2.2,2.3,2.5,2.3,3.3,4.0,3.9,4.1
"03-03-2012",4.4,4.4,4.2,2.8,1.6,1.9,3.8,3.9,3.7,2.1,2.3,2.0,2.0,1.4,1.9,1.9,2.2,2.1,2.2,1.6,1.9,2.9,5.0,1.6
"04-03-2012",1.8,0.4,0.4,0.4,0.6,0.8,0.8,0.4,0.4,0.6,0.3,0.5,1.3,1.4,1.3,1.3,1.3,1.4,1.5,1.5,1.7,2.1,1.8,2.4
"05-03-2012",2.3,2.3,2.1,2.2,1.9,1.9,2.0,2.2,2.2,1.2,0.9,1.9,2.6,0.7,0.8,2.1,1.4,2.2,2.3,1.7,2.4,3.4,3.2,2.2
"06-03-2012",1.9,1.3,1.0,0.9,0.8,1.3,0.8,1.1,1.1,0.9,1.3,1.2,1.0,0.8,0.8,1.1,1.1,1.3,1.8,2.1,2.4,2.0,2.0,1.6
"07-03-2012",1.5,1.5,1.3,1.1,1.1,1.3,2.3,3.0,3.1,2.3,1.9,1.8,2.0,2.0,1.6,1.9,2.3,0.6,1.1,1.0,1.7,1.6,1.7,1.6
"08-03-2012",1.6,1.3,1.1,0.9,1.0,1.2,1.8,2.9,3.0,3.1,2.2,1.6,1.6,1.2,1.4,1.6,1.4,1.4,2.2,2.9,2.7,2.5,2.8,2.2
"09-03-2012",2.4,1.5,1.1,1.7,1.5,1.0,2.2,3.4,4.5,1.4,1.5,0.6,0.5,1.1,1.0,0.9,0.9,0.8,0.8,0.8,0.9,0.7,0.7,0.6
"10-03-2012",0.4,0.4,0.4,0.3,0.3,0.3,0.3,0.3,0.3,0.5,0.6,0.7,0.7,0.7,0.7,0.7,0.6,0.5,0.4,0.5,0.6,0.6,0.5,0.5
"11-03-2012",0.5,0.3,0.3,0.3,0.3,0.2,0.3,0.3,0.3,0.4,0.4,0.6,0.6,0.6,1.1,0.9,1.1,1.0,1.0,1.3,1.0,1.6,1.4,1.2
"12-03-2012",0.9,0.7,0.5,0.5,0.5,0.8,1.5,2.1,2.2,1.8,0.8,1.0,1.0,0.7,0.8,0.7,0.7,0.8,0.9,1.1,0.8,0.6,0.6,0.6
"13-03-2012",0.4,0.3,0.2,0.2,0.2,0.3,0.5,0.7,0.8,1.0,1.0,1.0,0.9,1.5,1.5,1.4,1.6,1.4,1.5,1.4,1.9,1.6,1.3,1.1
"14-03-2012",0.7,0.4,0.5,0.5,0.8,1.0,1.7,2.1,2.5,1.8,1.5,1.7,1.6,1.4,1.5,1.4,1.5,1.8,2.1,1.6,2.1,2.1,4.1,3.8
"15-03-2012",4.5,4.0,3.7,3.2,2.7,2.7,3.2,4.6,3.8,1.7,1.7,2.0,1.8,1.5,1.4,1.5,1.5,1.7,1.9,2.5,3.2,2.4,2.4,2.0
"16-03-2012",1.4,0.6,0.6,0.6,0.3,0.5,1.1,1.2,1.1,1.3,1.0,0.8,1.0,0.9,0.5,1.0,0.9,1.5,2.9,3.3,3.1,3.0,2.8,2.7
"17-03-2012",2.6,2.4,2.2,0.9,0.9,1.7,2.8,2.3,2.4,2.0,1.8,1.8,1.7,1.7,1.9,1.9,1.7,1.9,1.8,2.3,2.6,3.0,3.1,3.2
"18-03-2012",2.8,3.3,4.2,3.3,2.9,2.7,2.7,2.6,1.7,1.5,1.2,1.4,1.5,1.3,1.4,1.6,1.4,1.8,1.9,2.2,1.8,1.8,2.5,1.4
"19-03-2012",1.9,1.5,1.3,1.2,1.0,1.4,2.6,3.1,2.8,2.1,2.1,2.1,1.9,1.8,2.1,2.2,2.0,2.5,2.7,2.8,2.7,2.1,1.8,1.9
"20-03-2012",2.1,2.1,1.6,1.6,1.7,2.0,3.0,3.8,4.2,3.1,2.8,2.5,2.2,2.1,2.4,2.5,2.4,3.2,3.1,3.2,3.4,3.9,3.3,3.0
"21-03-2012",2.9,2.0,1.5,1.3,1.2,1.3,2.8,3.9,3.6,2.5,1.7,1.5,0.5,1.4,2.1,2.3,2.3,2.9,2.9,4.1,4.0,4.6,4.8,4.0
"22-03-2012",3.8,3.5,2.9,2.5,1.9,1.2,3.2,3.9,2.5,1.4,1.3,0.9,0.8,0.7,0.6,0.7,0.7,0.7,1.4,2.1,2.2,1.7,1.5,1.0
"23-03-2012",0.5,0.4,0.3,0.3,0.3,0.4,1.8,1.5,1.0,0.8,1.1,1.2,1.3,1.1,1.1,0.8,0.6,0.8,0.8,1.0,1.7,1.3,2.3,1.8
"24-03-2012",1.6,1.7,1.5,1.5,1.6,1.8,2.8,2.8,2.1,1.7,1.3,1.9,1.9,1.9,1.7,2.0,1.7,1.7,2.1,2.2,2.4,2.2,2.2,2.1
"25-03-2012",2.0,2.5,2.5,2.0,2.0,2.0,2.7,1.9,2.0,1.8,1.5,1.7,1.5,1.1,1.2,1.3,1.4,1.5,1.1,1.7,2.6,1.8,2.3,2.5
"26-03-2012",2.2,1.8,1.7,1.9,1.8,2.6,3.3,-9999,3.9,3.8,2.8,2.2,2.3,1.7,1.5,2.3,1.7,1.5,1.8,2.1,2.0,2.4,2.0,2.2
"27-03-2012",2.1,1.8,0.4,0.3,0.2,0.3,0.5,0.6,1.1,1.0,1.0,1.4,1.3,0.5,0.8,0.6,0.5,0.4,0.6,0.7,2.3,2.4,1.7,1.3
"28-03-2012",1.3,1.0,0.8,0.6,0.8,1.2,2.3,3.5,3.5,2.2,1.7,1.6,1.6,1.2,0.6,1.0,0.9,0.4,0.4,0.4,0.9,1.6,1.7,1.6
"29-03-2012",1.5,1.1,1.2,1.0,0.9,1.2,2.1,3.3,3.9,2.5,2.4,1.9,2.0,1.9,1.7,1.6,1.7,1.3,1.6,1.8,2.2,2.3,1.6,1.3
"30-03-2012",1.2,0.8,0.6,0.7,0.5,0.6,1.4,2.8,3.3,2.2,2.4,2.2,1.9,1.6,1.6,1.6,1.5,1.8,1.7,1.8,2.1,2.3,1.3,1.5
"31-03-2012",1.1,1.3,1.1,0.5,0.7,0.9,1.1,2.0,1.4,2.2,2.1,1.8,1.7,1.7,1.5,1.4,1.2,1.1,1.2,1.7,1.7,1.5,1.4,1.8
"01-04-2012",1.7,1.4,1.2,0.9,1.0,1.1,1.3,1.2,1.2,1.0,1.1,1.6,1.3,1.1,1.0,1.1,1.1,1.2,1.3,1.4,1.7,1.9,1.7,1.3
"02-04-2012",1.2,1.0,0.8,0.7,0.5,0.3,0.4,0.6,0.8,0.8,1.0,1.2,1.4,1.2,1.2,0.6,0.4,0.4,0.6,1.0,1.9,1.8,1.7,1.5
"03-04-2012",1.4,1.1,0.7,0.9,0.7,0.9,1.5,3.3,3.6,2.5,2.2,2.2,2.0,1.9,1.6,1.7,1.7,2.1,2.5,2.1,1.6,2.2,1.4,1.3
"04-04-2012",1.2,0.8,0.6,0.4,0.6,0.9,1.7,2.1,4.0,3.8,3.0,2.4,2.3,2.2,2.0,2.0,2.0,1.8,2.2,2.4,2.4,2.6,1.5,1.0
"05-04-2012",1.1,0.7,0.7,0.7,0.7,1.2,1.6,1.7,2.1,1.6,0.7,0.6,0.9,1.1,0.5,0.4,0.3,0.4,0.4,0.6,0.8,0.8,1.3,1.5
"06-04-2012",1.7,1.6,1.3,1.5,1.7,1.8,2.8,4.0,3.4,2.8,2.4,2.1,2.2,2.0,2.1,1.9,1.6,1.8,2.4,2.7,3.3,2.6,2.1,1.8
"07-04-2012",1.4,1.0,1.1,1.7,0.9,1.6,1.3,1.4,2.4,1.8,2.0,1.7,1.6,1.9,1.6,1.7,1.4,1.5,1.9,1.8,2.1,2.5,2.3,2.1
"08-04-2012",2.2,1.6,1.7,1.1,0.8,0.9,1.2,1.0,0.8,0.8,0.9,1.0,1.1,1.2,1.1,0.9,0.9,1.0,1.0,1.0,1.1,1.0,1.0,0.8
"09-04-2012",0.6,0.5,0.3,0.3,0.3,0.6,1.3,2.5,2.3,2.1,1.7,1.8,2.1,1.8,1.6,1.2,0.8,1.4,1.4,1.4,1.3,1.3,1.2,1.0
"10-04-2012",0.6,0.4,0.3,0.3,0.4,0.7,1.4,2.0,2.0,1.4,0.9,1.1,1.0,1.3,1.3,1.3,0.9,0.7,1.1,1.5,1.7,1.6,1.3,1.1
"11-04-2012",0.8,0.7,0.6,0.4,0.5,0.5,1.8,1.6,3.3,2.1,2.2,2.0,-9999,2.1,2.1,2.2,2.1,1.7,2.0,2.0,1.8,1.8,1.9,1.3
"12-04-2012",1.3,0.8,0.6,0.5,0.7,1.0,2.0,2.2,2.2,1.7,1.9,2.2,1.6,1.8,1.5,1.6,1.4,1.5,1.6,1.8,2.1,1.1,1.1,1.2
"13-04-2012",0.8,1.1,1.0,1.1,1.3,1.2,1.4,1.5,1.4,0.9,1.4,1.3,1.4,1.7,1.6,1.1,1.2,0.9,1.0,1.7,1.0,0.8,0.9,1.2
"14-04-2012",0.8,0.5,0.7,0.3,0.2,0.3,0.9,1.3,1.3,0.7,1.0,0.7,0.5,0.4,0.3,0.6,0.8,1.1,1.0,0.8,0.7,0.8,1.0,0.9
"15-04-2012",1.1,1.0,0.8,0.6,0.6,0.9,0.8,0.7,0.7,0.6,0.7,0.6,0.6,0.7,0.5,0.5,0.5,0.5,0.6,0.7,1.0,1.0,1.1,0.8
"16-04-2012",0.9,0.8,0.5,0.5,0.5,0.5,0.5,0.6,0.4,0.5,0.6,0.7,0.6,0.6,0.7,0.4,0.2,0.4,0.3,0.6,1.0,0.4,0.4,0.9
"17-04-2012",1.1,0.8,0.5,0.5,0.3,0.6,1.1,1.5,2.1,2.5,1.0,0.6,0.5,0.6,0.5,0.5,0.5,0.3,0.3,0.3,0.2,0.2,0.2,0.2
"18-04-2012",0.1,0.1,0.1,0.2,0.2,0.1,0.3,0.9,-9999,1.0,0.9,1.1,1.3,1.3,1.3,1.0,1.0,1.2,1.0,1.0,1.1,1.0,1.0,0.7
"19-04-2012",0.5,0.4,0.3,0.3,0.4,0.6,1.1,1.7,1.9,1.6,1.7,1.8,1.9,1.8,1.8,1.7,1.7,1.9,1.7,2.1,3.1,2.9,2.1,1.5
"20-04-2012",1.1,0.9,0.6,0.9,0.9,1.3,1.5,2.5,1.4,1.2,1.4,1.5,1.6,1.2,0.8,0.7,0.6,0.8,0.8,1.5,1.6,2.2,2.4,2.2
"21-04-2012",1.7,1.0,0.8,0.7,0.6,1.1,1.4,1.5,1.4,1.1,1.1,1.1,1.3,1.3,1.2,1.2,1.1,1.1,1.0,1.4,1.5,1.6,1.7,1.6
"22-04-2012",1.3,1.1,0.5,0.7,0.8,0.7,0.8,0.8,0.9,1.0,1.1,1.1,1.0,1.2,0.9,0.9,0.8,0.7,0.7,0.7,0.7,1.3,2.0,1.3
"23-04-2012",1.1,1.0,0.6,0.5,0.7,1.0,1.8,2.1,3.0,2.3,2.8,2.1,2.0,2.1,1.7,1.9,1.9,1.6,1.8,2.2,2.2,2.4,2.2,1.6
"24-04-2012",1.9,1.4,1.0,0.9,1.0,1.0,1.1,3.0,3.1,2.5,2.5,2.6,2.9,2.6,2.2,2.5,2.1,2.2,2.3,2.7,2.9,2.5,0.9,1.8
"25-04-2012",1.2,1.3,1.4,0.9,0.7,0.9,1.7,2.5,2.7,2.8,2.5,2.1,2.0,1.6,1.2,1.6,1.7,2.3,2.2,2.3,2.5,2.3,2.2,1.6
"26-04-2012",1.0,1.5,0.9,0.8,0.6,1.0,2.0,2.4,4.1,2.9,2.2,2.0,1.8,1.8,2.2,2.0,2.0,2.3,2.4,2.5,2.7,3.2,2.6,2.0
"27-04-2012",2.1,1.5,1.3,1.1,1.1,1.3,2.3,3.9,4.4,3.2,2.7,2.6,2.6,2.4,2.3,1.8,0.2,0.3,0.5,0.3,0.7,0.5,0.4,0.6
"28-04-2012",0.7,0.6,0.7,0.6,0.7,0.7,1.2,0.8,1.0,1.1,1.0,1.0,1.1,1.3,1.4,1.3,1.1,1.0,0.4,0.6,1.0,0.5,0.6,0.7
"29-04-2012",0.8,0.8,1.2,1.3,1.2,1.4,1.5,1.6,1.1,1.1,1.3,1.4,1.2,1.1,0.6,0.4,0.3,0.8,1.4,1.6,1.0,1.5,1.4,0.6
"30-04-2012",0.3,0.4,0.3,0.2,0.2,0.3,0.5,0.6,0.7,1.4,1.9,0.7,0.8,0.7,0.6,0.5,0.4,0.5,0.6,0.9,1.0,1.7,0.7,1.7
"01-05-2012",2.3,2.1,1.4,0.9,0.7,0.5,1.4,1.4,1.3,1.1,1.4,0.7,0.6,0.7,0.3,0.2,0.2,0.3,0.6,0.5,0.4,1.1,0.7,0.9
"02-05-2012",1.7,1.4,0.9,0.9,0.6,0.9,0.8,1.6,2.4,2.8,1.1,0.6,0.8,0.6,1.3,1.7,1.3,1.0,1.1,1.1,1.0,1.4,1.9,2.0
"03-05-2012",1.5,1.6,1.4,1.2,0.9,1.6,2.8,3.8,4.4,3.0,2.0,1.5,1.4,2.0,2.2,1.5,1.7,2.6,2.2,2.4,2.9,2.6,2.4,1.7
"04-05-2012",2.1,1.8,1.1,0.8,1.2,1.6,2.4,3.9,3.1,2.7,2.6,2.6,2.5,2.4,2.1,2.0,2.0,2.0,2.0,2.5,2.3,2.5,2.5,1.3
"05-05-2012",1.4,1.1,0.9,0.7,1.0,1.1,1.2,1.5,1.4,1.4,1.5,1.6,1.5,1.4,1.5,1.3,1.3,1.2,1.5,1.5,1.7,1.8,1.3,1.3
"06-05-2012",1.2,0.9,0.9,1.2,0.8,1.2,1.3,1.4,1.3,1.2,1.5,1.6,1.4,1.1,1.4,1.2,1.3,1.3,1.6,1.6,1.8,1.8,2.5,2.1
"07-05-2012",1.6,0.9,1.3,1.1,1.0,1.3,2.1,3.0,3.1,3.1,2.4,2.3,2.3,2.1,2.1,1.9,1.7,2.0,2.4,1.9,2.2,2.5,2.2,2.0
"08-05-2012",1.7,1.2,1.0,1.0,0.9,0.7,1.8,3.0,3.9,3.3,1.8,1.9,1.8,2.2,2.5,1.9,1.8,2.4,2.8,3.0,3.3,2.7,2.3,1.6
"09-05-2012",1.3,1.2,1.2,0.9,0.3,0.5,1.8,1.3,2.1,1.0,0.4,0.3,0.5,0.5,0.4,0.5,0.4,0.5,0.5,0.5,0.6,0.3,0.3,0.9
"10-05-2012",0.8,0.6,0.6,0.4,0.6,0.8,1.0,2.7,2.2,1.0,0.6,0.6,0.5,0.5,0.4,0.9,0.8,0.8,0.5,0.7,1.8,2.0,0.7,0.4
"11-05-2012",0.7,0.5,0.4,0.2,0.3,0.5,1.2,2.0,1.5,0.6,0.6,0.7,0.6,0.8,0.5,0.9,0.8,1.8,1.6,1.6,1.7,1.7,1.3,1.3
"12-05-2012",1.1,1.1,1.2,0.8,0.5,0.6,0.8,1.0,1.4,1.2,1.2,1.1,1.2,1.2,0.9,0.8,0.4,0.6,0.7,1.3,1.6,2.2,1.2,1.2
"13-05-2012",1.6,1.1,0.9,0.7,0.8,0.7,0.6,0.3,0.8,1.0,1.2,0.9,0.3,0.2,0.3,0.2,1.1,1.2,1.5,1.7,2.2,2.4,2.4,1.1
"14-05-2012",0.4,0.8,0.5,0.8,0.6,0.8,1.0,2.0,2.6,2.0,2.2,2.4,2.3,2.3,2.2,2.0,1.6,1.2,1.7,1.6,1.7,2.4,1.6,1.0
"15-05-2012",0.9,0.2,0.4,0.4,0.4,0.5,1.4,2.0,2.2,1.8,1.7,1.6,1.8,1.7,1.6,1.7,1.6,1.6,1.6,1.8,1.6,1.7,1.4,0.7
"16-05-2012",0.5,0.5,0.4,0.4,0.4,0.6,1.5,2.5,2.5,1.8,1.9,1.8,1.8,1.6,1.6,1.6,1.5,1.7,2.0,2.0,2.0,1.7,1.6,1.5
"17-05-2012",1.4,0.9,0.5,0.5,0.4,0.8,1.4,2.2,2.3,2.2,2.0,-9999,2.0,1.7,1.1,1.7,1.5,1.5,1.6,1.2,1.6,2.0,1.5,1.0
"18-05-2012",0.8,0.6,0.5,0.3,0.3,0.5,1.1,1.7,1.8,1.9,1.4,1.5,1.7,1.7,1.5,2.1,1.7,1.7,1.6,1.8,1.5,1.4,1.3,1.0
"19-05-2012",0.7,0.3,0.5,0.6,0.4,0.6,0.9,1.1,1.1,1.3,1.3,1.3,1.2,1.4,1.3,0.9,1.1,1.6,1.8,1.8,2.2,2.5,1.4,1.1
"20-05-2012",0.9,1.2,1.4,2.1,2.0,1.9,1.8,1.9,1.4,1.1,1.2,1.2,1.2,1.1,1.2,1.0,0.9,1.1,1.4,1.9,1.9,2.0,1.3,1.6
"21-05-2012",1.7,1.5,0.9,1.1,0.9,1.2,1.9,2.2,2.3,3.7,2.2,1.7,0.7,1.1,2.5,2.2,1.9,1.1,2.7,1.6,2.3,2.3,1.5,1.0
"22-05-2012",1.6,1.1,1.2,0.6,0.7,0.9,1.4,1.6,3.7,2.5,2.3,2.1,1.7,1.9,1.7,1.5,1.5,1.8,2.2,2.1,1.8,1.6,1.4,1.1
"23-05-2012",0.6,0.4,0.3,0.2,0.2,0.5,1.1,2.5,2.3,1.9,2.0,1.6,1.8,1.5,1.8,1.8,1.3,1.8,2.0,2.2,1.7,2.0,1.6,1.2
"24-05-2012",1.0,0.9,0.7,0.5,0.4,0.8,1.5,2.1,2.0,2.1,1.9,1.7,2.0,1.8,2.3,1.7,1.4,1.9,1.6,1.6,1.6,1.9,1.2,1.2
"25-05-2012",1.1,0.7,0.7,0.7,0.6,1.0,1.5,2.3,2.5,2.7,2.1,1.8,1.5,1.8,1.8,1.9,2.1,1.7,1.9,1.8,2.2,2.5,2.2,1.7
"26-05-2012",1.2,1.2,1.8,1.8,1.5,1.5,2.2,2.1,2.0,1.8,1.6,1.7,1.6,1.6,1.6,1.3,0.9,0.8,1.2,1.6,1.8,2.0,0.7,1.2
"27-05-2012",1.2,1.5,1.4,1.2,1.3,1.5,1.1,1.9,1.0,0.8,1.0,1.4,1.1,1.0,0.9,1.2,1.0,1.1,1.2,1.0,1.0,1.8,1.4,1.0
"28-05-2012",1.1,0.8,0.6,0.4,0.5,0.9,1.6,2.5,2.9,2.3,1.8,2.0,1.7,1.7,1.5,1.8,0.9,1.7,1.8,1.4,0.9,1.7,1.8,0.8
"29-05-2012",0.7,0.6,0.6,0.4,0.4,0.8,1.4,2.5,2.4,2.4,2.1,1.4,2.1,2.2,2.3,2.1,2.2,2.4,2.2,2.8,2.4,2.2,1.9,1.6
"30-05-2012",1.2,0.9,0.7,0.6,0.5,0.8,1.1,2.6,2.9,2.5,1.9,1.8,1.5,1.7,0.7,0.6,0.7,0.5,0.6,1.4,1.6,2.0,1.6,1.4
"31-05-2012",1.6,1.0,1.2,1.1,1.0,1.1,2.0,2.7,3.6,1.7,1.9,2.2,2.3,2.2,2.1,2.0,1.9,2.1,2.0,2.5,2.4,2.4,2.3,1.7
"01-06-2012",1.7,1.0,0.7,0.6,1.1,1.3,2.1,4.1,4.2,3.1,2.1,2.5,2.2,1.9,2.0,2.0,2.0,1.8,2.0,2.4,2.4,3.0,3.1,2.2
"02-06-2012",1.9,1.4,1.7,1.2,1.0,1.5,1.5,1.6,1.8,1.5,1.6,1.7,1.6,1.6,1.4,1.4,1.3,1.3,1.3,1.5,1.6,1.7,2.0,1.8
"03-06-2012",1.4,1.7,1.9,1.9,1.1,1.6,1.3,1.3,1.4,1.5,1.3,1.5,1.3,1.1,1.0,0.8,0.7,1.1,1.4,1.7,1.6,2.0,1.8,1.0
"04-06-2012",1.3,1.5,1.7,1.2,1.1,1.4,1.5,1.8,2.4,1.8,1.6,1.7,1.5,1.4,1.2,1.4,1.0,1.4,1.5,1.9,2.1,1.5,1.1,1.7
"05-06-2012",1.3,1.1,1.0,1.3,0.9,0.9,1.6,3.0,3.1,2.6,2.4,2.1,2.0,1.7,1.9,1.9,1.7,1.9,2.2,2.2,2.3,1.7,1.8,1.4
"06-06-2012",0.8,0.7,0.6,0.3,0.4,0.7,1.4,2.5,3.2,2.3,1.8,1.3,1.1,1.5,1.2,1.4,1.6,1.7,1.9,1.9,2.1,2.1,2.0,1.7
"07-06-2012",1.3,1.0,1.0,0.9,0.5,1.0,1.8,2.6,3.1,2.6,1.8,1.7,1.4,1.5,1.9,1.8,1.5,1.8,2.1,2.3,2.3,2.2,2.0,1.7
"08-06-2012",1.1,1.0,0.8,0.6,0.6,0.6,1.4,2.4,2.5,2.2,1.8,2.4,2.3,2.2,2.0,1.8,1.7,2.1,2.4,2.4,2.1,2.7,1.3,1.0
"09-06-2012",1.0,0.9,0.5,0.6,0.6,0.8,1.4,1.4,0.8,0.6,0.7,0.5,0.7,0.6,0.2,0.2,0.3,0.3,0.2,0.2,0.3,0.4,0.4,0.6
"10-06-2012",0.6,0.7,0.5,0.6,0.7,0.7,0.6,0.1,0.4,0.5,0.3,0.4,0.5,0.5,0.6,1.0,0.7,0.7,1.4,1.2,1.6,1.5,1.4,1.5
"11-06-2012",1.3,0.9,0.7,0.6,0.6,0.9,1.5,2.9,3.5,2.9,2.4,2.1,2.1,1.8,1.9,2.0,1.6,1.9,1.9,2.1,2.4,2.3,2.3,1.6
"12-06-2012",1.3,1.1,0.5,0.5,0.5,1.0,1.7,3.1,3.4,2.8,2.5,2.4,2.0,2.3,2.0,1.9,1.9,1.8,2.2,2.2,2.1,2.4,2.1,2.0
"13-06-2012",2.1,1.6,0.7,0.6,0.8,1.2,2.2,3.4,3.2,3.1,3.1,2.8,2.1,2.2,1.9,1.7,2.1,2.0,2.3,2.3,2.5,2.5,2.2,1.8
"14-06-2012",1.5,1.3,0.6,0.4,0.5,0.8,2.1,3.2,1.7,2.4,1.6,1.7,1.8,1.9,1.7,1.3,1.3,1.8,2.0,1.3,2.1,2.5,2.1,1.7
"15-06-2012",1.6,1.4,1.1,1.0,1.0,1.0,1.0,2.1,3.2,0.9,0.6,0.8,0.7,0.5,0.5,0.5,0.4,0.5,0.6,0.4,0.6,0.7,0.8,0.7
"16-06-2012",0.7,0.4,0.3,0.2,0.2,0.3,0.4,0.3,0.3,0.4,0.5,0.4,0.4,0.5,0.4,0.2,0.3,0.3,0.3,0.4,0.7,0.7,0.6,0.6
"17-06-2012",0.9,0.6,0.3,0.2,0.1,0.2,0.4,0.5,0.6,0.7,1.0,0.6,0.3,0.3,0.2,0.2,0.2,0.2,0.3,0.3,0.4,0.5,0.6,0.5
"18-06-2012",0.7,0.7,0.4,0.5,0.4,0.4,0.7,1.4,1.9,1.9,1.8,1.4,1.4,1.2,0.5,0.5,0.9,0.4,0.3,0.4,0.6,1.0,1.0,0.9
"19-06-2012",1.1,0.8,0.3,0.3,0.3,0.5,0.7,1.1,1.3,2.0,2.0,1.9,1.8,0.9,1.0,0.9,0.7,1.0,1.3,1.4,1.5,1.4,1.5,0.8
"20-06-2012",0.5,0.2,0.2,0.1,0.1,0.1,0.4,0.3,0.6,0.5,0.8,0.5,0.7,1.1,0.7,0.8,0.5,0.6,0.6,1.1,1.0,0.5,0.4,0.5
"21-06-2012",0.5,0.2,0.1,0.1,0.1,0.2,0.2,1.7,2.0,0.7,0.6,0.4,0.4,0.6,0.5,0.5,0.5,0.3,0.3,0.5,1.2,1.5,1.1,0.3
"22-06-2012",0.9,1.1,0.8,0.5,0.3,0.3,0.9,1.0,1.1,1.6,1.3,1.3,0.6,0.5,0.7,0.8,0.9,0.5,1.0,0.9,0.5,0.7,0.5,0.7
"23-06-2012",1.3,1.1,0.9,0.6,0.5,0.7,1.0,0.9,1.0,0.8,0.7,0.9,0.9,0.5,0.5,0.5,0.3,0.3,0.3,0.4,0.5,0.8,0.9,1.0
"24-06-2012",1.2,1.2,0.5,0.4,0.3,0.6,0.5,0.8,1.1,0.8,0.3,0.5,0.4,0.6,0.3,0.2,0.2,0.3,0.3,0.3,0.5,0.7,0.9,0.7
"25-06-2012",0.8,0.5,0.3,0.4,0.3,0.8,0.7,1.2,2.0,2.0,0.7,0.7,1.0,1.2,0.7,0.3,0.4,0.3,0.3,0.4,0.5,2.1,1.8,1.4
"26-06-2012",1.2,0.9,0.6,0.6,0.7,1.1,1.9,2.9,3.0,2.5,2.4,2.3,2.2,2.1,1.9,2.0,1.9,2.0,2.1,2.3,2.6,2.6,2.2,1.5
"27-06-2012",1.6,1.3,0.9,0.6,0.8,0.5,1.2,1.3,2.5,0.8,1.3,0.7,0.5,0.4,0.5,0.5,0.4,0.4,0.3,0.4,0.6,0.4,0.2,0.3
"28-06-2012",0.5,0.3,0.2,0.1,0.1,0.2,0.4,1.1,1.0,0.7,1.0,0.6,0.6,0.4,0.5,0.6,0.5,0.5,0.5,0.5,0.6,0.9,0.6,0.4
"29-06-2012",0.6,0.3,0.3,0.1,0.1,0.3,0.9,1.0,1.6,1.1,0.7,0.8,0.6,0.5,0.5,0.8,0.5,0.7,0.5,0.5,0.4,0.3,0.4,0.7
"30-06-2012",0.7,0.3,0.3,0.2,0.2,0.3,0.3,0.4,0.4,0.6,0.5,0.3,0.3,0.3,0.3,0.3,0.3,0.3,0.3,0.4,0.7,1.0,0.9,0.6
"01-07-2012",0.9,0.5,0.3,0.4,0.2,0.2,0.2,0.2,0.2,0.2,0.3,0.3,0.2,0.2,0.2,0.2,0.1,0.2,0.2,0.4,0.6,0.8,0.5,0.4
"02-07-2012",0.4,0.3,0.1,0.1,0.5,0.6,1.0,0.6,0.7,0.8,0.6,0.8,0.6,0.6,0.5,0.5,0.4,0.4,0.6,0.6,0.6,0.6,0.5,0.3
"03-07-2012",0.3,0.4,0.2,0.1,0.1,0.1,0.6,0.8,0.7,0.8,1.0,0.5,0.4,-9999,0.9,1.3,0.6,0.6,0.7,0.8,1.0,1.0,0.6,0.6
"04-07-2012",0.5,0.4,0.9,0.6,0.7,0.8,1.6,2.4,2.8,1.1,1.3,1.4,0.9,0.5,0.5,0.6,1.4,1.8,2.4,2.7,2.8,3.2,2.1,1.6
"05-07-2012",1.6,1.2,0.9,0.7,0.9,1.1,1.5,2.0,2.9,3.0,2.2,1.1,1.3,1.4,1.9,2.1,0.7,0.3,0.4,1.0,3.3,3.4,3.1,1.9
"06-07-2012",1.6,1.1,1.5,1.1,1.3,1.5,1.5,3.3,4.4,3.5,2.3,1.4,1.1,2.3,2.4,1.4,0.5,0.4,0.6,0.4,0.7,1.9,2.3,1.4
"07-07-2012",0.8,1.1,1.4,1.4,1.1,0.8,1.0,1.4,1.3,1.2,0.8,0.5,0.9,1.7,1.6,1.6,1.3,1.2,1.6,1.5,1.7,1.6,2.2,2.1
"08-07-2012",2.0,1.8,1.7,1.4,1.2,1.5,1.5,2.0,1.4,1.2,1.1,0.7,0.5,0.6,0.8,1.1,1.0,1.2,1.1,0.5,0.8,1.2,1.3,1.1
"09-07-2012",1.3,1.2,0.5,0.4,0.8,0.9,1.7,2.2,1.2,0.7,1.0,0.6,0.6,0.5,0.6,0.5,0.4,0.6,0.7,0.8,1.0,1.1,1.2,0.8
"10-07-2012",0.6,0.6,0.7,0.7,0.7,0.9,1.8,2.8,1.7,1.9,0.9,1.1,0.7,0.8,1.5,2.0,1.6,1.7,2.3,2.9,2.9,3.0,1.6,1.2
"11-07-2012",1.6,1.1,0.8,0.8,0.7,0.5,1.0,1.5,2.2,2.1,1.8,1.9,2.0,2.3,2.3,2.2,1.9,1.8,1.9,1.9,2.4,2.4,2.2,1.8
"12-07-2012",1.5,1.3,0.9,0.9,1.0,1.3,2.1,2.3,3.8,2.5,2.8,2.7,2.4,2.1,1.9,2.0,2.2,2.1,2.2,2.3,3.0,3.1,1.2,1.4
"13-07-2012",1.3,1.8,1.3,1.9,1.5,1.5,1.9,3.6,4.0,2.6,2.8,2.1,2.4,0.4,0.6,0.4,1.3,2.1,2.2,2.6,2.9,2.7,2.3,2.3
"14-07-2012",2.2,2.0,1.8,1.2,1.3,1.5,1.7,2.0,2.1,0.8,0.6,0.9,0.8,0.4,0.4,0.3,0.5,0.4,0.4,0.3,0.3,0.6,0.8,0.7
"15-07-2012",0.7,0.9,1.0,0.8,0.6,1.1,0.8,1.6,1.1,0.9,0.4,0.5,0.4,0.4,0.4,0.3,0.2,0.5,0.7,0.3,0.5,0.7,1.5,1.2
"16-07-2012",1.1,1.0,0.9,1.0,1.1,1.2,2.0,3.4,4.2,3.3,2.5,2.3,2.1,2.1,1.9,2.0,1.8,1.8,2.2,2.3,2.1,2.4,2.1,1.2
"17-07-2012",1.4,1.0,0.7,0.5,0.3,0.4,0.6,0.5,0.6,0.7,0.6,0.7,0.8,0.6,0.6,0.6,0.5,0.5,0.6,0.6,0.7,0.8,0.8,0.8
"18-07-2012",0.4,0.4,0.3,0.4,0.2,0.3,0.4,1.0,1.2,1.0,0.9,0.6,0.7,0.6,0.6,0.8,0.9,1.0,1.2,1.3,1.3,1.3,0.9,0.8
"19-07-2012",0.4,0.4,0.2,0.2,0.3,0.4,0.5,1.0,1.2,1.3,1.2,0.8,1.0,0.7,0.8,1.1,1.0,1.3,1.2,1.4,1.4,1.6,1.5,1.3
"20-07-2012",1.2,1.2,0.7,0.5,0.5,0.8,0.6,1.7,2.5,1.5,1.0,0.9,0.8,0.8,1.1,0.9,1.1,1.4,1.4,1.4,1.9,0.6,0.6,1.0
"21-07-2012",0.9,0.7,1.3,1.2,0.8,0.9,1.8,1.3,1.0,1.1,1.3,1.2,1.2,0.6,0.5,0.4,0.8,0.9,1.1,0.9,1.0,1.6,1.2,1.5
"22-07-2012",1.8,1.3,0.7,1.0,0.7,0.8,1.4,1.5,1.1,1.3,1.0,0.7,0.6,0.7,1.0,0.8,0.7,0.5,0.2,0.5,1.5,1.7,0.8,0.7
"23-07-2012",0.5,0.5,0.3,0.3,0.4,0.7,0.5,1.7,0.9,1.0,0.8,0.9,0.9,1.3,1.3,0.8,0.5,0.4,0.5,0.7,0.7,0.8,0.8,1.0
"24-07-2012",0.6,0.6,0.2,0.2,0.2,0.3,0.6,1.4,-9999,0.9,-9999,-9999,1.3,1.8,2.1,2.0,2.0,2.1,2.2,2.4,2.4,2.3,1.9,1.3
"25-07-2012",1.2,1.2,0.8,0.6,0.6,0.8,1.8,2.2,2.2,2.0,2.0,2.1,1.9,1.8,2.0,1.7,1.6,1.7,1.9,2.4,2.1,1.7,1.9,1.9
"26-07-2012",1.6,1.2,0.8,0.6,0.6,0.9,1.6,1.8,2.3,2.2,2.1,2.5,2.1,1.9,1.8,1.9,1.6,2.1,2.2,2.2,2.3,2.1,1.9,1.5
"27-07-2012",1.2,0.6,0.6,0.9,0.9,1.1,2.0,2.7,1.9,2.3,1.8,1.6,1.3,0.8,0.8,1.6,0.6,0.7,0.5,0.6,0.8,0.9,1.5,1.8
"28-07-2012",1.5,1.6,1.1,1.2,0.8,0.8,0.8,1.4,1.4,1.1,0.5,0.8,1.0,0.6,0.8,0.8,0.6,0.7,0.8,0.8,0.8,0.9,0.9,1.6
"29-07-2012",0.8,1.3,1.1,0.9,0.5,0.4,0.7,1.4,0.8,0.7,0.6,0.6,0.6,0.5,0.5,0.5,0.4,0.5,0.5,0.6,0.7,0.5,1.0,0.6
"30-07-2012",1.1,1.1,0.9,0.8,0.9,0.8,1.2,2.6,3.1,2.5,2.0,2.5,2.4,2.1,1.8,0.3,0.4,0.6,0.6,0.7,1.1,1.6,1.5,1.7
"31-07-2012",1.6,1.2,1.0,1.2,0.7,0.3,0.4,1.3,1.5,0.7,1.0,0.5,0.7,1.0,1.0,0.9,0.8,0.8,1.2,1.2,1.6,0.9,0.6,0.6
"01-08-2012",0.5,0.4,0.3,0.2,0.3,0.5,0.6,0.6,0.8,1.1,1.1,0.9,0.8,0.8,0.5,0.4,0.4,0.3,0.5,0.5,0.7,1.3,1.4,0.8
"02-08-2012",0.4,0.5,0.4,0.5,0.4,0.6,1.1,1.9,2.4,2.0,1.9,0.9,0.9,0.9,1.2,1.5,1.2,1.2,1.7,2.1,2.2,2.4,2.5,1.9
"03-08-2012",1.3,0.9,0.9,0.9,1.0,1.1,1.4,2.1,2.6,2.7,2.1,1.4,1.1,1.1,1.3,1.2,1.7,1.8,1.8,2.1,2.2,2.3,2.2,2.0
"04-08-2012",2.0,1.7,1.4,1.4,1.6,1.7,2.1,2.4,2.5,2.0,1.9,1.8,1.9,1.8,1.5,1.1,0.7,0.5,0.9,1.3,1.5,1.7,1.8,1.9
"05-08-2012",1.8,1.5,1.3,1.5,1.6,1.7,1.7,2.2,2.5,2.0,1.7,1.1,0.8,0.7,0.4,0.4,0.3,0.3,0.3,0.4,0.5,0.7,0.8,0.9
"06-08-2012",1.2,1.4,1.0,0.7,0.8,1.0,1.5,2.3,3.0,2.7,2.3,1.2,0.9,0.6,0.5,0.5,0.5,0.5,0.4,0.4,0.6,0.7,1.2,1.0
"07-08-2012",1.0,1.2,1.1,0.9,0.7,0.7,0.8,1.7,1.9,2.0,1.3,0.9,1.0,1.1,0.9,0.7,0.6,0.5,0.6,0.7,0.9,1.2,1.0,0.7
"08-08-2012",1.2,1.4,1.4,0.8,0.6,0.5,0.6,1.8,2.6,2.5,1.5,1.0,1.0,1.1,0.7,0.6,0.5,0.5,0.4,0.5,0.4,0.5,0.7,0.7
"09-08-2012",1.1,0.9,0.6,0.5,0.5,0.5,0.5,0.8,2.0,1.8,1.3,1.0,0.8,0.7,0.5,0.4,0.4,0.5,0.6,0.6,0.7,0.6,0.6,0.6
"10-08-2012",0.5,0.4,0.3,0.3,0.3,0.3,0.4,0.8,1.4,1.8,1.3,0.6,0.8,0.7,0.6,0.5,0.4,0.4,0.4,0.6,0.5,0.5,0.6,0.5
"11-08-2012",0.5,0.4,0.3,0.3,0.5,0.6,0.6,0.7,0.7,0.6,0.5,0.5,0.7,0.6,0.7,0.5,0.4,0.3,0.4,0.6,0.8,1.0,0.9,0.8
"12-08-2012",0.9,0.8,0.7,0.6,0.6,0.7,0.7,0.8,0.8,0.7,0.8,0.8,0.8,0.9,0.6,0.3,0.2,0.2,0.4,0.4,0.3,0.8,1.3,1.2
"13-08-2012",1.1,1.0,0.8,0.8,0.6,0.7,0.8,1.2,1.5,1.5,1.6,1.6,1.6,1.5,1.3,1.3,1.2,1.2,1.3,1.3,1.3,1.5,1.7,1.6
"14-08-2012",1.2,0.9,0.8,0.8,0.8,0.7,1.0,1.5,1.7,1.8,1.8,1.8,1.5,1.4,1.3,1.2,1.1,1.0,1.3,1.3,1.5,1.3,1.8,1.3
"15-08-2012",1.3,1.1,1.0,0.8,0.6,0.7,0.7,1.0,0.8,0.9,0.7,0.8,1.0,0.9,0.8,0.6,0.7,0.8,0.9,1.0,1.2,1.3,1.5,1.0
"16-08-2012",1.2,0.9,0.8,0.8,1.0,1.5,1.6,2.4,1.5,1.4,1.3,1.5,1.1,0.5,1.2,1.1,0.6,0.3,0.7,1.6,1.9,1.6,1.5,1.2
"17-08-2012",1.0,0.5,0.9,0.8,0.7,1.5,1.2,1.5,1.6,0.9,0.9,0.9,0.7,0.4,0.5,0.3,0.3,0.3,0.4,0.3,0.4,0.6,0.7,0.6
"18-08-2012",0.6,0.5,0.6,0.5,0.3,0.5,0.5,0.5,0.4,0.3,0.3,0.3,0.4,0.3,0.4,0.4,0.5,0.4,0.4,0.4,0.7,0.7,0.9,0.6
"19-08-2012",0.5,0.4,0.4,0.4,0.3,0.3,0.3,0.4,0.3,0.3,0.4,0.3,0.4,0.4,0.3,0.4,0.4,0.4,0.4,0.5,0.6,0.8,0.8,0.5
"20-08-2012",0.5,0.4,0.3,0.2,0.2,0.3,0.4,0.6,0.5,0.5,0.4,0.6,0.5,0.4,0.4,0.5,0.4,0.4,0.4,0.5,0.6,0.6,0.5,0.5
"21-08-2012",0.5,0.4,0.3,0.2,0.3,0.3,0.3,0.6,0.8,0.8,0.6,0.6,0.5,0.4,0.4,0.4,0.4,0.5,0.5,0.4,0.7,1.4,1.7,1.5
"22-08-2012",1.4,1.2,0.8,0.7,0.4,0.6,1.1,1.5,1.4,0.9,0.3,0.5,0.7,0.7,0.5,0.4,0.4,0.5,0.4,0.6,0.8,0.6,0.8,0.5
"23-08-2012",0.4,0.4,0.4,0.2,0.2,0.2,0.3,0.7,0.6,1.6,0.7,0.8,0.8,0.6,0.5,0.5,0.4,0.5,0.5,0.7,1.1,1.4,1.9,2.0
"24-08-2012",2.5,1.8,1.8,1.4,1.0,0.5,0.8,1.6,2.2,0.6,0.7,0.6,0.7,0.7,0.6,0.4,0.4,0.5,0.5,0.5,0.6,0.8,0.8,1.0
"25-08-2012",0.9,0.6,1.0,1.3,1.0,1.0,1.0,1.9,2.2,1.3,0.9,0.9,1.1,0.9,0.6,0.6,0.7,0.5,0.4,0.4,0.4,0.5,1.2,2.3
"26-08-2012",1.9,1.9,2.3,2.1,2.1,2.1,2.4,1.9,1.6,1.3,1.2,0.9,0.4,0.5,0.3,0.6,0.9,1.1,1.2,1.4,1.7,1.7,1.4,1.4
"27-08-2012",1.6,1.4,1.0,0.7,0.8,0.8,1.8,2.7,2.6,2.3,2.1,2.1,1.6,0.8,1.5,1.8,1.1,1.6,1.8,2.1,1.9,2.0,1.6,1.3
"28-08-2012",0.6,0.4,0.3,0.3,0.2,0.3,0.5,0.5,1.1,1.3,1.0,1.2,1.0,1.0,0.8,0.6,0.5,0.5,0.4,0.4,0.5,0.9,0.4,0.4
"29-08-2012",0.8,0.6,0.4,0.3,0.4,0.3,0.4,0.8,1.2,0.7,1.0,1.0,1.0,0.7,0.5,0.5,0.4,0.4,0.4,0.5,0.6,0.8,0.9,0.7
"30-08-2012",0.5,0.4,0.7,0.7,0.5,0.2,1.3,1.3,1.4,0.9,0.9,0.8,1.0,0.8,0.5,0.5,0.5,0.5,0.7,0.7,0.7,0.6,0.6,0.7
"31-08-2012",0.7,0.6,0.6,0.7,0.8,0.4,1.4,2.1,2.2,1.4,1.1,1.4,1.1,0.7,0.8,0.7,0.5,0.9,0.7,0.5,0.6,1.0,0.7,0.5
"01-09-2012",0.6,0.4,0.6,0.4,0.4,1.0,1.1,0.6,0.6,0.6,0.9,0.9,0.9,0.6,0.6,0.5,0.4,0.4,0.3,0.4,0.4,0.5,0.5,0.6
"02-09-2012",0.5,0.6,0.6,0.3,0.3,0.4,0.9,0.6,0.4,0.4,0.6,0.5,0.5,0.5,0.4,0.4,0.3,0.3,0.4,0.4,0.5,0.9,1.7,1.4
"03-09-2012",1.4,0.9,1.0,0.7,0.4,0.5,1.1,1.0,1.6,2.0,1.7,1.2,1.0,0.7,0.7,1.1,0.9,0.6,0.6,1.0,0.9,1.1,1.1,0.9
"04-09-2012",0.6,0.6,0.5,0.6,0.6,0.7,1.1,1.7,1.7,1.3,1.9,2.2,1.2,1.7,1.9,2.0,2.1,2.4,2.4,2.6,2.7,2.4,2.3,1.5
"05-09-2012",1.8,1.4,1.3,1.3,0.7,0.7,1.5,2.7,3.0,2.5,2.2,1.4,2.2,2.3,2.3,2.3,2.3,2.2,2.0,2.2,2.6,2.1,1.7,1.5
"06-09-2012",1.5,1.4,0.9,0.9,0.9,1.1,2.0,3.3,3.2,2.7,2.3,2.5,2.1,2.3,2.0,1.9,2.0,2.0,2.1,2.4,2.6,2.8,2.2,1.6
"07-09-2012",1.5,1.4,0.9,0.6,0.5,0.6,0.6,1.5,2.4,2.1,1.4,1.4,0.8,0.8,0.5,0.6,0.6,0.6,0.6,1.0,1.5,1.1,0.9,0.8
"08-09-2012",0.7,0.6,0.6,0.5,0.4,0.6,0.8,1.3,1.1,0.7,0.8,0.9,1.0,0.8,0.9,0.9,0.8,0.6,0.6,0.7,0.6,0.8,0.7,0.7
"09-09-2012",0.6,0.6,0.6,1.0,1.0,1.0,1.0,1.1,0.7,0.6,0.8,0.8,0.7,0.4,0.3,0.4,0.4,0.4,0.5,0.6,1.1,1.1,0.8,0.8
"10-09-2012",0.6,0.5,0.5,0.3,0.3,0.3,0.7,1.5,1.3,1.2,0.7,0.7,0.5,0.6,1.0,0.9,0.8,0.6,1.1,1.3,1.6,1.7,1.5,0.9
"11-09-2012",0.6,0.5,0.4,0.3,0.3,0.5,1.1,1.4,2.1,1.2,0.7,1.0,0.9,0.9,0.8,0.7,0.7,1.0,0.7,0.9,0.8,1.0,0.7,0.9
"12-09-2012",0.8,0.8,0.6,0.3,0.5,0.8,1.2,1.7,2.6,2.0,2.1,2.1,1.0,1.7,2.1,1.6,1.9,2.0,1.9,1.5,1.3,0.9,0.9,1.1
"13-09-2012",0.9,0.6,0.7,0.8,0.8,1.1,1.5,2.6,2.9,2.9,2.4,2.4,2.0,2.1,1.9,1.6,1.2,-9999,-9999,-9999,-9999,-9999,-9999,-9999
"14-09-2012",-9999,-9999,-9999,-9999,-9999,-9999,-9999,-9999,-9999,-9999,-9999,1.8,1.9,1.7,1.6,1.7,2.0,1.9,2.5,2.6,2.0,1.8,1.1,1.0
"15-09-2012",1.6,1.0,1.4,1.2,1.3,1.1,1.1,1.7,1.8,1.6,1.5,2.0,1.5,1.7,1.7,1.4,1.1,0.6,1.1,1.2,0.9,1.3,1.4,0.6
"16-09-2012",1.0,1.1,1.1,0.6,0.3,0.7,0.7,0.7,0.7,0.8,0.8,1.2,1.5,1.2,1.4,1.1,1.0,0.8,0.9,0.7,1.6,1.8,2.4,1.9
"17-09-2012",2.1,1.8,1.5,1.3,1.1,1.1,1.0,3.3,2.6,2.5,2.3,1.9,1.8,1.5,1.7,0.5,0.5,1.0,0.8,0.8,1.2,2.4,2.6,1.5
"18-09-2012",1.8,1.7,1.0,0.9,0.8,1.4,1.9,3.2,2.5,2.5,2.0,1.7,1.9,1.9,2.0,1.8,0.5,0.4,0.5,0.5,0.6,0.9,1.1,1.0
"19-09-2012",0.7,0.8,0.9,0.4,0.6,1.0,1.0,1.4,1.4,2.5,1.6,1.1,1.8,1.6,2.3,2.5,0.7,1.8,2.4,2.4,2.2,1.7,1.4,1.1
"20-09-2012",1.1,1.3,1.1,1.0,1.3,1.9,2.5,4.0,3.6,3.8,2.8,2.2,2.1,2.2,2.2,2.1,2.0,2.5,2.4,2.8,3.2,3.1,2.0,1.4
"21-09-2012",2.1,1.5,1.1,0.9,0.9,1.4,1.3,1.6,1.5,1.5,1.7,1.6,1.7,1.8,1.6,2.0,2.1,2.3,1.9,0.7,0.6,0.8,1.1,1.3
"22-09-2012",0.7,0.6,0.4,0.3,0.6,0.5,0.6,0.8,0.8,1.0,0.9,1.1,1.7,1.6,1.6,1.3,1.5,1.6,1.6,1.9,1.9,2.3,1.4,1.0
"23-09-2012",1.5,2.0,1.8,1.5,1.5,1.9,1.8,1.9,1.1,1.5,1.6,1.2,1.4,1.0,1.3,1.3,1.2,1.5,1.9,2.6,3.0,2.1,2.4,2.0
"24-09-2012",2.1,2.0,1.6,1.5,1.3,1.4,2.3,4.3,4.9,4.3,3.0,3.1,2.9,2.6,2.4,2.1,2.1,2.6,3.0,2.9,2.7,3.0,2.2,2.0
"25-09-2012",2.8,2.2,1.8,1.6,1.9,2.0,2.6,4.0,5.6,3.7,3.2,4.0,2.5,2.4,2.5,2.5,2.3,3.0,3.4,3.5,3.7,3.2,3.1,3.6
"26-09-2012",3.0,3.1,3.0,3.0,2.2,2.7,5.2,6.0,6.9,6.8,4.1,2.8,2.3,1.9,1.7,2.0,1.2,0.7,1.1,3.8,2.9,2.7,4.0,3.4
"27-09-2012",3.5,3.4,3.5,3.9,2.3,2.5,3.9,6.4,6.4,5.1,3.6,3.2,2.8,2.6,2.1,1.9,2.3,2.7,2.9,3.3,2.8,2.7,2.2,2.2
"28-09-2012",2.1,1.6,1.7,1.6,1.6,1.9,2.9,4.0,3.5,3.1,2.1,1.1,1.5,1.8,0.9,0.8,0.7,0.7,1.5,1.7,0.7,1.3,1.9,1.5
"29-09-2012",1.5,2.1,1.8,1.6,1.7,1.3,1.7,1.8,1.9,1.5,0.9,1.0,0.9,0.8,0.5,0.5,0.4,0.4,0.5,0.8,1.0,1.4,0.7,2.4
"30-09-2012",1.7,2.8,2.0,1.4,1.4,1.6,1.7,2.6,2.0,1.9,1.7,1.2,1.0,0.6,0.4,0.8,0.6,0.5,1.3,1.3,0.8,1.6,2.1,1.5
"01-10-2012",1.0,2.2,1.8,1.6,0.9,1.2,2.5,5.2,5.5,-9999,-9999,2.0,1.5,1.2,1.1,1.0,1.5,2.0,1.8,2.0,1.9,1.5,1.2,0.6
"02-10-2012",0.4,0.4,0.1,0.1,0.1,0.2,1.3,2.7,2.7,2.8,2.1,1.9,1.8,1.7,1.7,1.4,1.5,1.8,1.9,1.9,2.3,2.3,1.8,1.5
"03-10-2012",0.5,0.5,0.4,0.2,0.2,0.4,1.5,2.8,3.3,2.4,1.7,1.5,1.3,1.8,1.3,0.8,1.0,1.3,1.4,0.8,1.4,0.6,1.3,1.0
"04-10-2012",0.4,0.3,0.1,0.1,0.1,0.4,1.6,1.1,2.6,1.0,0.4,0.1,0.7,0.1,1.3,0.6,0.8,0.2,0.1,0.7,0.9,1.9,1.3,1.4
"05-10-2012",1.5,1.3,1.1,0.7,0.6,0.9,1.4,2.3,2.5,1.5,1.6,1.5,0.4,0.6,2.0,1.3,1.6,1.4,0.1,0.1,0.1,0.1,0.8,0.6
"06-10-2012",0.9,0.4,0.1,0.1,0.7,1.0,1.2,0.9,0.1,0.3,0.1,0.1,0.5,0.1,0.1,0.1,0.1,0.1,0.1,0.1,0.1,0.1,0.8,0.7
"07-10-2012",1.3,1.5,1.5,1.1,0.5,0.2,0.7,0.8,1.0,0.8,1.0,0.9,0.9,0.7,0.5,0.6,0.4,0.6,0.8,0.9,1.1,0.5,1.9,1.3
"08-10-2012",0.7,0.2,0.1,0.1,0.1,0.1,0.8,2.6,3.0,2.5,2.2,1.3,0.6,1.3,0.4,1.0,0.8,0.6,0.4,0.1,0.1,0.6,0.6,0.1
"09-10-2012",-9999,-9999,-9999,-9999,-9999,-9999,-9999,-9999,-9999,-9999,-9999,-9999,1.1,1.2,1.0,0.9,0.2,0.3,0.4,1.1,1.6,1.5,1.3,1.2
"10-10-2012",1.0,0.8,0.6,0.6,0.5,0.8,1.1,1.5,1.7,2.1,1.9,1.9,1.2,0.9,0.3,0.2,0.3,0.3,0.3,0.3,0.4,1.1,1.1,1.0
"11-10-2012",0.9,0.5,0.5,0.3,0.2,0.5,0.6,0.7,2.6,2.5,2.0,2.4,1.8,2.3,2.5,1.3,2.2,2.2,1.9,1.8,1.6,2.3,2.0,1.7
"12-10-2012",1.5,1.7,1.3,1.0,0.8,1.2,1.9,3.0,4.1,3.5,2.4,2.2,2.0,2.3,2.3,2.1,2.1,1.9,2.0,2.0,1.5,0.8,0.7,1.4
"13-10-2012",1.5,1.6,1.3,1.5,1.3,1.6,1.6,2.2,2.0,2.0,1.8,1.8,1.8,1.8,1.6,1.9,1.5,1.7,1.9,2.4,2.5,2.3,2.8,2.2
"14-10-2012",1.7,2.1,2.5,2.6,3.0,1.8,1.6,2.0,1.7,1.5,1.7,1.7,1.4,1.1,0.9,0.7,0.5,0.8,0.4,0.5,1.2,1.2,0.9,0.4
"15-10-2012",0.8,0.7,0.3,0.5,0.5,1.0,1.9,3.3,4.4,3.4,1.7,2.1,2.4,2.4,2.0,2.3,1.3,2.9,2.8,3.1,2.7,2.6,1.7,1.1
"16-10-2012",1.1,1.4,1.0,0.6,0.6,1.1,2.1,3.9,2.6,2.1,2.4,2.4,2.0,2.3,2.0,2.4,2.8,2.5,2.9,3.3,3.4,3.3,2.4,1.7
"17-10-2012",1.5,1.4,1.0,0.9,1.1,1.1,2.2,2.4,5.3,2.5,3.1,4.0,3.3,2.8,2.7,2.7,1.8,3.6,3.0,3.0,3.9,3.9,2.8,2.6
"18-10-2012",2.2,1.8,1.6,0.7,0.2,0.6,0.6,1.0,1.4,0.9,0.9,1.0,1.2,0.7,0.6,0.6,1.1,1.6,0.6,0.6,1.2,2.0,0.5,0.5
"19-10-2012",0.7,1.0,0.6,0.4,0.5,1.0,1.7,2.3,3.0,1.8,2.9,2.2,0.8,0.8,0.7,0.6,0.6,0.6,0.7,2.1,1.1,1.5,1.2,0.7
"20-10-2012",0.8,0.9,0.7,0.6,0.4,1.0,0.9,0.9,0.8,1.6,1.9,1.3,0.7,0.7,0.5,0.3,0.3,0.3,0.3,0.6,1.1,1.5,1.3,0.6
"21-10-2012",0.5,0.4,0.4,0.4,0.2,0.6,0.7,0.5,0.5,0.5,0.7,0.9,0.9,0.9,0.5,0.3,0.8,0.9,1.2,0.7,0.9,1.1,1.1,1.2
"22-10-2012",0.7,0.6,0.4,0.2,0.2,0.4,0.7,1.9,2.0,1.6,1.8,1.9,2.1,2.0,2.2,1.9,2.4,2.4,2.4,1.8,2.1,1.5,2.1,1.5
"23-10-2012",0.9,0.6,0.4,0.4,0.1,0.6,1.1,1.1,3.0,2.6,1.7,2.1,2.1,1.5,0.8,1.8,1.5,2.5,1.8,1.9,2.1,1.9,1.7,0.7
"24-10-2012",0.7,0.9,0.7,0.8,0.8,1.1,1.5,1.3,1.5,1.6,2.2,1.4,0.7,0.7,0.6,0.6,0.6,0.7,1.0,1.0,0.7,0.7,0.9,0.9
"25-10-2012",0.7,0.5,0.6,0.3,0.7,1.3,1.6,1.9,2.3,1.9,2.6,2.4,2.0,2.5,0.9,1.1,2.9,0.7,0.6,1.0,2.0,2.9,2.7,3.6
"26-10-2012",2.2,2.6,2.3,1.8,1.0,1.3,2.6,3.9,4.8,5.4,4.7,3.3,2.6,3.0,2.4,2.5,2.3,2.9,2.6,2.9,2.1,3.3,2.9,2.8
"27-10-2012",3.1,3.0,2.3,2.1,1.6,1.9,2.2,3.3,3.9,4.2,3.0,2.3,2.1,1.9,1.5,1.1,0.5,0.4,0.6,0.7,0.5,0.8,0.6,0.3
"28-10-2012",0.5,0.3,0.2,0.1,0.1,0.1,0.1,0.1,0.2,0.1,0.2,0.1,0.2,0.3,0.2,0.3,0.2,0.1,0.3,0.4,0.4,0.6,0.6,0.6
"29-10-2012",0.5,0.4,0.3,0.1,0.1,0.1,0.1,0.3,0.4,0.5,0.5,0.5,0.9,0.7,2.1,1.9,3.0,3.3,3.2,2.4,2.0,1.5,1.3,1.1
"30-10-2012",0.8,0.7,0.5,0.3,0.3,0.6,1.4,2.2,2.4,2.0,1.6,1.8,1.6,1.9,2.5,2.9,2.6,3.4,3.3,2.8,2.5,1.9,1.7,1.3
"31-10-2012",0.9,0.7,0.4,0.3,0.9,1.4,2.3,3.8,4.1,3.0,3.1,2.4,2.2,2.2,2.2,2.9,1.5,2.6,1.4,2.7,2.2,2.2,0.9,1.1
"01-11-2012",1.2,1.3,1.1,0.6,0.9,0.9,0.7,0.5,0.8,0.7,0.8,0.7,0.5,0.6,0.7,0.9,0.8,2.3,1.6,1.2,0.6,0.7,0.9,1.1
"02-11-2012",1.2,1.3,1.3,0.9,1.0,1.7,2.6,3.4,5.2,4.4,2.9,2.4,2.6,2.3,2.7,2.3,2.1,3.1,2.8,2.5,1.9,2.5,2.2,2.2
"03-11-2012",1.8,1.8,2.0,2.0,1.6,1.3,2.2,2.6,2.3,2.4,1.7,1.7,1.6,1.3,0.3,1.6,2.2,3.0,2.4,2.2,2.9,2.8,2.6,1.6
"04-11-2012",2.7,2.7,2.5,1.8,1.8,1.5,1.8,2.2,1.5,1.4,1.4,1.5,1.5,1.5,1.0,1.5,1.6,2.0,2.2,2.5,2.1,2.7,2.5,1.5
"05-11-2012",1.2,1.6,0.9,0.7,1.0,1.3,2.1,3.1,4.1,2.8,2.8,2.9,2.7,2.3,2.5,2.7,3.5,3.5,3.4,2.9,3.1,3.0,2.7,2.2
"06-11-2012",1.7,0.9,0.6,0.5,0.5,1.1,2.9,5.9,5.7,3.8,2.9,2.6,2.2,2.1,2.8,3.1,4.2,3.9,2.8,2.4,3.0,3.6,2.6,2.8
"07-11-2012",1.5,1.4,1.1,0.6,0.9,1.6,2.5,5.2,3.9,3.5,2.4,1.8,1.8,2.3,2.7,2.9,3.4,2.7,2.5,1.0,1.3,1.1,1.1,0.3
"08-11-2012",0.6,0.3,0.2,0.1,0.1,0.5,0.7,0.6,1.6,2.1,1.8,1.3,1.5,1.1,1.0,1.8,2.3,2.4,3.1,3.0,1.7,1.9,2.1,2.0
"09-11-2012",1.3,1.1,0.9,0.6,0.6,0.9,1.9,2.9,3.4,2.7,1.8,2.1,2.4,2.0,2.3,2.7,3.0,4.5,4.5,3.0,2.6,1.6,1.7,1.7
"10-11-2012",1.2,1.7,1.5,1.2,0.8,1.4,1.0,1.4,1.3,1.0,0.9,1.0,0.6,0.9,0.4,0.5,0.6,0.9,0.9,0.7,0.9,1.0,0.8,0.7
"11-11-2012",1.2,0.7,0.6,0.7,1.0,0.7,1.1,0.6,0.8,0.5,0.5,0.7,0.8,0.4,0.5,0.6,0.4,0.7,0.8,0.9,1.0,0.8,0.9,0.4
"12-11-2012",0.7,0.5,0.4,0.4,0.4,0.3,0.9,2.9,2.4,-9999,-9999,-9999,0.9,0.7,0.7,0.5,0.7,1.6,1.2,1.5,3.1,1.8,2.7,1.8
"13-11-2012",1.1,1.0,0.6,0.6,0.6,1.6,2.4,4.8,5.2,3.1,2.7,2.3,2.3,2.1,2.6,2.8,4.0,2.0,4.2,3.3,3.6,3.8,4.2,3.5
"14-11-2012",3.3,2.3,2.1,2.6,1.5,1.9,1.9,2.8,0.7,0.3,0.8,0.8,0.6,0.4,0.4,0.4,0.5,0.6,0.5,0.5,0.5,0.6,0.7,0.5
"15-11-2012",0.3,0.3,0.2,0.1,0.1,0.2,0.5,0.7,0.8,0.7,0.7,0.6,0.7,1.1,0.7,1.2,1.0,1.4,0.9,0.7,1.9,1.9,1.3,1.4
"16-11-2012",1.7,1.4,1.3,1.0,1.0,1.0,1.8,3.0,2.0,2.0,3.2,2.5,3.0,3.0,1.7,1.5,1.1,0.8,1.0,1.0,1.3,1.0,0.7,0.6
"17-11-2012",0.5,0.3,0.2,0.1,0.3,0.4,0.3,0.3,0.3,0.4,0.4,0.5,0.5,0.6,0.5,0.4,0.4,0.4,0.3,0.3,0.3,0.4,0.4,0.3
"18-11-2012",0.3,0.3,0.2,0.1,0.1,0.1,0.2,0.1,0.2,0.2,0.3,0.4,0.3,0.3,0.4,0.3,0.3,0.4,0.4,0.5,0.9,0.7,1.0,0.5
"19-11-2012",1.1,0.9,0.7,0.6,0.5,0.7,1.1,1.1,1.6,1.1,1.5,1.5,1.9,1.1,1.6,0.8,1.9,2.3,2.0,1.2,2.0,1.7,0.9,0.9
"20-11-2012",0.7,0.4,0.4,0.2,0.2,0.3,0.7,1.0,3.8,3.4,3.3,2.2,1.3,1.5,2.2,2.0,3.1,1.9,2.3,0.9,1.3,2.3,1.6,2.1
"21-11-2012",1.7,1.3,0.7,0.3,0.3,0.8,1.6,2.2,1.8,2.7,2.2,2.4,2.6,1.8,1.9,2.3,2.3,2.2,1.7,1.4,0.8,0.5,0.5,0.3
"22-11-2012",0.2,0.1,0.1,0.1,0.1,0.1,0.2,0.5,0.6,0.5,0.7,0.9,0.6,0.6,0.5,0.8,0.6,0.6,0.7,1.2,1.0,1.1,0.6,0.5
"23-11-2012",0.4,0.2,0.2,0.1,0.1,0.3,0.6,1.1,1.6,1.2,0.9,1.4,1.2,1.0,0.9,0.7,0.8,1.2,1.0,1.4,1.3,2.0,1.8,2.0
"24-11-2012",1.7,1.0,0.9,0.7,1.1,1.6,1.6,1.5,1.6,1.6,1.3,1.7,1.9,1.3,0.6,0.9,0.9,0.9,1.0,0.6,1.0,0.9,0.6,0.4
"25-11-2012",0.4,0.3,0.6,0.7,0.4,0.3,0.5,0.2,0.5,0.7,1.3,0.7,0.4,0.5,0.3,0.4,0.4,0.3,0.6,1.4,2.1,2.3,1.9,1.1
"26-11-2012",0.6,0.9,0.4,0.5,0.4,0.7,1.1,1.8,2.5,2.0,1.0,1.0,1.2,1.8,2.4,1.5,0.7,1.2,2.0,2.2,3.2,2.9,2.7,2.9
"27-11-2012",2.8,2.1,1.4,1.0,0.9,1.1,2.4,3.3,4.6,4.4,3.4,2.6,2.2,2.5,2.0,2.3,2.5,1.3,3.2,2.8,3.3,3.8,3.6,3.7
"28-11-2012",3.3,3.5,2.8,1.9,1.5,1.8,2.5,4.0,6.4,5.6,2.2,1.4,1.0,1.2,1.1,1.1,1.2,0.8,0.7,0.7,0.6,0.5,0.5,0.2
"29-11-2012",0.2,0.2,0.1,0.1,0.1,0.1,0.3,0.8,0.7,0.3,0.4,0.6,1.0,0.9,0.7,0.7,0.7,0.4,0.3,0.4,0.7,0.4,0.3,0.3
"30-11-2012",0.2,0.1,0.1,0.1,0.1,0.5,1.2,3.5,4.2,3.4,2.8,1.8,1.5,2.3,1.3,1.1,1.6,1.5,0.8,0.8,0.7,0.4,1.1,1.4
"01-12-2012",1.1,1.0,0.6,0.4,0.5,0.6,0.2,1.0,1.3,0.5,1.3,2.1,2.1,1.6,2.7,3.4,3.0,2.6,3.0,3.0,4.1,4.6,4.3,4.9
"02-12-2012",4.9,4.4,4.8,3.3,2.9,3.0,2.2,2.4,1.5,2.0,1.4,1.3,2.0,0.8,0.9,0.4,0.3,0.5,0.5,0.7,1.4,1.3,1.6,1.4
"03-12-2012",0.9,0.5,0.4,0.1,0.3,0.7,1.6,2.5,3.6,3.1,2.7,2.7,2.3,1.5,1.5,1.8,1.6,1.8,1.4,1.4,1.1,1.0,0.7,0.5
"04-12-2012",0.4,0.2,0.2,0.2,0.2,0.5,0.8,1.7,1.6,1.4,1.6,1.5,1.9,1.9,2.0,2.6,2.6,3.7,3.1,3.7,6.1,4.2,3.3,6.9
"05-12-2012",6.0,2.6,3.1,1.6,2.7,0.9,3.4,4.3,5.5,5.2,2.7,2.7,2.9,2.2,2.1,2.6,2.7,3.1,2.6,3.1,1.9,1.6,1.7,1.2
"06-12-2012",0.7,1.0,1.0,1.3,0.8,1.2,1.9,2.6,2.9,2.9,2.1,2.0,1.9,2.0,2.1,2.7,3.0,4.0,3.8,2.8,2.1,2.8,3.1,2.4
"07-12-2012",1.7,0.8,0.5,0.4,0.5,0.7,1.2,2.3,2.9,2.3,2.1,1.8,1.5,2.1,2.2,1.8,1.3,0.8,1.3,3.7,5.3,5.5,5.3,5.2
"08-12-2012",5.3,3.9,2.7,2.5,2.4,2.0,2.8,2.9,3.2,2.9,2.7,3.2,2.0,0.7,0.5,0.5,0.4,0.4,0.3,0.3,0.5,0.3,0.3,0.3
"09-12-2012",0.2,0.3,0.2,0.3,0.3,0.7,1.4,1.6,2.7,2.1,1.8,2.0,1.3,2.0,1.6,1.8,1.3,1.4,2.2,2.9,2.8,2.4,3.3,1.8
"10-12-2012",0.7,1.2,1.0,1.2,1.0,1.3,0.9,2.3,2.6,2.4,2.0,1.5,1.4,1.5,1.6,2.4,2.0,2.2,2.8,3.4,3.7,3.5,3.7,4.2
"11-12-2012",3.2,1.9,1.5,1.4,1.5,1.8,2.7,4.6,5.4,5.2,3.2,2.2,2.2,2.6,1.9,2.0,2.9,3.5,3.0,3.5,2.2,2.4,1.5,1.1
"12-12-2012",0.8,0.7,0.8,0.5,0.4,1.2,1.6,3.5,3.4,2.2,2.4,2.4,1.8,1.9,2.7,0.4,0.4,1.4,1.3,1.1,1.3,1.3,0.9,0.5
"13-12-2012",0.6,0.5,0.4,0.4,0.4,0.6,0.9,2.3,2.6,2.4,1.5,2.0,2.0,0.7,1.4,1.1,0.6,0.8,1.0,0.8,1.2,2.4,3.1,2.2
"14-12-2012",1.4,0.7,0.5,0.4,0.4,0.4,0.6,1.5,2.1,2.0,1.2,1.0,1.2,0.7,0.5,0.8,0.9,0.7,1.4,1.5,2.4,1.3,1.7,1.3
"15-12-2012",0.8,0.6,0.7,0.7,0.6,0.4,0.8,0.7,0.8,1.3,1.7,1.7,2.3,2.8,2.6,2.1,2.4,4.3,4.6,4.9,5.0,4.4,4.0,3.8
"16-12-2012",2.9,1.8,1.5,2.4,2.8,2.9,2.4,3.2,3.5,2.9,3.3,2.2,2.0,2.4,2.6,2.6,5.1,5.3,4.5,4.9,7.0,8.1,8.0,6.9
"17-12-2012",5.1,5.6,5.5,3.7,3.0,2.9,4.8,6.3,7.3,5.0,3.5,3.1,2.9,3.6,3.6,3.8,4.3,4.5,2.4,4.5,4.1,1.6,1.9,1.1
"18-12-2012",1.9,0.8,0.5,0.2,0.2,0.3,1.1,1.8,1.7,2.3,2.6,2.0,1.1,0.8,2.7,2.9,3.6,3.7,3.4,3.0,3.3,2.9,1.6,1.9
"19-12-2012",1.5,0.9,0.7,0.5,0.5,1.2,1.8,3.1,2.9,1.6,1.4,1.7,-9999,1.9,1.8,1.4,0.7,1.3,1.5,2.2,1.7,2.1,1.2,0.7
"20-12-2012",0.4,0.2,0.1,0.1,0.1,0.2,0.8,1.3,1.3,1.3,1.1,1.4,1.3,1.3,1.5,1.7,1.5,2.3,2.0,2.2,1.8,1.9,1.3,0.8
"21-12-2012",0.6,0.7,0.5,0.7,0.6,1.2,1.8,3.1,3.5,2.8,2.1,2.6,2.3,2.5,2.2,2.1,2.7,3.0,1.8,1.2,1.1,1.4,0.8,0.8
"22-12-2012",0.6,0.1,0.1,0.1,0.1,0.1,0.1,0.1,0.2,0.3,1.0,0.8,0.3,0.4,0.2,0.3,0.2,0.3,0.4,0.3,0.3,0.3,0.3,0.2
"23-12-2012",0.1,0.1,0.1,0.1,0.1,0.1,0.1,0.1,0.2,0.3,0.5,0.7,0.4,0.4,0.5,0.8,0.9,1.3,1.5,1.5,1.5,1.2,1.7,1.5
"24-12-2012",1.2,1.2,0.5,0.4,0.5,1.0,1.3,2.3,2.4,1.7,1.7,1.8,1.5,1.4,0.5,1.6,2.5,1.4,3.8,4.0,5.1,5.3,6.2,6.6
"25-12-2012",6.5,3.9,3.8,3.9,4.6,4.8,4.4,2.6,3.3,4.1,2.2,1.6,1.9,2.1,2.0,1.6,2.3,4.6,6.8,7.2,8.2,9.0,9.6,8.8
"26-12-2012",8.6,7.3,5.7,4.4,3.8,3.6,3.3,3.0,2.9,3.8,3.6,1.5,1.5,1.9,1.8,1.7,2.3,3.4,5.0,5.5,7.5,6.8,3.8,4.2
"27-12-2012",5.4,5.6,5.8,4.2,2.6,2.2,2.0,3.7,3.1,4.0,3.5,3.8,2.8,2.2,3.2,3.5,2.9,3.1,1.9,3.2,4.2,5.3,6.0,5.9
"28-12-2012",3.6,4.7,4.0,1.8,2.1,3.6,3.9,4.2,5.1,5.5,2.1,2.4,2.2,2.2,2.1,2.2,2.7,2.7,3.0,4.1,3.5,3.6,2.1,2.1
"29-12-2012",2.4,3.3,3.7,1.0,0.1,0.3,0.6,0.1,0.2,0.4,0.6,0.7,1.3,1.4,1.5,1.4,1.9,0.9,0.5,0.7,0.7,0.5,0.6,1.1
"30-12-2012",0.5,0.5,0.1,0.2,0.4,0.3,0.6,0.5,0.5,0.9,1.0,0.9,0.8,1.5,1.5,1.7,1.3,1.5,1.3,2.1,1.6,1.2,1.3,1.2
"31-12-2012",1.4,0.9,0.7,0.4,0.4,0.4,1.0,1.1,1.2,1.1,1.6,1.0,2.3,1.9,2.6,2.0,2.7,2.2,3.2,1.6,1.5,3.1,2.8,2.4
