"01-01-2010",40,25,26,21,17,20,18,23,41,27,23,33,11,5,4,6,3,4,7,15,3,4,7,3
"02-01-2010",4,5,4,4,8,11,14,19,25,28,34,26,20,22,17,19,19,33,43,55,62,64,34,20
"03-01-2010",14,12,17,11,16,23,9,10,9,10,11,5,4,6,8,4,9,24,20,18,11,10,26,26
"04-01-2010",28,24,22,30,42,39,38,43,53,65,65,61,54,55,60,63,66,78,74,67,77,54,57,37
"05-01-2010",28,32,32,36,36,46,41,28,17,13,16,29,26,35,31,37,50,59,61,37,45,26,50,41
"06-01-2010",38,32,18,24,24,20,16,17,35,38,17,15,15,20,23,21,30,63,45,35,28,22,24,31
"07-01-2010",33,49,53,61,37,53,47,26,27,62,33,39,35,33,25,28,54,80,111,127,102,127,89,67
"08-01-2010",50,46,47,46,55,58,50,56,51,31,40,38,20,21,15,10,10,13,15,13,17,25,41,39
"09-01-2010",68,38,34,54,52,33,47,39,28,20,16,21,21,19,13,15,17,27,29,25,22,26,20,16
"10-01-2010",18,34,40,42,30,37,35,36,34,27,20,19,25,33,24,33,28,29,28,24,32,36,34,34
"11-01-2010",36,41,49,47,43,39,36,47,62,68,61,61,46,50,59,67,50,46,57,57,60,55,46,52
"12-01-2010",57,46,49,48,49,47,48,43,53,64,69,62,50,43,24,21,26,48,45,59,68,65,53,63
"13-01-2010",77,53,55,46,45,56,56,62,62,17,41,52,34,36,37,36,43,36,24,19,24,20,22,24
"14-01-2010",20,20,29,36,42,35,40,59,98,127,102,76,60,56,58,46,36,40,37,36,32,43,48,45
"15-01-2010",51,50,48,51,43,52,41,60,69,71,52,54,65,51,36,34,29,23,19,11,12,14,14,22
"16-01-2010",17,16,17,15,16,13,12,13,13,15,17,15,13,10,11,14,14,20,20,26,16,22,29,14
"17-01-2010",10,28,36,39,35,32,36,38,47,47,38,30,29,27,31,40,34,20,43,49,57,53,58,51
"18-01-2010",45,55,52,41,21,22,25,30,37,34,28,36,34,37,40,16,14,42,46,40,43,42,33,33
"19-01-2010",38,43,42,43,36,36,37,50,97,124,96,60,38,14,5,6,5,5,9,15,23,33,40,40
"20-01-2010",41,30,31,31,29,34,32,45,86,80,60,46,40,34,26,20,22,23,22,36,39,46,58,69
"21-01-2010",68,75,72,62,61,56,46,37,46,59,60,52,43,39,32,28,20,23,19,25,27,27,18,21
"22-01-2010",15,15,15,18,14,14,30,42,53,40,37,28,29,18,26,38,47,40,26,34,34,34,28,29
"23-01-2010",28,30,29,22,21,25,21,21,24,29,28,25,23,24,31,31,29,22,19,24,12,12,16,20
"24-01-2010",30,35,40,32,33,31,32,27,34,42,38,31,29,34,34,31,24,43,52,54,63,54,67,88
"25-01-2010",97,79,60,49,40,37,34,46,56,57,54,50,47,51,50,43,45,47,29,21,20,20,23,17
"26-01-2010",29,25,22,28,34,30,29,37,56,59,60,53,41,40,42,35,25,28,30,32,39,50,44,35
"27-01-2010",40,33,28,36,41,33,39,35,26,40,37,34,31,34,35,30,23,23,28,36,46,38,37,39
"28-01-2010",37,35,35,29,30,36,34,40,66,70,58,69,79,46,41,41,42,52,50,52,55,62,55,40
"29-01-2010",49,44,36,39,33,37,33,38,32,33,31,33,26,20,31,32,36,32,38,52,53,60,62,54
"30-01-2010",44,34,29,33,32,33,29,38,31,33,34,34,28,28,23,20,21,26,21,26,19,18,9,13
"31-01-2010",21,23,20,13,18,15,18,17,17,18,19,17,19,20,17,23,27,23,29,26,29,24,24,24
"01-02-2010",22,18,15,17,12,20,18,13,5,14,24,13,5,4,7,15,13,12,24,30,33,36,39,34
"02-02-2010",27,20,23,25,20,20,21,24,26,19,19,7,3,7,9,8,4,9,4,8,12,11,9,6
"03-02-2010",9,10,4,6,10,10,13,16,26,33,22,19,19,17,12,6,17,24,23,33,47,46,59,67
"04-02-2010",67,68,57,41,34,30,37,48,52,61,48,42,37,37,34,25,53,65,81,100,107,96,100,105
"05-02-2010",72,74,71,66,58,49,40,39,55,72,72,82,68,44,32,16,18,26,61,65,62,50,54,45
"06-02-2010",32,24,33,41,42,19,20,31,39,28,10,22,11,13,23,18,20,30,23,28,30,38,46,48
"07-02-2010",49,34,19,23,16,20,18,19,20,27,21,22,27,23,26,26,35,33,33,37,44,44,49,49
"08-02-2010",48,45,27,29,31,32,30,34,50,61,49,32,34,39,38,43,50,14,30,47,52,69,77,71
"09-02-2010",53,47,40,34,32,37,30,41,52,57,64,57,58,41,34,12,18,21,23,29,36,35,29,27
"10-02-2010",35,26,32,30,24,21,25,28,16,19,13,23,23,18,22,25,31,25,22,29,30,38,32,27
"11-02-2010",18,17,23,28,23,18,18,19,18,18,22,18,21,16,26,22,15,22,29,23,25,25,28,23
"12-02-2010",20,25,25,17,7,20,21,20,28,24,25,21,16,20,18,17,10,10,17,22,17,13,15,24
"13-02-2010",11,11,17,14,17,15,17,18,17,15,9,14,8,8,13,6,7,16,32,26,39,49,48,63
"14-02-2010",61,40,25,23,21,17,20,19,23,25,16,19,18,14,19,15,12,16,15,19,19,19,20,13
"15-02-2010",12,13,7,18,6,4,17,24,31,30,29,25,25,28,29,33,40,48,47,53,54,58,71,70
"16-02-2010",70,70,60,47,46,47,38,45,53,59,51,41,41,34,21,40,46,36,24,14,28,28,23,15
"17-02-2010",13,19,18,32,28,30,21,23,20,29,23,14,15,20,22,17,12,34,48,31,18,24,25,16
"18-02-2010",26,33,32,28,36,26,31,31,41,44,25,13,12,19,12,10,13,30,29,18,34,39,53,43
"19-02-2010",52,52,60,42,38,34,39,49,52,35,84,61,44,34,41,19,11,8,9,13,14,9,8,8
"20-02-2010",11,18,22,12,11,11,10,13,19,11,10,9,10,11,8,11,12,33,24,29,31,18,36,16
"21-02-2010",20,13,12,7,6,7,14,28,25,21,18,15,12,15,6,3,6,5,9,39,36,39,31,41
"22-02-2010",33,29,37,30,25,29,24,26,34,51,51,47,41,35,15,14,16,18,22,24,30,36,36,29
"23-02-2010",25,31,31,29,27,30,27,36,45,54,37,17,16,19,27,45,38,36,26,23,29,25,18,40
"24-02-2010",41,39,35,38,43,39,29,33,35,35,32,30,30,24,25,16,24,29,20,23,24,26,28,25
"25-02-2010",26,30,22,25,17,26,26,23,29,36,33,23,10,4,5,4,6,9,12,14,11,28,43,40
"26-02-2010",47,40,50,35,41,42,34,56,83,63,61,50,40,32,38,38,45,36,32,34,39,43,28,38
"27-02-2010",30,30,25,27,27,31,20,33,17,28,19,7,4,5,6,7,7,5,8,20,8,12,31,33
"28-02-2010",33,35,27,28,28,27,26,32,32,29,27,34,38,41,49,61,44,43,39,64,60,45,42,51
"01-03-2010",44,46,42,42,45,38,42,52,60,75,62,64,38,39,24,15,18,28,59,58,73,109,145,156
"02-03-2010",123,104,102,65,80,76,85,81,100,73,50,22,8,7,8,9,9,9,35,59,52,56,65,46
"03-03-2010",75,64,79,61,33,59,46,54,86,71,58,49,44,49,58,58,56,59,59,104,72,59,54,52
"04-03-2010",58,58,67,64,56,37,46,51,56,64,91,58,31,23,23,15,17,31,29,30,32,47,64,54
"05-03-2010",50,55,45,58,43,31,46,47,63,58,21,10,11,11,9,8,9,14,29,52,47,58,65,45
"06-03-2010",50,50,54,39,41,32,49,51,65,39,14,11,9,8,12,15,21,36,35,26,51,54,60,60
"07-03-2010",69,57,66,67,51,58,57,57,62,50,60,56,46,39,28,29,35,40,31,26,31,34,31,31
"08-03-2010",29,12,18,19,14,19,14,24,21,39,38,48,53,54,41,53,26,38,25,18,19,36,29,26
"09-03-2010",30,44,35,35,40,41,47,45,62,61,49,46,48,38,31,46,31,29,54,48,64,44,23,40
"10-03-2010",19,17,21,15,15,21,20,21,34,32,18,22,21,16,19,21,16,11,11,8,11,9,16,20
"11-03-2010",20,16,10,18,19,22,23,26,44,41,41,34,33,34,34,32,17,7,32,44,22,26,34,27
"12-03-2010",19,20,16,15,17,29,16,18,23,16,27,19,24,30,25,29,30,16,18,38,25,37,46,57
"13-03-2010",58,57,45,40,30,33,40,46,45,38,34,38,38,32,27,31,37,46,72,49,52,58,73,57
"14-03-2010",31,46,43,18,17,16,15,15,11,20,18,26,26,33,27,25,26,35,34,41,21,24,15,28
"15-03-2010",24,15,26,15,31,20,26,41,61,46,23,18,19,10,9,7,11,11,11,25,28,35,29,36
"16-03-2010",39,40,45,41,36,35,42,56,61,41,34,27,22,20,27,33,26,13,16,47,48,47,59,71
"17-03-2010",54,47,48,56,49,54,58,59,71,55,44,32,19,21,30,34,39,38,47,37,31,40,24,43
"18-03-2010",54,39,44,39,43,36,37,52,74,55,40,27,26,12,9,10,6,6,25,24,67,97,76,79
"19-03-2010",52,59,65,70,60,54,61,64,51,49,44,38,34,33,34,40,39,30,52,53,68,105,80,99
"20-03-2010",68,68,72,65,67,66,56,61,55,48,42,34,24,27,27,32,25,28,31,42,39,75,86,84
"21-03-2010",69,61,65,51,47,59,63,61,65,46,45,33,34,25,35,38,54,31,21,51,89,96,133,94
"22-03-2010",88,92,99,83,90,95,89,100,94,78,69,56,45,42,47,42,38,32,33,48,54,85,87,111
"23-03-2010",101,90,141,106,88,104,101,104,102,104,128,96,118,114,105,96,74,84,79,100,71,62,88,66
"24-03-2010",58,95,57,70,75,57,66,74,75,73,66,61,56,43,36,21,38,42,63,65,60,67,78,105
"25-03-2010",60,90,79,89,93,74,57,56,45,62,56,38,27,28,46,64,49,29,43,53,44,76,110,96
"26-03-2010",99,54,77,72,83,90,83,89,53,1,20,40,198,87,32,38,32,18,15,20,28,52,74,67
"27-03-2010",80,54,83,66,55,40,49,68,61,68,69,45,31,24,12,9,13,14,24,45,41,36,33,38
"28-03-2010",52,34,13,7,8,15,16,42,31,30,18,12,8,6,3,3,3,3,31,44,13,31,75,69
"29-03-2010",43,57,35,57,59,65,57,82,68,55,41,31,14,9,13,12,8,15,60,81,55,61,63,54
"30-03-2010",73,77,105,43,58,74,65,28,39,52,49,30,32,18,12,13,12,14,16,31,40,25,22,23
"31-03-2010",37,32,20,21,22,53,29,72,66,53,36,17,11,6,9,23,17,18,32,38,48,31,70,49
"01-04-2010",25,23,58,46,53,58,61,82,89,54,42,30,27,28,16,14,20,14,13,61,66,73,61,53
"02-04-2010",69,68,77,85,86,68,73,57,44,49,56,44,43,20,43,23,12,14,24,62,70,124,149,91
"03-04-2010",89,95,88,78,63,90,102,86,69,53,50,38,24,20,29,38,28,11,35,75,99,69,123,122
"04-04-2010",64,104,121,78,91,111,82,93,62,56,61,36,24,15,16,13,18,12,15,46,120,93,51,106
"05-04-2010",80,98,120,78,52,96,54,75,55,42,45,38,38,18,16,12,29,65,51,59,84,72,63,53
"06-04-2010",56,58,65,46,58,79,51,67,68,64,35,25,12,15,13,27,20,11,11,13,19,16,46,63
"07-04-2010",74,97,61,88,52,58,66,82,57,46,50,39,25,21,25,28,51,26,60,87,138,148,132,58
"08-04-2010",69,106,126,81,115,100,93,110,71,59,65,39,28,12,44,53,56,98,82,74,97,58,82,97
"09-04-2010",88,106,74,102,124,127,109,138,110,84,79,49,-9999,23,34,36,45,65,67,58,46,42,49,72
"10-04-2010",77,76,82,58,61,72,82,75,80,74,62,55,23,17,12,22,26,34,72,68,70,24,67,38
"11-04-2010",46,56,58,65,62,63,74,107,100,69,58,61,37,35,22,33,25,87,44,32,51,78,128,133
"12-04-2010",131,79,107,87,82,55,66,75,104,101,75,62,64,23,11,10,19,75,76,124,53,71,59,109
"13-04-2010",76,80,76,71,92,59,58,95,86,79,83,99,89,73,52,27,40,109,56,48,66,87,66,85
"14-04-2010",57,90,76,85,43,91,82,82,62,113,86,69,74,50,57,53,20,18,25,18,29,35,67,55
"15-04-2010",33,19,24,34,18,31,71,68,70,39,33,57,66,36,38,33,66,84,77,93,97,91,90,130
"16-04-2010",60,88,84,76,78,73,130,86,93,106,75,39,8,6,6,8,10,9,10,7,16,41,54,68
"17-04-2010",35,88,115,116,130,104,103,124,113,68,65,54,24,18,14,8,4,5,6,18,14,10,31,39
"18-04-2010",54,95,73,107,78,84,106,92,80,53,48,29,10,16,14,6,12,15,28,11,15,11,20,26
"19-04-2010",47,48,56,36,29,40,46,42,51,36,34,31,36,24,16,17,22,25,10,21,34,39,52,57
"20-04-2010",54,40,24,18,27,40,68,80,75,26,43,41,32,39,50,36,5,16,36,81,28,41,73,65
"21-04-2010",57,58,87,61,67,61,72,61,65,52,32,13,9,8,11,19,32,12,9,14,45,67,64,140
"22-04-2010",122,86,103,56,61,92,86,77,66,57,41,47,16,9,14,27,20,13,12,12,40,39,46,85
"23-04-2010",71,76,50,58,47,69,69,65,102,103,95,74,58,56,42,26,60,56,58,51,75,38,81,97
"24-04-2010",68,72,66,52,70,75,84,54,45,49,59,73,46,44,21,26,14,4,19,5,15,11,15,13
"25-04-2010",41,27,82,44,36,33,16,12,15,38,52,40,21,23,21,21,25,31,32,15,11,11,16,15
"26-04-2010",8,13,14,18,15,13,17,23,34,29,15,8,6,5,8,9,15,15,22,24,24,20,29,33
"27-04-2010",36,37,27,19,17,24,37,34,32,23,29,18,8,18,26,31,35,25,30,36,25,42,23,41
"28-04-2010",43,57,92,71,95,116,106,110,113,76,78,75,29,32,50,28,28,19,18,25,30,40,89,60
"29-04-2010",71,110,95,86,97,62,26,26,18,18,20,18,22,45,58,49,70,41,37,31,31,48,74,91
"30-04-2010",98,128,96,125,149,155,140,158,161,113,110,86,49,45,35,25,37,23,25,24,25,34,67,89
"01-05-2010",115,139,135,157,166,161,130,137,95,93,68,61,27,15,16,36,28,25,21,20,29,25,20,50
"02-05-2010",66,89,64,132,153,154,153,138,112,75,88,61,29,13,7,6,3,4,6,7,3,15,32,46
"03-05-2010",85,89,116,103,179,147,130,116,123,125,102,92,40,39,26,27,33,38,26,26,22,16,49,77
"04-05-2010",82,79,158,151,115,177,173,119,135,95,112,65,23,6,5,2,2,1,4,1,2,2,1,20
"05-05-2010",45,49,95,110,110,149,67,118,119,103,86,28,28,9,1,1,1,1,1,1,1,3,3,1
"06-05-2010",6,26,10,19,35,55,31,62,68,69,49,50,19,22,18,7,6,7,6,6,10,20,69,78
"07-05-2010",50,100,62,103,127,156,84,137,140,107,87,33,7,5,7,14,10,12,13,16,34,37,50,117
"08-05-2010",104,115,121,128,78,58,114,123,103,75,64,80,95,70,82,45,20,42,57,34,30,29,36,49
"09-05-2010",95,126,176,131,220,206,200,170,126,89,76,22,4,7,5,8,13,21,15,21,12,13,40,28
"10-05-2010",150,172,217,223,171,129,146,162,115,99,115,90,39,43,33,34,32,33,42,48,44,27,37,65
"11-05-2010",160,142,150,193,160,150,172,177,159,118,121,58,12,16,27,42,39,36,41,34,1,1,1,22
"12-05-2010",27,63,101,141,118,104,94,140,142,101,73,33,8,3,3,4,6,4,9,6,1,1,1,8
"13-05-2010",13,35,45,56,123,97,88,99,128,66,32,13,8,4,12,15,25,24,12,20,33,38,18,67
"14-05-2010",74,67,94,131,129,63,107,116,111,80,85,33,27,20,29,19,6,7,8,1,2,11,9,7
"15-05-2010",15,18,24,62,94,76,45,47,33,32,28,44,16,24,35,24,5,3,2,5,12,12,35,94
"16-05-2010",63,28,23,22,19,74,100,93,1,1,10,15,10,6,7,5,7,7,11,10,61,93,158,243
"17-05-2010",106,72,43,141,103,35,66,132,82,91,34,52,19,98,77,81,23,9,7,11,122,133,132,128
"18-05-2010",143,162,94,38,54,28,22,14,16,23,23,11,10,10,7,5,6,7,19,29,40,13,22,97
"19-05-2010",126,110,92,126,138,93,87,150,87,119,100,84,56,26,17,10,9,9,8,11,41,94,125,142
"20-05-2010",221,81,88,97,102,82,93,180,127,133,108,112,63,20,36,87,95,115,109,85,67,123,54,86
"21-05-2010",77,99,85,102,92,87,65,59,84,93,132,121,76,70,104,110,27,18,27,83,53,58,46,65
"22-05-2010",71,47,59,86,81,76,79,133,154,119,72,41,29,22,15,44,81,11,84,56,96,131,114,73
"23-05-2010",79,98,148,116,150,134,118,153,116,114,106,69,36,19,15,9,22,45,79,116,62,78,92,78
"24-05-2010",113,122,90,163,122,92,128,112,117,110,94,65,59,42,36,27,11,20,33,62,50,47,79,91
"25-05-2010",141,75,112,91,87,73,71,99,102,141,117,66,39,29,14,31,21,47,34,27,8,2,10,28
"26-05-2010",45,125,100,131,152,211,180,163,111,58,63,31,17,10,13,40,29,33,29,38,37,11,5,8
"27-05-2010",18,52,42,124,125,92,86,106,99,46,56,24,26,18,21,28,37,32,45,37,22,26,34,19
"28-05-2010",34,48,60,61,78,67,113,85,107,77,74,62,42,25,22,24,10,37,22,25,42,40,12,16
"29-05-2010",47,67,64,64,80,126,88,85,90,56,37,23,10,7,26,29,41,39,32,33,14,19,3,9
"30-05-2010",20,49,35,44,41,75,51,87,43,63,33,18,8,7,3,2,3,20,27,6,2,3,3,5
"31-05-2010",29,14,5,16,16,76,43,49,44,44,12,8,8,13,23,15,5,8,8,5,3,5,1,4
"01-06-2010",15,11,11,21,21,45,40,55,38,13,12,49,121,99,53,24,27,75,44,21,15,13,98,161
"02-06-2010",53,45,133,110,122,73,125,132,98,72,99,70,67,56,53,36,28,19,14,30,26,42,91,197
"03-06-2010",130,113,111,89,142,97,84,66,89,80,104,81,39,30,23,16,10,10,10,11,37,78,82,108
"04-06-2010",120,59,79,118,42,92,80,125,93,73,87,56,43,52,24,24,19,92,152,117,8,44,55,122
"05-06-2010",79,112,108,115,120,91,127,133,95,74,92,61,47,74,37,29,19,31,28,19,28,38,62,79
"06-06-2010",63,88,91,79,72,74,66,85,91,67,60,20,13,13,27,25,9,3,4,28,26,21,2,2
"07-06-2010",14,15,58,80,72,114,116,91,90,48,38,22,17,8,28,32,34,24,27,25,13,16,3,11
"08-06-2010",8,34,32,29,41,57,56,87,69,51,36,28,18,29,47,25,22,28,23,48,34,39,56,56
"09-06-2010",86,67,94,106,108,88,51,101,127,125,89,68,37,21,20,21,19,54,42,35,24,7,7,6
"10-06-2010",7,13,29,10,39,31,61,43,47,18,17,23,21,20,15,15,48,45,36,28,10,9,9,6
"11-06-2010",12,9,5,9,15,20,14,34,21,11,11,13,13,25,39,40,48,54,67,42,27,8,11,9
"12-06-2010",6,8,12,7,5,6,8,19,9,9,11,16,21,46,50,52,56,64,63,45,24,25,10,6
"13-06-2010",8,9,6,8,5,8,9,19,6,7,10,14,20,27,33,42,51,49,47,36,21,14,19,12
"14-06-2010",11,16,8,8,17,9,14,11,22,19,18,23,27,36,55,62,60,55,50,60,30,18,11,11
"15-06-2010",8,7,6,6,7,10,10,14,10,10,12,21,25,50,59,64,58,52,52,32,13,11,9,9
"16-06-2010",7,10,8,7,6,7,11,13,13,16,28,61,79,99,144,160,103,109,100,91,46,41,28,29
"17-06-2010",27,21,19,15,18,23,15,39,26,25,34,53,74,108,149,137,154,160,148,108,53,31,22,26
"18-06-2010",19,15,16,14,13,14,17,33,30,22,29,37,53,80,128,126,69,43,42,44,18,17,25,12
"19-06-2010",10,20,25,20,22,32,29,30,23,18,19,32,36,39,39,45,35,32,36,19,18,12,10,9
"20-06-2010",8,7,6,7,6,8,6,7,7,15,36,36,41,54,32,21,24,33,42,31,26,7,5,10
"21-06-2010",20,26,26,22,40,31,32,40,27,14,18,19,23,29,46,35,19,28,31,23,28,44,32,43
"22-06-2010",60,45,56,49,33,56,46,41,55,39,48,68,42,25,15,10,8,9,18,47,72,63,61,44
"23-06-2010",55,42,59,52,56,37,64,70,65,45,65,51,21,16,13,12,11,10,12,13,15,36,33,49
"24-06-2010",39,20,31,50,41,45,38,82,48,51,62,34,23,18,11,13,27,35,37,35,25,23,21,31
"25-06-2010",19,25,28,33,56,71,48,64,47,42,63,15,8,10,19,11,9,14,10,9,16,18,14,14
"26-06-2010",12,18,29,34,50,52,44,47,40,26,41,11,12,6,6,8,9,12,8,14,12,13,24,16
"27-06-2010",6,8,21,24,38,53,41,49,38,21,34,15,6,10,9,4,18,13,22,23,30,26,8,8
"28-06-2010",13,19,25,30,36,37,33,60,39,14,25,17,10,6,1,11,5,11,5,1,3,2,7,11
"29-06-2010",19,26,29,35,31,45,45,62,51,24,33,16,7,4,1,3,13,10,11,4,13,11,4,12
"30-06-2010",6,12,12,8,28,36,18,44,31,22,21,13,11,9,13,19,27,13,3,6,1,2,2,4
"01-07-2010",4,9,10,9,18,10,29,28,16,9,7,4,2,2,3,1,6,9,7,3,4,4,6,7
"02-07-2010",9,13,14,12,19,21,34,38,33,22,22,11,3,6,7,7,6,14,15,11,23,6,7,10
"03-07-2010",14,26,21,25,25,42,30,40,46,28,27,8,2,7,9,9,7,7,2,2,2,1,1,1
"04-07-2010",1,2,2,7,5,14,17,22,12,3,10,3,4,5,9,11,8,12,2,1,1,1,2,2
"05-07-2010",1,4,1,3,5,11,10,17,18,9,7,4,1,3,7,7,8,15,12,12,9,3,1,1
"06-07-2010",1,1,1,6,2,2,10,16,12,5,5,1,1,1,4,9,11,11,15,9,6,4,1,1
"07-07-2010",1,1,1,1,1,2,6,6,7,3,2,2,1,1,2,6,12,8,10,7,1,1,1,1
"08-07-2010",1,1,1,1,3,3,3,11,4,2,8,5,3,3,3,2,2,1,4,3,4,3,7,7
"09-07-2010",9,7,12,10,10,6,10,17,19,11,5,2,3,4,7,6,11,15,15,13,10,4,1,1
"10-07-2010",1,7,12,11,16,31,28,14,25,8,11,7,2,1,1,2,2,3,3,9,6,3,1,1
"11-07-2010",1,3,8,8,9,10,12,9,20,3,4,1,1,2,1,1,4,5,8,2,2,1,1,4
"12-07-2010",2,8,10,14,14,29,28,41,38,12,11,4,2,1,1,2,8,18,15,17,11,10,1,1
"13-07-2010",1,2,2,8,4,10,26,17,11,3,5,11,7,8,5,9,11,14,19,16,10,2,1,1
"14-07-2010",1,1,1,1,2,1,6,16,3,3,2,2,5,8,7,9,11,16,12,13,7,1,1,1
"15-07-2010",1,1,1,1,1,2,3,8,3,2,2,1,1,1,1,1,6,9,12,7,2,4,1,1
"16-07-2010",1,1,1,2,3,5,2,6,7,2,1,1,1,1,1,1,1,1,1,1,4,1,1,1
"17-07-2010",1,1,1,1,1,1,2,3,1,1,1,1,1,1,1,4,18,20,20,9,1,1,1,1
"18-07-2010",1,1,1,4,1,4,2,2,5,2,1,1,1,1,1,1,1,3,15,33,5,7,7,26
"19-07-2010",5,1,6,4,8,22,33,45,35,12,11,2,3,1,9,3,2,9,30,10,6,6,8,2
"20-07-2010",3,10,13,24,15,35,41,50,31,12,11,5,1,2,1,13,10,6,8,1,1,1,1,2
"21-07-2010",1,2,1,1,2,2,2,13,6,4,2,1,1,1,10,16,10,1,1,1,1,1,1,1
"22-07-2010",1,1,1,5,2,5,4,17,11,4,3,1,3,1,2,2,5,7,4,2,2,2,2,3
"23-07-2010",4,7,6,11,14,17,25,30,27,10,7,3,2,1,4,6,7,13,14,25,12,2,1,1
"24-07-2010",1,1,1,1,1,1,5,6,6,4,1,1,1,1,1,8,14,9,1,10,2,1,6,2
"25-07-2010",1,2,1,1,3,5,5,8,2,1,3,7,8,7,12,14,12,14,20,20,12,4,4,5
"26-07-2010",1,4,10,5,7,19,8,16,15,12,8,6,4,4,12,12,12,17,15,17,15,11,3,1
"27-07-2010",1,3,6,7,10,34,21,31,30,15,12,5,8,12,4,2,5,3,7,18,20,13,27,17
"28-07-2010",18,35,34,39,36,55,48,50,49,24,29,13,6,9,12,16,10,14,16,19,23,17,5,11
"29-07-2010",13,10,27,16,31,36,64,71,47,23,22,11,7,2,1,1,1,1,27,19,17,8,1,1
"30-07-2010",4,4,3,6,11,16,35,43,29,10,159,5,1,1,1,1,1,15,18,23,13,5,3,1
"31-07-2010",1,5,3,6,6,7,21,21,28,2,2,2,1,1,1,1,2,2,1,4,10,4,3,3
"01-08-2010",1,3,2,5,5,8,17,35,14,7,15,21,9,6,1,1,1,1,12,20,9,8,1,1
"02-08-2010",1,1,1,1,2,4,8,15,11,3,3,2,1,4,6,4,3,6,17,14,9,3,1,1
"03-08-2010",1,1,1,1,2,8,7,4,5,3,2,1,1,1,1,1,1,8,16,5,2,2,1,1
"04-08-2010",1,1,1,1,1,1,2,5,4,3,4,2,1,4,3,5,1,7,7,1,1,7,7,3
"05-08-2010",1,6,2,9,12,23,30,38,21,9,7,3,1,1,1,1,1,2,1,1,1,1,1,1
"06-08-2010",1,1,1,1,1,4,5,10,5,12,3,1,1,2,1,1,13,17,21,19,19,15,6,4
"07-08-2010",2,1,6,5,10,17,27,23,29,5,3,2,1,1,1,3,14,24,18,20,11,3,1,1
"08-08-2010",5,4,3,7,9,12,30,24,21,6,8,3,2,1,3,1,1,1,1,6,3,1,1,1
"09-08-2010",1,1,1,1,3,3,10,6,8,3,3,1,1,1,3,4,5,8,22,22,9,1,1,1
"10-08-2010",1,1,1,1,1,2,5,12,6,3,2,1,1,1,1,1,2,10,11,9,2,2,1,1
"11-08-2010",1,1,1,1,1,1,2,10,18,4,2,1,1,1,1,1,1,1,17,8,6,2,1,1
"12-08-2010",1,1,1,1,2,1,9,18,6,3,2,1,1,1,1,1,2,7,9,7,1,1,1,1
"13-08-2010",1,1,1,1,1,1,1,12,3,2,1,1,1,1,1,1,1,7,8,4,2,1,1,1
"14-08-2010",1,1,1,1,1,1,1,3,3,2,1,1,1,1,1,1,1,1,4,4,1,1,1,1
"15-08-2010",1,1,1,1,1,1,1,1,1,1,1,1,1,1,1,2,3,6,4,1,2,1,1,1
"16-08-2010",1,1,1,1,1,1,1,4,5,1,1,1,1,1,1,3,4,3,2,3,4,2,1,1
"17-08-2010",1,1,1,1,1,1,1,5,2,1,1,1,1,3,5,5,6,8,9,10,5,2,1,1
"18-08-2010",1,2,2,3,7,9,6,25,21,4,6,2,1,1,2,2,1,1,4,9,4,1,1,1
"19-08-2010",1,1,1,2,1,1,6,5,3,3,1,4,2,5,3,1,3,4,6,5,4,1,1,1
"20-08-2010",1,1,1,1,1,1,4,5,6,1,1,1,1,1,1,1,3,3,7,6,2,1,1,1
"21-08-2010",1,1,1,1,1,1,3,4,4,2,1,1,1,1,1,1,1,1,1,1,1,1,1,1
"22-08-2010",1,1,1,2,1,2,1,1,1,2,2,1,3,4,3,2,3,3,3,2,2,1,1,1
"23-08-2010",1,2,2,3,3,3,2,4,3,3,3,2,1,1,1,1,1,4,13,7,3,2,1,1
"24-08-2010",1,1,1,3,2,6,5,15,2,3,2,1,1,1,5,3,3,6,6,4,3,1,1,1
"25-08-2010",1,1,1,1,3,8,5,23,21,6,3,2,1,1,2,4,4,6,8,3,1,1,1,1
"26-08-2010",1,1,1,1,1,2,2,6,15,4,4,2,1,1,1,2,2,5,6,3,2,1,1,1
"27-08-2010",1,1,1,1,1,1,3,18,10,3,2,2,1,1,1,1,1,6,4,3,1,1,1,1
"28-08-2010",1,1,1,1,1,2,2,7,4,2,1,1,1,1,1,3,5,4,3,1,1,1,1,1
"29-08-2010",1,1,1,5,1,2,3,3,6,1,1,1,1,1,2,3,6,6,6,8,4,1,1,1
"30-08-2010",1,1,1,1,1,1,1,2,12,8,4,2,4,2,1,2,2,2,6,5,5,4,2,2
"31-08-2010",1,2,6,12,8,12,8,12,6,5,4,14,5,3,2,2,3,3,5,7,6,3,4,1
"01-09-2010",5,8,14,22,38,35,37,45,34,23,10,1,1,1,1,2,4,5,7,4,12,8,15,17
"02-09-2010",9,35,17,40,47,39,53,56,60,34,29,33,13,9,6,8,17,14,10,17,16,7,6,20
"03-09-2010",54,51,39,96,92,63,45,75,61,42,26,16,4,3,5,2,3,7,19,33,60,46,51,36
"04-09-2010",48,45,54,45,36,43,44,46,43,51,36,37,39,31,14,24,22,24,23,18,23,24,42,40
"05-09-2010",21,21,40,31,40,42,38,30,44,43,39,31,16,15,21,18,25,18,18,1,2,1,2,21
"06-09-2010",11,22,12,9,8,14,19,41,40,23,8,25,31,19,15,20,18,29,34,12,1,1,1,4
"07-09-2010",23,17,36,33,49,60,51,107,79,52,36,29,5,4,12,30,18,19,18,30,13,4,4,8
"08-09-2010",7,17,35,44,47,37,48,66,79,55,27,18,5,2,9,23,26,25,17,20,6,1,1,12
"09-09-2010",9,21,41,36,42,47,49,77,47,30,23,10,5,14,10,15,17,21,21,15,2,1,4,2
"10-09-2010",5,1,4,5,12,23,35,40,51,23,10,9,5,15,19,16,10,18,24,21,16,7,1,4
"11-09-2010",11,12,28,27,26,31,38,54,46,26,15,8,18,45,37,33,25,34,38,31,48,42,58,68
"12-09-2010",56,51,55,46,51,62,45,68,76,51,43,47,19,10,5,12,39,35,37,9,20,30,38,37
"13-09-2010",33,39,42,38,53,29,45,60,59,59,68,52,41,16,22,33,13,15,11,16,29,24,11,24
"14-09-2010",50,44,41,48,56,46,57,64,104,71,44,45,12,8,24,17,13,10,13,11,2,16,21,21
"15-09-2010",16,28,40,46,48,53,57,60,69,60,48,33,9,6,19,3,13,14,24,16,10,3,2,5
"16-09-2010",9,18,21,25,49,65,75,96,67,45,40,32,18,20,20,24,20,15,12,21,8,3,7,14
"17-09-2010",26,40,42,39,86,64,71,110,65,57,42,35,15,19,12,16,28,19,18,13,9,1,5,24
"18-09-2010",32,63,55,71,88,95,102,76,92,62,47,42,10,6,3,18,37,34,34,17,9,2,2,6
"19-09-2010",24,37,39,46,90,83,93,106,97,71,35,21,9,3,2,21,20,20,16,2,1,2,3,3
"20-09-2010",3,5,15,19,51,33,47,54,57,28,26,18,19,22,15,18,25,26,16,16,11,1,7,16
"21-09-2010",4,11,17,35,30,50,66,85,93,43,40,19,17,6,7,15,21,19,15,11,2,1,3,13
"22-09-2010",9,8,4,5,10,13,13,29,42,34,6,4,4,4,6,2,2,5,1,3,3,3,12,9
"23-09-2010",4,8,6,6,5,7,8,9,13,11,6,5,8,9,8,8,29,29,19,14,12,16,19,19
"24-09-2010",50,62,71,69,66,71,59,114,127,76,49,31,34,6,2,8,1,3,2,2,2,2,2,3
"25-09-2010",7,23,30,18,28,36,25,21,31,33,52,24,40,17,19,9,7,43,28,4,32,21,17,10
"26-09-2010",27,31,23,7,13,28,44,33,32,21,23,28,56,41,25,4,5,9,13,21,65,51,69,102
"27-09-2010",80,86,114,119,90,83,87,78,92,51,62,71,68,40,75,32,13,14,14,9,9,43,54,66
"28-09-2010",69,54,31,43,68,45,65,81,57,53,54,50,41,29,38,25,13,1,1,9,11,9,11,7
"29-09-2010",15,17,12,18,19,23,36,29,41,40,30,55,67,41,31,18,7,9,26,40,25,14,77,92
"30-09-2010",99,119,96,92,84,88,58,81,79,45,50,50,35,31,15,19,18,16,20,48,39,37,81,65
"01-10-2010",87,70,93,87,108,82,77,133,133,117,108,75,83,61,42,25,47,32,21,58,47,42,41,80
"02-10-2010",83,112,99,70,90,132,111,145,154,86,72,55,81,52,51,26,29,25,28,34,27,8,27,50
"03-10-2010",72,69,126,117,126,118,90,140,103,84,62,53,37,25,16,13,9,2,8,23,33,9,32,53
"04-10-2010",62,57,87,84,80,90,58,61,112,93,82,40,37,31,14,2,12,2,10,6,4,14,34,51
"05-10-2010",62,31,86,55,65,52,75,73,76,56,70,41,26,5,2,2,2,6,5,2,6,4,3,7
"06-10-2010",16,19,9,6,22,29,14,15,24,38,24,21,14,17,26,22,32,17,27,24,35,55,52,56
"07-10-2010",37,40,54,74,64,52,62,67,81,96,78,68,88,83,81,70,48,20,38,24,32,29,21,19
"08-10-2010",18,16,19,11,15,16,16,11,24,52,55,48,71,50,55,35,52,42,27,71,47,91,42,26
"09-10-2010",15,13,9,9,27,20,62,81,97,75,77,63,76,73,91,84,82,111,123,148,108,80,102,136
"10-10-2010",125,132,100,115,101,84,92,65,112,104,95,79,87,116,106,89,83,117,43,87,80,75,122,153
"11-10-2010",110,135,113,137,75,114,86,88,116,131,115,110,89,61,71,41,48,54,58,78,37,36,42,49
"12-10-2010",49,49,48,33,45,30,46,53,86,56,39,33,15,21,17,38,32,27,28,41,56,36,75,82
"13-10-2010",96,85,64,100,113,107,147,131,143,125,104,51,10,11,12,14,10,9,5,5,5,5,11,10
"14-10-2010",12,43,56,42,50,62,66,48,45,55,52,54,51,43,19,36,29,49,65,63,50,62,72,89
"15-10-2010",93,115,108,71,79,78,100,91,92,120,102,85,125,86,101,45,111,58,55,57,52,69,62,57
"16-10-2010",59,50,58,64,71,94,104,118,74,52,42,33,41,20,39,29,48,75,77,58,63,69,47,46
"17-10-2010",46,37,48,51,31,36,29,33,48,39,52,57,31,28,39,29,25,29,38,42,50,60,43,69
"18-10-2010",56,36,34,32,58,53,41,30,48,42,65,81,66,71,56,24,28,32,23,43,65,53,51,29
"19-10-2010",31,24,17,25,19,9,13,10,13,18,11,20,10,11,12,14,20,26,28,21,46,34,35,31
"20-10-2010",40,48,32,49,38,33,38,61,52,42,39,53,47,29,50,23,18,30,45,60,47,54,83,84
"21-10-2010",70,49,66,50,52,79,110,72,145,142,78,73,65,41,53,48,22,54,72,63,116,67,112,85
"22-10-2010",149,157,121,87,96,92,79,95,95,118,102,84,113,96,84,46,32,32,40,71,65,55,52,45
"23-10-2010",22,49,76,84,88,97,112,118,146,117,104,121,124,104,92,70,75,73,56,86,90,129,101,59
"24-10-2010",137,103,112,115,118,123,76,124,115,113,87,82,78,88,62,48,56,85,74,63,137,156,111,83
"25-10-2010",106,100,89,90,70,108,86,62,85,96,75,78,48,77,48,38,30,19,22,15,15,26,34,45
"26-10-2010",54,75,51,72,74,64,64,89,126,103,70,67,65,42,20,20,19,20,14,20,41,17,32,44
"27-10-2010",44,28,45,52,41,43,46,61,68,70,50,61,38,40,42,25,23,29,47,60,65,63,56,64
"28-10-2010",66,51,55,53,62,71,62,63,69,79,57,59,46,42,47,56,64,57,40,39,51,27,41,24
"29-10-2010",29,38,28,23,44,53,57,62,110,117,46,105,44,39,39,47,45,53,57,48,70,52,67,66
"30-10-2010",85,80,76,62,64,63,63,59,68,67,57,49,56,50,46,34,39,50,34,55,110,86,95,94
"31-10-2010",96,94,78,79,72,66,56,47,39,34,40,41,44,49,48,51,49,35,31,60,63,72,79,72
"01-11-2010",67,54,58,38,33,43,45,51,60,67,57,64,65,54,47,71,38,23,44,89,104,90,102,55
"02-11-2010",51,65,59,56,47,30,51,53,72,57,67,68,78,50,34,13,12,19,55,88,59,59,59,46
"03-11-2010",74,50,70,52,44,35,61,54,94,61,49,54,45,41,13,7,16,19,82,105,129,146,146,108
"04-11-2010",55,71,75,100,97,111,103,128,147,111,104,104,86,91,44,32,36,36,54,121,151,189,212,154
"05-11-2010",158,187,157,157,147,138,126,125,138,116,112,130,117,104,94,95,100,68,87,160,203,199,218,216
"06-11-2010",190,179,166,161,154,150,134,133,131,122,116,110,106,82,67,83,98,93,106,162,158,217,154,169
"07-11-2010",163,151,136,122,105,104,99,109,101,82,79,72,84,60,45,29,20,15,27,57,91,78,49,24
"08-11-2010",36,38,28,26,16,31,34,21,21,16,15,31,37,36,27,10,17,32,31,32,35,28,22,11
"09-11-2010",11,9,10,6,9,15,16,24,23,18,15,11,12,10,8,6,4,4,4,4,13,10,9,5
"10-11-2010",7,6,6,6,7,7,7,9,12,8,7,5,5,6,6,5,5,6,20,23,19,18,18,11
"11-11-2010",15,13,16,13,11,21,21,22,27,24,16,10,9,7,8,7,9,11,20,46,50,35,36,30
"12-11-2010",26,28,36,36,48,36,51,56,61,44,30,38,34,30,11,17,16,22,59,100,90,103,87,90
"13-11-2010",81,75,61,59,50,50,44,42,38,48,53,57,65,58,59,38,38,25,57,51,50,42,61,72
"14-11-2010",76,78,69,82,75,84,81,78,73,67,59,59,67,67,68,73,72,68,37,56,82,99,113,111
"15-11-2010",89,98,124,101,71,84,87,98,128,134,117,103,79,78,84,85,58,70,76,128,180,198,199,196
"16-11-2010",186,174,139,142,117,109,94,97,107,107,102,114,118,77,53,41,22,29,61,83,123,103,111,83
"17-11-2010",62,93,67,52,60,87,77,35,55,44,59,25,34,42,58,45,40,62,38,35,64,37,39,42
"18-11-2010",35,31,34,36,39,41,46,43,52,35,32,35,30,23,42,20,47,60,75,64,58,73,67,71
"19-11-2010",69,53,42,48,49,24,28,39,69,55,55,40,27,44,34,39,40,36,59,61,48,37,50,44
"20-11-2010",41,48,51,44,49,50,41,44,36,38,36,42,46,49,46,64,75,84,81,79,64,60,50,40
"21-11-2010",47,53,58,40,45,47,34,45,52,48,37,39,23,32,16,11,25,28,43,73,86,61,48,34
"22-11-2010",27,37,42,45,36,38,31,23,42,20,14,36,29,16,10,7,8,9,8,7,8,5,6,10
"23-11-2010",14,7,7,11,14,11,6,7,24,23,34,34,25,32,18,22,23,11,8,31,28,26,24,25
"24-11-2010",18,17,18,16,17,20,21,21,29,26,27,23,25,17,13,22,20,18,25,24,17,31,31,23
"25-11-2010",22,23,25,31,26,29,29,29,27,36,30,26,15,28,35,35,21,31,22,32,28,33,30,35
"26-11-2010",34,33,31,32,25,20,23,24,48,52,54,50,45,39,36,15,8,3,2,3,2,2,4,11
"27-11-2010",4,11,17,19,13,14,6,10,17,18,22,20,19,21,18,23,23,34,36,45,57,54,50,51
"28-11-2010",51,51,48,49,56,60,51,48,28,24,27,31,10,10,14,14,24,17,16,22,22,16,12,13
"29-11-2010",13,11,11,9,8,5,9,22,24,20,14,15,17,34,13,7,12,19,20,31,19,23,35,26
"30-11-2010",25,58,51,59,44,57,37,47,63,50,36,24,15,12,13,13,14,16,18,14,14,15,13,40
"01-12-2010",34,34,29,14,24,23,15,31,17,11,10,9,11,10,11,13,19,22,20,18,17,11,20,15
"02-12-2010",19,27,18,17,19,20,15,15,26,16,17,14,9,21,20,13,12,18,14,15,17,25,23,26
"03-12-2010",22,28,24,29,30,20,22,21,29,25,14,11,11,10,12,13,11,16,11,18,24,13,38,51
"04-12-2010",37,15,10,17,9,10,11,12,11,14,18,14,11,13,9,8,16,37,21,12,11,29,28,31
"05-12-2010",32,22,24,27,27,21,25,27,22,28,25,25,21,33,27,15,22,31,61,60,63,66,69,67
"06-12-2010",67,64,57,43,33,39,32,38,46,50,51,46,50,54,74,86,81,68,93,89,88,90,74,78
"07-12-2010",74,70,62,71,59,69,63,66,60,68,80,82,86,58,61,80,58,65,67,99,105,110,113,76
"08-12-2010",70,86,58,71,55,51,49,64,77,81,81,78,93,80,83,80,77,53,79,101,102,113,113,106
"09-12-2010",78,72,84,67,73,62,71,89,105,106,109,95,105,86,52,87,61,71,103,94,110,103,72,69
"10-12-2010",92,72,70,37,17,13,7,9,16,18,19,15,11,5,5,7,27,26,17,16,15,14,15,13
"11-12-2010",10,10,9,9,11,9,10,12,11,5,8,7,8,11,14,10,26,18,23,13,3,4,8,19
"12-12-2010",22,23,27,29,24,27,31,31,34,27,26,24,30,26,17,32,58,79,83,87,78,71,65,52
"13-12-2010",47,28,23,19,15,16,15,17,23,29,29,24,23,31,36,34,37,37,31,42,46,47,45,43
"14-12-2010",48,43,36,38,41,34,24,31,30,25,29,26,25,31,32,34,35,28,10,8,11,21,16,18
"15-12-2010",15,13,14,15,21,18,22,24,30,29,32,27,24,25,26,32,39,43,39,57,70,76,79,84
"16-12-2010",51,41,36,30,29,24,24,29,31,37,34,34,37,34,39,39,36,28,23,18,15,9,9,10
"17-12-2010",9,13,15,16,15,16,17,27,42,65,50,28,25,24,25,23,25,25,28,37,41,45,44,38
"18-12-2010",29,27,21,21,16,19,18,20,18,18,18,19,18,21,22,22,32,34,37,33,38,37,21,17
"19-12-2010",18,24,30,34,30,35,34,31,41,39,42,40,42,49,57,64,71,74,66,66,65,66,66,60
"20-12-2010",57,46,50,49,47,48,49,47,50,45,48,36,35,41,38,46,54,85,114,73,90,57,50,58
"21-12-2010",50,30,34,62,38,50,56,47,55,78,63,47,40,35,58,59,137,111,129,120,129,112,101,107
"22-12-2010",91,58,65,51,65,59,55,63,87,75,89,98,104,81,86,62,46,72,88,90,102,111,115,108
"23-12-2010",81,89,96,81,74,69,58,62,99,126,106,69,63,44,42,45,88,82,108,93,85,63,65,66
"24-12-2010",59,62,47,45,19,22,20,26,27,21,20,18,23,29,33,33,41,54,62,37,33,33,30,35
"25-12-2010",22,25,25,30,34,41,35,33,43,45,23,40,46,42,46,29,41,40,38,37,36,38,44,33
"26-12-2010",36,40,42,52,52,38,43,48,49,51,50,45,47,51,49,52,40,38,42,43,42,43,36,41
"27-12-2010",40,44,43,38,42,45,33,38,45,52,49,49,49,52,54,57,58,52,56,62,64,51,51,53
"28-12-2010",52,34,26,26,22,23,25,31,38,45,30,27,32,41,38,36,39,57,69,61,71,74,78,79
"29-12-2010",85,85,74,61,55,51,46,47,51,63,70,69,62,63,71,85,105,127,123,120,141,123,122,139
"30-12-2010",148,134,112,98,77,81,87,96,110,116,110,98,90,85,85,83,91,100,125,160,185,184,169,174
"31-12-2010",172,152,124,92,83,85,84,88,99,120,104,102,109,109,119,127,126,121,113,132,138,130,113,-9999
