"01-01-2013",-9999,-9999,-9999,-9999,-9999,-9999,-9999,-9999,-9999,-9999,-9999,-9999,-9999,-9999,-9999,-9999,-9999,-9999,-9999,-9999,-9999,-9999,-9999,-9999
"02-01-2013",-9999,-9999,-9999,-9999,-9999,-9999,-9999,-9999,-9999,-9999,-9999,-9999,-9999,-9999,-9999,-9999,-9999,-9999,-9999,-9999,-9999,-9999,-9999,-9999
"03-01-2013",-9999,-9999,-9999,-9999,-9999,-9999,-9999,-9999,-9999,-9999,-9999,-9999,-9999,-9999,-9999,-9999,-9999,-9999,-9999,-9999,-9999,-9999,-9999,-9999
"04-01-2013",-9999,-9999,-9999,-9999,-9999,-9999,-9999,-9999,-9999,-9999,-9999,-9999,-9999,-9999,-9999,-9999,-9999,-9999,-9999,-9999,-9999,-9999,-9999,-9999
"05-01-2013",-9999,-9999,-9999,-9999,-9999,-9999,-9999,-9999,-9999,-9999,-9999,-9999,-9999,-9999,-9999,-9999,-9999,-9999,-9999,-9999,-9999,-9999,-9999,-9999
"06-01-2013",-9999,-9999,-9999,-9999,-9999,-9999,-9999,-9999,-9999,-9999,-9999,-9999,-9999,-9999,-9999,-9999,-9999,-9999,-9999,-9999,-9999,-9999,-9999,-9999
"07-01-2013",-9999,-9999,-9999,-9999,-9999,-9999,-9999,-9999,-9999,-9999,-9999,-9999,-9999,-9999,-9999,-9999,-9999,-9999,-9999,-9999,-9999,-9999,-9999,-9999
"08-01-2013",-9999,-9999,-9999,-9999,-9999,-9999,-9999,-9999,-9999,-9999,-9999,-9999,-9999,-9999,-9999,-9999,-9999,-9999,-9999,-9999,-9999,-9999,-9999,-9999
"09-01-2013",-9999,-9999,-9999,-9999,-9999,-9999,-9999,-9999,-9999,-9999,-9999,-9999,-9999,-9999,-9999,-9999,-9999,-9999,-9999,-9999,-9999,-9999,-9999,-9999
"10-01-2013",-9999,-9999,-9999,-9999,-9999,-9999,-9999,-9999,-9999,-9999,-9999,-9999,-9999,-9999,-9999,-9999,-9999,-9999,-9999,-9999,-9999,-9999,-9999,-9999
"11-01-2013",-9999,-9999,-9999,-9999,-9999,-9999,-9999,-9999,-9999,-9999,-9999,-9999,-9999,-9999,-9999,-9999,-9999,-9999,-9999,-9999,-9999,-9999,-9999,-9999
"12-01-2013",-9999,-9999,-9999,-9999,-9999,-9999,-9999,-9999,-9999,-9999,-9999,-9999,-9999,-9999,-9999,-9999,-9999,-9999,-9999,-9999,-9999,-9999,-9999,-9999
"13-01-2013",-9999,-9999,-9999,-9999,-9999,-9999,-9999,-9999,-9999,-9999,-9999,-9999,-9999,-9999,-9999,-9999,-9999,-9999,-9999,-9999,-9999,-9999,-9999,-9999
"14-01-2013",-9999,-9999,-9999,-9999,-9999,-9999,-9999,-9999,-9999,-9999,-9999,-9999,-9999,-9999,-9999,-9999,-9999,-9999,-9999,-9999,-9999,-9999,-9999,-9999
"15-01-2013",-9999,-9999,-9999,-9999,-9999,-9999,-9999,-9999,-9999,-9999,-9999,-9999,-9999,-9999,-9999,-9999,-9999,-9999,-9999,-9999,-9999,-9999,-9999,-9999
"16-01-2013",-9999,-9999,-9999,-9999,-9999,-9999,-9999,-9999,-9999,-9999,-9999,-9999,-9999,-9999,-9999,-9999,-9999,-9999,-9999,-9999,-9999,-9999,-9999,-9999
"17-01-2013",-9999,-9999,-9999,-9999,-9999,-9999,-9999,-9999,-9999,-9999,-9999,-9999,-9999,-9999,-9999,-9999,-9999,-9999,-9999,-9999,-9999,-9999,-9999,-9999
"18-01-2013",-9999,-9999,-9999,-9999,-9999,-9999,-9999,-9999,-9999,-9999,-9999,-9999,-9999,-9999,-9999,-9999,-9999,-9999,-9999,-9999,-9999,-9999,-9999,-9999
"19-01-2013",-9999,-9999,-9999,-9999,-9999,-9999,-9999,-9999,-9999,-9999,-9999,-9999,-9999,-9999,-9999,-9999,-9999,-9999,-9999,-9999,-9999,-9999,-9999,-9999
"20-01-2013",-9999,-9999,-9999,-9999,-9999,-9999,-9999,-9999,-9999,-9999,-9999,-9999,-9999,-9999,-9999,-9999,-9999,-9999,-9999,-9999,-9999,-9999,-9999,-9999
"21-01-2013",-9999,-9999,-9999,-9999,-9999,-9999,-9999,-9999,-9999,-9999,-9999,-9999,-9999,-9999,-9999,-9999,-9999,-9999,-9999,-9999,-9999,-9999,-9999,-9999
"22-01-2013",-9999,-9999,-9999,-9999,-9999,-9999,-9999,-9999,-9999,-9999,-9999,-9999,-9999,-9999,-9999,-9999,-9999,-9999,-9999,-9999,-9999,-9999,-9999,-9999
"23-01-2013",-9999,-9999,-9999,-9999,-9999,-9999,-9999,-9999,-9999,-9999,-9999,-9999,-9999,-9999,-9999,-9999,-9999,-9999,-9999,-9999,-9999,-9999,-9999,-9999
"24-01-2013",-9999,-9999,-9999,-9999,-9999,-9999,-9999,-9999,-9999,-9999,-9999,-9999,-9999,-9999,-9999,60,52,35,53,44,21,8,14,29
"25-01-2013",23,26,22,19,14,7,5,5,6,8,26,44,71,71,61,51,70,41,17,36,61,69,52,60
"26-01-2013",71,46,28,28,19,21,14,12,11,25,41,62,71,63,47,35,38,32,47,50,50,43,45,49
"27-01-2013",49,49,50,51,51,50,45,44,48,49,48,45,49,51,38,46,41,37,21,15,15,20,25,19
"28-01-2013",28,29,35,33,32,17,6,4,5,15,29,46,50,58,60,58,68,62,34,33,36,29,28,29
"29-01-2013",37,40,48,49,51,46,28,31,27,36,49,52,50,38,49,49,46,38,40,44,44,44,51,48
"30-01-2013",53,71,63,35,42,52,23,12,10,25,44,53,69,75,76,73,66,47,11,10,12,23,27,36
"31-01-2013",36,37,38,40,21,11,8,6,9,17,42,61,69,71,63,60,41,69,61,56,53,60,69,75
"01-02-2013",77,77,75,72,68,47,11,8,12,32,50,62,55,67,74,77,76,69,21,7,7,10,15,12
"02-02-2013",17,19,24,20,11,9,6,6,7,16,48,57,62,67,70,70,62,38,10,10,8,7,13,38
"03-02-2013",53,63,62,59,62,66,57,53,58,65,67,65,70,74,76,77,75,70,59,50,47,47,20,22
"04-02-2013",21,14,15,10,7,5,5,6,6,11,28,39,38,43,50,62,48,42,23,7,8,11,9,8
"05-02-2013",8,9,11,15,9,8,7,8,17,33,44,47,48,51,58,64,60,65,47,19,29,34,19,28
"06-02-2013",20,19,25,18,13,7,6,6,7,11,34,53,53,71,79,64,69,74,65,42,36,16,11,28
"07-02-2013",23,28,21,31,12,7,14,47,57,64,74,76,77,79,79,76,73,55,17,21,61,62,75,50
"08-02-2013",41,69,79,72,75,44,18,8,9,21,57,61,66,76,80,72,75,60,36,30,56,40,30,21
"09-02-2013",21,28,33,29,21,14,9,8,14,29,55,78,80,80,80,77,77,69,57,27,12,18,11,17
"10-02-2013",19,27,45,43,44,43,23,20,28,45,65,78,81,82,82,81,77,66,52,38,41,20,18,25
"11-02-2013",23,23,18,27,38,30,32,41,65,72,73,72,78,83,85,87,84,78,69,55,54,38,25,28
"12-02-2013",33,29,35,40,24,9,5,5,8,22,55,70,75,82,80,79,81,81,78,67,63,70,77,84
"13-02-2013",89,87,88,89,88,90,81,76,76,59,46,34,32,20,24,38,49,26,16,7,6,8,9,8
"14-02-2013",6,11,52,53,50,33,14,15,15,33,13,39,45,26,51,56,47,55,42,57,59,51,64,67
"15-02-2013",66,69,66,62,68,66,58,51,49,48,45,32,46,52,47,46,44,41,30,27,12,10,8,7
"16-02-2013",13,18,15,18,9,7,6,6,7,13,29,45,58,67,71,73,76,58,54,67,54,41,36,41
"17-02-2013",35,43,50,52,41,45,42,35,39,50,56,55,59,58,55,65,66,57,53,58,46,46,44,36
"18-02-2013",35,26,51,51,44,15,11,5,11,42,61,69,70,70,77,79,70,69,59,40,40,38,17,8
"19-02-2013",16,10,13,15,15,9,10,11,12,44,50,49,54,65,52,65,58,35,7,7,7,7,15,38
"20-02-2013",47,75,81,72,68,49,28,24,19,37,71,81,82,89,94,98,98,104,93,55,11,9,16,21
"21-02-2013",24,32,26,22,20,9,6,6,6,6,7,7,8,21,39,29,28,38,32,32,50,59,63,67
"22-02-2013",65,49,53,69,61,56,40,37,42,37,23,28,27,43,24,38,40,26,42,27,19,15,25,30
"23-02-2013",20,26,18,22,9,7,8,8,10,19,37,47,59,76,73,76,73,64,23,14,18,13,13,13
"24-02-2013",13,17,14,19,19,17,13,12,16,44,71,73,76,78,79,84,83,80,73,74,72,44,18,53
"25-02-2013",48,29,41,44,31,14,7,8,19,59,69,73,75,76,74,74,74,74,71,71,68,66,69,73
"26-02-2013",76,77,77,67,65,67,29,8,14,37,54,66,73,74,81,81,79,65,78,69,80,62,65,75
"27-02-2013",59,42,41,47,52,38,11,16,36,69,81,93,95,97,97,95,96,89,68,47,52,53,67,80
"28-02-2013",73,74,77,70,64,35,31,23,39,46,53,58,52,59,53,52,46,48,42,34,44,51,26,32
"01-03-2013",57,59,57,51,58,44,34,23,32,47,53,71,78,82,86,85,86,80,74,35,10,12,17,24
"02-03-2013",28,31,36,28,16,15,10,9,15,27,58,83,91,96,99,97,90,88,82,46,29,20,34,54
"03-03-2013",56,85,87,79,74,72,79,81,74,70,67,75,74,74,78,81,82,79,75,70,68,65,62,58
"04-03-2013",60,62,57,36,19,8,6,8,22,54,65,72,75,80,86,96,93,89,74,14,11,11,18,26
"05-03-2013",28,33,27,37,28,19,25,18,21,54,69,77,83,85,87,87,86,87,77,73,58,61,65,74
"06-03-2013",70,75,68,58,37,31,5,8,16,37,62,77,66,77,87,86,85,80,64,48,9,8,8,13
"07-03-2013",21,27,33,35,27,15,7,8,8,8,16,37,44,53,59,54,39,28,11,11,10,8,7,8
"08-03-2013",9,7,6,6,7,7,6,7,7,10,17,36,63,76,78,81,79,72,50,36,14,7,7,7
"09-03-2013",8,10,10,13,8,7,6,8,10,27,54,73,75,83,82,81,84,80,70,67,80,61,52,54
"10-03-2013",54,39,43,45,54,39,31,28,24,52,61,77,80,82,81,83,79,68,42,23,17,10,7,10
"11-03-2013",10,9,11,14,14,6,5,7,9,15,36,64,81,85,78,77,67,59,58,32,36,72,83,83
"12-03-2013",72,81,79,80,90,65,21,18,28,60,77,89,94,94,93,95,93,89,81,87,85,83,88,84
"13-03-2013",89,87,68,58,39,19,9,10,27,58,82,85,90,89,87,83,72,69,68,46,17,21,10,56
"14-03-2013",67,76,73,83,85,79,80,63,61,66,81,78,82,86,89,90,87,84,78,75,71,75,73,85
"15-03-2013",78,80,80,76,76,71,62,53,69,71,76,72,75,76,78,80,79,77,69,57,63,63,63,67
"16-03-2013",79,49,46,39,43,47,38,58,69,69,72,72,74,65,63,72,71,64,59,47,62,63,62,60
"17-03-2013",63,68,62,70,65,63,63,63,60,65,69,72,75,78,82,84,82,82,78,65,59,38,39,33
"18-03-2013",37,40,40,40,37,36,27,35,59,76,91,95,90,87,88,86,83,80,77,79,77,64,62,83
"19-03-2013",80,78,61,72,55,7,5,6,65,89,92,86,87,85,85,83,82,81,70,41,22,12,12,13
"20-03-2013",20,19,20,12,14,9,6,7,18,37,66,75,78,87,82,83,90,78,58,59,21,8,33,37
"21-03-2013",33,57,68,70,67,48,80,59,65,77,83,85,86,87,88,88,86,81,68,44,29,17,76,100
"22-03-2013",98,90,85,80,76,72,65,57,61,68,73,74,76,80,83,87,86,87,86,83,79,79,79,79
"23-03-2013",78,70,68,65,49,45,39,61,70,78,81,84,84,83,88,91,90,93,89,82,49,52,46,50
"24-03-2013",44,51,56,50,43,42,34,30,60,90,100,104,103,102,101,104,100,97,89,85,77,80,79,82
"25-03-2013",70,64,53,47,40,25,40,83,87,82,88,88,85,83,83,82,80,78,76,73,75,74,64,62
"26-03-2013",53,57,62,56,65,57,24,10,40,78,77,75,72,68,68,66,68,67,72,73,73,74,62,49
"27-03-2013",68,70,65,67,53,33,13,15,46,61,52,53,61,66,66,64,64,64,54,48,50,55,46,54
"28-03-2013",56,61,39,36,30,8,13,7,9,17,28,58,63,68,67,77,79,76,67,56,41,14,11,12
"29-03-2013",18,18,17,15,12,10,8,9,12,33,75,83,90,93,73,74,73,66,69,65,53,30,13,17
"30-03-2013",17,24,26,23,16,10,11,11,30,68,84,85,84,85,82,80,77,71,62,58,43,18,24,28
"31-03-2013",26,25,31,36,37,25,19,31,70,75,80,80,79,78,73,71,64,57,61,60,53,30,15,23
"01-04-2013",28,38,39,65,66,17,-9999,18,45,57,73,76,84,85,87,87,87,85,82,79,75,83,67,52
"02-04-2013",49,29,38,37,29,20,7,8,12,20,35,55,80,86,89,86,83,80,76,72,78,76,58,56
"03-04-2013",59,53,40,47,38,24,19,9,70,80,81,79,80,82,81,79,79,78,75,72,73,74,73,72
"04-04-2013",72,70,65,62,65,54,42,22,36,66,74,73,74,74,74,74,74,75,72,67,64,61,46,39
"05-04-2013",47,36,34,23,21,11,6,8,9,16,36,55,76,89,89,87,85,76,70,70,70,64,65,50
"06-04-2013",45,50,54,51,45,19,11,13,15,25,30,43,61,69,64,66,75,63,58,48,43,34,37,27
"07-04-2013",36,69,74,83,78,71,73,75,77,78,80,81,84,84,83,85,71,71,72,58,69,65,63,57
"08-04-2013",67,58,44,44,46,49,55,56,52,55,56,55,52,52,50,54,51,48,47,50,45,25,25,49
"09-04-2013",38,26,35,29,13,8,25,9,12,39,75,84,89,94,94,90,87,85,82,80,72,65,56,52
"10-04-2013",51,46,60,46,32,16,7,8,18,48,72,83,87,81,85,82,77,73,69,71,67,58,49,51
"11-04-2013",48,37,36,37,29,30,13,8,22,41,64,80,89,94,87,77,76,79,85,80,67,48,53,53
"12-04-2013",46,64,53,43,25,16,7,8,15,38,51,82,82,89,91,94,90,77,71,68,57,30,34,43
"13-04-2013",39,47,34,41,30,10,6,10,30,56,71,86,90,91,92,89,86,86,79,71,68,60,38,36
"14-04-2013",38,38,40,53,45,32,44,22,48,82,83,80,79,80,78,78,75,74,70,67,65,68,65,68
"15-04-2013",49,43,67,62,58,53,38,58,51,57,68,64,68,68,70,69,70,71,71,67,62,63,67,65
"16-04-2013",55,56,60,63,59,56,47,36,56,60,62,62,64,64,65,65,63,60,54,60,57,54,51,51
"17-04-2013",44,53,52,63,61,51,59,54,55,54,63,67,69,69,70,71,72,72,71,63,66,63,55,54
"18-04-2013",56,44,48,61,60,28,15,38,60,67,70,69,70,71,72,73,73,73,73,73,69,63,56,68
"19-04-2013",69,67,64,57,58,48,29,32,59,68,67,67,67,66,63,64,60,59,58,53,52,49,29,38
"20-04-2013",46,47,45,44,40,53,55,48,53,53,57,59,60,62,64,63,63,63,62,56,45,49,49,50
"21-04-2013",43,42,53,47,34,47,38,44,42,48,68,70,68,68,71,73,74,75,73,74,69,54,44,30
"22-04-2013",52,55,47,47,32,21,11,14,31,79,72,85,89,95,102,105,92,85,82,75,68,60,31,32
"23-04-2013",51,53,53,46,39,17,11,10,29,69,86,97,97,102,112,103,103,95,87,83,79,56,36,31
"24-04-2013",35,28,34,74,30,49,45,74,91,83,91,92,102,107,103,106,108,109,107,100,92,59,44,51
"25-04-2013",35,45,33,41,36,13,5,5,11,37,69,94,111,116,135,139,139,131,135,104,99,42,46,50
"26-04-2013",48,49,54,56,37,17,14,10,27,51,90,105,104,112,126,126,151,137,115,108,97,50,55,47
"27-04-2013",63,66,66,60,49,32,22,21,47,59,96,118,-9999,-9999,-9999,-9999,-9999,-9999,-9999,-9999,-9999,-9999,-9999,-9999
"28-04-2013",-9999,-9999,-9999,-9999,-9999,-9999,-9999,-9999,-9999,-9999,-9999,-9999,-9999,-9999,-9999,-9999,-9999,-9999,-9999,-9999,-9999,-9999,-9999,-9999
"29-04-2013",-9999,-9999,-9999,-9999,-9999,-9999,-9999,-9999,-9999,-9999,-9999,-9999,-9999,-9999,-9999,-9999,-9999,-9999,-9999,-9999,-9999,-9999,-9999,-9999
"30-04-2013",-9999,-9999,-9999,-9999,-9999,-9999,-9999,-9999,-9999,-9999,-9999,-9999,-9999,-9999,-9999,-9999,-9999,-9999,-9999,-9999,-9999,-9999,-9999,-9999
"01-05-2013",-9999,-9999,-9999,-9999,-9999,-9999,-9999,-9999,-9999,-9999,-9999,-9999,-9999,-9999,-9999,-9999,-9999,-9999,-9999,-9999,-9999,-9999,-9999,-9999
"02-05-2013",-9999,-9999,-9999,-9999,-9999,-9999,-9999,-9999,-9999,-9999,-9999,-9999,-9999,-9999,-9999,-9999,-9999,-9999,-9999,-9999,-9999,-9999,-9999,-9999
"03-05-2013",-9999,-9999,-9999,-9999,-9999,-9999,-9999,-9999,-9999,-9999,-9999,-9999,-9999,-9999,-9999,-9999,-9999,-9999,-9999,-9999,-9999,-9999,-9999,-9999
"04-05-2013",-9999,-9999,-9999,-9999,-9999,-9999,-9999,-9999,-9999,-9999,-9999,-9999,-9999,-9999,-9999,-9999,-9999,-9999,-9999,-9999,-9999,-9999,-9999,-9999
"05-05-2013",-9999,-9999,-9999,-9999,-9999,-9999,-9999,-9999,-9999,-9999,-9999,-9999,-9999,-9999,-9999,-9999,-9999,-9999,-9999,-9999,-9999,-9999,-9999,-9999
"06-05-2013",-9999,-9999,-9999,-9999,-9999,-9999,-9999,-9999,-9999,-9999,-9999,-9999,-9999,-9999,-9999,-9999,-9999,-9999,-9999,-9999,-9999,-9999,-9999,-9999
"07-05-2013",-9999,-9999,-9999,-9999,-9999,-9999,-9999,-9999,-9999,-9999,-9999,-9999,-9999,-9999,-9999,-9999,-9999,-9999,-9999,-9999,-9999,-9999,-9999,-9999
"08-05-2013",-9999,-9999,-9999,-9999,-9999,-9999,-9999,-9999,-9999,-9999,-9999,-9999,-9999,-9999,-9999,-9999,-9999,-9999,-9999,-9999,-9999,-9999,-9999,-9999
"09-05-2013",-9999,-9999,-9999,-9999,-9999,-9999,-9999,-9999,-9999,-9999,-9999,-9999,-9999,-9999,-9999,-9999,-9999,-9999,-9999,-9999,-9999,-9999,-9999,-9999
"10-05-2013",-9999,-9999,-9999,-9999,-9999,-9999,-9999,-9999,-9999,-9999,-9999,-9999,-9999,-9999,-9999,-9999,-9999,-9999,-9999,-9999,-9999,-9999,-9999,-9999
"11-05-2013",-9999,-9999,-9999,-9999,-9999,-9999,-9999,-9999,-9999,-9999,-9999,-9999,-9999,-9999,-9999,-9999,-9999,-9999,-9999,-9999,-9999,-9999,-9999,-9999
"12-05-2013",-9999,-9999,-9999,-9999,-9999,-9999,-9999,-9999,-9999,-9999,-9999,-9999,-9999,-9999,-9999,-9999,-9999,-9999,-9999,-9999,-9999,-9999,-9999,-9999
"13-05-2013",-9999,-9999,-9999,-9999,-9999,-9999,-9999,-9999,-9999,-9999,-9999,-9999,-9999,-9999,-9999,-9999,-9999,-9999,-9999,-9999,-9999,-9999,-9999,-9999
"14-05-2013",-9999,-9999,-9999,-9999,-9999,-9999,-9999,-9999,-9999,-9999,-9999,-9999,-9999,-9999,-9999,-9999,-9999,-9999,-9999,-9999,-9999,-9999,-9999,-9999
"15-05-2013",-9999,-9999,-9999,-9999,-9999,-9999,-9999,-9999,-9999,-9999,-9999,-9999,-9999,-9999,-9999,-9999,-9999,-9999,-9999,-9999,-9999,-9999,-9999,-9999
"16-05-2013",-9999,-9999,-9999,-9999,-9999,-9999,-9999,-9999,-9999,39,36,-9999,-9999,63,76,77,85,75,77,80,72,71,66,78
"17-05-2013",65,48,40,21,17,10,6,6,31,61,78,83,61,58,78,77,76,71,57,46,37,39,21,26
"18-05-2013",28,36,26,24,25,12,7,15,13,40,67,81,98,86,113,110,108,95,83,77,55,46,12,21
"19-05-2013",30,21,28,25,17,15,20,18,29,41,70,87,99,112,121,114,103,104,105,93,72,53,44,36
"20-05-2013",14,17,22,13,9,4,4,4,9,26,38,49,82,81,71,85,81,77,77,67,52,33,42,29
"21-05-2013",20,27,25,15,18,31,6,34,67,72,74,85,109,108,96,95,92,90,103,108,88,80,81,68
"22-05-2013",57,47,53,45,32,15,5,6,20,56,73,74,86,90,93,78,80,82,75,72,73,65,77,82
"23-05-2013",80,80,65,71,69,66,61,59,66,84,79,84,79,82,81,78,82,82,79,78,78,78,79,81
"24-05-2013",85,86,84,84,82,75,43,55,85,86,85,83,81,81,84,83,83,83,85,84,81,81,83,79
"25-05-2013",79,73,76,72,73,77,73,73,75,75,74,75,74,77,77,76,76,78,80,78,77,76,75,69
"26-05-2013",60,64,62,59,65,58,54,58,63,82,80,81,85,83,81,79,82,81,82,80,76,76,75,77
"27-05-2013",79,77,69,71,69,69,59,59,71,75,78,84,86,85,85,86,83,82,79,76,73,72,66,54
"28-05-2013",58,64,57,54,56,32,16,29,51,53,82,95,92,83,83,80,86,81,80,65,60,53,50,67
"29-05-2013",80,60,50,67,63,46,22,27,72,81,77,83,90,90,90,94,93,83,79,67,77,62,52,54
"30-05-2013",58,54,62,71,64,50,71,71,71,74,77,71,72,74,80,84,76,74,77,63,51,39,39,50
"31-05-2013",73,80,73,70,59,35,26,49,75,80,75,76,76,76,76,77,77,75,70,68,67,68,65,65
"01-06-2013",62,64,63,62,56,56,44,46,52,58,61,63,67,70,70,71,67,68,66,64,60,56,56,59
"02-06-2013",46,41,48,53,59,59,64,61,61,61,69,77,76,77,74,72,72,72,75,73,69,69,67,67
"03-06-2013",66,62,60,58,50,49,13,50,63,65,71,71,71,75,73,72,74,72,74,72,65,64,66,53
"04-06-2013",53,47,41,53,34,24,10,25,66,78,88,88,86,89,91,80,86,78,80,82,79,71,76,76
"05-06-2013",68,67,63,63,60,44,46,39,62,65,73,76,78,80,78,80,80,74,67,69,63,52,50,53
"06-06-2013",74,66,62,60,52,53,37,33,67,71,73,79,82,75,82,95,92,79,77,60,54,58,66,44
"07-06-2013",43,58,49,36,40,30,14,10,38,54,53,85,84,84,71,87,94,95,84,73,71,70,37,52
"08-06-2013",51,44,48,72,79,75,71,63,69,78,85,87,89,99,110,107,86,81,75,55,42,8,12,15
"09-06-2013",9,23,25,31,43,31,20,31,45,59,88,101,117,125,126,118,110,99,96,96,82,61,55,56
"10-06-2013",46,40,46,56,20,12,6,10,45,43,73,91,115,118,116,113,104,103,96,78,52,46,51,39
"11-06-2013",51,47,49,29,13,13,16,14,64,81,103,100,112,112,108,104,103,98,96,90,87,85,85,89
"12-06-2013",99,102,92,82,82,76,65,66,75,73,83,88,92,87,78,78,87,72,83,84,74,67,55,51
"13-06-2013",70,76,68,65,58,47,33,58,59,63,73,72,70,68,69,71,69,69,73,71,64,48,42,44
"14-06-2013",53,59,61,54,64,66,53,58,68,67,62,50,53,60,59,67,69,71,73,73,57,47,53,55
"15-06-2013",56,49,51,53,39,17,10,21,53,65,88,98,99,99,99,102,98,94,84,85,73,62,57,49
"16-06-2013",36,42,43,34,44,28,21,32,36,71,88,112,111,104,104,102,103,104,100,90,83,86,69,46
"17-06-2013",42,50,58,40,30,8,5,14,31,54,80,113,129,122,119,134,143,114,115,111,87,69,38,55
"18-06-2013",64,64,68,43,47,42,34,59,68,81,90,90,87,86,84,84,82,82,80,77,72,68,69,71
"19-06-2013",75,71,71,60,54,45,53,47,61,69,75,77,78,79,80,80,80,80,80,77,77,73,68,75
"20-06-2013",81,81,76,74,74,72,57,55,61,67,67,73,73,74,76,73,-9999,80,78,77,70,66,70,68
"21-06-2013",70,76,77,75,68,68,64,62,63,65,69,71,72,73,73,71,75,74,74,71,66,64,62,71
"22-06-2013",72,70,66,67,66,65,69,71,68,72,73,74,75,77,77,78,77,76,74,70,63,50,63,60
"23-06-2013",56,45,64,67,60,45,52,56,65,74,74,78,80,79,85,121,113,101,95,91,86,66,42,41
"24-06-2013",25,30,35,40,31,12,8,16,41,77,97,111,128,123,109,128,134,135,130,114,84,63,59,42
"25-06-2013",34,33,25,21,19,16,9,25,60,75,89,92,98,97,97,101,100,89,86,84,68,64,65,59
"26-06-2013",43,44,47,39,33,16,7,25,53,72,90,93,108,117,114,127,140,133,140,122,112,99,85,65
"27-06-2013",59,51,67,78,78,73,73,70,72,73,75,79,85,87,91,99,103,100,78,83,72,65,73,70
"28-06-2013",65,67,70,75,75,78,67,66,68,72,74,79,97,90,85,98,106,98,104,92,91,86,81,69
"29-06-2013",62,65,60,56,47,37,27,43,62,68,93,96,95,101,110,99,111,108,98,91,91,88,91,91
"30-06-2013",91,90,87,85,82,79,77,77,82,82,83,83,83,84,81,83,82,81,80,80,80,72,64,73
"01-07-2013",77,73,69,66,59,34,17,54,70,72,76,79,82,81,84,85,86,91,90,94,88,83,85,72
"02-07-2013",69,67,64,67,54,42,32,42,74,77,80,81,84,87,89,105,112,98,89,83,82,81,76,58
"03-07-2013",53,64,58,47,41,23,15,20,52,-9999,-9999,-9999,135,149,158,148,135,122,116,108,103,78,85,74
"04-07-2013",86,55,60,53,44,38,30,56,79,101,109,111,110,108,105,101,102,99,97,93,86,69,77,84
"05-07-2013",78,74,82,80,77,67,55,55,85,90,91,91,92,93,92,92,92,90,89,86,81,78,74,65
"06-07-2013",55,63,73,73,70,81,81,79,75,79,86,87,88,88,91,92,93,94,94,92,92,95,97,96
"07-07-2013",91,91,89,87,87,86,85,84,84,87,90,91,92,92,92,93,96,95,94,90,85,90,90,91
"08-07-2013",91,92,92,91,87,84,79,76,79,84,87,88,87,86,88,89,88,89,86,82,86,86,85,87
"09-07-2013",87,91,93,90,87,84,82,81,82,86,85,86,87,86,87,88,88,86,86,84,88,87,85,84
"10-07-2013",85,91,86,83,81,80,75,77,78,79,82,81,83,85,84,85,86,86,85,84,77,69,69,46
"11-07-2013",62,61,75,69,61,48,40,62,82,88,88,93,90,91,92,92,93,93,94,87,75,74,55,69
"12-07-2013",65,60,68,53,53,42,14,45,80,90,109,118,134,119,116,131,146,130,122,108,94,88,67,73
"13-07-2013",90,91,89,89,93,93,94,96,93,92,93,94,94,93,92,93,92,91,92,90,86,71,71,78
"14-07-2013",84,77,79,69,71,82,83,79,84,82,84,87,88,89,91,97,98,96,95,88,81,76,72,78
"15-07-2013",74,70,71,52,42,28,44,57,79,86,90,91,92,92,91,91,92,93,89,92,90,84,65,64
"16-07-2013",67,75,75,74,76,64,68,73,81,86,87,88,86,85,85,86,85,83,80,76,73,69,65,53
"17-07-2013",69,66,65,73,67,64,67,71,66,67,63,60,65,68,69,71,69,71,71,66,68,69,65,69
"18-07-2013",66,67,68,54,63,55,54,56,60,61,65,65,66,66,68,68,69,70,68,68,68,69,66,62
"19-07-2013",59,70,69,71,71,68,64,63,64,63,65,70,71,72,72,73,70,68,67,65,64,63,66,66
"20-07-2013",58,49,47,53,30,24,9,44,92,85,85,85,84,83,81,79,75,77,76,72,64,66,57,31
"21-07-2013",31,43,20,32,77,58,57,64,74,82,83,83,83,84,86,87,87,88,86,84,77,61,52,54
"22-07-2013",46,64,45,56,77,65,68,74,71,68,60,62,58,63,65,65,66,67,63,57,54,50,58,46
"23-07-2013",59,63,64,62,61,42,45,48,61,61,66,68,67,69,68,66,65,66,65,62,55,56,58,59
"24-07-2013",53,47,56,60,48,53,47,26,67,67,78,83,83,84,83,83,85,86,85,83,76,53,58,73
"25-07-2013",69,59,43,56,38,19,5,21,41,72,118,136,146,121,116,127,114,114,108,111,103,97,91,67
"26-07-2013",59,67,85,83,44,9,4,9,19,84,126,129,132,130,126,122,126,146,128,114,106,89,97,73
"27-07-2013",85,79,75,90,68,66,27,24,75,107,133,133,134,138,161,155,128,129,112,105,96,99,89,83
"28-07-2013",82,71,73,87,61,54,51,36,81,110,125,130,123,114,112,110,107,108,105,102,93,87,86,70
"29-07-2013",66,84,69,73,75,62,38,55,71,89,93,95,95,96,96,96,95,97,94,87,79,62,64,68
"30-07-2013",75,58,70,70,77,54,32,42,81,73,105,122,123,114,129,151,138,119,105,102,99,79,70,48
"31-07-2013",76,63,53,58,45,24,8,11,22,87,112,121,117,120,124,127,136,130,128,126,114,100,90,98
"01-08-2013",104,106,97,93,80,85,82,79,80,88,94,99,100,99,97,95,95,92,89,85,79,74,72,86
"02-08-2013",66,49,70,78,78,71,54,70,81,85,88,87,88,88,88,88,86,88,84,81,68,70,63,80
"03-08-2013",49,76,85,85,84,82,77,79,78,74,80,81,83,84,84,84,82,77,68,66,63,60,61,61
"04-08-2013",54,62,63,58,65,61,52,39,69,79,84,87,87,87,85,85,84,87,90,87,73,73,70,73
"05-08-2013",79,83,80,76,74,69,57,58,65,72,73,74,74,73,71,72,72,72,73,67,67,64,65,71
"06-08-2013",69,71,69,70,67,68,67,67,67,68,71,75,75,77,78,81,81,80,81,78,70,73,73,76
"07-08-2013",78,80,79,75,72,70,60,64,68,72,85,91,94,95,96,95,97,97,95,91,89,85,90,90
"08-08-2013",94,95,94,93,91,89,85,80,79,81,84,86,87,88,90,92,92,92,88,85,73,79,74,74
"09-08-2013",84,87,87,90,87,76,66,80,87,85,88,90,91,91,92,92,94,95,93,90,68,88,90,90
"10-08-2013",86,92,91,89,88,83,78,80,92,92,94,92,94,97,96,96,96,94,96,91,82,79,82,78
"11-08-2013",71,86,98,98,95,91,88,83,84,84,87,87,87,88,88,88,88,89,84,80,76,78,67,73
"12-08-2013",66,67,67,72,72,55,47,69,76,83,88,89,90,93,94,94,94,93,91,83,68,68,75,85
"13-08-2013",68,69,78,72,69,62,65,71,88,87,94,97,98,100,100,97,96,95,95,92,86,69,82,82
"14-08-2013",67,66,80,77,79,80,82,87,88,89,95,98,99,100,99,99,99,96,93,85,86,85,85,86
"15-08-2013",85,86,95,95,93,92,91,91,92,92,92,96,96,95,96,97,95,93,88,80,74,79,82,85
"16-08-2013",85,87,85,83,83,79,75,76,76,76,79,80,83,85,86,84,83,85,84,80,83,84,84,83
"17-08-2013",78,75,72,69,75,79,84,83,85,82,82,83,89,90,88,87,86,85,82,79,77,78,78,82
"18-08-2013",82,81,82,79,76,75,74,75,71,71,71,74,75,78,81,80,78,78,78,74,61,54,46,39
"19-08-2013",57,66,68,45,31,66,74,78,79,77,83,-9999,-9999,107,108,109,109,108,102,90,86,92,91,92
"20-08-2013",81,68,90,99,99,95,92,85,81,85,89,93,97,98,100,100,100,99,96,94,81,67,85,86
"21-08-2013",77,85,94,91,93,90,78,78,88,91,93,96,95,93,92,88,89,88,88,84,87,89,88,87
"22-08-2013",87,87,87,86,84,81,73,79,82,84,82,83,85,84,86,84,85,86,84,82,76,83,82,83
"23-08-2013",82,84,84,85,83,80,71,70,81,81,83,85,87,83,83,87,108,116,118,97,74,89,82,92
"24-08-2013",68,77,88,74,64,67,35,61,55,82,112,121,127,123,115,134,125,121,116,104,88,80,72,86
"25-08-2013",90,77,70,64,69,65,74,71,76,93,125,126,128,139,139,139,132,116,116,107,96,82,61,64
"26-08-2013",52,50,67,55,50,46,16,9,12,72,116,112,125,130,130,143,142,138,135,118,110,73,38,60
"27-08-2013",60,52,47,46,44,21,16,6,16,62,94,111,133,138,140,131,131,126,105,101,94,47,54,34
"28-08-2013",27,30,46,38,14,11,2,5,23,50,81,95,98,106,111,111,108,106,101,101,93,75,91,95
"29-08-2013",94,88,97,92,75,67,67,44,73,81,95,107,120,115,117,120,121,119,107,112,106,80,73,67
"30-08-2013",67,55,74,76,86,93,89,92,89,95,102,105,111,115,115,119,123,127,124,115,115,102,103,93
"31-08-2013",81,89,93,90,84,86,50,66,67,117,125,124,121,122,122,124,122,118,122,108,97,91,88,82
"01-09-2013",93,99,108,110,107,97,91,96,91,98,110,117,122,130,140,145,140,128,125,105,98,98,89,84
"02-09-2013",66,57,65,54,70,56,60,12,28,64,72,110,140,147,148,143,157,120,104,100,97,86,74,70
"03-09-2013",57,65,79,69,51,21,56,54,80,83,108,125,135,142,137,130,131,133,120,111,107,76,81,89
"04-09-2013",84,91,88,80,71,60,43,46,52,62,68,74,74,68,87,91,90,93,92,85,76,76,69,71
"05-09-2013",42,39,58,62,44,16,6,6,24,41,94,108,121,122,140,134,118,100,105,103,99,97,86,63
"06-09-2013",55,67,68,69,62,29,11,7,25,52,86,100,117,137,139,118,132,120,112,108,108,79,47,63
"07-09-2013",76,76,72,60,58,37,29,19,32,40,69,75,88,92,98,98,99,92,106,111,99,56,43,65
"08-09-2013",61,48,52,46,19,34,64,77,58,92,119,126,131,129,126,124,125,128,132,131,120,113,103,113
"09-09-2013",107,109,95,94,93,73,49,19,53,83,96,101,104,109,111,114,121,141,120,110,79,79,69,44
"10-09-2013",36,42,45,42,28,10,4,4,8,50,72,98,123,134,148,150,136,126,115,92,79,59,70,75
"11-09-2013",66,60,75,60,33,15,3,3,20,51,82,87,99,130,110,142,136,98,93,73,55,26,10,8
"12-09-2013",9,13,16,17,8,3,2,3,6,47,78,101,96,120,124,129,141,128,109,69,50,73,76,37
"13-09-2013",38,26,47,66,69,42,5,5,12,62,76,85,90,92,93,96,97,95,92,91,85,95,102,102
"14-09-2013",98,99,98,99,95,87,78,85,96,81,89,96,100,108,106,108,113,120,111,106,106,108,95,81
"15-09-2013",61,61,69,78,87,97,82,67,83,100,108,110,112,111,112,115,114,113,106,108,107,89,81,73
"16-09-2013",63,64,62,48,55,25,38,71,85,93,98,107,105,106,107,87,81,72,84,101,95,92,93,86
"17-09-2013",66,71,72,75,68,45,31,14,34,71,86,94,95,94,98,99,96,88,87,79,72,74,81,84
"18-09-2013",86,82,84,80,73,62,24,25,60,73,74,76,77,76,77,79,79,79,76,74,77,65,58,57
"19-09-2013",67,76,76,80,71,57,23,20,47,61,81,92,93,92,91,95,96,98,92,85,68,68,76,72
"20-09-2013",56,53,51,48,30,23,10,26,32,55,69,77,84,96,99,104,97,94,89,89,84,79,69,54
"21-09-2013",46,50,57,65,69,62,33,52,54,77,86,89,90,87,93,112,115,106,97,96,97,92,86,77
"22-09-2013",63,65,83,71,50,63,44,53,76,79,81,84,84,89,87,91,89,85,80,71,68,66,63,71
"23-09-2013",77,64,72,80,60,29,24,44,38,54,66,68,73,73,73,75,75,78,75,52,35,32,32,29
"24-09-2013",38,38,41,32,12,6,10,16,49,65,92,100,110,113,117,115,125,123,122,111,92,64,37,35
"25-09-2013",44,44,33,48,36,24,8,6,11,35,63,88,115,126,124,120,114,109,94,84,79,61,26,24
"26-09-2013",26,42,40,34,21,12,2,3,12,63,75,98,105,110,118,125,113,99,96,84,73,49,61,67
"27-09-2013",45,34,43,23,24,13,5,6,22,62,89,97,105,104,116,107,103,110,90,85,84,94,60,66
"28-09-2013",78,78,63,71,49,31,30,31,28,64,33,69,98,125,125,116,124,118,107,89,88,66,54,71
"29-09-2013",59,57,65,57,48,40,25,25,51,75,87,117,124,129,125,125,117,107,97,95,81,49,43,32
"30-09-2013",34,32,40,36,29,13,5,4,8,26,52,-9999,86,87,82,74,78,74,68,53,27,31,33,61
"01-10-2013",63,58,53,54,40,30,19,10,4,18,32,44,61,72,78,76,77,76,77,77,74,76,65,61
"02-10-2013",69,64,51,32,30,31,15,21,27,35,46,52,56,55,57,59,50,44,42,38,39,42,46,45
"03-10-2013",41,41,45,48,41,43,46,35,24,34,42,42,45,45,54,53,51,52,49,43,37,39,47,54
"04-10-2013",54,56,46,46,50,46,35,18,22,39,42,43,49,46,50,48,48,48,51,48,49,51,53,55
"05-10-2013",54,57,60,62,54,47,41,42,42,52,56,57,62,63,64,65,66,63,59,55,57,48,45,37
"06-10-2013",21,23,24,42,57,48,26,28,44,53,66,68,72,77,80,80,80,81,73,57,51,50,45,52
"07-10-2013",50,57,46,50,59,55,38,32,42,52,66,67,69,73,76,80,88,83,59,51,57,62,61,72
"08-10-2013",69,65,72,74,71,62,61,53,46,64,66,64,71,78,81,87,91,90,73,64,54,62,64,69
"09-10-2013",68,69,68,65,60,62,50,42,7,15,55,70,83,87,92,92,89,89,81,83,76,76,59,27
"10-10-2013",31,35,34,28,34,26,8,4,4,5,6,21,29,24,55,55,59,39,10,5,4,4,4,4
"11-10-2013",6,6,6,6,4,3,3,3,4,7,19,46,62,70,75,65,65,40,43,7,3,3,5,5
"12-10-2013",5,5,11,8,4,2,2,3,4,15,28,24,54,70,77,72,68,61,72,72,48,25,17,5
"13-10-2013",6,13,15,14,11,7,11,5,11,39,44,58,68,65,73,78,96,120,87,86,68,26,10,10
"14-10-2013",9,15,23,22,8,5,3,3,9,12,40,59,69,90,102,104,111,111,104,58,33,17,22,19
"15-10-2013",24,23,22,20,12,3,3,3,3,13,37,69,72,92,109,105,89,82,73,39,17,21,14,8
"16-10-2013",7,7,12,7,5,4,8,3,4,10,42,46,34,36,56,54,53,33,18,5,4,4,4,8
"17-10-2013",22,31,33,31,48,62,73,77,79,74,77,87,84,68,69,73,76,75,62,47,33,40,48,55
"18-10-2013",53,54,53,56,51,18,19,6,14,50,57,64,72,80,79,78,73,67,64,54,25,23,12,39
"19-10-2013",79,74,58,63,63,61,64,63,61,56,66,70,74,76,77,78,77,74,59,39,56,52,41,36
"20-10-2013",44,40,43,40,42,42,36,38,45,64,73,78,83,87,89,94,94,96,74,51,30,29,38,24
"21-10-2013",25,27,30,33,15,6,2,2,3,13,37,64,84,95,95,106,98,95,90,74,35,42,48,41
"22-10-2013",44,33,34,29,14,10,4,4,5,12,36,45,62,63,89,100,105,100,84,49,16,13,20,27
"23-10-2013",31,37,29,14,4,5,41,59,44,75,75,75,79,85,89,87,87,78,70,29,77,75,82,80
"24-10-2013",78,76,74,74,72,71,63,58,61,65,67,66,70,71,73,72,71,68,71,69,63,69,62,60
"25-10-2013",64,70,70,72,70,64,63,59,54,63,64,62,67,67,71,71,70,70,59,42,67,65,63,60
"26-10-2013",65,65,68,73,68,67,55,44,49,54,63,64,68,72,70,74,71,69,63,56,50,58,66,61
"27-10-2013",66,63,72,75,73,73,72,60,71,72,62,63,66,75,77,77,78,73,58,46,42,41,24,38
"28-10-2013",48,47,53,45,51,42,35,27,25,33,47,55,57,62,72,83,81,73,72,70,46,35,22,15
"29-10-2013",20,25,19,26,30,22,8,3,6,19,-9999,76,86,72,84,83,75,71,44,16,22,15,14,17
"30-10-2013",20,23,20,7,8,3,2,4,8,25,60,74,79,90,89,90,90,77,68,17,10,7,10,18
"31-10-2013",50,70,74,49,77,73,70,63,75,75,71,75,78,77,74,68,73,69,65,64,70,69,72,72
"01-11-2013",74,74,74,72,69,61,56,55,53,52,59,61,62,58,61,62,52,42,54,57,61,62,48,45
"02-11-2013",50,57,56,55,53,48,45,38,39,57,56,60,65,71,76,78,77,70,55,14,14,33,21,23
"03-11-2013",30,32,25,14,17,11,9,10,20,36,44,76,77,74,80,78,75,76,57,9,14,9,6,17
"04-11-2013",9,11,6,7,5,1,1,2,6,27,40,53,63,70,76,72,74,72,57,7,4,7,15,13
"05-11-2013",11,15,18,7,5,5,4,4,18,55,62,67,64,61,57,68,71,71,69,73,69,77,79,83
"06-11-2013",73,76,75,75,55,50,60,54,55,64,40,36,40,40,33,43,41,33,12,15,9,18,31,43
"07-11-2013",49,58,57,58,57,42,56,44,51,49,50,55,58,61,62,59,52,42,20,31,40,37,24,18
"08-11-2013",24,22,23,13,15,11,1,2,7,23,37,58,62,61,76,75,62,48,8,3,5,6,6,12
"09-11-2013",11,17,28,24,14,4,6,5,12,25,37,60,67,77,77,76,75,54,21,17,18,10,12,17
"10-11-2013",14,13,11,13,4,4,3,4,7,25,35,62,64,81,90,83,85,68,58,12,10,9,9,20
"11-11-2013",12,16,12,13,9,5,5,5,7,24,50,58,52,61,62,64,52,40,43,41,36,43,45,46
"12-11-2013",53,46,37,29,16,6,7,19,30,40,47,50,50,55,53,50,35,43,53,43,42,13,16,33
"13-11-2013",30,24,28,43,38,20,6,8,16,24,48,59,66,58,52,54,49,31,8,14,15,7,5,21
"14-11-2013",32,53,45,48,29,20,16,8,16,20,30,33,49,41,41,45,47,51,50,53,50,54,64,63
"15-11-2013",62,59,57,55,53,52,45,44,47,43,46,48,48,51,46,47,44,41,39,36,38,40,44,50
"16-11-2013",50,52,49,49,44,40,37,39,43,52,48,52,59,59,59,58,47,47,34,34,36,53,62,61
"17-11-2013",58,58,56,57,55,54,54,54,51,52,53,55,55,56,56,56,54,52,54,51,50,50,53,52
"18-11-2013",54,52,50,50,47,41,34,23,31,43,47,49,49,47,51,50,44,38,41,40,40,32,44,51
"19-11-2013",55,44,49,53,19,24,18,7,12,24,44,63,65,64,66,70,65,59,54,17,8,46,55,29
"20-11-2013",55,62,72,69,77,72,66,60,36,27,38,46,52,66,59,54,53,28,5,5,3,4,2,4
"21-11-2013",12,22,20,19,10,6,4,2,3,5,18,51,54,50,59,68,65,67,64,24,25,34,15,13
"22-11-2013",21,15,26,14,12,8,5,3,6,19,40,54,62,61,63,67,62,13,4,4,4,5,7,10
"23-11-2013",15,11,16,12,8,4,4,4,7,24,39,62,78,79,84,83,68,50,22,7,9,14,19,10
"24-11-2013",16,20,24,25,22,27,17,16,16,19,67,67,51,39,39,63,53,33,20,15,13,5,5,5
"25-11-2013",7,12,15,20,15,5,3,3,5,8,13,51,64,71,72,74,28,16,23,17,11,6,8,13
"26-11-2013",17,16,21,16,11,8,3,3,4,8,25,40,66,49,65,63,34,7,6,7,6,7,6,10
"27-11-2013",9,8,9,30,66,68,41,31,50,62,68,70,70,71,68,65,55,19,26,34,28,12,31,42
"28-11-2013",49,49,52,52,46,32,16,13,29,39,40,49,54,56,63,52,25,17,24,30,33,34,22,27
"29-11-2013",16,20,21,19,13,7,5,5,5,16,33,43,57,64,69,62,52,16,5,4,4,5,9,11
"30-11-2013",21,25,42,40,38,42,32,24,23,26,26,22,21,46,44,51,52,45,45,42,40,39,38,41
"01-12-2013",43,41,47,42,47,44,54,32,21,58,58,56,55,48,45,49,53,53,54,54,54,53,55,52
"02-12-2013",53,47,44,48,51,35,30,16,13,17,17,17,29,37,39,41,39,34,41,43,46,50,52,50
"03-12-2013",47,50,51,56,59,60,56,52,51,51,50,50,51,53,54,55,55,55,54,54,55,56,58,57
"04-12-2013",57,58,59,58,58,56,55,52,50,46,-9999,-9999,-9999,-9999,-9999,-9999,-9999,-9999,-9999,-9999,-9999,-9999,-9999,-9999
"05-12-2013",-9999,-9999,-9999,-9999,-9999,-9999,-9999,-9999,-9999,-9999,-9999,-9999,-9999,-9999,-9999,-9999,-9999,-9999,-9999,-9999,-9999,-9999,-9999,-9999
"06-12-2013",-9999,-9999,-9999,-9999,-9999,-9999,-9999,-9999,-9999,-9999,-9999,-9999,-9999,-9999,-9999,-9999,-9999,-9999,-9999,-9999,-9999,-9999,-9999,-9999
"07-12-2013",-9999,-9999,-9999,-9999,-9999,-9999,-9999,-9999,-9999,-9999,-9999,-9999,-9999,-9999,-9999,-9999,-9999,-9999,-9999,-9999,-9999,-9999,-9999,-9999
"08-12-2013",-9999,-9999,-9999,-9999,-9999,-9999,-9999,-9999,-9999,-9999,-9999,-9999,-9999,-9999,-9999,-9999,-9999,-9999,-9999,-9999,-9999,-9999,-9999,-9999
"09-12-2013",-9999,-9999,-9999,-9999,-9999,-9999,-9999,-9999,-9999,-9999,-9999,-9999,-9999,-9999,-9999,-9999,-9999,-9999,-9999,-9999,-9999,-9999,-9999,-9999
"10-12-2013",-9999,-9999,-9999,-9999,-9999,-9999,-9999,-9999,-9999,-9999,-9999,-9999,-9999,-9999,-9999,-9999,-9999,-9999,-9999,-9999,-9999,-9999,-9999,-9999
"11-12-2013",-9999,-9999,-9999,-9999,-9999,-9999,-9999,-9999,-9999,-9999,-9999,-9999,-9999,-9999,-9999,-9999,-9999,-9999,-9999,-9999,-9999,-9999,-9999,-9999
"12-12-2013",-9999,-9999,-9999,-9999,-9999,-9999,-9999,-9999,-9999,-9999,-9999,-9999,-9999,-9999,-9999,-9999,-9999,-9999,-9999,-9999,-9999,-9999,-9999,-9999
"13-12-2013",-9999,-9999,-9999,-9999,-9999,-9999,-9999,-9999,-9999,-9999,-9999,-9999,-9999,-9999,-9999,-9999,-9999,-9999,-9999,-9999,-9999,-9999,-9999,-9999
"14-12-2013",-9999,-9999,-9999,-9999,-9999,-9999,-9999,-9999,-9999,-9999,-9999,-9999,-9999,-9999,-9999,-9999,-9999,-9999,-9999,-9999,-9999,-9999,-9999,-9999
"15-12-2013",-9999,-9999,-9999,-9999,-9999,-9999,-9999,-9999,-9999,-9999,-9999,-9999,-9999,-9999,-9999,-9999,-9999,-9999,-9999,-9999,-9999,-9999,-9999,-9999
"16-12-2013",-9999,-9999,-9999,-9999,-9999,-9999,-9999,-9999,-9999,-9999,-9999,-9999,-9999,-9999,-9999,-9999,-9999,-9999,-9999,-9999,-9999,-9999,-9999,-9999
"17-12-2013",-9999,-9999,-9999,-9999,-9999,-9999,-9999,-9999,-9999,-9999,-9999,-9999,-9999,-9999,-9999,-9999,-9999,-9999,-9999,-9999,-9999,-9999,-9999,-9999
"18-12-2013",-9999,-9999,-9999,-9999,-9999,-9999,-9999,-9999,-9999,-9999,-9999,-9999,-9999,-9999,-9999,-9999,-9999,-9999,-9999,-9999,-9999,-9999,-9999,-9999
"19-12-2013",-9999,-9999,-9999,-9999,-9999,-9999,-9999,-9999,-9999,-9999,-9999,-9999,-9999,-9999,-9999,-9999,-9999,-9999,-9999,-9999,-9999,-9999,-9999,-9999
"20-12-2013",-9999,-9999,-9999,-9999,-9999,-9999,-9999,-9999,-9999,-9999,-9999,-9999,-9999,-9999,-9999,-9999,-9999,-9999,-9999,-9999,-9999,-9999,-9999,-9999
"21-12-2013",-9999,-9999,-9999,-9999,-9999,-9999,-9999,-9999,-9999,-9999,-9999,-9999,-9999,-9999,-9999,-9999,-9999,-9999,-9999,-9999,-9999,-9999,-9999,-9999
"22-12-2013",-9999,-9999,-9999,-9999,-9999,-9999,-9999,-9999,-9999,-9999,-9999,-9999,-9999,-9999,-9999,-9999,-9999,-9999,-9999,-9999,-9999,-9999,-9999,-9999
"23-12-2013",-9999,-9999,-9999,-9999,-9999,-9999,-9999,-9999,-9999,-9999,-9999,-9999,-9999,-9999,-9999,-9999,-9999,-9999,-9999,-9999,-9999,-9999,-9999,-9999
"24-12-2013",-9999,-9999,-9999,-9999,-9999,-9999,-9999,-9999,-9999,-9999,-9999,-9999,-9999,-9999,-9999,-9999,-9999,-9999,-9999,-9999,-9999,-9999,-9999,-9999
"25-12-2013",-9999,-9999,-9999,-9999,-9999,-9999,-9999,-9999,-9999,-9999,-9999,-9999,-9999,-9999,-9999,-9999,-9999,-9999,-9999,-9999,-9999,-9999,-9999,-9999
"26-12-2013",-9999,-9999,-9999,-9999,-9999,-9999,-9999,-9999,-9999,-9999,-9999,-9999,-9999,-9999,-9999,-9999,-9999,-9999,-9999,-9999,-9999,-9999,-9999,-9999
"27-12-2013",-9999,-9999,-9999,-9999,-9999,-9999,-9999,-9999,-9999,-9999,-9999,-9999,-9999,-9999,-9999,-9999,-9999,-9999,-9999,-9999,-9999,-9999,-9999,-9999
"28-12-2013",-9999,-9999,-9999,-9999,-9999,-9999,-9999,-9999,-9999,-9999,-9999,-9999,-9999,-9999,-9999,-9999,-9999,-9999,-9999,-9999,-9999,-9999,-9999,-9999
"29-12-2013",-9999,-9999,-9999,-9999,-9999,-9999,-9999,-9999,-9999,-9999,-9999,-9999,-9999,-9999,-9999,-9999,-9999,-9999,-9999,-9999,-9999,-9999,-9999,-9999
"30-12-2013",-9999,-9999,-9999,-9999,-9999,-9999,-9999,-9999,-9999,-9999,-9999,-9999,-9999,-9999,-9999,-9999,-9999,-9999,-9999,-9999,-9999,-9999,-9999,-9999
"31-12-2013",-9999,-9999,-9999,-9999,-9999,-9999,-9999,-9999,-9999,-9999,-9999,-9999,-9999,-9999,-9999,-9999,-9999,-9999,-9999,-9999,-9999,-9999,-9999,-9999
