"01-01-2010",69,68,68,47,43,39,32,55,48,54,59,69,71,70,72,73,84,85,75,53,36,74,81,85
"02-01-2010",89,92,93,96,93,95,90,78,95,78,86,87,77,83,78,77,64,60,56,60,59,55,61,64
"03-01-2010",67,39,41,35,31,61,36,44,64,67,67,70,73,76,81,82,84,84,84,74,73,72,73,50
"04-01-2010",50,29,22,21,41,45,36,22,25,45,50,55,54,59,60,57,50,37,32,31,36,43,43,49
"05-01-2010",56,35,28,55,25,22,19,33,43,42,42,57,72,77,82,83,81,82,78,75,79,79,83,85
"06-01-2010",82,82,85,87,83,74,82,81,82,79,78,79,80,82,83,83,80,78,74,75,71,73,76,74
"07-01-2010",78,77,68,63,67,50,39,44,50,54,60,62,63,68,68,66,61,48,43,50,23,8,8,21
"08-01-2010",54,59,53,12,61,37,13,9,38,55,65,67,77,78,75,78,71,57,61,66,72,69,71,74
"09-01-2010",82,85,87,82,82,77,78,81,82,80,88,89,88,93,94,96,94,91,90,86,83,81,84,86
"10-01-2010",83,81,81,56,48,43,58,52,39,82,93,92,92,91,90,92,94,85,73,55,53,62,58,62
"11-01-2010",72,62,84,84,83,81,64,42,46,59,69,64,68,63,49,43,42,46,33,28,27,37,25,47
"12-01-2010",42,40,49,36,25,25,13,4,4,5,5,9,20,18,31,51,61,25,10,5,5,4,4,4
"13-01-2010",3,4,12,15,5,25,15,10,7,16,39,55,65,68,64,54,47,35,24,33,32,13,7,17
"14-01-2010",22,55,56,78,71,58,44,12,7,19,36,39,38,39,34,31,25,21,27,16,18,13,17,24
"15-01-2010",18,12,21,14,11,21,10,3,5,8,8,20,30,30,32,35,42,43,37,38,37,33,34,36
"16-01-2010",43,48,50,50,52,51,47,47,41,41,47,50,47,48,44,46,46,45,42,37,41,44,47,50
"17-01-2010",51,50,48,49,50,51,48,46,47,50,49,49,47,47,45,43,42,37,25,13,11,10,10,13
"18-01-2010",8,13,20,26,17,13,5,3,3,5,9,13,19,22,24,21,12,9,6,7,9,13,16,14
"19-01-2010",6,23,32,34,36,13,7,6,6,16,33,37,42,43,41,41,30,29,22,16,21,25,22,32
"20-01-2010",30,40,41,42,35,23,9,7,9,21,29,39,51,55,59,54,52,36,20,11,7,3,3,3
"21-01-2010",3,3,2,3,2,2,2,2,3,3,13,41,51,67,57,56,58,63,62,45,27,42,33,52
"22-01-2010",61,74,80,72,77,70,61,24,18,49,31,42,51,46,44,47,38,30,29,22,31,34,35,48
"23-01-2010",51,57,59,57,52,47,36,28,33,31,46,50,54,51,49,44,45,43,35,36,37,35,40,48
"24-01-2010",53,51,55,55,56,59,51,35,46,42,51,54,55,56,52,54,46,38,32,30,30,30,37,44
"25-01-2010",58,62,63,66,59,59,46,33,38,47,56,59,65,61,62,59,61,62,53,43,40,43,63,65
"26-01-2010",72,77,76,78,77,73,63,56,52,52,54,64,64,57,48,51,45,43,36,31,29,38,50,61
"27-01-2010",66,67,67,68,64,64,49,32,29,34,34,36,36,26,14,15,19,11,15,8,5,4,7,7
"28-01-2010",9,6,7,14,10,6,4,3,3,3,4,4,9,8,7,8,10,5,4,5,6,13,17,4
"29-01-2010",4,3,3,2,2,2,2,3,3,8,26,45,54,64,75,71,72,70,66,44,15,13,30,56
"30-01-2010",68,62,8,4,3,3,13,3,5,12,59,72,78,78,83,87,80,58,13,4,7,64,77,57
"31-01-2010",72,90,90,91,89,83,74,73,73,81,81,80,81,77,81,80,75,65,61,55,36,35,40,8
"01-02-2010",55,82,88,86,88,74,76,66,68,77,80,80,80,81,81,80,65,59,18,5,5,4,5,4
"02-02-2010",3,3,31,58,69,49,13,5,27,43,53,53,59,57,57,62,70,55,45,36,24,50,58,59
"03-02-2010",59,67,69,69,69,62,54,49,44,53,63,67,69,70,77,72,66,56,28,12,6,4,4,4
"04-02-2010",4,3,2,11,9,6,2,1,3,16,47,68,75,77,81,83,73,56,12,10,4,5,4,5
"05-02-2010",5,2,2,2,1,1,1,1,1,8,34,54,52,58,66,62,49,44,22,6,2,3,3,2
"06-02-2010",2,2,7,5,8,5,17,50,52,50,47,69,78,84,89,86,88,89,86,83,81,81,79,77
"07-02-2010",80,78,70,81,70,76,30,57,73,24,34,55,88,86,88,89,80,69,46,30,40,14,7,14
"08-02-2010",12,8,6,14,15,3,2,5,7,9,28,40,55,57,62,68,63,47,24,10,11,28,16,6
"09-02-2010",23,44,50,33,25,14,3,3,4,9,40,55,67,73,74,72,57,47,17,7,40,51,67,74
"10-02-2010",77,82,83,85,82,77,71,58,66,74,75,79,78,79,80,80,79,79,80,79,75,78,81,76
"11-02-2010",67,56,63,70,88,89,84,76,78,78,80,86,85,82,85,85,85,86,81,78,65,55,71,70
"12-02-2010",82,89,87,81,50,76,44,9,18,76,85,88,81,77,83,85,86,87,82,76,81,81,54,54
"13-02-2010",64,88,91,81,75,89,94,93,93,95,95,95,95,96,96,91,92,81,72,68,61,68,55,24
"14-02-2010",9,8,8,5,4,3,3,3,4,9,29,42,52,84,95,95,90,81,44,17,5,4,5,76
"15-02-2010",90,86,82,84,92,68,82,81,79,83,88,84,87,85,82,87,85,77,66,42,43,38,23,27
"16-02-2010",57,51,23,6,4,4,3,3,4,4,13,50,63,77,89,88,90,83,60,39,35,10,41,71
"17-02-2010",18,51,77,74,35,10,5,4,5,25,60,67,76,88,91,90,87,71,59,38,14,16,16,49
"18-02-2010",44,69,59,41,10,4,3,3,4,23,60,72,76,78,79,77,72,58,11,5,6,32,49,39
"19-02-2010",66,73,72,69,68,20,7,3,5,25,18,59,76,73,74,72,79,80,76,71,74,70,71,71
"20-02-2010",72,68,75,74,69,57,42,5,6,13,29,47,52,64,74,70,77,84,72,71,76,76,69,70
"21-02-2010",75,79,82,80,85,93,94,89,84,81,85,87,87,91,93,93,90,91,85,81,84,84,88,90
"22-02-2010",90,78,74,61,33,17,5,4,8,16,41,63,90,90,97,94,93,93,82,63,51,45,28,39
"23-02-2010",40,5,4,8,14,3,4,4,4,4,4,21,64,72,84,86,80,81,85,80,58,55,57,41
"24-02-2010",38,38,36,27,7,5,4,4,4,8,21,-9999,-9999,-9999,85,87,85,82,66,25,19,60,74,56
"25-02-2010",78,88,87,88,88,83,47,13,32,54,68,80,83,80,86,74,81,77,72,64,56,51,57,63
"26-02-2010",60,47,43,43,54,52,20,7,23,37,58,77,86,89,89,88,82,90,77,63,53,53,25,25
"27-02-2010",24,12,6,13,13,6,22,16,44,45,63,86,87,93,97,99,96,90,92,78,63,66,63,65
"28-02-2010",72,77,74,74,77,70,66,58,56,68,80,84,87,88,89,87,86,87,65,59,72,68,63,51
"01-03-2010",53,41,41,42,42,26,7,10,16,39,46,55,65,88,89,89,88,78,61,59,49,8,4,5
"02-03-2010",5,4,3,3,3,3,3,3,6,15,52,76,81,87,82,88,86,90,72,64,73,76,75,76
"03-03-2010",82,87,61,63,79,68,45,27,47,59,73,79,73,89,100,100,89,80,63,32,31,65,64,67
"04-03-2010",77,85,69,76,84,65,47,54,77,86,92,94,96,98,100,100,100,92,64,16,5,19,34,19
"05-03-2010",36,66,58,39,18,26,41,53,54,66,75,75,74,77,79,79,71,68,62,60,76,75,62,68
"06-03-2010",68,74,70,79,75,52,20,10,38,71,84,93,97,91,88,88,89,91,88,84,67,51,58,43
"07-03-2010",73,68,61,78,82,79,79,71,75,69,69,68,62,65,67,67,59,60,50,27,35,50,68,76
"08-03-2010",80,79,81,83,81,76,63,51,41,48,35,40,20,29,22,38,23,27,14,22,19,40,42,23
"09-03-2010",19,25,36,30,37,31,10,7,15,33,44,56,60,60,68,70,62,53,43,27,27,38,59,63
"10-03-2010",69,78,82,83,82,75,67,55,57,52,56,56,48,36,31,34,37,45,30,23,25,29,32,44
"11-03-2010",40,33,22,20,23,21,14,5,8,11,25,48,69,82,95,94,92,93,85,81,78,76,92,76
"12-03-2010",88,93,79,69,67,25,11,5,23,55,82,91,99,101,97,97,96,93,90,78,62,72,63,52
"13-03-2010",66,94,94,70,55,31,28,18,27,50,49,80,92,101,105,103,98,95,86,87,58,61,43,41
"14-03-2010",45,69,73,74,81,86,89,84,79,77,81,87,89,87,88,87,81,78,65,52,45,56,58,69
"15-03-2010",69,75,72,75,73,65,52,39,45,36,49,66,69,77,84,79,83,81,67,54,52,30,37,26
"16-03-2010",19,18,24,14,20,34,17,15,27,51,65,73,88,102,110,110,108,95,74,18,54,57,59,6
"17-03-2010",5,4,8,37,12,8,4,5,14,33,73,91,101,105,106,107,99,92,79,59,53,65,72,69
"18-03-2010",79,81,76,74,66,63,51,44,36,61,67,76,79,90,101,101,102,101,93,82,65,50,47,67
"19-03-2010",45,24,13,9,5,4,3,4,10,41,-9999,-9999,80,97,104,117,107,101,81,44,12,5,4,8
"20-03-2010",5,8,9,5,5,3,3,5,14,80,97,95,123,133,132,132,141,140,140,110,89,85,81,72
"21-03-2010",31,8,40,59,50,22,6,8,52,66,96,116,124,130,133,133,141,141,129,121,95,76,86,86
"22-03-2010",90,61,56,58,69,15,5,5,8,36,61,83,104,109,115,112,117,123,108,101,83,60,36,14
"23-03-2010",8,6,6,6,6,5,4,5,21,56,69,89,90,110,120,125,127,126,103,76,57,69,80,65
"24-03-2010",89,101,104,98,89,71,50,15,31,55,70,93,100,102,112,116,106,92,78,69,69,48,38,53
"25-03-2010",53,40,75,57,83,63,59,60,80,97,102,107,114,117,117,117,117,111,101,90,79,84,89,84
"26-03-2010",90,92,95,93,87,68,46,52,63,83,93,98,102,107,113,114,107,98,89,68,72,72,86,84
"27-03-2010",90,72,35,21,17,10,10,13,28,67,84,101,113,109,122,129,133,121,104,114,116,113,106,101
"28-03-2010",96,87,71,76,81,82,81,97,102,108,109,111,114,114,115,115,114,112,108,105,101,106,104,106
"29-03-2010",105,107,103,97,84,61,53,-9999,65,77,87,83,92,103,112,110,106,109,109,103,88,98,102,92
"30-03-2010",85,78,73,50,19,8,5,5,20,44,81,99,111,121,124,122,123,123,123,115,102,96,44,12
"31-03-2010",29,53,31,68,94,87,86,86,96,101,105,111,111,113,114,117,113,103,93,83,62,57,51,79
"01-04-2010",59,81,80,66,41,33,50,50,65,68,71,92,85,94,102,102,102,100,90,85,75,62,67,41
"02-04-2010",36,45,18,11,9,41,43,38,25,28,63,71,92,72,68,69,95,95,96,67,76,82,73,61
"03-04-2010",78,71,91,71,70,27,8,18,43,60,84,100,108,115,121,127,135,131,123,111,98,99,103,105
"04-04-2010",86,59,35,21,14,8,8,17,44,71,101,113,120,142,151,157,144,132,120,112,92,70,58,67
"05-04-2010",56,49,78,51,29,10,9,16,42,87,90,101,110,126,140,137,134,120,133,137,121,110,98,92
"06-04-2010",103,111,107,110,102,95,76,58,74,92,93,100,101,106,102,102,109,102,97,94,74,81,87,70
"07-04-2010",56,62,65,79,72,35,12,16,30,52,72,73,86,92,94,97,101,100,94,88,76,64,60,44
"08-04-2010",15,21,30,11,13,8,7,7,29,52,82,111,114,113,118,119,112,108,107,99,82,77,82,22
"09-04-2010",27,31,35,38,18,9,6,9,26,89,109,114,123,126,124,123,125,124,116,111,106,98,105,94
"10-04-2010",90,91,115,115,115,112,102,100,102,103,111,116,123,125,128,129,129,128,122,114,105,91,97,87
"11-04-2010",81,87,91,93,98,99,98,103,107,115,123,124,127,130,130,132,131,130,123,116,107,94,100,106
"12-04-2010",95,100,109,114,104,91,79,55,57,79,98,108,115,131,133,116,109,112,105,105,104,98,80,92
"13-04-2010",86,31,16,9,9,7,7,10,23,55,66,87,107,126,135,131,134,128,123,120,104,90,77,70
"14-04-2010",63,54,49,59,76,67,79,36,46,107,118,123,125,136,136,143,139,141,141,131,121,126,122,122
"15-04-2010",118,111,116,117,105,67,28,20,54,99,116,123,129,131,131,133,131,134,132,123,117,105,99,107
"16-04-2010",116,117,109,84,39,15,9,7,45,83,88,95,111,112,124,119,111,113,109,110,110,108,112,104
"17-04-2010",89,89,86,79,77,58,16,11,19,39,69,89,97,91,102,105,103,111,121,82,79,58,39,31
"18-04-2010",44,59,60,73,97,100,100,101,103,104,105,114,107,116,136,138,131,118,105,95,91,90,87,93
"19-04-2010",78,81,80,81,76,54,46,43,35,62,99,111,118,119,116,117,114,116,116,110,100,94,91,79
"20-04-2010",73,65,65,78,50,60,73,59,80,83,94,103,106,111,124,132,135,138,140,137,125,127,131,130
"21-04-2010",124,110,119,123,112,103,68,77,87,84,109,100,102,101,98,91,91,91,88,86,65,36,20,50
"22-04-2010",60,56,51,61,48,28,9,8,15,40,90,103,121,141,139,134,-9999,-9999,-9999,-9999,-9999,-9999,-9999,-9999
"23-04-2010",-9999,-9999,-9999,-9999,-9999,-9999,-9999,-9999,-9999,-9999,-9999,-9999,-9999,140,142,141,135,134,137,139,130,134,135,141
"24-04-2010",140,133,133,130,114,53,29,37,90,114,128,132,132,136,138,141,141,138,125,115,98,84,45,32
"25-04-2010",11,10,9,27,10,9,8,13,47,92,100,112,139,162,161,155,162,153,146,144,139,140,138,141
"26-04-2010",131,127,127,129,122,117,112,108,103,104,110,118,121,120,121,123,126,125,120,124,123,123,123,127
"27-04-2010",125,122,127,126,121,115,106,97,97,108,111,117,121,120,120,124,123,121,118,113,114,114,118,118
"28-04-2010",118,111,111,109,108,104,94,69,97,109,116,120,119,122,125,127,122,119,114,105,102,102,106,103
"29-04-2010",108,94,93,96,93,106,99,91,99,109,118,122,124,127,127,129,128,123,122,115,111,111,108,99
"30-04-2010",104,122,125,126,116,109,82,85,97,107,120,123,127,129,129,128,125,119,117,107,96,86,93,97
"01-05-2010",84,84,62,57,41,46,42,70,103,111,113,128,135,144,153,151,147,144,133,123,129,120,109,94
"02-05-2010",92,64,56,44,26,21,12,25,41,80,109,133,154,160,157,157,157,155,152,159,146,128,79,46
"03-05-2010",20,15,12,10,10,9,7,8,17,37,49,96,127,127,133,157,135,128,136,128,125,120,94,65
"04-05-2010",95,83,56,56,30,9,8,10,20,41,57,92,118,122,154,147,136,116,116,103,78,67,47,12
"05-05-2010",9,8,8,8,9,15,12,16,29,53,66,88,125,140,148,139,141,149,142,142,114,102,95,80
"06-05-2010",114,57,45,41,33,11,9,8,10,25,52,89,127,141,156,142,146,132,145,141,137,144,148,139
"07-05-2010",152,149,138,112,83,66,41,40,47,68,91,93,115,120,117,116,116,118,113,114,102,96,94,78
"08-05-2010",80,67,42,20,14,12,13,24,48,41,44,58,99,118,125,124,115,112,133,114,80,87,50,22
"09-05-2010",38,14,26,15,9,11,29,39,67,102,114,123,131,129,131,133,151,173,163,175,172,156,148,127
"10-05-2010",118,101,102,73,46,27,15,18,31,63,85,96,108,145,153,158,145,138,130,128,103,91,77,85
"11-05-2010",69,39,40,29,14,8,7,11,37,49,75,111,123,138,150,162,169,171,161,147,114,97,74,35
"12-05-2010",10,8,7,9,10,7,7,7,20,37,57,102,155,173,148,149,147,139,129,110,107,104,104,70
"13-05-2010",30,12,15,35,40,23,26,18,32,117,130,129,118,120,126,134,133,132,134,126,114,96,68,71
"14-05-2010",86,88,92,88,88,54,22,18,47,65,93,113,116,128,132,125,118,119,119,115,117,115,112,100
"15-05-2010",92,78,74,75,65,56,27,44,44,59,66,78,84,93,97,108,118,116,110,99,79,100,111,114
"16-05-2010",114,112,114,115,117,107,100,101,103,108,111,117,126,134,135,135,130,116,115,114,112,108,109,105
"17-05-2010",109,105,107,111,102,99,96,89,94,100,105,111,120,129,135,129,128,126,111,103,95,109,115,115
"18-05-2010",120,124,119,118,117,114,100,99,100,103,99,96,101,103,103,109,108,103,91,85,80,94,94,88
"19-05-2010",88,76,94,92,88,79,63,45,57,76,99,110,111,116,124,125,127,129,127,129,128,126,116,118
"20-05-2010",119,116,114,112,105,91,41,36,93,92,103,116,126,135,136,137,136,126,127,125,112,104,101,96
"21-05-2010",89,88,83,64,52,34,27,27,41,39,53,99,103,101,106,104,113,107,103,97,92,78,-9999,-9999
"22-05-2010",-9999,-9999,-9999,-9999,-9999,-9999,-9999,-9999,-9999,-9999,-9999,-9999,-9999,-9999,-9999,-9999,-9999,-9999,-9999,-9999,-9999,-9999,-9999,-9999
"23-05-2010",-9999,-9999,-9999,-9999,-9999,-9999,-9999,-9999,-9999,-9999,-9999,-9999,-9999,-9999,-9999,-9999,-9999,-9999,-9999,-9999,-9999,-9999,-9999,-9999
"24-05-2010",-9999,-9999,-9999,-9999,-9999,-9999,-9999,-9999,-9999,-9999,-9999,-9999,-9999,-9999,-9999,-9999,-9999,-9999,-9999,-9999,-9999,-9999,-9999,-9999
"25-05-2010",-9999,-9999,-9999,-9999,-9999,-9999,-9999,-9999,-9999,-9999,-9999,-9999,-9999,-9999,-9999,-9999,-9999,-9999,-9999,-9999,-9999,-9999,-9999,-9999
"26-05-2010",-9999,-9999,-9999,-9999,-9999,-9999,-9999,-9999,-9999,-9999,-9999,-9999,-9999,-9999,-9999,-9999,-9999,-9999,-9999,-9999,96,80,80,71
"27-05-2010",21,12,6,5,16,5,6,11,24,39,83,124,146,139,138,142,154,139,150,139,113,73,20,24
"28-05-2010",48,62,95,88,62,29,9,13,18,52,108,126,128,136,148,145,152,149,131,121,103,112,131,123
"29-05-2010",110,90,83,65,36,18,10,32,56,80,106,131,143,143,157,161,186,181,173,168,162,137,118,74
"30-05-2010",50,73,77,61,38,21,36,34,62,79,95,117,122,154,157,160,145,107,127,138,116,86,81,48
"31-05-2010",50,79,68,36,18,10,11,14,20,80,81,90,-9999,-9999,-9999,-9999,-9999,-9999,-9999,-9999,-9999,-9999,-9999,-9999
"01-06-2010",-9999,-9999,-9999,-9999,-9999,-9999,-9999,-9999,-9999,-9999,-9999,-9999,-9999,-9999,-9999,-9999,-9999,-9999,-9999,-9999,-9999,-9999,-9999,-9999
"02-06-2010",-9999,-9999,-9999,-9999,-9999,-9999,-9999,-9999,-9999,-9999,-9999,-9999,-9999,-9999,-9999,-9999,-9999,-9999,-9999,-9999,-9999,-9999,-9999,-9999
"03-06-2010",-9999,-9999,-9999,-9999,-9999,-9999,-9999,-9999,-9999,-9999,-9999,-9999,-9999,-9999,-9999,-9999,-9999,-9999,-9999,-9999,-9999,-9999,-9999,-9999
"04-06-2010",-9999,-9999,-9999,-9999,-9999,-9999,-9999,-9999,-9999,-9999,-9999,-9999,-9999,-9999,-9999,-9999,-9999,-9999,-9999,-9999,-9999,-9999,-9999,-9999
"05-06-2010",-9999,-9999,-9999,-9999,-9999,-9999,-9999,-9999,-9999,-9999,-9999,-9999,-9999,-9999,-9999,-9999,-9999,-9999,-9999,-9999,-9999,-9999,-9999,-9999
"06-06-2010",-9999,-9999,-9999,-9999,-9999,-9999,-9999,-9999,-9999,-9999,-9999,-9999,-9999,-9999,-9999,-9999,-9999,-9999,-9999,-9999,-9999,-9999,-9999,-9999
"07-06-2010",-9999,-9999,-9999,-9999,-9999,-9999,-9999,-9999,-9999,-9999,-9999,-9999,-9999,-9999,-9999,-9999,-9999,-9999,-9999,-9999,-9999,-9999,-9999,-9999
"08-06-2010",-9999,-9999,-9999,-9999,-9999,-9999,-9999,-9999,-9999,-9999,-9999,-9999,-9999,110,118,124,135,129,125,113,94,88,93,110
"09-06-2010",97,79,89,53,20,10,9,40,57,75,70,95,109,109,106,109,138,171,143,128,117,105,100,84
"10-06-2010",52,17,13,34,14,6,8,8,27,86,102,108,106,104,106,112,111,111,112,105,96,96,82,70
"11-06-2010",68,53,74,55,71,68,56,48,72,99,115,121,123,124,123,120,124,122,123,121,118,104,86,79
"12-06-2010",89,83,43,47,42,26,56,80,99,116,125,127,122,118,124,162,157,154,137,104,87,90,73,76
"13-06-2010",65,46,14,7,6,6,6,14,40,65,92,130,142,152,141,149,137,115,120,113,111,95,80,68
"14-06-2010",70,72,72,52,26,8,8,10,20,26,71,119,140,142,150,157,167,140,143,149,111,74,24,37
"15-06-2010",72,63,63,60,45,14,9,30,24,36,73,111,141,146,145,152,164,155,154,153,130,94,68,50
"16-06-2010",48,39,24,9,15,8,8,8,14,34,45,80,115,130,125,137,127,132,115,112,109,85,62,18
"17-06-2010",43,59,76,65,31,9,9,18,28,45,63,85,107,108,108,123,135,120,89,54,70,72,55,37
"18-06-2010",65,80,92,95,67,26,20,25,83,103,110,127,143,145,124,114,110,102,86,63,71,73,68,72
"19-06-2010",87,88,83,59,46,44,42,45,62,62,83,112,114,130,126,119,118,109,99,107,106,98,106,90
"20-06-2010",95,101,100,95,89,84,77,80,85,86,99,102,114,109,122,119,113,108,101,97,79,78,80,84
"21-06-2010",79,90,86,88,-9999,-9999,-9999,-9999,-9999,-9999,-9999,-9999,-9999,-9999,-9999,-9999,118,119,106,102,91,95,103,100
"22-06-2010",101,103,96,103,99,99,91,86,86,103,103,104,104,93,99,95,99,99,97,98,95,103,106,105
"23-06-2010",101,95,91,89,85,74,66,61,65,68,67,71,74,78,84,86,83,87,79,74,82,78,72,76
"24-06-2010",69,60,56,64,59,51,35,34,45,57,62,71,91,97,87,82,83,93,94,95,98,97,84,68
"25-06-2010",59,80,74,69,54,20,31,49,63,77,90,95,106,114,110,112,142,141,132,135,120,113,112,108
"26-06-2010",110,105,102,97,83,61,55,57,63,63,88,109,117,118,123,127,127,130,125,117,110,98,97,94
"27-06-2010",89,80,75,74,76,74,50,18,24,59,99,110,117,120,129,114,117,111,107,101,85,79,85,81
"28-06-2010",60,80,92,99,82,59,51,19,19,57,75,104,118,124,89,111,140,152,120,115,102,109,94,87
"29-06-2010",83,45,33,21,14,14,12,14,46,73,91,120,126,132,130,130,125,130,119,119,115,107,101,96
"30-06-2010",84,73,57,42,35,11,10,15,24,27,65,99,116,130,120,135,132,135,115,126,120,107,104,78
"01-07-2010",58,29,30,14,10,8,9,14,34,60,68,120,149,155,139,123,116,113,116,110,114,89,88,80
"02-07-2010",50,25,46,21,11,13,9,16,33,51,52,103,130,172,197,174,148,125,105,113,99,86,82,68
"03-07-2010",57,26,39,46,66,74,51,56,90,107,120,129,133,128,131,121,124,115,111,102,97,87,80,91
"04-07-2010",85,80,49,33,37,29,53,71,96,112,128,129,133,134,130,132,142,144,137,129,111,106,102,96
"05-07-2010",89,72,61,49,41,14,9,20,39,81,118,134,134,147,163,146,130,131,122,112,90,93,91,73
"06-07-2010",45,40,63,52,44,46,59,50,69,108,104,139,160,183,203,183,164,142,129,125,113,94,90,92
"07-07-2010",68,50,32,34,37,25,9,16,48,86,112,127,134,138,137,157,185,152,118,112,65,52,74,85
"08-07-2010",63,43,84,79,75,70,61,24,47,83,101,97,102,113,118,113,106,96,91,91,92,90,91,88
"09-07-2010",82,81,79,83,78,73,67,62,66,79,92,100,110,109,109,105,102,100,98,93,80,78,73,63
"10-07-2010",66,86,82,83,75,77,68,51,55,78,100,103,102,106,108,114,119,141,111,98,94,92,89,91
"11-07-2010",87,86,80,66,44,49,61,66,79,94,103,104,108,113,120,119,133,123,114,108,98,60,75,80
"12-07-2010",69,64,55,45,14,8,9,11,40,64,99,112,123,119,133,147,179,140,121,135,139,126,115,95
"13-07-2010",81,69,71,45,73,51,32,13,30,44,71,114,134,137,144,164,151,143,149,142,131,124,97,118
"14-07-2010",76,92,72,41,12,8,8,11,23,57,99,124,139,135,143,168,199,175,148,116,117,107,98,95
"15-07-2010",82,65,42,20,21,37,14,10,15,35,58,115,131,145,134,157,146,122,114,109,107,96,96,100
"16-07-2010",105,108,113,114,109,100,88,83,93,107,119,120,123,124,122,123,120,115,115,116,118,115,108,103
"17-07-2010",110,112,104,114,116,111,108,105,110,121,124,124,124,126,121,120,123,121,121,114,111,106,104,91
"18-07-2010",87,95,104,94,90,99,90,100,116,122,126,128,131,132,133,132,132,127,123,120,115,117,114,104
"19-07-2010",95,97,103,91,101,100,95,98,99,111,117,122,125,127,126,125,124,123,126,122,109,106,100,100
"20-07-2010",108,114,115,107,96,112,99,89,98,113,123,129,130,133,135,139,165,140,129,118,110,98,91,89
"21-07-2010",100,107,108,83,57,32,17,21,51,74,102,141,156,167,173,157,169,158,134,138,132,113,117,111
"22-07-2010",98,92,71,43,29,44,22,25,68,100,125,130,132,134,135,135,132,129,130,123,122,104,106,107
"23-07-2010",106,103,104,107,117,121,104,96,102,120,125,126,129,129,129,132,132,129,123,119,110,100,105,94
"24-07-2010",83,96,70,58,56,51,30,27,43,107,85,140,156,162,150,151,150,147,148,130,130,128,131,124
"25-07-2010",107,102,94,84,73,69,67,52,44,88,113,122,125,125,144,150,147,140,137,133,122,109,95,90
"26-07-2010",98,95,100,124,122,103,80,95,110,97,104,126,138,136,139,133,124,129,117,111,97,80,73,46
"27-07-2010",71,90,76,76,79,68,57,61,53,91,94,105,120,133,130,133,137,126,116,107,111,97,100,105
"28-07-2010",109,101,98,96,92,82,69,72,71,95,103,116,125,121,124,118,125,122,126,126,133,124,119,120
"29-07-2010",115,113,92,76,85,60,72,69,89,100,111,115,114,115,117,121,137,120,114,106,100,107,107,101
"30-07-2010",84,67,104,113,104,109,97,87,102,115,122,126,128,132,139,137,140,146,131,116,111,107,109,87
"31-07-2010",73,93,85,70,53,54,58,67,94,105,120,132,137,131,141,142,137,132,104,95,88,81,79,81
"01-08-2010",92,88,75,63,53,43,45,47,57,70,94,115,131,147,167,137,108,106,97,81,71,66,62,57
"02-08-2010",30,24,28,28,9,21,65,66,64,85,110,111,115,114,127,119,143,136,115,100,91,80,74,54
"03-08-2010",43,47,46,19,52,55,37,26,57,92,120,131,135,137,127,121,131,147,136,133,117,105,101,92
"04-08-2010",90,93,96,72,57,48,44,19,53,57,87,129,137,135,152,171,167,133,130,142,133,125,121,103
"05-08-2010",67,63,109,115,100,72,16,33,74,96,95,126,148,164,156,148,156,137,123,116,100,92,84,88
"06-08-2010",85,74,79,83,78,70,66,73,84,90,111,118,123,132,131,116,116,105,102,108,100,92,86,86
"07-08-2010",84,80,81,82,77,66,66,57,77,92,96,109,109,119,127,130,123,103,88,93,91,84,77,91
"08-08-2010",79,69,74,62,57,44,27,25,36,48,87,113,131,146,153,142,149,143,135,132,116,108,99,104
"09-08-2010",87,60,30,31,29,28,17,20,69,90,117,108,109,114,116,123,135,120,132,125,102,96,86,81
"10-08-2010",59,56,65,68,78,89,75,71,80,102,110,115,119,120,123,125,137,140,130,114,109,103,107,95
"11-08-2010",58,39,53,62,94,77,48,58,90,111,135,153,163,148,140,145,156,169,158,147,110,54,72,79
"12-08-2010",102,114,117,99,70,63,45,48,68,103,124,147,157,177,191,195,152,181,175,146,130,121,128,118
"13-08-2010",112,104,98,89,64,28,12,17,50,99,122,138,178,171,163,155,158,163,140,126,130,122,116,115
"14-08-2010",102,79,59,45,43,41,35,42,71,109,123,125,140,143,165,177,159,144,146,125,104,100,80,76
"15-08-2010",54,39,88,65,39,58,101,96,113,117,123,124,123,123,123,125,125,123,125,122,112,105,108,99
"16-08-2010",99,84,82,96,104,84,81,85,96,121,126,130,131,129,132,134,132,131,127,119,111,106,100,99
"17-08-2010",52,40,48,45,60,24,6,8,16,37,45,111,155,159,154,140,137,143,141,139,110,103,108,108
"18-08-2010",105,96,102,85,66,60,45,31,35,58,91,139,147,142,145,140,159,138,134,118,115,98,87,103
"19-08-2010",100,95,73,39,32,23,16,40,82,134,142,141,143,154,189,218,188,167,132,128,124,125,120,101
"20-08-2010",115,120,107,100,87,86,66,65,113,127,134,136,141,138,134,132,131,128,125,121,121,119,122,122
"21-08-2010",123,125,131,124,110,102,103,103,106,113,122,122,121,121,122,120,120,118,117,115,113,114,113,110
"22-08-2010",106,106,108,104,102,98,102,102,101,102,106,108,113,114,113,111,110,109,109,109,108,103,103,108
"23-08-2010",106,108,107,109,103,99,96,94,95,104,108,109,112,111,112,112,114,111,108,105,99,95,91,86
"24-08-2010",95,99,103,103,94,83,85,82,87,100,115,131,137,128,132,141,139,138,136,123,104,103,90,84
"25-08-2010",80,76,75,68,38,28,35,27,45,47,99,107,159,170,156,165,196,153,137,115,109,125,121,94
"26-08-2010",53,31,16,22,20,28,17,17,25,39,120,132,129,129,127,125,127,126,124,110,101,104,106,100
"27-08-2010",89,107,116,115,120,111,99,89,84,103,110,108,108,110,111,112,110,111,107,102,90,88,88,71
"28-08-2010",78,77,73,66,53,26,7,20,65,78,74,104,126,125,118,124,133,131,130,119,112,117,113,108
"29-08-2010",97,90,86,76,65,59,62,64,76,81,105,125,149,147,144,135,143,129,120,109,76,45,47,76
"30-08-2010",69,62,73,32,38,41,27,50,55,79,100,107,129,165,210,158,126,111,97,91,86,87,86,75
"31-08-2010",81,83,66,70,80,69,58,73,76,80,102,110,103,106,95,100,112,112,100,87,79,93,100,99
"01-09-2010",93,88,92,94,94,91,68,60,72,76,90,98,107,111,115,118,116,125,120,101,93,86,81,90
"02-09-2010",88,48,64,70,73,68,57,63,64,73,90,102,117,124,123,121,114,116,113,110,100,94,95,94
"03-09-2010",94,90,90,75,68,56,46,39,68,89,98,110,119,137,135,128,125,118,115,112,102,91,82,65
"04-09-2010",66,62,42,32,75,88,88,62,54,110,122,142,150,157,162,150,150,149,137,127,124,118,99,74
"05-09-2010",79,79,66,82,92,100,97,91,102,109,118,130,140,151,151,117,98,98,93,91,84,87,86,86
"06-09-2010",86,95,99,96,94,94,85,73,73,75,83,83,80,82,87,90,94,92,86,78,73,79,74,61
"07-09-2010",50,55,38,77,69,62,49,21,46,69,88,112,124,135,145,166,153,131,129,99,79,59,29,13
"08-09-2010",7,17,28,42,27,19,4,5,6,35,90,-9999,113,149,171,165,170,146,139,128,116,108,106,97
"09-09-2010",86,62,33,42,15,6,5,5,10,36,65,94,120,142,154,166,174,148,120,101,76,46,49,30
"10-09-2010",23,47,33,33,20,16,5,10,39,68,98,118,123,123,136,137,131,114,103,94,85,79,73,60
"11-09-2010",81,83,79,80,84,80,78,78,82,82,92,101,113,123,120,96,90,81,69,62,42,26,29,27
"12-09-2010",39,28,61,55,66,64,71,68,81,80,92,95,90,90,99,101,101,99,92,82,75,76,78,76
"13-09-2010",83,75,39,42,43,36,30,31,32,58,72,89,109,112,125,117,95,102,93,86,66,55,41,12
"14-09-2010",27,15,32,58,70,63,12,6,23,82,106,118,122,120,123,118,113,108,104,96,78,65,65,67
"15-09-2010",74,80,89,86,69,71,69,47,60,90,101,103,109,109,111,111,112,110,97,97,87,77,65,34
"16-09-2010",10,20,50,53,54,47,19,11,24,51,100,114,121,122,124,140,145,150,119,93,54,22,10,12
"17-09-2010",9,18,27,17,20,26,15,7,6,14,56,98,114,127,128,136,133,121,121,114,100,98,75,32
"18-09-2010",6,5,5,6,5,8,6,5,7,31,69,90,118,131,135,127,122,123,118,123,109,89,74,58
"19-09-2010",33,30,56,19,9,5,4,5,16,45,68,70,107,131,150,137,127,108,105,95,87,62,51,43
"20-09-2010",45,50,28,25,23,5,5,5,6,19,33,60,87,95,95,105,109,115,97,70,10,21,28,20
"21-09-2010",60,91,109,115,103,88,81,65,69,80,92,92,95,95,100,100,99,99,97,92,88,91,93,95
"22-09-2010",96,93,92,91,87,80,75,66,73,79,85,89,91,90,97,99,95,97,97,91,86,79,85,89
"23-09-2010",87,91,92,82,76,76,53,55,69,80,86,95,92,96,100,99,101,96,91,82,77,78,83,84
"24-09-2010",81,77,69,73,73,75,70,47,44,72,88,94,104,113,104,114,121,100,93,76,71,69,67,43
"25-09-2010",19,26,47,47,37,39,31,60,69,54,75,81,85,86,87,86,86,84,75,73,75,69,64,67
"26-09-2010",67,65,74,77,78,76,78,69,72,77,83,88,89,94,94,97,91,87,69,55,50,72,66,65
"27-09-2010",74,67,68,67,44,17,13,8,14,31,75,91,95,98,101,105,108,100,69,81,57,73,78,51
"28-09-2010",61,54,44,26,7,5,5,7,20,20,32,40,61,93,103,101,98,91,81,72,70,55,14,29
"29-09-2010",20,30,36,11,9,7,5,5,7,13,66,79,88,90,87,88,84,74,61,64,63,48,70,83
"30-09-2010",87,85,78,80,68,41,47,30,33,61,84,99,108,118,118,124,125,124,112,102,85,48,32,31
"01-10-2010",31,31,25,27,37,24,7,6,19,57,77,78,91,95,108,120,121,121,114,109,95,94,64,44
"02-10-2010",34,20,30,45,35,38,23,72,68,88,83,85,87,95,105,108,105,106,101,98,92,81,88,83
"03-10-2010",63,70,98,94,92,95,90,88,91,94,100,111,117,130,129,129,120,113,106,100,96,97,89,94
"04-10-2010",74,84,88,94,87,73,69,36,51,69,81,93,105,112,121,145,137,111,92,78,63,64,69,70
"05-10-2010",79,93,90,91,86,83,60,53,29,60,81,95,107,124,144,141,131,112,96,81,60,31,8,7
"06-10-2010",15,14,9,18,15,8,7,5,10,28,86,89,102,122,114,110,111,92,68,58,29,13,9,6
"07-10-2010",5,6,30,45,63,60,58,44,41,50,58,59,61,65,72,77,78,79,77,73,74,74,72,71
"08-10-2010",77,78,80,80,76,72,67,59,60,71,77,77,77,76,76,75,73,70,70,69,72,75,76,75
"09-10-2010",76,78,78,77,73,66,59,49,48,54,69,75,81,81,85,97,109,93,82,82,80,78,42,10
"10-10-2010",9,37,15,8,18,49,45,34,19,20,44,65,77,86,90,89,83,74,83,83,87,29,13,11
"11-10-2010",38,32,64,63,45,24,8,6,7,20,64,77,88,89,90,79,75,74,51,18,56,97,92,98
"12-10-2010",101,101,98,97,92,79,32,37,28,22,33,55,64,69,68,57,49,46,18,24,33,16,7,6
"13-10-2010",6,6,5,5,5,5,5,5,5,5,7,7,17,17,19,31,56,54,30,7,6,5,5,5
"14-10-2010",5,5,5,19,20,6,5,5,6,10,36,54,62,66,68,69,58,51,30,13,5,4,4,4
"15-10-2010",4,5,11,11,16,9,13,10,7,33,43,68,88,95,105,105,106,78,47,61,55,27,28,9
"16-10-2010",5,4,5,4,4,4,4,4,5,17,61,86,94,97,100,110,115,100,86,42,19,17,7,18
"17-10-2010",17,5,11,21,14,7,7,6,12,55,76,85,101,106,107,120,114,112,92,83,75,88,74,64
"18-10-2010",49,49,61,50,42,39,24,7,21,10,5,21,44,36,32,35,21,11,6,11,5,5,6,22
"19-10-2010",55,64,63,69,78,85,81,86,84,87,86,90,93,95,96,94,94,95,96,99,97,98,100,97
"20-10-2010",101,99,104,103,99,93,93,94,95,91,95,101,103,104,103,95,82,69,52,64,50,49,60,40
"21-10-2010",51,62,53,33,25,9,6,5,6,25,49,79,94,101,108,117,105,103,87,49,31,13,7,9
"22-10-2010",12,16,29,55,66,74,64,44,38,50,64,69,72,74,80,81,83,78,79,76,65,59,51,67
"23-10-2010",70,72,69,66,55,45,50,37,46,45,63,76,65,64,67,73,77,78,76,70,59,63,63,60
"24-10-2010",48,43,14,52,62,52,55,41,24,60,79,90,101,112,118,133,137,125,108,66,19,11,10,9
"25-10-2010",8,9,18,14,15,10,8,6,5,11,58,81,84,87,88,94,97,98,96,93,92,89,83,86
"26-10-2010",99,99,88,82,62,53,15,9,8,8,12,51,68,82,87,90,89,86,66,27,8,6,6,5
"27-10-2010",5,5,5,5,5,5,4,4,5,6,12,25,55,76,65,63,67,66,58,45,66,63,44,36
"28-10-2010",36,57,45,26,9,8,16,14,34,37,48,51,51,50,54,56,57,57,53,50,59,55,57,56
"29-10-2010",56,62,64,64,61,63,57,49,44,46,56,49,59,59,72,76,77,70,63,61,50,53,42,50
"30-10-2010",49,31,63,54,47,28,29,23,24,50,61,71,77,84,92,92,86,76,61,55,43,37,36,11
"31-10-2010",8,7,6,6,6,8,7,7,9,21,56,76,80,77,94,104,107,105,78,30,9,7,5,5
"01-11-2010",5,5,5,5,6,5,5,8,7,5,16,88,101,109,112,117,104,66,19,6,5,5,5,5
"02-11-2010",4,4,5,6,20,23,11,9,18,-9999,-9999,-9999,-9999,-9999,-9999,-9999,-9999,86,33,6,6,5,6,5
"03-11-2010",5,4,7,6,5,5,4,4,5,12,47,84,98,99,95,98,99,59,34,9,5,4,5,5
"04-11-2010",4,4,4,4,4,4,4,4,9,27,48,76,80,98,111,113,109,77,24,5,5,4,4,4
"05-11-2010",4,3,3,3,3,3,3,3,4,31,53,52,50,58,64,71,57,20,5,4,4,4,4,3
"06-11-2010",3,3,3,3,3,3,3,4,7,26,41,44,68,94,95,92,82,64,42,9,5,4,3,4
"07-11-2010",4,6,5,4,4,4,4,4,8,28,51,64,76,96,105,119,117,90,75,34,12,18,40,17
"08-11-2010",24,25,35,24,15,7,17,56,67,52,71,82,83,77,77,81,85,87,85,85,88,92,90,88
"09-11-2010",92,95,94,93,88,80,85,90,92,94,98,98,96,96,97,99,92,93,91,90,89,90,87,90
"10-11-2010",92,91,92,93,93,86,85,80,78,85,87,92,96,100,98,95,82,74,87,84,77,78,76,88
"11-11-2010",91,89,81,80,55,17,7,22,57,71,81,90,91,94,90,88,88,76,11,7,6,6,5,6
"12-11-2010",7,11,6,5,5,5,5,6,6,7,48,48,56,28,30,26,8,6,8,6,5,4,5,16
"13-11-2010",19,35,50,48,62,65,66,58,53,57,72,77,78,85,84,76,65,51,74,74,35,10,14,43
"14-11-2010",41,55,79,78,75,78,75,73,72,75,81,81,83,82,71,72,73,52,63,80,49,30,35,42
"15-11-2010",26,7,18,9,6,5,5,5,5,10,23,24,48,73,79,80,62,30,8,5,5,4,5,5
"16-11-2010",4,6,4,4,4,4,4,4,6,8,39,55,89,99,100,100,84,61,28,5,5,4,5,4
"17-11-2010",4,3,5,8,16,7,5,20,42,68,77,88,89,90,88,71,32,11,5,6,5,5,4,5
"18-11-2010",4,4,3,4,29,17,15,4,7,16,49,79,96,101,105,99,72,18,4,15,10,4,3,3
"19-11-2010",4,3,4,4,4,4,4,4,4,28,57,73,93,104,98,100,85,51,34,18,12,5,5,5
"20-11-2010",5,4,5,7,5,5,3,4,5,13,38,55,62,75,91,94,76,32,9,18,23,6,4,4
"21-11-2010",4,3,4,4,4,4,3,4,12,22,43,62,81,85,92,83,76,52,23,4,6,5,4,3
"22-11-2010",5,4,5,11,13,10,4,4,5,26,65,66,75,73,74,72,66,67,66,62,72,74,71,68
"23-11-2010",72,72,70,67,64,63,66,64,73,75,79,83,84,81,100,85,93,100,101,98,100,97,97,97
"24-11-2010",98,99,99,100,99,96,90,81,80,71,68,80,91,93,91,92,91,90,92,96,97,97,97,95
"25-11-2010",73,67,64,63,67,49,27,7,11,43,71,83,87,85,97,87,43,38,31,12,9,7,17,19
"26-11-2010",40,93,97,95,91,89,90,86,85,88,91,91,92,94,90,88,89,89,89,85,84,88,93,94
"27-11-2010",91,90,88,84,81,78,75,74,70,76,73,77,82,85,84,79,76,75,72,71,70,67,61,61
"28-11-2010",59,59,56,55,33,18,14,17,20,47,60,63,63,66,67,68,68,67,68,63,66,72,79,77
"29-11-2010",76,73,71,68,67,66,53,56,60,65,66,69,70,70,69,69,67,66,55,41,23,24,33,45
"30-11-2010",58,78,77,73,53,30,17,37,9,19,22,64,85,87,77,71,66,42,54,59,40,30,56,57
"01-12-2010",72,66,69,75,72,62,49,25,20,39,59,71,73,65,62,69,63,66,69,69,64,67,68,61
"02-12-2010",60,69,71,72,74,67,67,48,53,55,60,58,51,55,59,52,59,68,73,68,66,57,52,50
"03-12-2010",69,79,82,80,79,71,65,63,62,70,77,80,79,82,82,84,76,73,73,72,71,63,65,73
"04-12-2010",75,79,81,82,83,78,75,64,68,78,84,87,92,95,97,97,95,82,75,81,82,95,95,94
"05-12-2010",91,88,64,77,69,69,63,54,49,69,83,86,87,90,93,93,83,72,61,52,53,47,38,34
"06-12-2010",36,23,12,35,45,8,6,5,8,22,-9999,-9999,-9999,76,86,87,71,38,21,8,11,21,11,11
"07-12-2010",7,12,28,29,23,7,6,6,6,15,57,71,71,83,92,88,62,24,14,19,19,11,15,18
"08-12-2010",12,12,6,6,5,5,6,6,6,16,41,75,83,87,87,80,53,32,10,10,13,18,22,50
"09-12-2010",36,28,16,17,12,7,6,5,5,25,52,74,86,86,86,73,60,62,56,63,58,64,65,66
"10-12-2010",51,52,65,63,47,55,27,10,42,56,61,59,53,58,62,60,63,64,62,66,66,74,77,83
"11-12-2010",86,75,64,66,67,68,65,60,60,58,59,61,60,59,63,65,65,65,63,55,54,53,49,53
"12-12-2010",53,57,63,64,67,65,61,49,54,58,74,81,85,81,80,77,55,13,10,11,11,10,8,8
"13-12-2010",6,4,4,4,6,54,43,36,57,52,14,7,8,22,24,23,11,13,12,7,6,17,17,15
"14-12-2010",42,45,45,49,49,40,35,16,10,24,-9999,-9999,-9999,62,68,58,40,13,6,6,6,5,5,5
"15-12-2010",6,10,13,13,23,26,16,8,10,18,19,29,18,16,34,22,21,23,19,11,8,10,22,38
"16-12-2010",45,47,47,42,30,16,6,5,5,6,8,8,9,14,13,8,9,10,11,6,16,25,22,25
"17-12-2010",28,18,41,27,12,6,6,5,6,31,25,22,27,39,24,43,24,13,7,7,10,8,35,39
"18-12-2010",43,55,56,48,29,59,62,47,51,58,71,70,73,78,76,73,77,79,74,71,75,79,81,83
"19-12-2010",86,88,89,88,87,80,79,72,71,73,66,22,26,19,13,8,6,6,7,6,8,8,9,8
"20-12-2010",7,5,5,5,5,5,6,12,33,46,55,58,58,56,57,60,58,60,63,62,62,60,56,59
"21-12-2010",59,61,66,64,64,63,67,61,48,57,73,72,75,63,71,73,54,48,47,45,45,43,53,50
"22-12-2010",53,56,57,40,31,38,9,5,6,8,37,65,75,81,82,82,74,53,49,41,46,45,49,52
"23-12-2010",55,60,52,49,19,18,23,8,6,8,42,66,74,78,77,74,60,45,40,48,53,55,59,63
"24-12-2010",66,68,69,67,70,65,48,46,51,53,54,60,72,76,71,71,65,74,70,64,55,66,-9999,-9999
