"01-01-2010",2,2,2,2,2,2,4,3,3,3,3,2,3,3,2,2,2,2,2,2,2,4,3,3
"02-01-2010",2,2,2,3,2,2,3,2,2,3,3,3,5,5,3,2,3,2,2,2,2,2,2,2
"03-01-2010",2,2,2,2,2,2,2,2,2,2,2,2,2,2,2,2,2,2,2,3,3,2,2,3
"04-01-2010",4,18,16,12,4,2,2,2,3,3,3,2,2,2,3,4,3,3,3,4,5,3,3,3
"05-01-2010",2,2,3,2,2,2,2,2,2,2,2,2,2,2,2,2,2,2,2,2,2,2,2,2
"06-01-2010",2,2,2,2,2,2,2,2,2,2,2,2,2,2,2,2,2,2,2,2,2,2,2,2
"07-01-2010",2,2,2,2,2,2,2,2,2,2,2,2,2,2,2,2,2,2,2,2,2,6,7,5
"08-01-2010",2,2,2,2,2,2,2,2,2,2,2,2,2,2,2,2,2,2,2,2,2,2,2,2
"09-01-2010",2,2,2,2,2,2,2,2,2,2,2,2,2,2,2,2,2,2,2,2,2,2,2,2
"10-01-2010",2,2,2,2,2,2,2,2,2,3,2,2,2,2,2,2,2,2,2,2,2,2,2,2
"11-01-2010",2,2,2,2,2,2,2,2,3,5,4,3,4,4,4,5,4,3,4,6,7,5,5,3
"12-01-2010",3,3,3,3,3,4,5,6,8,7,7,5,6,9,11,11,8,4,5,8,11,12,13,11
"13-01-2010",10,10,7,7,6,8,8,6,7,10,11,15,7,5,4,4,4,5,4,4,3,5,2,3
"14-01-2010",2,2,2,2,2,2,2,2,2,2,2,2,2,2,2,2,2,2,2,2,3,4,3,2
"15-01-2010",2,2,2,2,2,2,2,3,3,5,5,7,8,7,6,3,2,2,2,2,2,3,3,3
"16-01-2010",2,2,2,2,2,2,2,2,2,2,2,2,2,2,2,2,2,2,2,2,2,2,2,2
"17-01-2010",2,2,2,2,2,2,2,2,2,2,3,3,3,3,3,2,2,2,2,3,5,5,4,3
"18-01-2010",3,3,2,2,2,2,3,5,5,5,6,8,6,7,6,5,4,4,5,6,6,5,3,3
"19-01-2010",6,7,6,5,3,4,5,9,12,12,9,9,16,12,12,10,7,6,7,6,10,10,9,7
"20-01-2010",7,6,5,5,6,5,9,10,12,13,13,12,13,19,17,21,19,12,11,11,16,21,21,16
"21-01-2010",13,10,9,8,7,9,12,16,25,31,23,17,14,10,8,6,5,5,5,4,4,2,2,2
"22-01-2010",2,2,2,2,2,2,2,2,2,2,3,2,3,2,2,2,2,2,2,3,3,4,3,3
"23-01-2010",2,2,3,2,2,2,2,3,2,4,7,7,6,7,8,5,4,4,5,6,7,6,5,4
"24-01-2010",3,3,3,3,3,3,3,3,3,3,4,5,7,8,6,9,5,5,5,5,5,5,4,3
"25-01-2010",2,2,2,2,2,2,2,3,4,6,7,6,5,5,6,6,5,4,5,7,8,8,6,5
"26-01-2010",4,4,4,4,4,4,5,5,6,6,6,7,6,7,9,9,7,6,6,8,10,9,8,6
"27-01-2010",5,4,3,3,3,3,4,5,5,6,7,7,7,9,12,14,11,4,3,3,4,5,3,3
"28-01-2010",2,2,2,2,2,2,3,5,8,9,10,10,13,10,9,7,5,4,4,4,3,3,4,6
"29-01-2010",6,5,4,4,3,3,4,7,10,17,27,23,18,14,12,10,7,5,8,10,13,10,8,6
"30-01-2010",5,3,3,4,3,3,2,5,6,13,12,11,12,11,9,9,9,8,8,17,19,14,7,4
"31-01-2010",3,3,2,2,2,2,2,2,2,4,4,3,3,5,5,7,7,4,3,4,6,5,4,4
"01-02-2010",4,5,6,4,3,2,2,3,3,3,3,2,3,3,3,3,2,3,4,7,13,14,11,11
"02-02-2010",11,10,6,2,2,2,2,2,2,2,2,5,8,5,4,5,8,6,5,9,13,8,3,3
"03-02-2010",4,3,3,3,4,6,7,7,9,11,8,7,7,16,10,17,20,18,22,20,31,37,37,28
"04-02-2010",22,18,16,13,12,13,13,19,61,41,10,4,4,6,7,5,6,9,17,23,36,49,38,31
"05-02-2010",26,19,16,14,12,12,12,21,27,27,17,11,14,13,12,9,8,7,8,13,24,26,24,17
"06-02-2010",13,11,10,9,8,8,9,7,6,5,3,3,4,4,3,3,2,2,2,2,2,2,2,2
"07-02-2010",2,2,2,2,2,2,2,2,2,2,5,4,2,2,2,2,2,2,2,2,2,3,3,2
"08-02-2010",2,2,2,2,2,2,2,3,3,8,19,15,17,10,8,6,5,3,3,4,3,2,2,2
"09-02-2010",2,2,2,2,2,2,3,5,11,14,11,8,9,8,6,5,3,3,3,6,5,4,3,2
"10-02-2010",2,2,2,2,2,2,2,2,2,2,2,2,2,2,2,2,2,2,2,2,2,2,2,2
"11-02-2010",2,2,2,2,2,2,2,2,2,2,2,2,2,2,2,2,2,2,2,2,2,3,2,2
"12-02-2010",2,2,2,2,2,2,2,2,3,2,2,2,2,2,2,2,2,2,2,2,2,2,2,2
"13-02-2010",2,2,2,2,2,2,2,2,2,2,2,2,2,2,2,2,2,2,2,4,4,4,3,6
"14-02-2010",7,5,5,4,4,4,5,6,7,12,14,12,9,4,3,2,2,2,2,4,6,5,3,2
"15-02-2010",2,2,2,2,2,2,2,2,2,4,4,5,4,4,4,3,3,3,3,6,8,7,6,6
"16-02-2010",5,4,4,4,3,3,4,7,12,17,19,11,9,6,5,5,3,2,3,4,5,9,5,3
"17-02-2010",3,3,2,2,2,2,2,2,4,4,5,6,6,4,3,3,2,2,2,2,2,2,2,2
"18-02-2010",2,2,2,2,2,2,3,4,7,7,5,5,4,3,3,3,2,2,2,2,3,3,2,2
"19-02-2010",2,2,2,2,2,2,2,2,6,6,6,7,8,5,4,3,2,2,2,2,2,2,2,2
"20-02-2010",2,2,2,2,2,2,2,2,2,4,4,2,3,2,2,2,2,2,2,2,2,2,2,2
"21-02-2010",2,2,2,2,2,2,2,2,2,2,2,2,2,2,2,2,2,2,2,2,2,2,2,2
"22-02-2010",2,2,2,7,11,16,21,26,49,71,38,27,7,5,3,4,4,3,3,3,3,3,3,2
"23-02-2010",2,2,3,2,2,2,3,3,6,7,5,5,7,5,4,2,2,2,2,2,2,2,2,2
"24-02-2010",2,2,2,2,2,2,2,4,5,9,23,-9999,-9999,-9999,14,13,5,2,2,2,2,2,2,2
"25-02-2010",2,2,2,2,2,2,2,2,3,7,6,4,3,5,4,6,3,2,2,2,3,2,2,2
"26-02-2010",2,2,2,2,2,2,2,2,3,7,7,5,4,7,12,12,13,4,2,2,2,2,2,2
"27-02-2010",2,2,2,2,2,2,3,3,6,9,11,7,5,3,2,2,2,3,2,3,6,5,3,2
"28-02-2010",2,2,2,2,2,3,2,4,7,7,5,4,5,6,8,8,7,5,3,4,3,3,2,2
"01-03-2010",2,2,2,2,2,2,2,4,9,15,15,14,14,15,10,5,4,2,2,2,2,4,4,4
"02-03-2010",5,5,4,4,4,4,6,7,13,18,13,7,3,2,3,3,2,2,2,4,4,3,2,2
"03-03-2010",2,2,2,3,2,3,2,2,3,3,4,4,5,5,4,4,3,2,2,4,5,3,3,3
"04-03-2010",2,2,2,2,2,2,2,2,2,3,2,2,2,2,2,2,2,2,2,2,4,4,3,3
"05-03-2010",2,3,2,2,2,2,2,2,3,4,4,4,4,3,3,3,4,3,3,3,3,3,2,2
"06-03-2010",2,2,2,2,2,2,2,2,4,6,4,3,3,2,2,2,2,2,2,3,9,25,10,5
"07-03-2010",3,2,2,2,2,2,2,2,2,2,2,2,2,2,2,2,2,2,2,2,2,2,2,2
"08-03-2010",2,2,2,2,2,2,2,2,2,2,2,2,2,2,3,3,3,3,5,6,5,4,2,2
"09-03-2010",2,2,2,2,2,3,11,19,31,22,16,18,15,11,11,5,4,3,3,5,7,6,4,3
"10-03-2010",3,2,2,2,2,2,2,2,2,2,2,3,3,2,2,3,3,3,3,4,4,4,3,3
"11-03-2010",3,2,2,2,2,2,3,6,8,10,17,15,12,12,7,6,4,3,2,3,4,5,3,3
"12-03-2010",3,2,2,2,2,2,3,7,12,11,6,4,5,4,3,2,2,2,3,5,9,10,8,8
"13-03-2010",5,3,2,2,4,4,10,9,10,15,16,13,9,8,6,7,8,6,4,4,5,7,7,4
"14-03-2010",2,2,2,2,2,2,2,2,2,2,2,2,3,3,3,2,2,2,3,4,6,5,3,3
"15-03-2010",3,3,3,3,3,3,4,4,5,7,7,7,9,12,10,9,7,5,6,10,13,14,10,8
"16-03-2010",8,13,8,7,6,8,11,15,22,16,9,10,8,6,5,4,4,3,4,2,7,8,7,13
"17-03-2010",12,10,7,5,4,9,22,49,96,44,11,5,4,4,4,4,3,3,5,11,14,9,6,5
"18-03-2010",5,4,4,3,3,3,3,4,7,12,9,7,9,6,4,4,4,5,4,4,4,5,5,5
"19-03-2010",5,6,5,4,4,4,6,11,22,25,22,-9999,15,9,8,6,5,4,3,4,6,7,8,6
"20-03-2010",6,5,5,4,3,3,3,7,12,9,13,13,11,8,6,6,5,4,3,2,2,2,3,2
"21-03-2010",3,3,3,2,2,2,3,5,14,13,8,6,7,6,6,5,4,2,2,2,2,2,2,2
"22-03-2010",2,2,2,2,2,2,3,4,6,8,7,6,6,6,5,5,4,2,2,2,2,2,2,2
"23-03-2010",2,2,2,2,2,2,3,3,2,3,7,9,9,9,7,5,4,4,3,4,4,4,3,5
"24-03-2010",4,3,3,2,2,2,2,2,2,3,3,3,3,2,3,2,2,2,2,2,2,2,2,2
"25-03-2010",2,2,2,2,2,2,2,2,3,3,3,3,3,2,2,2,2,2,2,2,2,3,2,2
"26-03-2010",2,3,2,2,2,3,3,3,4,4,3,2,2,2,2,2,2,2,2,2,3,3,3,2
"27-03-2010",2,2,2,2,2,2,2,3,4,4,4,5,11,8,4,3,3,2,2,2,2,2,2,2
"28-03-2010",2,2,2,2,2,2,2,2,2,2,2,2,2,2,2,2,2,2,2,2,2,2,2,2
"29-03-2010",2,2,2,2,2,2,2,-9999,2,3,3,4,3,2,3,6,5,3,2,2,2,2,2,2
"30-03-2010",2,2,2,2,2,2,2,2,3,11,8,11,14,11,5,2,2,3,2,2,2,2,2,2
"31-03-2010",2,2,2,2,2,2,2,2,2,2,2,2,2,2,2,2,2,2,2,2,2,2,2,2
"01-04-2010",2,2,2,2,2,2,2,2,2,2,3,3,2,3,3,4,3,3,2,2,2,2,2,2
"02-04-2010",2,2,2,2,2,2,2,2,2,2,2,2,2,2,4,8,5,4,3,4,3,2,2,2
"03-04-2010",2,2,2,2,2,2,2,2,2,6,6,4,5,6,7,5,3,2,2,2,2,2,2,2
"04-04-2010",2,2,2,2,2,2,2,2,2,2,2,2,3,3,3,2,2,2,2,2,2,2,2,2
"05-04-2010",2,2,2,2,2,2,2,2,2,2,3,3,5,5,5,2,2,3,2,2,2,2,2,2
"06-04-2010",2,2,2,2,2,2,2,2,2,2,2,2,2,2,2,2,2,2,2,2,2,2,2,2
"07-04-2010",2,2,3,3,2,2,3,7,15,11,11,11,6,3,3,3,2,2,2,2,2,2,3,3
"08-04-2010",3,2,2,2,2,6,34,20,9,6,4,2,2,2,2,3,3,3,2,2,3,4,4,3
"09-04-2010",3,2,2,2,2,2,2,3,4,3,3,3,3,2,2,2,2,2,2,2,2,2,2,2
"10-04-2010",2,2,2,2,2,2,2,2,2,2,3,2,2,2,2,2,2,2,2,2,2,2,2,2
"11-04-2010",2,2,2,2,3,2,2,2,3,3,2,2,2,2,2,2,2,2,2,2,2,2,2,2
"12-04-2010",2,2,2,2,2,2,2,2,2,2,3,2,4,4,2,2,2,2,2,2,2,2,2,2
"13-04-2010",2,2,2,2,2,2,2,2,3,3,4,5,4,3,3,2,2,2,2,2,2,2,2,2
"14-04-2010",2,2,2,2,2,2,2,2,2,2,2,2,2,2,2,2,2,2,2,2,2,2,2,2
"15-04-2010",2,2,2,2,2,2,2,2,2,2,2,2,2,2,2,2,2,2,2,2,2,2,2,2
"16-04-2010",2,2,2,2,2,2,2,2,2,2,2,2,2,2,2,2,2,2,2,2,2,2,2,2
"17-04-2010",2,2,2,2,2,2,2,2,2,2,2,2,2,2,2,2,2,2,2,2,2,2,2,2
"18-04-2010",2,2,2,2,2,2,2,2,2,2,2,2,2,2,2,2,2,2,2,2,2,2,2,2
"19-04-2010",2,2,2,2,2,2,2,2,2,2,2,2,2,2,2,2,2,2,2,2,2,2,2,2
"20-04-2010",2,2,2,2,2,2,2,2,2,2,2,2,2,2,2,2,2,2,2,2,2,2,2,2
"21-04-2010",2,2,2,2,2,2,2,2,3,13,11,4,3,2,2,2,2,2,2,2,2,2,2,2
"22-04-2010",2,2,2,2,2,2,2,2,2,3,3,4,6,7,6,4,-9999,-9999,-9999,-9999,-9999,-9999,-9999,-9999
"23-04-2010",-9999,-9999,-9999,-9999,-9999,-9999,-9999,-9999,-9999,-9999,-9999,-9999,-9999,2,2,2,2,2,2,2,2,2,2,2
"24-04-2010",2,2,2,2,2,2,2,2,2,2,2,2,2,2,2,2,2,2,2,2,2,2,2,2
"25-04-2010",2,2,2,2,2,2,2,2,2,2,2,2,3,3,2,3,3,2,2,2,2,2,2,2
"26-04-2010",2,2,2,2,2,2,2,2,2,2,2,2,2,2,2,2,2,2,2,2,2,2,2,2
"27-04-2010",2,2,2,2,2,2,2,2,2,2,2,2,2,2,2,2,2,2,2,2,2,2,2,2
"28-04-2010",2,2,2,2,2,2,2,2,2,2,2,2,2,2,2,2,2,2,2,2,2,2,2,2
"29-04-2010",2,2,2,2,3,2,2,2,2,2,2,2,2,2,2,2,2,2,2,2,2,2,2,3
"30-04-2010",4,2,2,2,2,2,2,2,2,2,2,2,2,2,2,2,2,2,2,2,2,2,2,2
"01-05-2010",2,2,2,2,2,4,2,2,3,4,4,2,3,3,2,2,2,2,2,2,2,2,2,2
"02-05-2010",2,2,2,2,2,2,2,2,2,3,11,12,7,6,4,3,2,2,2,2,3,3,2,2
"03-05-2010",2,2,2,3,2,2,3,5,7,11,21,13,9,14,8,7,5,3,2,2,2,2,2,2
"04-05-2010",2,2,2,2,2,2,2,2,3,13,11,10,12,12,9,5,5,4,3,2,2,2,2,2
"05-05-2010",2,2,2,2,2,2,2,2,2,4,9,10,7,4,3,3,3,3,2,2,2,2,2,2
"06-05-2010",2,2,2,2,2,2,2,2,3,3,7,14,12,7,5,3,3,3,3,2,2,2,2,2
"07-05-2010",2,2,2,2,2,2,2,2,2,6,8,8,3,3,3,3,3,3,3,2,2,2,2,3
"08-05-2010",2,2,2,2,2,3,9,16,16,18,22,20,14,11,7,7,4,3,4,2,2,2,2,2
"09-05-2010",3,3,4,4,4,3,4,4,6,8,7,5,4,3,4,6,5,3,3,2,2,2,2,2
"10-05-2010",2,2,2,2,2,2,2,2,4,7,7,10,25,17,9,7,4,3,2,2,2,2,2,2
"11-05-2010",2,2,2,2,2,2,2,2,3,4,6,7,11,16,13,9,5,4,3,3,3,4,4,5
"12-05-2010",4,4,4,3,3,3,3,3,3,4,12,13,9,7,7,4,3,3,3,3,3,3,3,2
"13-05-2010",2,2,2,2,2,2,2,2,2,3,3,2,2,2,2,2,2,2,2,2,2,2,2,2
"14-05-2010",2,2,2,2,2,2,2,2,4,7,7,11,15,13,10,5,6,4,3,4,3,3,2,2
"15-05-2010",2,2,2,2,2,2,2,2,2,2,2,2,2,2,2,2,2,2,2,2,2,2,2,2
"16-05-2010",2,2,2,2,2,2,2,2,2,2,2,2,2,2,2,2,2,2,2,2,2,2,2,2
"17-05-2010",2,2,2,2,2,2,2,2,2,2,2,2,2,2,2,3,2,2,2,2,2,2,2,2
"18-05-2010",2,2,2,2,2,2,2,2,2,2,2,2,2,2,3,3,2,2,3,2,2,2,2,2
"19-05-2010",2,2,2,2,2,2,2,2,3,4,3,2,3,2,2,2,2,2,2,2,2,2,2,2
"20-05-2010",2,2,2,2,2,2,2,2,2,2,2,2,2,2,2,2,2,2,2,2,2,2,2,2
"21-05-2010",2,2,2,2,2,2,2,2,2,2,2,3,3,2,2,2,2,2,2,2,2,2,-9999,-9999
"22-05-2010",-9999,-9999,-9999,-9999,-9999,-9999,-9999,-9999,-9999,-9999,-9999,-9999,-9999,-9999,-9999,-9999,-9999,-9999,-9999,-9999,-9999,-9999,-9999,-9999
"23-05-2010",-9999,-9999,-9999,-9999,-9999,-9999,-9999,-9999,-9999,-9999,-9999,-9999,-9999,-9999,-9999,-9999,-9999,-9999,-9999,-9999,-9999,-9999,-9999,-9999
"24-05-2010",-9999,-9999,-9999,-9999,-9999,-9999,-9999,-9999,-9999,-9999,-9999,-9999,-9999,-9999,-9999,-9999,-9999,-9999,-9999,-9999,-9999,-9999,-9999,-9999
"25-05-2010",-9999,-9999,-9999,-9999,-9999,-9999,-9999,-9999,-9999,-9999,-9999,-9999,-9999,-9999,-9999,-9999,-9999,-9999,-9999,-9999,-9999,-9999,-9999,-9999
"26-05-2010",-9999,-9999,-9999,-9999,-9999,-9999,-9999,-9999,-9999,-9999,-9999,-9999,-9999,-9999,-9999,-9999,-9999,-9999,-9999,-9999,2,2,2,2
"27-05-2010",2,2,2,2,2,2,2,2,3,9,9,8,12,10,5,3,2,2,2,2,2,2,2,2
"28-05-2010",2,2,2,2,2,2,2,2,4,12,7,4,4,5,5,6,7,3,2,2,2,2,2,2
"29-05-2010",2,2,2,2,2,2,2,2,20,17,11,7,7,5,3,2,2,2,2,2,2,2,2,2
"30-05-2010",2,2,2,2,2,2,2,2,2,2,3,7,14,12,8,7,2,2,2,3,2,2,2,2
"31-05-2010",2,2,2,5,4,4,3,3,12,17,11,11,14,9,6,4,2,2,2,2,2,2,2,2
"01-06-2010",2,2,2,2,2,2,2,2,2,2,2,2,2,2,2,2,2,2,2,2,2,2,2,2
"02-06-2010",2,2,2,2,2,2,2,2,2,2,2,2,2,2,2,2,2,2,2,2,2,2,2,2
"03-06-2010",2,2,2,2,2,2,2,2,2,2,2,2,2,2,2,2,2,2,2,2,2,2,2,2
"04-06-2010",2,2,2,2,2,2,2,2,2,2,2,2,2,2,2,2,2,2,2,2,2,2,2,2
"05-06-2010",2,2,2,2,2,2,2,2,2,2,2,2,2,2,2,2,2,2,2,2,2,2,2,2
"06-06-2010",2,2,2,2,2,2,2,2,2,2,2,2,2,2,2,2,2,2,2,2,2,2,2,2
"07-06-2010",2,2,2,2,2,2,2,2,2,2,2,2,2,2,2,2,2,2,2,2,2,2,2,2
"08-06-2010",2,2,2,2,2,2,2,2,2,7,7,-9999,-9999,7,5,4,4,3,3,2,2,2,2,2
"09-06-2010",2,2,2,2,2,2,2,2,2,2,4,3,3,3,3,2,2,2,2,2,2,2,2,2
"10-06-2010",2,2,2,2,2,2,2,3,4,4,3,2,2,2,2,2,2,2,2,2,2,2,2,2
"11-06-2010",2,2,2,2,2,2,2,2,3,4,5,8,6,4,3,3,2,2,3,4,4,5,4,3
"12-06-2010",2,2,2,2,3,3,2,3,5,4,3,2,2,2,2,3,4,3,2,2,2,2,2,2
"13-06-2010",2,2,2,2,4,4,4,3,4,8,13,18,29,28,15,8,8,6,3,3,3,2,2,2
"14-06-2010",2,2,2,2,2,2,3,4,10,13,12,12,8,6,7,7,4,4,4,3,4,3,3,3
"15-06-2010",2,2,2,2,2,2,2,4,6,9,13,19,12,9,5,3,3,2,2,3,3,2,2,2
"16-06-2010",2,2,2,2,2,2,2,3,5,9,18,16,13,8,7,4,3,2,2,2,2,2,2,2
"17-06-2010",2,2,2,2,2,2,2,2,3,12,14,7,6,5,9,10,6,2,2,2,3,2,2,2
"18-06-2010",2,2,2,2,2,2,3,6,7,4,3,2,3,4,3,2,2,2,2,2,2,2,2,2
"19-06-2010",2,2,2,2,2,2,3,6,4,6,7,5,4,3,2,2,2,2,2,2,2,2,2,2
"20-06-2010",2,2,2,2,2,2,2,2,2,2,2,2,3,5,4,4,2,2,2,3,3,3,3,2
"21-06-2010",2,2,2,2,-9999,-9999,-9999,-9999,-9999,-9999,-9999,-9999,-9999,-9999,-9999,-9999,2,2,2,2,2,2,2,2
"22-06-2010",2,2,2,2,2,2,2,2,2,2,2,2,2,2,2,2,2,2,3,2,2,2,2,2
"23-06-2010",2,2,2,2,2,2,2,2,2,2,2,2,2,2,2,2,2,2,2,2,2,2,2,2
"24-06-2010",2,2,2,2,2,2,2,2,2,2,4,4,3,2,2,2,2,2,2,2,2,2,2,2
"25-06-2010",2,2,2,2,2,2,2,2,2,2,2,2,2,2,2,2,2,2,2,2,2,2,2,2
"26-06-2010",2,2,2,2,2,2,2,2,2,3,6,5,6,4,4,3,3,2,2,2,2,2,2,2
"27-06-2010",2,2,2,2,2,2,2,2,2,4,5,7,6,4,3,3,2,2,2,2,2,2,2,2
"28-06-2010",2,2,2,2,2,2,2,2,2,2,2,3,3,3,2,2,2,2,2,2,2,2,2,2
"29-06-2010",2,2,2,2,2,2,2,2,2,3,4,3,3,3,3,2,2,2,2,2,2,2,2,2
"30-06-2010",2,2,2,2,2,2,2,2,2,8,8,5,4,4,4,3,2,2,2,2,2,2,2,2
"01-07-2010",2,2,2,2,2,2,2,2,2,2,6,8,5,4,3,2,2,2,2,2,2,2,2,2
"02-07-2010",2,2,2,2,2,2,2,2,9,11,7,5,5,5,5,3,3,3,2,2,2,2,2,2
"03-07-2010",2,2,2,2,2,2,2,2,2,2,2,2,2,2,2,2,2,2,2,2,2,2,2,2
"04-07-2010",2,2,2,2,2,2,2,2,2,2,2,2,2,3,3,2,2,2,2,2,2,2,2,2
"05-07-2010",2,2,2,2,2,2,2,2,2,2,2,2,2,2,2,2,2,2,2,2,2,2,2,2
"06-07-2010",2,2,2,2,2,2,2,2,2,2,2,3,3,3,3,2,2,2,2,2,2,2,2,2
"07-07-2010",2,2,2,3,3,2,2,3,8,5,3,2,2,2,2,2,2,2,2,2,2,2,2,2
"08-07-2010",2,2,2,2,2,2,2,2,2,4,4,2,2,2,2,2,2,2,2,2,2,2,2,2
"09-07-2010",2,2,2,2,2,2,2,2,2,2,2,2,2,2,2,2,2,2,2,2,2,2,2,2
"10-07-2010",2,2,2,2,2,2,2,2,4,11,5,3,2,2,2,2,2,2,2,2,2,2,2,2
"11-07-2010",2,2,2,2,2,3,2,2,2,2,2,2,2,2,2,2,2,2,2,2,2,2,2,2
"12-07-2010",2,2,2,2,2,2,2,2,2,3,3,3,3,2,2,3,2,2,2,2,2,2,2,2
"13-07-2010",2,2,2,2,2,2,2,2,4,14,11,4,6,8,5,4,2,2,2,2,2,2,2,2
"14-07-2010",2,2,2,2,3,3,3,3,7,11,6,4,4,4,3,3,3,2,2,2,2,2,2,2
"15-07-2010",2,2,2,2,2,2,2,2,3,3,9,9,-9999,6,3,3,2,2,2,2,2,2,2,2
"16-07-2010",2,2,2,2,2,2,2,2,2,2,2,2,2,2,2,2,2,2,2,2,2,2,2,2
"17-07-2010",2,2,2,2,2,2,2,2,2,2,2,2,2,2,2,2,2,2,2,2,2,2,2,2
"18-07-2010",2,2,3,2,2,2,2,2,3,3,2,2,2,2,2,2,2,2,2,2,2,2,2,2
"19-07-2010",2,2,2,2,2,2,2,2,2,2,2,2,2,2,2,2,2,2,2,2,2,2,2,2
"20-07-2010",2,2,2,2,2,2,2,2,2,2,2,2,2,2,2,2,2,2,2,2,2,2,2,2
"21-07-2010",2,2,2,2,2,2,2,8,13,14,8,5,7,4,3,3,2,2,2,2,2,2,2,2
"22-07-2010",2,2,2,2,2,2,3,3,4,5,3,2,2,2,2,2,2,2,2,2,2,2,2,2
"23-07-2010",2,2,2,2,2,2,2,2,2,2,2,2,2,2,2,2,2,2,2,2,2,2,2,2
"24-07-2010",2,2,2,3,3,2,3,3,6,4,9,8,7,4,4,3,3,2,3,2,2,2,2,2
"25-07-2010",2,2,2,2,2,2,2,2,3,10,9,4,3,3,2,2,2,2,2,2,2,2,2,2
"26-07-2010",2,2,2,2,2,2,2,2,2,2,2,2,3,3,2,2,2,2,2,2,2,2,2,2
"27-07-2010",2,2,2,2,2,3,4,5,8,7,4,3,3,3,4,4,3,3,2,2,2,2,2,2
"28-07-2010",2,2,2,2,2,2,2,2,13,8,5,3,3,2,2,3,3,2,2,2,2,2,2,2
"29-07-2010",2,2,2,2,2,2,2,2,2,2,2,2,2,2,2,2,2,2,2,2,2,2,2,2
"30-07-2010",2,2,2,2,2,2,2,2,2,2,2,2,2,2,2,2,2,2,2,2,2,2,2,2
"31-07-2010",14,5,3,2,2,2,2,3,6,10,13,6,4,4,3,3,2,2,2,2,2,2,2,2
"01-08-2010",2,2,2,2,2,2,2,2,2,10,9,4,3,3,3,2,2,2,2,2,2,2,2,2
"02-08-2010",2,2,2,2,2,2,2,2,2,2,2,2,2,2,2,2,2,2,2,2,2,2,2,2
"03-08-2010",2,2,2,2,2,2,2,2,2,2,2,2,2,2,2,2,2,2,2,2,2,2,2,2
"04-08-2010",2,2,2,2,2,2,2,2,4,6,6,3,3,2,2,2,2,2,2,2,2,2,2,2
"05-08-2010",2,2,2,2,2,2,2,2,2,2,3,4,3,2,2,2,2,2,2,2,2,2,2,2
"06-08-2010",2,2,2,2,2,2,2,2,2,2,2,2,2,2,2,2,2,2,2,2,2,2,2,2
"07-08-2010",2,2,2,2,2,2,2,2,2,2,2,2,2,2,2,2,2,2,2,2,2,2,2,2
"08-08-2010",2,2,2,2,2,2,2,3,12,16,12,6,4,3,3,2,2,2,2,2,2,2,2,2
"09-08-2010",2,2,2,2,2,2,2,2,2,2,2,2,2,2,2,2,2,2,2,2,2,2,2,2
"10-08-2010",2,2,2,2,2,2,2,2,2,2,2,2,2,2,2,2,2,2,2,2,2,2,2,2
"11-08-2010",2,2,2,2,2,2,2,2,2,2,2,2,2,2,2,2,2,2,2,2,2,2,2,2
"12-08-2010",2,2,2,2,2,2,2,2,2,3,5,5,3,3,3,2,2,2,2,2,2,2,2,2
"13-08-2010",2,2,2,2,2,2,2,2,2,3,5,3,3,3,3,3,2,2,2,2,2,2,2,2
"14-08-2010",2,2,2,2,2,2,2,2,2,2,2,2,2,2,2,2,2,2,2,2,2,2,2,2
"15-08-2010",2,2,2,2,2,2,2,2,2,2,2,2,2,2,2,2,2,2,2,2,2,2,2,2
"16-08-2010",2,2,2,2,2,2,2,2,2,2,2,2,2,2,2,2,2,2,2,2,2,2,2,2
"17-08-2010",2,2,2,2,2,2,2,2,2,6,6,2,2,3,3,2,2,2,2,2,2,2,2,2
"18-08-2010",2,2,2,2,11,6,3,3,6,11,8,4,3,3,3,3,3,2,2,2,2,2,2,2
"19-08-2010",2,2,2,2,2,2,2,2,2,2,2,2,2,2,2,3,3,2,3,2,2,2,3,2
"20-08-2010",2,3,2,2,2,2,2,2,2,2,2,2,2,3,2,2,2,2,2,2,2,2,2,2
"21-08-2010",2,3,2,2,2,2,2,2,2,2,2,2,2,2,2,2,2,2,2,2,2,2,2,2
"22-08-2010",2,2,2,2,2,2,2,2,2,2,2,2,2,2,2,2,2,2,2,2,2,2,2,2
"23-08-2010",2,2,2,2,2,2,2,2,2,2,2,2,2,2,2,2,2,2,2,2,2,2,2,2
"24-08-2010",2,2,2,2,2,2,2,2,2,2,2,2,2,2,2,2,2,2,2,2,2,2,2,2
"25-08-2010",2,2,2,2,2,2,2,2,2,3,6,7,3,3,2,3,3,3,2,2,2,2,2,2
"26-08-2010",2,2,2,2,2,2,2,4,10,12,8,6,5,4,4,4,4,4,5,4,4,3,3,3
"27-08-2010",3,3,3,2,2,2,2,2,2,2,2,2,2,2,2,2,2,2,2,2,2,2,2,2
"28-08-2010",2,2,2,2,2,2,2,2,2,10,11,6,4,3,3,3,2,2,2,2,2,2,2,2
"29-08-2010",2,2,2,2,2,2,2,2,2,3,2,3,4,3,3,3,3,3,2,2,2,2,2,2
"30-08-2010",2,2,2,2,2,2,2,2,2,2,2,2,2,2,2,2,2,2,2,2,2,2,2,2
"31-08-2010",2,2,2,2,2,2,2,2,2,2,2,2,2,2,2,2,2,2,2,2,2,2,2,2
"01-09-2010",2,2,2,2,2,2,2,2,2,6,6,3,3,3,3,3,4,3,2,2,2,2,2,2
"02-09-2010",2,2,2,2,3,3,3,2,2,2,2,2,2,2,2,2,2,2,2,2,2,2,2,2
"03-09-2010",2,2,2,2,2,2,2,2,2,2,2,2,2,2,2,2,2,2,2,2,2,2,2,2
"04-09-2010",2,2,2,2,2,2,2,2,2,2,2,2,4,3,3,2,2,2,2,2,2,2,2,2
"05-09-2010",2,2,2,2,2,2,2,2,2,2,2,2,2,2,2,2,2,2,2,2,2,2,2,2
"06-09-2010",2,2,2,2,2,2,2,2,2,2,2,2,2,2,2,2,2,2,2,2,2,2,2,2
"07-09-2010",2,2,2,2,2,2,2,2,2,2,2,2,2,3,3,2,2,2,2,2,2,2,2,2
"08-09-2010",2,2,2,2,2,2,2,2,3,6,-9999,-9999,3,4,5,3,2,2,2,2,2,2,2,2
"09-09-2010",2,2,2,2,2,2,2,2,2,3,5,7,6,5,5,3,3,2,2,2,2,2,2,2
"10-09-2010",2,2,2,2,2,2,2,3,3,3,2,2,3,3,4,3,2,2,2,2,2,2,2,2
"11-09-2010",3,2,2,2,2,2,2,2,2,2,2,2,2,2,2,2,2,2,2,2,2,2,2,2
"12-09-2010",2,2,2,2,2,2,2,2,2,2,3,2,2,2,2,2,2,2,2,2,2,2,2,2
"13-09-2010",2,2,2,2,2,2,2,2,2,2,2,2,3,3,3,2,2,2,2,2,2,2,2,2
"14-09-2010",2,2,2,2,2,2,2,2,2,2,2,2,3,2,2,2,2,2,2,2,2,2,2,2
"15-09-2010",2,2,2,2,2,2,2,2,2,2,2,2,2,2,2,2,2,3,2,2,2,2,2,2
"16-09-2010",2,2,2,2,2,2,2,2,2,3,3,2,2,2,2,2,2,3,3,2,2,2,2,2
"17-09-2010",2,2,2,2,2,2,2,2,3,3,4,4,2,2,2,3,2,2,2,2,2,2,2,2
"18-09-2010",2,2,2,2,2,2,2,2,2,2,6,6,3,3,4,5,6,3,2,2,2,2,2,2
"19-09-2010",2,2,2,2,2,2,2,2,2,2,2,8,11,9,6,7,5,2,2,2,2,2,2,2
"20-09-2010",2,2,2,2,2,2,2,2,3,2,5,9,6,3,2,2,2,2,2,2,2,2,2,2
"21-09-2010",2,2,2,2,2,2,2,2,2,2,2,2,2,2,2,2,2,2,2,2,2,2,2,2
"22-09-2010",2,2,2,2,2,2,2,2,2,2,2,2,2,2,2,2,2,2,2,2,2,2,2,2
"23-09-2010",2,2,2,2,2,2,2,2,2,2,2,2,2,2,2,2,2,2,2,2,2,2,2,2
"24-09-2010",2,2,2,2,2,2,2,2,2,2,2,2,2,2,2,2,2,2,2,2,2,2,2,2
"25-09-2010",2,2,2,2,2,2,2,2,2,2,2,2,2,2,2,2,2,2,2,2,2,2,2,2
"26-09-2010",2,2,2,2,2,2,2,2,2,2,2,2,2,2,2,2,2,2,2,2,2,2,2,2
"27-09-2010",2,2,2,2,2,2,2,2,2,2,2,3,3,2,2,2,2,2,2,2,2,2,2,2
"28-09-2010",2,2,2,2,2,2,2,2,2,2,2,2,2,2,2,2,2,2,2,2,2,2,2,2
"29-09-2010",2,2,2,2,2,2,2,2,2,2,2,2,2,2,2,2,2,2,2,2,2,2,2,2
"30-09-2010",2,2,2,2,2,2,2,2,7,10,8,4,3,2,2,2,2,2,2,2,2,2,2,2
"01-10-2010",2,2,2,2,2,2,2,2,2,2,2,2,2,2,2,2,2,2,2,2,2,2,2,2
"02-10-2010",2,2,2,2,2,2,2,2,2,2,2,2,2,2,2,2,2,2,2,2,2,2,2,2
"03-10-2010",2,2,2,2,2,2,2,2,2,2,2,2,2,2,2,2,2,2,2,2,2,2,2,2
"04-10-2010",2,2,2,2,2,2,2,2,2,2,2,2,2,2,2,2,2,2,2,2,2,2,2,2
"05-10-2010",2,2,2,2,2,2,2,2,2,2,2,2,2,2,2,2,2,2,2,2,2,2,2,2
"06-10-2010",2,2,2,2,2,2,2,2,2,2,2,2,2,2,2,2,2,2,2,2,2,2,2,2
"07-10-2010",2,2,2,2,2,2,2,2,2,2,2,2,2,2,2,2,2,2,2,2,2,2,2,2
"08-10-2010",2,2,2,2,2,2,2,2,2,2,2,2,2,2,2,2,2,2,2,2,2,2,2,2
"09-10-2010",2,2,2,2,2,2,2,2,2,2,2,2,2,2,2,2,2,2,2,2,2,2,2,2
"10-10-2010",2,2,2,2,2,2,2,2,2,2,2,2,2,2,2,2,2,2,2,2,2,2,2,2
"11-10-2010",2,2,2,2,2,2,2,2,2,2,2,2,2,2,2,2,2,2,2,2,2,2,2,2
"12-10-2010",2,2,2,2,2,2,2,2,2,2,2,2,2,2,2,2,2,2,2,2,2,2,2,2
"13-10-2010",2,2,2,2,2,2,2,2,2,3,2,2,2,2,2,2,2,2,2,2,2,2,2,2
"14-10-2010",2,2,2,2,2,2,2,2,2,2,2,2,2,2,2,2,2,2,2,2,2,2,2,2
"15-10-2010",2,2,2,2,2,2,2,2,2,2,2,2,2,2,2,2,2,2,2,2,2,2,2,2
"16-10-2010",2,2,2,2,2,2,2,2,2,2,2,2,2,2,2,2,2,2,2,2,2,2,2,2
"17-10-2010",2,2,2,2,2,2,2,2,2,2,2,3,3,2,3,2,2,2,2,2,2,2,2,2
"18-10-2010",2,2,2,2,2,2,2,2,2,2,2,2,2,2,2,2,2,2,2,2,2,2,2,2
"19-10-2010",2,2,2,2,2,2,2,2,2,2,2,2,2,2,2,2,2,2,2,2,2,2,2,2
"20-10-2010",2,2,2,2,2,2,2,2,2,2,2,2,2,2,2,2,2,2,2,2,2,2,2,2
"21-10-2010",2,2,2,2,2,2,2,2,2,2,2,2,2,2,2,2,2,2,2,2,2,2,2,2
"22-10-2010",2,2,2,2,2,2,2,2,2,2,2,2,2,2,2,2,2,2,2,2,2,2,2,2
"23-10-2010",2,2,2,2,2,2,2,2,2,2,2,2,2,2,2,2,2,2,2,2,2,2,2,2
"24-10-2010",2,2,2,2,2,2,2,2,2,2,2,2,2,4,5,5,5,4,2,2,2,2,2,2
"25-10-2010",2,2,2,2,2,2,2,2,2,2,2,2,2,2,2,2,2,2,2,2,2,2,2,2
"26-10-2010",2,2,2,2,2,2,2,2,2,3,2,2,2,2,2,2,2,2,2,2,2,2,2,2
"27-10-2010",2,2,2,2,2,2,2,2,3,2,2,2,2,2,2,2,2,2,2,2,2,2,2,2
"28-10-2010",2,2,2,2,2,2,2,2,2,2,2,2,2,2,2,2,2,2,2,2,2,2,2,2
"29-10-2010",2,2,2,2,2,2,2,2,2,2,2,2,2,2,2,2,2,2,2,2,2,2,2,2
"30-10-2010",2,2,2,2,2,2,2,2,2,2,2,2,2,2,2,2,2,2,2,2,2,2,2,2
"31-10-2010",2,2,2,2,2,2,2,2,2,2,2,2,5,8,5,4,4,4,2,2,2,2,3,2
"01-11-2010",2,2,2,2,2,2,2,2,2,3,3,3,2,2,2,2,2,2,2,2,2,2,2,3
"02-11-2010",3,2,2,2,2,2,2,2,2,-9999,-9999,-9999,-9999,3,2,2,2,2,2,2,3,4,4,3
"03-11-2010",3,2,2,2,2,2,3,3,4,4,3,2,3,2,2,2,2,2,2,2,3,3,3,3
"04-11-2010",3,3,3,2,2,2,2,3,3,3,4,4,4,3,3,3,2,2,2,2,3,3,4,4
"05-11-2010",4,3,3,3,3,3,4,5,7,8,11,11,14,10,15,12,6,3,3,4,5,6,6,5
"06-11-2010",5,4,4,4,3,3,4,4,5,16,21,36,26,14,12,10,4,3,2,2,3,3,3,3
"07-11-2010",3,3,3,4,3,4,4,3,2,3,10,11,9,6,4,3,2,2,2,2,2,2,2,2
"08-11-2010",2,2,2,2,2,2,2,2,2,2,2,2,2,2,2,2,2,2,2,2,2,2,2,2
"09-11-2010",2,2,2,2,2,2,2,2,2,2,2,2,2,2,2,2,2,2,2,2,2,2,2,2
"10-11-2010",2,2,2,2,2,2,2,2,2,2,2,2,2,2,2,2,2,2,2,2,2,2,2,2
"11-11-2010",2,2,2,2,2,2,2,2,2,2,2,2,2,2,2,2,2,2,2,2,2,2,2,2
"12-11-2010",2,2,2,2,2,2,2,2,2,2,2,2,2,2,2,2,2,2,2,2,2,2,2,2
"13-11-2010",2,2,2,2,2,2,2,2,2,2,2,2,2,2,2,2,2,2,2,2,2,2,2,2
"14-11-2010",2,2,2,2,2,2,2,2,2,2,2,2,2,2,2,2,2,2,2,2,2,2,2,2
"15-11-2010",2,2,2,2,2,2,2,2,2,2,2,3,3,2,2,2,2,2,2,2,2,2,2,2
"16-11-2010",2,2,2,2,2,2,2,2,2,3,2,3,5,4,3,2,2,2,2,2,2,2,2,2
"17-11-2010",2,2,2,2,2,2,2,2,2,2,2,2,2,2,2,2,2,2,2,2,2,2,3,2
"18-11-2010",3,3,2,2,2,2,2,2,2,2,3,5,5,4,3,3,2,2,2,2,2,2,2,2
"19-11-2010",2,2,2,2,2,2,2,3,4,2,2,2,2,2,2,2,2,2,2,2,2,2,2,2
"20-11-2010",2,2,2,2,2,2,2,3,3,2,3,8,10,7,5,4,3,2,2,2,2,3,3,3
"21-11-2010",3,2,2,2,2,2,2,2,2,2,7,10,6,5,5,4,3,3,2,2,2,2,3,2
"22-11-2010",2,2,2,2,2,2,2,3,3,2,2,2,2,2,2,2,2,2,2,2,2,2,2,2
"23-11-2010",2,2,2,2,2,2,2,2,2,2,2,2,2,2,2,2,2,2,2,2,2,2,2,2
"24-11-2010",2,2,2,2,2,2,2,2,2,2,2,2,2,2,2,2,2,2,2,2,2,2,2,2
"25-11-2010",2,2,2,2,2,2,2,2,3,3,3,3,3,3,3,2,3,4,3,5,4,4,3,3
"26-11-2010",3,2,2,2,2,2,2,2,2,2,2,2,2,2,2,2,2,2,2,2,2,2,2,2
"27-11-2010",2,2,2,2,2,2,2,2,2,2,2,2,2,2,2,2,2,2,2,2,2,2,2,2
"28-11-2010",2,2,2,2,2,2,2,2,2,2,2,2,2,2,2,2,2,2,2,2,2,2,2,2
"29-11-2010",2,2,2,2,2,2,2,2,2,2,2,2,2,2,2,2,2,2,2,2,2,2,2,2
"30-11-2010",2,2,2,2,2,2,2,2,2,2,2,3,4,3,2,2,2,2,2,2,2,2,2,2
"01-12-2010",2,2,2,2,2,2,2,2,2,2,2,2,2,2,2,2,2,2,2,2,2,2,2,2
"02-12-2010",2,2,2,2,2,2,2,2,2,2,2,2,2,2,2,2,2,2,2,2,2,2,2,2
"03-12-2010",2,2,2,2,2,2,2,2,2,2,2,2,2,2,2,2,2,2,2,2,2,2,2,2
"04-12-2010",2,2,2,2,2,2,2,2,2,2,2,2,2,2,2,2,2,2,2,2,2,2,2,2
"05-12-2010",2,2,4,3,4,3,2,6,6,4,3,3,2,2,2,2,2,2,2,2,2,2,2,2
"06-12-2010",2,2,2,2,2,2,2,3,4,5,-9999,-9999,-9999,3,3,3,3,3,3,3,4,3,5,4
"07-12-2010",3,3,2,2,2,2,3,3,6,7,6,6,6,5,4,3,2,2,4,4,4,4,3,2
"08-12-2010",2,2,3,2,3,2,2,3,5,6,7,8,7,6,6,5,5,3,3,3,3,2,2,2
"09-12-2010",2,2,2,2,2,2,2,3,5,7,7,9,9,12,8,6,3,2,3,3,3,2,2,2
"10-12-2010",2,2,3,3,2,3,3,3,4,4,5,4,2,2,2,2,2,2,3,4,4,3,2,2
"11-12-2010",2,3,4,2,2,3,3,3,4,4,5,4,4,4,4,3,4,3,4,5,5,5,6,7
"12-12-2010",7,7,6,6,5,5,6,7,8,8,6,5,5,7,7,7,8,12,17,29,40,43,32,22
"13-12-2010",15,10,7,8,7,4,2,2,2,2,2,3,6,10,11,12,8,7,8,13,12,9,6,5
"14-12-2010",3,3,3,2,2,3,3,4,5,6,-9999,-9999,-9999,6,5,4,5,5,8,9,21,20,10,7
"15-12-2010",3,3,2,3,2,2,2,2,3,2,2,3,3,4,4,4,4,4,5,8,6,5,3,3
"16-12-2010",3,2,2,2,2,2,3,4,4,4,10,23,27,12,9,7,5,5,5,6,5,4,6,7
"17-12-2010",7,14,8,15,18,16,11,11,19,14,10,11,10,10,12,7,7,8,9,11,12,10,6,5
"18-12-2010",4,3,3,3,4,4,5,7,10,10,6,5,5,6,6,4,4,3,3,4,4,4,3,3
"19-12-2010",3,2,2,2,2,3,3,3,3,3,3,4,5,7,13,14,14,17,19,24,36,36,32,23
"20-12-2010",16,11,8,8,6,5,3,3,3,4,6,7,5,4,4,3,3,3,3,3,4,3,2,2
"21-12-2010",2,2,2,2,2,2,2,2,2,2,2,3,3,3,2,2,2,2,2,2,2,2,2,2
"22-12-2010",2,2,2,2,2,2,2,3,5,6,4,4,4,3,2,2,2,2,2,2,2,2,2,2
"23-12-2010",2,2,2,2,2,2,2,2,6,6,4,3,3,3,2,2,2,2,2,2,2,2,2,2
"24-12-2010",2,2,2,2,2,2,2,2,2,2,2,2,2,2,2,2,2,2,2,2,2,2,-9999,-9999
