"01-01-2014",27,27,21,16,22,21,19,19,23,23,27,27,24,21,22,23,24,28,29,28,29,29,26,27
"02-01-2014",25,23,21,20,23,26,27,30,29,25,23,19,19,22,21,29,27,31,33,34,33,32,32,31
"03-01-2014",29,27,24,23,24,26,29,31,36,40,48,39,36,37,27,30,32,33,36,36,35,35,33,32
"04-01-2014",30,26,23,23,23,26,28,30,34,38,33,27,21,23,25,25,37,35,38,37,38,38,35,33
"05-01-2014",31,27,24,22,22,23,23,22,22,27,36,31,21,24,15,16,17,24,31,27,37,16,22,40
"06-01-2014",36,34,28,17,13,12,13,12,11,8,7,10,12,14,12,22,35,34,40,40,41,37,35,31
"07-01-2014",27,20,21,16,21,30,37,42,42,41,41,42,42,40,37,38,37,39,43,42,41,39,37,37
"08-01-2014",23,20,23,27,14,19,25,30,29,24,23,23,24,21,23,25,31,29,26,24,28,24,19,18
"09-01-2014",12,9,7,7,14,33,35,33,34,44,47,30,28,31,27,31,32,40,49,47,43,38,36,36
"10-01-2014",32,29,26,26,26,30,32,36,41,46,48,35,32,28,26,24,27,35,32,32,34,21,20,23
"11-01-2014",36,31,28,26,24,25,26,29,31,35,37,30,29,22,19,18,21,22,23,25,25,21,18,21
"12-01-2014",29,34,34,32,28,26,25,27,28,35,30,22,21,18,21,21,21,28,29,34,40,42,43,37
"13-01-2014",29,28,26,23,26,28,32,36,40,42,42,42,38,37,37,41,41,43,38,36,36,36,35,31
"14-01-2014",25,21,16,18,21,32,37,38,40,41,45,44,47,42,36,35,35,40,41,43,42,40,38,37
"15-01-2014",34,29,28,23,23,32,38,42,38,41,24,23,20,18,20,22,17,16,20,19,26,17,15,12
"16-01-2014",11,17,20,21,27,37,38,41,44,46,40,39,38,40,42,40,37,31,37,37,41,40,34,31
"17-01-2014",26,23,20,20,21,22,23,29,34,49,48,34,25,24,23,21,23,28,38,44,44,44,41,39
"18-01-2014",32,29,26,21,28,30,38,41,36,34,18,19,19,24,21,22,33,39,39,43,45,42,41,40
"19-01-2014",38,34,32,31,29,27,28,31,33,41,33,16,13,14,13,14,12,14,16,19,17,20,18,9
"20-01-2014",6,6,5,6,8,12,24,22,27,21,19,20,18,20,21,18,19,19,24,24,20,24,18,10
"21-01-2014",7,6,7,19,14,16,18,29,39,28,22,31,24,19,27,24,17,33,40,27,40,35,15,16
"22-01-2014",17,21,20,8,13,32,48,51,50,36,-9999,-9999,32,32,40,35,34,40,37,32,39,34,30,36
"23-01-2014",21,15,13,11,16,31,46,46,42,36,39,33,36,36,34,34,40,48,47,49,49,35,38,21
"24-01-2014",10,15,10,21,32,39,39,44,51,54,55,55,46,44,33,24,18,20,20,17,17,12,10,7
"25-01-2014",27,26,35,17,25,36,31,21,42,31,28,35,38,29,41,31,43,40,34,32,37,41,22,21
"26-01-2014",27,22,16,17,17,21,22,28,21,20,13,13,12,13,13,18,18,21,21,23,22,23,16,16
"27-01-2014",9,7,11,17,14,13,20,22,25,23,23,24,25,25,25,32,35,37,38,38,38,37,36,35
"28-01-2014",31,25,21,17,24,31,34,38,41,46,53,56,52,49,48,50,51,50,49,47,47,43,42,28
"29-01-2014",14,16,15,11,13,23,41,44,36,33,39,36,32,42,46,45,39,45,45,45,46,35,33,33
"30-01-2014",36,42,37,30,32,34,38,41,46,50,55,44,43,26,17,22,26,33,52,53,49,46,44,39
"31-01-2014",27,22,16,16,19,25,28,33,35,33,35,35,38,35,37,35,33,35,35,34,34,30,23,21
"01-02-2014",16,14,11,9,14,18,20,20,22,24,25,26,31,30,26,25,27,26,24,30,22,25,28,27
"02-02-2014",19,11,11,10,10,21,19,29,16,19,20,20,19,21,20,18,23,20,23,29,23,18,18,17
"03-02-2014",10,10,7,6,11,17,22,30,33,31,27,25,27,29,36,46,32,31,30,28,24,21,18,16
"04-02-2014",11,8,7,8,10,33,38,45,38,31,30,27,27,27,28,28,28,29,37,36,41,38,34,27
"05-02-2014",21,13,12,13,18,24,32,38,42,41,44,38,32,37,48,41,45,38,40,43,42,41,37,36
"06-02-2014",32,26,20,17,22,35,39,44,46,49,33,26,24,22,23,21,23,28,27,47,48,46,33,29
"07-02-2014",17,11,12,12,15,26,41,47,45,35,36,32,27,39,42,32,51,44,35,44,46,42,41,41
"08-02-2014",46,43,41,37,35,35,34,36,46,49,25,31,20,15,16,15,15,14,14,22,25,45,47,46
"09-02-2014",46,43,38,38,30,9,22,46,43,49,41,27,36,19,15,21,14,23,37,35,38,40,25,26
"10-02-2014",33,39,21,13,34,42,40,41,49,37,32,25,19,18,16,22,21,29,37,41,44,46,48,46
"11-02-2014",41,38,32,30,29,33,36,42,45,44,26,21,17,17,15,16,18,26,29,34,38,32,26,18
"12-02-2014",12,9,9,16,11,19,35,42,27,24,17,14,16,21,19,17,19,19,19,20,20,17,32,41
"13-02-2014",27,15,14,13,18,34,47,52,44,41,41,40,37,23,24,25,24,26,30,34,45,50,50,40
"14-02-2014",29,28,35,33,34,38,47,47,47,43,32,34,37,35,34,41,43,46,45,48,47,29,24,32
"15-02-2014",37,33,20,29,26,29,26,32,21,23,17,16,19,22,22,19,30,34,37,35,38,37,38,38
"16-02-2014",35,34,37,33,31,33,32,42,42,38,45,23,30,20,14,18,21,30,33,41,48,45,51,50
"17-02-2014",45,37,35,32,32,35,39,46,53,51,52,44,43,27,20,28,27,27,25,28,28,30,38,47
"18-02-2014",44,38,34,31,32,32,37,45,52,67,41,42,37,33,28,31,25,33,48,57,58,58,56,52
"19-02-2014",47,38,34,33,36,40,39,40,43,42,27,38,40,34,24,21,21,23,33,52,52,48,42,24
"20-02-2014",19,12,10,7,9,15,23,32,44,36,21,18,18,14,18,14,14,21,22,27,28,26,19,19
"21-02-2014",11,13,15,23,33,36,39,43,43,48,24,22,24,25,23,19,27,31,40,41,43,41,41,35
"22-02-2014",26,20,25,28,28,30,34,38,38,39,40,37,31,27,28,15,24,21,34,20,28,22,24,20
"23-02-2014",15,17,16,17,20,30,39,41,33,34,34,37,34,28,23,23,19,19,30,43,43,34,34,27
"24-02-2014",21,14,13,13,17,23,33,40,36,35,38,37,37,39,31,31,28,27,26,23,30,28,27,25
"25-02-2014",21,14,8,14,17,26,33,33,34,31,30,28,28,27,28,23,32,34,36,36,38,35,34,29
"26-02-2014",25,17,13,14,20,28,35,37,41,40,28,29,25,25,22,21,22,25,24,26,22,28,34,43
"27-02-2014",42,37,33,31,30,33,39,42,46,45,36,33,27,27,21,22,20,27,27,35,39,39,39,49
"28-02-2014",46,40,36,34,34,38,42,45,53,56,38,49,42,32,32,32,23,27,29,30,29,18,19,10
"01-03-2014",7,9,17,27,34,39,42,45,43,45,44,21,25,27,21,26,23,37,45,44,41,40,38,46
"02-03-2014",36,10,11,8,10,32,31,45,50,32,23,22,31,20,15,15,15,34,40,42,43,44,47,26
"03-03-2014",9,8,6,5,5,6,7,7,5,6,7,8,11,12,17,29,30,30,33,39,36,34,37,37
"04-03-2014",25,32,24,11,25,23,43,50,44,37,30,20,26,26,24,27,26,27,25,25,27,22,19,15
"05-03-2014",10,24,26,21,29,40,45,49,51,50,44,41,28,38,24,24,23,20,39,47,50,48,44,41
"06-03-2014",40,35,30,30,29,32,40,46,52,50,29,27,27,23,18,20,22,21,28,48,49,53,50,45
"07-03-2014",39,34,9,22,30,40,44,46,51,30,26,19,22,19,22,40,45,51,53,51,50,43,43,37
"08-03-2014",30,21,23,20,27,24,25,27,31,23,22,27,34,35,31,30,25,25,24,26,27,27,27,20
"09-03-2014",16,11,9,10,8,21,17,17,15,16,19,18,17,19,19,22,24,24,20,25,22,25,18,17
"10-03-2014",13,8,8,7,17,23,27,29,25,27,21,22,20,20,21,23,28,29,27,29,24,22,18,19
"11-03-2014",8,11,14,16,25,28,34,36,25,19,18,20,20,20,22,21,24,29,24,22,23,22,20,20
"12-03-2014",8,5,8,7,23,32,31,30,32,26,28,25,28,27,24,27,25,28,33,44,60,59,57,57
"13-03-2014",53,39,28,36,38,44,51,55,44,37,36,30,32,29,24,26,22,25,32,53,48,45,39,45
"14-03-2014",36,26,31,45,38,42,42,54,52,48,49,47,58,42,23,28,22,42,57,51,56,57,50,54
"15-03-2014",52,46,39,35,35,43,45,54,56,49,45,40,38,18,18,16,20,20,28,22,31,31,24,41
"16-03-2014",37,38,42,42,38,37,41,46,44,29,25,34,25,14,15,18,21,27,43,43,46,41,48,48
"17-03-2014",43,40,35,36,38,40,44,48,56,60,40,32,27,29,32,34,26,30,28,36,40,54,63,65
"18-03-2014",56,48,40,39,39,41,46,55,54,60,44,37,39,35,18,20,23,31,33,53,67,60,55,55
"19-03-2014",48,43,40,36,36,40,44,53,66,54,37,29,35,21,20,26,23,26,33,37,40,37,24,22
"20-03-2014",16,16,37,36,22,45,54,27,30,23,33,40,36,38,38,39,41,42,43,47,41,39,36,42
"21-03-2014",42,40,42,39,42,49,55,55,50,42,39,38,40,35,27,24,30,31,27,37,48,43,37,37
"22-03-2014",37,28,41,38,38,40,46,46,55,43,34,36,47,30,36,17,16,17,23,26,23,35,39,27
"23-03-2014",23,20,37,38,43,41,42,45,45,40,25,17,22,14,13,14,13,17,16,17,29,31,24,25
"24-03-2014",14,33,41,35,38,39,40,47,50,29,24,20,22,18,17,14,15,18,23,29,29,27,33,27
"25-03-2014",10,8,7,9,9,17,25,32,28,28,21,22,19,23,23,25,22,26,34,35,44,28,19,17
"26-03-2014",15,16,14,16,21,32,50,42,46,28,25,19,15,14,17,17,13,16,18,26,25,33,37,19
"27-03-2014",11,7,8,9,13,32,36,31,24,18,19,15,17,19,16,17,15,24,26,30,25,31,18,14
"28-03-2014",10,11,14,9,14,23,44,48,48,54,48,37,27,27,17,20,18,23,39,56,54,44,35,38
"29-03-2014",36,20,10,14,18,32,35,30,21,22,21,24,22,24,27,17,23,25,30,35,23,25,24,30
"30-03-2014",19,27,23,20,19,22,19,21,19,22,23,20,21,16,19,19,23,20,18,24,26,33,38,34
"31-03-2014",24,21,19,22,45,52,55,56,43,-9999,42,38,40,30,21,17,18,18,18,23,30,26,23,20
"01-04-2014",13,11,27,31,36,37,43,48,57,50,45,36,26,19,15,16,16,21,19,15,29,30,20,27
"02-04-2014",28,39,37,32,40,38,44,45,54,58,60,39,31,34,34,26,23,32,25,25,23,30,25,47
"03-04-2014",50,47,34,43,50,52,52,58,60,69,62,61,56,51,59,32,22,19,28,41,38,49,43,28
"04-04-2014",19,26,13,10,13,19,29,28,28,20,22,20,19,17,19,14,20,21,28,30,24,21,21,17
"05-04-2014",16,10,9,8,11,30,24,27,32,26,25,19,18,16,14,16,14,13,15,16,21,16,12,14
"06-04-2014",11,10,12,8,10,13,14,16,15,11,9,10,10,10,10,13,9,11,11,17,24,21,19,20
"07-04-2014",17,25,29,20,30,34,41,48,54,55,47,49,47,49,45,49,32,15,15,29,46,33,27,27
"08-04-2014",22,32,27,18,15,26,40,48,46,48,44,33,45,38,43,32,23,22,26,35,34,47,39,37
"09-04-2014",49,43,41,35,31,32,35,42,48,51,48,30,24,15,21,18,16,14,11,15,23,19,21,37
"10-04-2014",28,17,15,10,17,21,52,60,62,49,48,55,50,37,54,23,28,43,50,39,35,32,22,15
"11-04-2014",19,12,14,15,26,39,49,51,42,44,45,33,34,20,20,17,19,21,36,53,54,46,32,35
"12-04-2014",28,11,15,22,25,29,44,48,45,34,31,36,23,15,13,12,13,12,12,14,16,20,26,29
"13-04-2014",37,39,35,31,27,36,42,44,43,26,28,29,25,19,23,21,16,38,29,30,49,50,42,31
"14-04-2014",20,30,31,31,35,38,45,48,54,54,44,45,33,29,61,47,40,34,25,42,53,66,31,42
"15-04-2014",55,47,49,46,43,44,45,49,54,50,32,28,23,19,16,15,9,14,21,23,28,29,40,39
"16-04-2014",45,21,27,41,39,51,49,50,43,33,23,28,22,20,19,17,18,18,19,33,55,50,38,50
"17-04-2014",37,24,26,30,35,31,47,59,50,47,50,43,51,57,46,33,21,15,18,23,24,26,29,44
"18-04-2014",29,16,11,28,37,37,47,49,44,27,22,16,12,14,16,22,25,23,19,33,31,34,27,34
"19-04-2014",32,14,18,28,31,36,45,52,41,40,39,36,30,34,24,29,32,21,31,35,41,32,38,35
"20-04-2014",38,38,45,37,36,44,41,38,39,21,15,9,7,6,5,6,5,7,8,10,16,18,16,28
"21-04-2014",8,6,5,5,9,10,17,15,14,15,15,18,27,25,14,13,11,13,19,42,42,32,46,22
"22-04-2014",14,8,12,21,36,42,50,56,55,61,48,44,44,32,15,30,32,22,23,31,63,64,60,61
"23-04-2014",57,54,49,46,43,39,41,50,56,62,55,59,65,65,70,77,64,66,63,75,65,61,48,43
"24-04-2014",30,36,17,11,10,18,29,54,58,48,36,32,32,42,30,23,20,38,40,39,42,31,20,18
"25-04-2014",12,12,15,19,25,39,44,47,44,40,39,41,44,44,39,46,39,30,20,24,44,37,31,26
"26-04-2014",32,27,26,27,39,36,39,37,35,32,17,17,12,15,11,14,8,13,20,40,33,20,23,29
"27-04-2014",26,20,15,19,18,28,32,25,22,17,11,11,18,21,23,23,20,31,35,34,40,27,31,33
"28-04-2014",25,29,28,33,37,33,38,43,51,26,19,21,14,15,36,41,47,39,33,33,41,29,20,24
"29-04-2014",15,12,16,21,18,31,42,39,47,29,32,31,22,20,20,22,15,18,43,40,43,40,38,24
"30-04-2014",16,26,15,24,39,31,50,49,45,47,-9999,44,40,42,45,47,21,22,41,48,51,28,21,22
"01-05-2014",20,29,28,25,31,36,39,43,30,29,26,23,32,14,13,10,10,10,7,16,19,22,19,35
"02-05-2014",28,16,23,12,19,34,51,53,61,50,48,44,20,17,16,21,15,16,20,27,22,22,19,17
"03-05-2014",13,10,9,6,8,20,31,28,26,13,11,14,16,14,12,9,14,18,19,24,22,21,19,15
"04-05-2014",11,12,12,8,9,18,40,47,38,45,27,20,9,9,10,9,11,16,15,21,25,44,28,29
"05-05-2014",21,15,15,13,16,32,50,51,44,39,49,55,55,49,41,19,40,43,32,39,44,50,32,34
"06-05-2014",26,18,17,11,19,32,20,26,33,26,27,26,24,23,39,31,27,32,35,37,38,35,34,30
"07-05-2014",30,14,8,16,14,29,34,31,30,28,27,27,27,25,25,25,25,29,21,26,36,32,33,36
"08-05-2014",27,20,17,28,28,31,38,39,34,29,26,25,28,34,31,29,31,33,28,28,40,32,34,30
"09-05-2014",32,29,33,29,26,44,43,43,32,25,26,28,41,34,30,24,28,27,36,50,50,41,42,39
"10-05-2014",35,24,26,8,8,33,41,40,25,24,14,17,17,23,17,15,14,11,12,21,28,36,27,34
"11-05-2014",27,18,18,24,23,37,40,41,44,45,20,26,20,17,18,14,10,11,12,17,28,28,25,34
"12-05-2014",22,21,26,35,23,32,56,55,60,55,54,58,64,34,20,22,22,22,19,27,31,41,22,26
"13-05-2014",16,19,11,13,17,41,45,58,58,59,50,30,19,21,19,25,28,20,19,25,39,50,21,25
"14-05-2014",14,11,13,12,15,34,43,42,33,27,21,19,18,15,17,16,19,36,32,29,35,22,13,22
"15-05-2014",11,9,10,10,14,24,33,38,37,40,35,30,31,35,30,40,30,35,31,39,38,30,18,16
"16-05-2014",12,10,11,11,12,18,36,46,41,41,39,42,44,46,16,19,19,18,38,32,45,37,27,29
"17-05-2014",20,18,23,19,18,32,42,47,43,39,29,27,12,14,14,14,11,14,10,19,43,25,25,26
"18-05-2014",19,20,30,33,29,31,45,50,46,46,31,33,18,19,10,9,9,11,13,14,20,23,24,28
"19-05-2014",15,12,32,43,41,42,51,56,53,40,34,30,21,39,36,30,42,46,50,36,34,50,26,21
"20-05-2014",21,19,23,27,33,46,49,51,58,61,54,54,64,60,45,32,25,33,38,57,66,55,41,60
"21-05-2014",37,29,32,38,36,41,59,60,34,29,29,35,29,43,42,38,31,40,42,39,42,43,42,47
"22-05-2014",46,34,23,33,35,45,50,57,49,29,27,41,41,42,37,37,36,41,43,43,49,43,40,43
"23-05-2014",46,43,36,33,34,44,56,56,53,49,36,38,53,63,34,22,21,23,27,51,52,42,46,55
"24-05-2014",57,50,50,38,36,47,53,65,52,50,27,39,31,18,25,20,19,14,19,19,26,29,23,22
"25-05-2014",21,12,23,45,26,40,48,44,40,47,39,20,40,24,18,17,21,28,27,25,35,37,24,23
"26-05-2014",33,25,21,40,44,44,45,54,62,49,52,55,54,28,19,19,25,27,27,31,53,81,70,73
"27-05-2014",72,66,50,33,24,37,51,52,58,62,65,58,64,26,27,21,18,23,20,23,27,47,38,29
"28-05-2014",26,15,20,22,22,38,55,61,56,48,48,52,52,57,52,22,19,23,20,28,37,62,36,29
"29-05-2014",31,25,22,20,31,53,55,62,60,39,23,28,30,31,18,18,17,17,15,19,47,41,35,37
"30-05-2014",26,21,17,18,23,26,48,53,46,44,36,40,33,40,37,36,39,41,35,37,45,36,18,28
"31-05-2014",21,17,17,21,21,32,46,40,27,38,36,34,39,49,33,31,16,14,17,30,40,29,22,27
"01-06-2014",19,24,15,20,19,28,48,49,32,46,36,31,30,29,22,29,28,34,37,26,28,44,22,27
"02-06-2014",21,15,16,25,24,25,50,52,49,43,40,42,45,51,55,56,38,26,27,20,26,39,17,22
"03-06-2014",18,23,29,20,27,45,54,54,59,55,57,57,53,49,48,55,45,58,50,46,43,36,24,24
"04-06-2014",15,14,14,19,27,38,37,44,37,32,27,25,22,25,33,39,30,28,32,33,36,33,37,39
"05-06-2014",45,37,36,28,29,42,48,54,49,57,47,50,53,52,34,25,22,23,23,27,27,39,53,54
"06-06-2014",61,52,29,41,49,53,66,79,51,40,37,35,32,35,36,31,29,26,40,37,41,32,38,52
"07-06-2014",58,53,42,47,43,49,54,60,57,62,47,48,40,52,28,37,23,31,54,20,43,55,69,67
"08-06-2014",57,66,48,53,51,45,62,67,54,40,23,19,12,18,25,20,14,15,17,21,33,28,21,17
"09-06-2014",19,8,8,10,15,22,30,31,23,26,24,23,27,24,20,24,30,28,32,39,40,38,34,36
"10-06-2014",30,27,16,9,14,26,45,43,32,33,45,48,55,59,58,57,45,47,51,56,59,48,41,44
"11-06-2014",37,10,11,7,17,34,41,53,39,35,54,51,54,46,63,53,41,51,35,30,27,45,75,72
"12-06-2014",57,57,51,53,53,56,64,60,59,60,46,55,50,53,46,46,44,44,30,46,56,51,44,49
"13-06-2014",41,49,42,53,38,54,60,62,66,71,57,55,71,85,68,77,33,50,35,29,53,71,66,64
"14-06-2014",50,57,65,48,46,57,48,54,57,86,59,65,48,27,28,29,29,23,19,21,20,31,33,30
"15-06-2014",19,17,17,20,20,46,51,50,47,31,24,19,16,16,16,11,35,27,34,37,49,50,44,42
"16-06-2014",40,47,33,31,31,40,51,55,63,76,64,67,56,31,37,26,22,23,13,13,21,27,23,20
"17-06-2014",23,47,38,25,17,45,50,54,52,52,51,53,59,37,27,27,23,27,17,30,28,36,30,24
"18-06-2014",20,15,29,16,14,30,40,31,24,21,24,21,20,22,24,29,21,21,20,22,31,43,23,23
"19-06-2014",20,27,36,50,39,48,54,62,56,51,49,51,52,60,56,53,50,53,41,43,37,21,20,23
"20-06-2014",24,21,20,19,27,31,50,56,37,52,46,48,52,54,51,46,52,53,47,56,58,50,44,42
"21-06-2014",31,34,31,43,33,46,43,49,43,55,30,29,45,33,22,17,20,18,16,23,22,24,22,24
"22-06-2014",17,18,19,56,34,48,57,38,-9999,-9999,-9999,-9999,-9999,23,16,11,13,15,16,23,24,31,28,41
"23-06-2014",44,32,33,28,38,45,50,56,56,69,64,67,73,56,42,46,29,32,24,45,66,49,40,55
"24-06-2014",59,52,43,32,32,44,54,64,60,66,-9999,-9999,64,58,43,42,31,22,29,32,23,53,58,58
"25-06-2014",60,59,63,43,51,50,60,61,65,68,60,44,28,26,24,17,21,20,17,20,28,37,34,27
"26-06-2014",33,26,25,62,31,48,56,67,67,62,61,65,56,67,60,35,20,37,35,27,24,42,36,42
"27-06-2014",44,55,56,55,51,49,55,73,75,57,42,59,35,29,26,21,21,22,25,29,44,55,42,29
"28-06-2014",33,35,20,15,11,17,28,34,33,26,22,24,25,24,20,23,20,20,28,30,37,35,29,27
"29-06-2014",23,20,12,13,12,35,33,33,16,17,17,14,16,17,16,18,17,14,14,29,39,46,42,36
"30-06-2014",28,21,18,15,15,43,50,53,47,47,40,40,61,32,25,32,20,20,23,28,30,24,33,32
"01-07-2014",28,36,34,41,49,53,57,67,67,69,61,58,62,71,44,26,26,27,33,30,30,44,49,54
"02-07-2014",56,54,55,51,42,51,58,60,61,59,59,56,62,66,42,46,42,47,41,46,41,41,36,42
"03-07-2014",39,39,36,28,27,39,46,50,40,48,42,35,32,43,32,30,23,39,66,68,54,57,54,56
"04-07-2014",37,43,19,6,6,16,27,42,40,36,36,31,38,35,28,31,29,28,29,27,23,19,16,27
"05-07-2014",18,10,11,8,11,17,31,26,19,26,27,28,29,30,21,21,16,14,22,22,32,40,37,51
"06-07-2014",49,39,51,55,49,49,59,56,56,47,36,24,49,27,14,18,23,25,52,58,43,54,54,44
"07-07-2014",24,48,38,46,42,47,59,69,69,65,62,65,65,63,54,35,24,32,30,72,72,65,52,39
"08-07-2014",55,75,62,50,50,54,61,84,64,80,55,63,40,70,31,32,33,33,24,37,34,36,34,27
"09-07-2014",23,24,46,34,38,39,56,60,54,58,45,50,50,58,51,27,17,23,26,51,44,43,30,30
"10-07-2014",30,38,18,36,40,45,57,66,57,52,49,50,52,62,56,20,24,17,19,34,48,45,37,47
"11-07-2014",38,39,35,23,36,52,60,64,53,55,45,46,54,26,24,26,19,21,45,53,47,45,20,17
"12-07-2014",21,29,25,25,26,29,44,51,41,47,38,30,39,35,28,35,34,29,16,28,37,50,31,39
"13-07-2014",36,40,42,38,44,45,56,64,37,45,41,41,31,22,13,19,28,20,14,18,26,31,34,28
"14-07-2014",20,34,19,28,35,45,59,56,61,59,45,48,54,65,61,74,72,55,28,50,43,33,27,43
"15-07-2014",42,40,28,30,41,45,55,62,59,51,48,-9999,-9999,-9999,-9999,-9999,-9999,-9999,-9999,-9999,-9999,-9999,-9999,-9999
"16-07-2014",-9999,-9999,-9999,-9999,-9999,-9999,-9999,-9999,-9999,-9999,-9999,-9999,-9999,-9999,-9999,-9999,-9999,-9999,-9999,-9999,-9999,-9999,-9999,-9999
"17-07-2014",-9999,-9999,-9999,-9999,-9999,-9999,-9999,-9999,-9999,-9999,-9999,-9999,-9999,-9999,-9999,-9999,-9999,-9999,-9999,-9999,-9999,-9999,-9999,-9999
"18-07-2014",-9999,-9999,-9999,-9999,-9999,-9999,-9999,-9999,-9999,-9999,-9999,-9999,-9999,-9999,-9999,-9999,-9999,-9999,-9999,-9999,-9999,-9999,-9999,-9999
"19-07-2014",-9999,-9999,-9999,-9999,-9999,-9999,-9999,-9999,-9999,-9999,-9999,-9999,-9999,-9999,-9999,-9999,-9999,-9999,-9999,-9999,-9999,-9999,-9999,-9999
"20-07-2014",-9999,-9999,-9999,-9999,-9999,-9999,-9999,-9999,-9999,-9999,-9999,-9999,-9999,-9999,-9999,-9999,-9999,-9999,-9999,-9999,-9999,-9999,-9999,-9999
"21-07-2014",-9999,-9999,-9999,-9999,-9999,-9999,-9999,-9999,-9999,-9999,-9999,-9999,-9999,-9999,-9999,-9999,-9999,-9999,-9999,-9999,-9999,-9999,-9999,-9999
"22-07-2014",-9999,-9999,-9999,-9999,-9999,-9999,-9999,-9999,-9999,-9999,-9999,-9999,-9999,-9999,-9999,-9999,-9999,-9999,-9999,-9999,-9999,-9999,-9999,-9999
"23-07-2014",-9999,-9999,-9999,-9999,-9999,-9999,-9999,-9999,-9999,-9999,-9999,-9999,-9999,-9999,-9999,-9999,-9999,-9999,-9999,-9999,-9999,-9999,-9999,-9999
"24-07-2014",-9999,-9999,-9999,-9999,-9999,-9999,-9999,-9999,-9999,-9999,-9999,-9999,-9999,-9999,-9999,-9999,-9999,-9999,-9999,-9999,-9999,-9999,-9999,-9999
"25-07-2014",-9999,-9999,-9999,-9999,-9999,-9999,-9999,-9999,-9999,-9999,-9999,-9999,-9999,-9999,-9999,-9999,-9999,-9999,-9999,-9999,-9999,-9999,-9999,-9999
"26-07-2014",-9999,-9999,-9999,-9999,-9999,-9999,-9999,-9999,-9999,-9999,-9999,-9999,-9999,-9999,-9999,-9999,-9999,-9999,-9999,-9999,-9999,-9999,-9999,-9999
"27-07-2014",-9999,-9999,-9999,-9999,-9999,-9999,-9999,-9999,-9999,-9999,-9999,-9999,-9999,-9999,-9999,-9999,-9999,-9999,-9999,-9999,-9999,-9999,-9999,-9999
"28-07-2014",-9999,-9999,-9999,-9999,-9999,-9999,-9999,-9999,-9999,-9999,-9999,-9999,-9999,-9999,-9999,-9999,-9999,-9999,-9999,-9999,-9999,-9999,-9999,-9999
"29-07-2014",-9999,-9999,-9999,-9999,-9999,-9999,-9999,-9999,-9999,-9999,-9999,-9999,-9999,-9999,-9999,-9999,-9999,-9999,-9999,-9999,-9999,-9999,-9999,-9999
"30-07-2014",-9999,-9999,-9999,-9999,-9999,-9999,-9999,-9999,-9999,-9999,-9999,-9999,-9999,-9999,-9999,-9999,-9999,-9999,-9999,-9999,-9999,-9999,-9999,-9999
"31-07-2014",-9999,-9999,-9999,-9999,-9999,-9999,-9999,-9999,-9999,-9999,-9999,-9999,-9999,-9999,-9999,-9999,-9999,-9999,-9999,-9999,-9999,-9999,-9999,-9999
"01-08-2014",-9999,-9999,-9999,-9999,-9999,-9999,-9999,-9999,-9999,-9999,-9999,-9999,-9999,-9999,-9999,-9999,-9999,-9999,-9999,-9999,-9999,-9999,-9999,-9999
"02-08-2014",-9999,-9999,-9999,-9999,-9999,-9999,-9999,-9999,-9999,-9999,-9999,-9999,-9999,-9999,-9999,-9999,-9999,-9999,-9999,-9999,-9999,-9999,-9999,-9999
"03-08-2014",-9999,-9999,-9999,-9999,-9999,-9999,-9999,-9999,-9999,-9999,-9999,-9999,-9999,-9999,-9999,-9999,-9999,-9999,-9999,-9999,-9999,-9999,-9999,-9999
"04-08-2014",-9999,-9999,-9999,-9999,-9999,-9999,-9999,-9999,-9999,-9999,-9999,-9999,-9999,-9999,-9999,-9999,-9999,-9999,-9999,-9999,-9999,-9999,-9999,-9999
"05-08-2014",-9999,-9999,-9999,-9999,-9999,-9999,-9999,-9999,-9999,-9999,-9999,-9999,-9999,-9999,-9999,-9999,-9999,-9999,-9999,-9999,-9999,-9999,-9999,-9999
"06-08-2014",-9999,-9999,-9999,-9999,-9999,-9999,-9999,-9999,-9999,-9999,-9999,-9999,-9999,-9999,-9999,-9999,-9999,-9999,-9999,-9999,-9999,-9999,-9999,-9999
"07-08-2014",-9999,-9999,-9999,-9999,-9999,-9999,-9999,-9999,-9999,-9999,-9999,-9999,-9999,-9999,-9999,-9999,-9999,-9999,-9999,-9999,-9999,-9999,-9999,-9999
"08-08-2014",-9999,-9999,-9999,-9999,-9999,-9999,-9999,-9999,-9999,-9999,-9999,-9999,-9999,-9999,-9999,-9999,-9999,-9999,-9999,-9999,-9999,-9999,-9999,-9999
"09-08-2014",-9999,-9999,-9999,-9999,-9999,-9999,-9999,-9999,-9999,-9999,-9999,-9999,-9999,-9999,-9999,-9999,-9999,-9999,-9999,-9999,-9999,-9999,-9999,-9999
"10-08-2014",-9999,-9999,-9999,-9999,-9999,-9999,-9999,-9999,-9999,-9999,-9999,-9999,-9999,-9999,-9999,-9999,-9999,-9999,-9999,-9999,-9999,-9999,-9999,-9999
"11-08-2014",-9999,-9999,-9999,-9999,-9999,-9999,-9999,-9999,-9999,-9999,-9999,-9999,-9999,-9999,-9999,-9999,-9999,-9999,-9999,-9999,-9999,-9999,-9999,-9999
"12-08-2014",-9999,-9999,-9999,-9999,-9999,-9999,-9999,-9999,-9999,-9999,-9999,41,55,87,75,60,26,29,63,94,87,75,66,55
"13-08-2014",47,44,35,45,49,57,62,60,48,44,40,41,50,47,43,64,69,56,40,48,50,48,42,50
"14-08-2014",49,47,47,28,36,51,53,50,35,40,38,47,21,23,25,22,21,23,25,22,27,30,33,63
"15-08-2014",46,48,41,69,53,63,59,60,46,56,34,20,12,27,12,14,15,20,21,20,21,39,25,24
"16-08-2014",16,37,22,28,39,49,66,71,55,55,55,41,43,29,23,53,31,40,46,41,34,61,42,53
"17-08-2014",41,41,37,44,45,53,63,66,50,50,46,44,37,36,37,31,34,34,26,24,26,23,17,17
"18-08-2014",10,24,19,9,9,24,37,38,34,29,25,29,35,35,36,33,25,27,32,34,39,32,37,32
"19-08-2014",36,20,12,8,6,15,41,52,34,22,28,37,34,31,26,26,31,26,29,40,51,35,40,41
"20-08-2014",39,38,42,22,26,47,61,62,44,48,59,67,68,54,39,27,17,16,24,27,28,23,25,23
"21-08-2014",16,13,19,47,46,46,55,57,61,61,67,56,68,45,34,22,18,28,27,24,33,46,61,65
"22-08-2014",64,61,35,48,53,53,59,64,68,81,58,40,55,35,26,35,27,20,28,36,32,38,68,66
"23-08-2014",70,57,43,36,45,56,58,54,60,49,29,57,74,73,41,29,22,21,26,26,31,49,66,63
"24-08-2014",61,34,39,30,36,48,47,50,51,54,33,20,15,13,13,14,19,17,16,31,35,40,49,51
"25-08-2014",47,57,44,42,37,44,56,55,57,45,31,62,66,63,45,18,19,39,42,42,35,29,27,39
"26-08-2014",33,24,22,14,19,43,42,49,42,42,37,43,27,27,38,40,23,33,22,52,35,40,43,41
"27-08-2014",48,30,41,42,35,45,54,64,63,59,48,54,85,44,25,22,27,19,21,30,28,35,53,51
"28-08-2014",60,53,47,50,46,49,56,56,68,75,72,64,60,75,62,73,82,55,50,49,52,39,37,32
"29-08-2014",29,18,13,10,17,31,55,61,47,38,33,43,43,47,41,42,43,48,40,42,38,31,27,29
"30-08-2014",26,18,19,14,16,33,47,44,25,22,20,22,24,22,19,18,19,15,13,18,23,25,31,28
"31-08-2014",35,33,35,28,31,34,38,43,22,15,16,15,18,14,17,25,22,30,55,39,37,21,26,32
"01-09-2014",37,33,30,17,28,44,54,58,58,56,55,62,60,28,17,18,18,21,23,14,17,19,20,27
"02-09-2014",15,20,11,10,9,27,50,55,44,26,22,24,19,21,19,14,10,15,17,18,21,37,36,37
"03-09-2014",34,22,23,9,13,24,56,65,62,59,44,40,37,30,16,22,14,23,30,52,61,56,38,37
"04-09-2014",48,44,31,36,33,50,62,75,61,51,44,48,42,43,25,24,17,23,25,19,31,29,31,37
"05-09-2014",29,36,27,28,32,45,56,60,52,46,55,48,50,41,22,21,20,20,24,33,34,32,37,44
"06-09-2014",45,37,30,34,25,40,42,48,54,35,31,20,37,21,14,18,16,17,22,20,27,43,21,31
"07-09-2014",35,31,31,12,12,28,45,56,40,33,35,36,27,25,27,24,27,26,38,31,48,54,42,30
"08-09-2014",22,38,21,29,24,35,53,60,38,39,37,44,45,67,62,30,19,18,24,25,48,16,34,41
"09-09-2014",37,33,24,26,28,37,47,52,50,53,46,46,69,74,51,31,47,60,61,52,55,66,59,62
"10-09-2014",56,44,43,38,36,44,51,56,59,59,46,41,62,77,70,66,22,21,27,21,59,60,54,56
"11-09-2014",59,48,36,31,34,53,60,65,72,67,49,56,64,64,39,28,26,21,40,30,36,37,42,45
"12-09-2014",43,41,55,38,36,50,59,62,66,63,60,61,68,65,36,22,24,22,20,31,28,27,21,30
"13-09-2014",43,41,36,36,33,41,49,51,50,38,27,31,50,34,44,19,13,16,15,28,26,37,32,54
"14-09-2014",46,39,31,22,21,34,44,51,42,29,13,24,26,32,17,12,15,14,22,29,29,22,23,23
"15-09-2014",20,33,35,34,32,43,56,55,57,56,59,62,41,51,52,41,15,20,20,28,29,28,37,29
"16-09-2014",42,37,29,25,31,45,54,55,54,46,37,42,54,66,41,50,47,54,61,50,53,46,43,36
"17-09-2014",35,23,20,16,31,41,48,49,53,39,38,35,47,51,48,53,37,37,40,43,44,32,27,32
"18-09-2014",17,17,14,16,20,29,37,39,45,50,35,32,38,47,51,50,46,48,50,53,55,42,36,34
"19-09-2014",34,13,12,11,20,26,53,54,49,44,37,47,54,50,33,31,23,25,24,51,50,43,47,50
"20-09-2014",44,33,31,27,27,42,53,56,56,56,35,43,25,39,42,21,13,16,20,25,23,24,22,29
"21-09-2014",31,36,33,26,27,41,51,46,51,43,37,20,25,19,14,10,10,13,15,20,30,19,25,25
"22-09-2014",17,23,15,13,17,33,45,55,49,51,45,30,46,26,22,15,19,20,25,33,24,38,29,33
"23-09-2014",40,24,31,28,29,42,46,55,53,55,36,24,26,43,46,46,38,36,45,49,44,39,27,24
"24-09-2014",19,15,10,12,15,26,40,46,50,49,48,43,36,34,26,31,22,24,22,25,25,19,20,19
"25-09-2014",18,11,21,32,32,42,48,52,52,50,40,37,29,23,19,25,23,37,46,53,51,42,40,36
"26-09-2014",32,30,27,29,34,38,51,48,50,49,52,39,53,60,56,58,56,53,34,36,32,20,19,19
"27-09-2014",22,11,14,19,19,23,27,32,23,19,18,17,17,20,19,22,17,16,17,17,23,25,21,30
"28-09-2014",20,26,18,19,14,15,30,29,17,19,17,18,15,23,19,14,13,14,30,34,34,28,27,26
"29-09-2014",22,22,10,10,13,27,36,40,41,36,30,36,39,35,31,22,19,20,23,25,26,22,21,27
"30-09-2014",37,23,25,24,23,32,43,48,44,35,25,30,34,35,35,38,39,41,37,43,47,42,43,44
"01-10-2014",45,40,36,39,42,43,53,58,62,58,43,36,37,42,48,48,34,41,43,52,55,52,42,43
"02-10-2014",41,32,37,37,38,50,51,53,43,38,32,30,37,38,35,35,32,34,35,52,51,33,30,22
"03-10-2014",26,26,9,16,26,45,49,53,58,46,46,48,48,48,45,43,27,23,26,23,22,15,14,15
"04-10-2014",13,14,14,11,13,22,34,33,32,31,32,32,39,43,23,32,19,19,18,24,27,24,19,18
"05-10-2014",25,25,29,35,29,42,46,47,40,24,29,24,19,30,43,45,38,32,35,37,44,37,37,41
"06-10-2014",34,19,13,18,24,40,50,56,59,60,35,16,15,21,24,22,21,17,16,18,28,29,30,41
"07-10-2014",38,32,34,34,34,45,51,55,55,59,55,33,51,15,42,42,36,41,48,53,53,49,39,39
"08-10-2014",40,38,33,30,32,37,43,47,49,45,35,44,42,53,59,51,51,45,48,45,45,44,42,40
"09-10-2014",38,27,14,25,35,45,46,51,46,40,36,32,26,32,27,34,33,24,30,30,33,38,43,41
"10-10-2014",26,35,26,25,17,34,43,43,34,29,35,34,31,32,32,34,45,39,31,38,45,41,36,43
"11-10-2014",28,29,34,27,22,33,41,30,27,27,27,28,25,24,19,31,32,30,26,29,43,45,45,46
"12-10-2014",40,35,22,26,30,35,43,46,45,48,31,31,28,32,30,26,15,18,22,32,36,36,46,47
"13-10-2014",42,37,27,25,30,40,47,54,56,56,54,56,45,60,37,22,22,28,36,37,35,44,46,55
"14-10-2014",46,38,33,28,30,40,49,52,61,55,47,43,55,48,54,30,25,31,32,37,37,41,45,52
"15-10-2014",57,50,44,33,32,41,48,48,55,62,47,42,43,24,31,24,20,22,30,26,34,46,51,47
"16-10-2014",46,44,42,41,37,38,42,44,44,62,70,53,36,34,32,32,31,43,51,41,40,32,33,37
"17-10-2014",29,22,22,19,19,32,40,48,41,46,43,46,45,42,36,48,54,49,38,41,38,24,19,21
"18-10-2014",16,23,15,15,18,18,38,48,47,38,43,37,30,32,32,43,48,25,21,27,32,27,25,30
"19-10-2014",25,19,15,13,12,15,17,21,17,18,23,20,17,19,18,18,19,23,30,33,41,29,19,16
"20-10-2014",21,18,12,9,21,40,38,47,44,35,-9999,-9999,33,33,31,36,39,43,48,55,51,50,46,48
"21-10-2014",45,43,39,32,32,41,48,53,56,58,51,34,25,33,21,19,17,28,30,35,34,28,26,55
"22-10-2014",51,45,43,36,39,41,56,57,57,61,45,19,22,23,22,18,17,18,23,23,19,18,11,8
"23-10-2014",6,4,4,4,5,9,11,16,16,17,30,37,34,35,35,40,25,24,26,34,39,26,28,36
"24-10-2014",36,37,34,26,26,35,40,34,38,52,31,19,32,16,16,32,25,20,30,30,29,30,26,21
"25-10-2014",10,23,35,31,32,34,39,39,41,44,37,31,35,29,27,32,25,25,22,23,26,20,24,15
"26-10-2014",23,18,17,20,15,15,16,21,21,20,15,14,13,13,13,12,14,14,17,18,18,21,18,21
"27-10-2014",23,16,12,10,10,12,18,22,30,31,23,24,26,31,37,36,28,29,30,29,30,27,24,22
"28-10-2014",14,10,10,10,12,16,19,20,19,19,20,21,22,23,20,25,26,26,29,28,25,27,26,30
"29-10-2014",25,24,22,17,24,28,33,33,33,33,30,30,27,28,29,33,33,32,31,30,33,31,28,22
"30-10-2014",22,24,24,25,28,30,33,39,37,30,31,30,38,41,29,25,35,35,48,43,40,34,30,26
"31-10-2014",27,20,20,19,24,34,38,42,47,45,45,41,45,37,34,33,33,37,37,39,37,30,27,24
"01-11-2014",20,18,13,15,15,28,36,34,25,23,26,36,34,39,31,32,29,28,28,31,34,36,40,34
"02-11-2014",27,21,22,21,17,22,30,36,26,22,24,18,16,13,12,13,16,19,21,25,29,26,23,20
"03-11-2014",20,20,18,10,10,23,35,48,45,44,41,36,29,31,35,29,38,45,43,41,38,36,34,33
"04-11-2014",26,26,25,22,26,31,37,42,46,45,35,32,29,26,27,26,29,29,42,50,48,46,43,43
"05-11-2014",40,37,34,32,32,37,42,48,57,47,36,21,22,18,15,14,23,25,22,22,24,21,21,14
"06-11-2014",8,6,6,5,10,28,31,52,48,21,21,22,20,23,29,18,24,33,45,46,50,52,51,47
"07-11-2014",43,41,33,30,32,35,40,53,53,54,42,27,50,50,39,28,30,43,46,44,29,24,17,14
"08-11-2014",20,9,6,10,15,34,42,43,47,49,52,57,48,53,56,53,45,49,42,40,48,47,43,38
"09-11-2014",34,24,25,26,30,31,32,34,34,34,18,11,9,9,10,18,22,25,19,32,45,49,41,37
"10-11-2014",33,30,27,22,26,30,39,46,54,59,55,62,62,53,54,23,26,33,45,46,44,43,41,37
"11-11-2014",30,23,23,21,27,32,43,50,52,51,45,30,55,57,60,36,27,35,55,47,44,46,42,40
"12-11-2014",30,21,20,19,23,37,45,51,52,44,36,31,44,37,30,27,27,31,46,50,51,47,40,34
"13-11-2014",29,21,16,13,22,28,42,50,51,52,36,40,29,20,28,23,27,28,32,44,51,44,41,37
"14-11-2014",30,17,18,15,25,32,39,44,40,38,34,32,31,30,35,38,39,36,39,38,38,33,30,21
"15-11-2014",13,13,12,14,19,34,38,39,28,25,22,25,25,27,24,23,21,28,38,37,37,30,35,36
"16-11-2014",36,32,29,28,24,28,30,32,26,32,33,30,27,31,32,37,29,37,32,31,42,37,39,39
"17-11-2014",36,34,34,32,30,35,41,42,33,35,22,17,13,20,13,23,50,50,47,48,46,44,44,43
"18-11-2014",35,30,26,26,25,31,37,44,51,55,46,45,30,26,34,25,24,39,40,44,40,31,30,24
"19-11-2014",14,19,26,23,12,39,41,35,31,24,23,18,18,19,19,21,19,17,23,32,38,26,24,22
"20-11-2014",17,9,11,9,10,29,41,43,38,29,28,28,24,26,33,34,32,50,52,47,37,40,35,26
"21-11-2014",18,18,15,16,24,25,24,31,30,25,26,24,28,29,33,31,30,36,41,46,44,33,25,30
"22-11-2014",24,19,14,15,13,17,24,33,30,25,23,24,25,26,27,26,25,36,42,43,42,37,37,37
"23-11-2014",35,34,25,23,15,16,16,20,15,14,17,13,16,19,23,23,23,26,26,29,28,25,24,27
"24-11-2014",25,17,13,13,22,32,35,42,36,33,31,32,34,28,30,38,47,40,41,40,38,35,33,33
"25-11-2014",26,17,9,8,10,19,26,35,34,30,35,36,41,38,41,39,39,38,42,40,41,41,39,39
"26-11-2014",39,36,34,30,33,39,40,41,43,40,37,40,39,40,38,40,34,35,36,34,31,29,25,24
"27-11-2014",18,12,11,12,14,22,29,35,37,37,38,36,39,38,38,39,37,38,39,38,36,34,28,26
"28-11-2014",22,20,15,13,20,30,35,39,40,41,42,41,44,45,43,42,42,43,44,42,45,42,42,40
"29-11-2014",37,34,33,30,28,31,33,34,46,51,44,23,15,12,22,31,35,41,43,44,44,42,41,38
"30-11-2014",35,34,32,28,26,27,30,33,37,43,46,38,37,29,26,32,38,39,41,42,44,43,40,35
"01-12-2014",30,24,24,22,21,25,29,38,43,41,45,43,44,51,46,47,44,43,41,37,36,32,38,35
"02-12-2014",34,32,29,29,28,31,36,45,49,52,44,-9999,22,25,27,29,35,20,22,19,31,34,20,25
"03-12-2014",9,13,27,27,29,34,35,38,42,35,34,26,27,23,26,34,33,30,23,18,20,12,12,14
"04-12-2014",7,5,6,16,22,39,40,43,52,50,42,46,39,36,35,38,49,46,38,46,43,36,35,35
"05-12-2014",30,26,26,26,25,33,37,-9999,42,43,36,43,24,20,15,16,28,34,45,45,45,40,40,38
"06-12-2014",35,26,24,13,7,12,16,16,26,21,24,19,29,30,31,30,38,40,42,41,43,39,42,44
"07-12-2014",39,34,31,29,29,29,30,32,34,39,37,33,21,18,20,30,24,26,33,42,44,41,18,9
"08-12-2014",6,6,4,4,6,23,42,45,48,35,29,38,40,37,34,32,50,45,44,43,41,38,33,29
"09-12-2014",18,18,15,22,20,26,34,35,36,35,30,30,33,33,29,33,35,36,34,31,29,32,30,32
"10-12-2014",29,26,23,20,23,25,29,35,38,41,37,37,35,38,39,39,35,33,31,29,25,25,23,22
"11-12-2014",17,17,17,11,15,27,31,32,32,38,45,43,44,39,44,43,50,42,42,38,36,34,32,31
"12-12-2014",24,18,16,14,15,20,25,25,23,25,32,42,35,28,20,20,23,24,32,35,30,23,25,21
"13-12-2014",22,16,15,15,17,25,29,27,28,30,23,24,21,23,23,25,31,37,39,39,38,36,36,36
"14-12-2014",33,31,29,26,25,27,35,38,36,36,37,29,22,15,16,24,23,34,40,41,43,40,38,36
"15-12-2014",33,29,25,20,21,32,36,39,41,42,45,44,40,38,36,29,26,33,40,49,47,43,42,41
"16-12-2014",38,35,33,33,33,34,38,42,45,50,57,38,29,29,29,29,26,24,27,23,18,16,18,17
"17-12-2014",6,4,5,6,6,9,13,12,20,23,20,22,25,40,48,42,50,48,49,48,44,44,36,36
"18-12-2014",38,35,32,29,29,35,37,43,47,60,46,45,42,43,43,-9999,47,49,53,56,53,50,41,43
"19-12-2014",33,28,27,27,25,33,34,44,58,-9999,51,44,45,46,45,39,32,43,54,52,49,47,42,37
"20-12-2014",32,28,26,24,22,27,31,37,41,49,38,30,27,28,24,25,21,28,21,28,36,45,42,38
"21-12-2014",33,29,27,24,24,25,29,31,34,37,23,20,27,26,25,20,21,28,28,18,18,13,11,10
"22-12-2014",10,7,8,11,14,14,24,29,31,28,27,27,24,27,26,29,36,38,44,50,48,46,47,42
"23-12-2014",37,34,31,28,28,36,38,41,54,58,62,53,41,38,46,41,41,51,45,50,53,54,57,52
"24-12-2014",39,34,29,28,26,34,43,51,50,55,57,42,38,28,19,23,28,44,53,49,56,53,48,43
"25-12-2014",36,28,23,23,22,23,25,25,28,39,38,30,17,10,15,13,15,16,20,26,43,32,23,29
"26-12-2014",25,28,28,28,31,35,30,32,31,32,36,39,42,50,43,22,26,39,36,44,33,38,38,36
"27-12-2014",34,21,15,21,17,25,34,34,32,31,27,27,28,22,22,21,22,23,32,35,34,33,32,32
"28-12-2014",27,25,25,24,25,29,29,30,33,40,34,24,21,17,12,13,9,10,10,10,12,9,7,6
"29-12-2014",5,5,5,9,6,10,16,31,40,42,35,44,51,41,36,35,30,38,36,43,43,42,36,23
"30-12-2014",16,12,9,9,16,18,-9999,-9999,22,24,26,28,25,26,22,22,23,23,23,21,21,19,16,16
"31-12-2014",13,15,12,9,10,17,24,25,25,21,22,28,23,21,24,23,23,21,18,13,12,14,11,8
