"01-01-2014",12,14,15,10,9,11,13,14,14,12,10,13,15,13,14,14,17,17,23,27,24,22,22,24
"02-01-2014",24,22,21,20,22,19,18,15,15,21,24,28,29,25,24,28,31,31,29,29,29,27,27,29
"03-01-2014",29,23,15,11,16,16,20,21,25,17,13,15,17,21,21,25,27,33,33,33,31,27,27,29
"04-01-2014",27,24,23,21,17,17,18,19,21,23,29,32,34,29,26,20,30,35,39,38,37,36,35,35
"05-01-2014",34,30,29,29,26,23,24,23,19,17,17,23,23,22,25,27,28,30,31,30,29,26,24,24
"06-01-2014",27,25,22,11,11,13,16,15,15,16,16,16,17,16,15,16,24,20,22,24,26,24,23,21
"07-01-2014",20,20,20,16,16,14,15,15,18,22,28,40,42,35,33,32,36,37,38,37,31,29,26,25
"08-01-2014",24,21,18,16,16,16,16,16,16,20,28,32,38,43,39,36,37,41,37,36,30,28,23,22
"09-01-2014",23,20,19,18,19,17,18,21,25,24,22,29,34,22,21,24,32,39,37,37,40,38,36,35
"10-01-2014",33,31,26,25,21,15,15,24,25,28,29,32,30,23,23,23,26,33,35,36,37,35,34,31
"11-01-2014",31,24,21,19,20,20,21,16,17,25,27,22,24,25,21,25,30,33,39,41,41,39,36,37
"12-01-2014",32,33,28,22,22,20,21,20,22,27,29,29,18,14,16,17,27,35,37,38,36,36,40,35
"13-01-2014",34,31,23,20,21,23,25,24,29,28,28,24,25,27,23,27,26,36,39,39,39,35,35,30
"14-01-2014",30,30,24,22,23,20,19,22,29,22,22,24,27,34,30,25,34,37,35,35,32,32,25,28
"15-01-2014",30,29,30,28,25,28,33,29,30,20,16,14,16,18,24,28,28,28,27,30,32,29,28,29
"16-01-2014",24,18,17,14,13,13,16,20,18,21,19,25,26,29,21,23,26,31,32,34,34,30,30,28
"17-01-2014",26,26,22,20,17,19,19,14,20,24,27,30,26,24,24,20,23,30,33,30,39,37,33,30
"18-01-2014",26,25,26,24,22,21,23,22,21,26,25,22,19,23,19,20,23,23,20,20,22,23,27,24
"19-01-2014",21,22,19,20,16,14,14,14,16,15,20,20,17,20,20,19,18,21,20,23,28,28,20,19
"20-01-2014",21,15,13,11,14,18,19,22,22,29,34,34,23,23,17,22,30,28,29,30,30,29,24,22
"21-01-2014",22,20,19,20,19,22,21,29,35,43,29,21,21,20,22,22,22,29,35,35,35,32,37,41
"22-01-2014",39,37,30,33,30,32,37,41,43,40,48,36,27,38,30,31,30,41,44,42,43,39,38,35
"23-01-2014",35,35,28,28,26,27,28,26,32,32,42,51,35,34,36,33,32,36,47,45,43,43,36,40
"24-01-2014",39,38,36,34,33,27,28,30,27,33,45,52,43,32,29,34,19,21,22,22,27,19,13,14
"25-01-2014",7,7,6,8,17,21,24,25,23,24,20,21,21,21,24,24,27,21,18,19,16,14,10,9
"26-01-2014",8,6,5,5,4,5,6,7,9,10,11,12,13,12,12,11,12,12,13,12,10,11,8,8
"27-01-2014",7,7,6,6,6,9,12,15,17,19,18,17,18,22,20,19,19,32,34,34,34,33,34,31
"28-01-2014",30,26,26,26,24,24,24,25,21,21,22,24,30,31,27,25,16,18,18,20,21,26,20,17
"29-01-2014",16,11,8,10,14,16,20,22,25,29,32,27,36,34,30,31,33,45,50,51,52,48,47,45
"30-01-2014",45,43,38,36,34,34,33,36,34,26,26,29,30,33,21,22,23,28,27,30,30,23,21,18
"31-01-2014",10,9,6,6,6,8,14,20,22,22,21,23,23,24,22,24,22,26,25,20,23,19,19,16
"01-02-2014",13,11,10,9,8,10,10,16,17,15,19,17,17,18,19,15,16,19,22,26,30,22,15,13
"02-02-2014",11,8,10,8,6,6,8,14,12,11,10,14,16,17,18,19,21,30,29,34,38,35,38,37
"03-02-2014",36,32,30,27,26,27,26,31,38,41,44,35,27,24,23,26,24,31,32,29,20,20,18,14
"04-02-2014",14,7,5,4,4,6,13,16,17,14,17,23,27,27,26,29,27,33,37,34,36,36,36,27
"05-02-2014",16,19,13,8,8,12,19,31,36,29,29,31,28,32,33,26,27,32,31,27,35,37,35,30
"06-02-2014",33,19,14,18,21,22,22,24,23,26,27,28,31,39,36,33,33,32,32,36,39,33,32,31
"07-02-2014",22,14,17,15,20,21,22,23,25,26,30,32,35,30,21,18,29,29,27,39,36,34,29,34
"08-02-2014",33,28,24,28,23,23,19,14,16,25,26,22,28,23,17,17,18,17,24,17,29,35,32,29
"09-02-2014",34,32,25,26,25,23,22,20,27,28,18,24,27,17,15,14,21,34,39,37,38,38,36,34
"10-02-2014",29,26,26,25,26,27,27,24,33,39,43,49,39,36,32,31,38,48,51,47,47,44,45,41
"11-02-2014",39,39,34,29,26,19,20,20,28,25,31,30,41,35,24,28,24,32,27,37,41,39,36,36
"12-02-2014",28,21,23,28,26,26,24,26,33,32,41,20,19,20,18,20,35,30,31,29,24,26,26,23
"13-02-2014",25,22,23,20,20,19,17,19,19,24,34,41,37,22,33,29,29,28,40,41,37,39,39,36
"14-02-2014",38,35,31,30,28,27,29,33,37,41,34,36,30,28,29,28,24,37,34,36,28,25,24,21
"15-02-2014",18,17,17,16,13,9,12,12,13,13,12,17,15,17,16,16,25,36,36,40,38,40,39,37
"16-02-2014",37,37,34,33,29,29,28,23,21,21,19,26,21,21,19,16,13,20,28,40,43,42,40,35
"17-02-2014",34,33,29,25,24,24,25,32,36,37,30,23,26,28,36,29,22,39,45,47,42,42,41,41
"18-02-2014",36,33,30,24,19,17,19,18,20,30,30,38,26,26,26,20,23,27,32,23,26,22,19,17
"19-02-2014",16,19,28,14,18,16,17,22,26,26,24,22,24,21,26,16,21,22,28,29,27,24,22,24
"20-02-2014",18,12,11,7,8,9,15,17,15,15,17,21,18,19,22,16,18,22,27,27,27,35,35,32
"21-02-2014",31,25,16,22,17,19,20,17,21,31,26,17,18,20,21,24,29,27,29,25,26,30,34,30
"22-02-2014",25,26,26,17,16,17,17,17,19,16,21,16,17,15,13,16,20,18,21,18,20,21,16,18
"23-02-2014",17,19,18,18,14,15,16,24,25,23,23,22,20,14,13,16,9,15,16,17,19,15,17,11
"24-02-2014",13,8,8,9,9,13,17,25,22,18,17,21,26,28,29,30,28,28,22,24,25,19,19,19
"25-02-2014",14,11,8,7,6,11,13,16,18,18,19,14,14,18,22,16,20,23,26,28,34,27,23,24
"26-02-2014",19,13,9,7,7,8,15,24,24,26,22,18,18,20,15,17,22,21,23,30,32,33,34,30
"27-02-2014",25,14,24,21,19,22,24,27,26,30,23,26,20,18,19,19,18,21,24,28,25,24,22,21
"28-02-2014",26,18,9,12,10,20,28,27,31,34,39,42,43,37,36,33,27,30,33,32,30,31,29,28
"01-03-2014",29,23,27,24,24,23,24,25,21,19,17,20,26,30,27,26,26,16,17,14,12,13,19,15
"02-03-2014",12,13,15,11,6,11,13,12,20,27,30,22,21,16,17,15,25,30,33,34,37,36,34,33
"03-03-2014",31,32,29,25,15,16,16,11,9,7,10,20,21,18,15,12,22,23,19,29,28,24,21,19
"04-03-2014",14,10,7,8,16,17,29,28,23,23,18,23,31,28,19,24,22,22,31,31,37,25,18,25
"05-03-2014",14,8,11,11,11,10,24,29,30,29,35,33,21,26,26,19,17,23,25,30,35,33,33,33
"06-03-2014",20,20,22,17,16,20,21,21,23,32,18,17,17,20,18,21,16,17,21,26,27,30,21,16
"07-03-2014",10,8,8,8,6,12,19,23,28,23,18,13,11,15,18,21,23,26,33,26,27,31,31,28
"08-03-2014",23,16,13,16,16,24,28,28,23,21,16,13,13,21,24,19,28,23,25,22,20,22,21,22
"09-03-2014",20,20,15,10,8,14,14,14,12,10,6,12,9,12,10,13,16,15,20,17,14,13,11,11
"10-03-2014",8,8,8,8,9,15,25,29,36,30,24,20,20,19,22,17,19,20,20,19,18,19,19,13
"11-03-2014",16,10,12,7,10,9,19,26,26,19,25,25,25,21,16,20,21,28,34,30,30,29,33,31
"12-03-2014",15,14,17,17,18,24,36,39,45,39,27,21,22,21,19,20,24,32,49,35,36,53,51,38
"13-03-2014",40,36,37,40,31,35,39,38,43,38,25,20,20,16,12,14,13,30,34,40,46,41,34,27
"14-03-2014",36,34,17,26,32,35,28,31,31,39,41,39,29,24,17,16,26,28,32,41,41,40,44,42
"15-03-2014",44,46,39,36,38,30,32,31,25,18,19,23,20,22,14,17,20,21,23,21,21,38,45,45
"16-03-2014",31,28,25,18,30,26,14,12,8,6,7,12,13,12,10,11,11,13,23,21,23,24,24,27
"17-03-2014",34,33,31,31,29,30,33,30,18,11,14,12,12,12,11,12,17,23,39,45,45,44,44,43
"18-03-2014",40,33,28,30,30,23,25,23,19,24,33,51,41,25,22,31,30,30,49,52,48,52,42,46
"19-03-2014",41,37,39,37,34,28,29,30,38,34,45,44,42,20,24,32,24,34,30,30,42,31,8,9
"20-03-2014",10,4,4,4,4,6,14,16,12,12,12,18,16,24,23,13,17,24,29,32,31,42,38,40
"21-03-2014",40,38,35,34,27,27,24,24,29,24,28,18,17,15,17,17,16,26,37,34,31,42,46,46
"22-03-2014",45,43,38,37,37,27,22,21,17,15,19,13,19,20,23,22,16,18,20,19,42,44,42,34
"23-03-2014",34,40,37,24,26,21,24,26,15,13,17,16,15,12,11,12,13,12,12,17,15,23,22,28
"24-03-2014",32,30,21,15,13,16,25,29,29,33,25,21,21,28,25,20,13,14,16,24,24,23,29,22
"25-03-2014",14,10,11,9,7,16,22,22,15,15,8,8,7,8,8,8,10,14,16,24,36,34,41,37
"26-03-2014",24,12,11,11,9,18,18,29,25,15,14,15,18,13,10,13,18,20,23,20,25,35,34,36
"27-03-2014",34,30,16,12,12,15,14,17,20,25,29,30,27,20,16,18,18,28,25,22,21,18,28,23
"28-03-2014",30,29,23,20,12,12,21,27,29,23,22,19,21,31,24,20,26,27,29,36,40,37,27,22
"29-03-2014",18,20,14,15,19,25,25,27,29,17,19,12,13,14,15,13,15,14,16,16,16,19,30,32
"30-03-2014",24,10,9,7,9,13,13,14,13,13,11,13,10,10,9,8,11,12,16,19,21,19,16,10
"31-03-2014",7,7,8,8,12,18,27,24,20,-9999,17,18,19,12,13,11,16,18,19,19,19,20,35,30
"01-04-2014",27,28,20,26,23,25,31,33,32,29,29,26,31,23,18,13,16,23,25,38,52,50,42,43
"02-04-2014",42,38,37,21,12,23,34,34,31,26,30,34,25,24,19,17,16,18,15,13,12,17,21,18
"03-04-2014",23,21,19,16,11,12,27,34,30,24,22,21,27,17,22,15,17,21,22,19,18,18,16,13
"04-04-2014",13,9,10,8,11,18,23,32,31,31,23,23,20,24,26,20,15,22,24,19,21,23,22,20
"05-04-2014",14,19,19,16,18,18,26,30,28,31,25,25,19,14,16,15,14,16,22,15,15,17,15,14
"06-04-2014",13,9,7,7,5,6,15,25,27,14,14,12,13,18,19,17,15,17,27,27,23,29,23,9
"07-04-2014",14,13,10,8,7,12,21,24,27,31,27,25,23,24,19,17,18,9,20,28,35,25,26,26
"08-04-2014",17,12,11,9,12,18,19,22,29,31,29,21,22,19,14,15,15,17,17,26,28,22,22,22
"09-04-2014",24,21,20,17,18,19,24,23,19,28,23,16,17,11,12,14,11,15,16,21,16,18,24,17
"10-04-2014",13,7,7,6,10,9,9,12,15,12,12,12,14,15,12,14,13,18,22,22,21,19,15,11
"11-04-2014",10,7,6,9,5,11,19,23,28,25,21,23,21,26,29,23,22,18,22,25,30,30,28,21
"12-04-2014",13,14,15,16,15,14,18,23,29,23,16,13,18,20,16,15,16,16,15,19,23,26,27,22
"13-04-2014",18,13,13,18,25,29,32,31,29,33,35,21,18,10,10,16,13,15,15,17,21,15,14,24
"14-04-2014",20,18,22,19,16,18,30,34,31,19,27,24,24,21,23,13,14,18,23,33,30,29,26,22
"15-04-2014",23,23,23,19,17,26,36,35,37,31,33,31,27,31,25,21,20,24,27,19,18,16,16,24
"16-04-2014",26,20,8,7,10,13,16,18,20,20,20,27,22,23,27,18,12,17,14,14,18,21,21,17
"17-04-2014",12,12,10,4,7,10,21,24,21,21,19,20,21,23,23,20,20,25,14,12,10,11,13,14
"18-04-2014",11,12,10,7,4,7,17,15,13,11,14,15,15,19,17,14,16,20,22,18,21,27,24,24
"19-04-2014",22,23,19,14,14,13,12,19,19,15,12,13,15,12,15,15,15,16,14,22,28,31,31,30
"20-04-2014",28,27,26,25,25,18,17,17,19,19,18,20,13,8,4,7,8,9,14,18,14,21,24,34
"21-04-2014",33,32,21,17,16,11,24,22,20,13,9,11,10,11,11,10,8,13,17,12,13,16,16,18
"22-04-2014",20,19,11,15,19,18,25,25,27,23,18,17,19,19,20,11,16,15,15,16,21,27,32,21
"23-04-2014",31,21,20,19,18,15,19,18,12,16,19,16,19,15,16,17,19,18,16,27,38,31,24,21
"24-04-2014",23,20,16,14,13,11,20,21,20,25,26,33,23,16,15,13,16,21,30,30,26,29,27,18
"25-04-2014",20,13,5,6,12,14,19,23,27,37,33,17,15,19,22,25,26,17,25,21,23,24,29,23
"26-04-2014",16,15,12,11,13,18,15,17,13,14,12,16,18,21,27,17,21,29,27,22,23,19,19,28
"27-04-2014",14,15,14,12,11,12,20,22,23,21,23,20,7,9,13,10,9,12,15,13,21,25,23,20
"28-04-2014",21,14,9,9,7,12,23,31,22,23,22,19,19,19,20,29,20,26,30,29,31,40,37,33
"29-04-2014",35,30,25,24,19,22,24,31,32,35,35,29,29,20,15,16,16,18,23,23,20,27,28,30
"30-04-2014",23,13,6,7,6,11,18,27,35,26,33,27,26,22,19,19,18,20,24,28,31,18,28,37
"01-05-2014",37,34,35,31,29,27,27,24,16,12,16,11,11,9,7,8,7,7,9,11,10,19,19,17
"02-05-2014",23,22,20,17,16,18,28,34,23,32,20,14,15,12,15,16,12,16,18,19,24,27,24,19
"03-05-2014",15,25,18,21,20,24,22,12,11,13,13,13,18,19,16,14,15,10,12,13,11,9,8,9
"04-05-2014",10,9,5,6,7,8,17,17,21,9,7,9,10,13,10,7,13,8,13,15,18,27,25,13
"05-05-2014",10,8,9,7,4,12,10,13,10,11,11,8,9,10,8,8,8,9,11,11,12,13,16,19
"06-05-2014",12,7,5,4,5,7,17,19,19,20,19,29,28,20,13,13,14,16,20,20,20,28,26,24
"07-05-2014",18,14,9,5,5,8,12,23,27,24,22,22,17,18,17,12,11,15,14,14,18,19,19,25
"08-05-2014",24,28,20,19,13,17,23,20,17,16,17,12,16,17,16,13,13,14,17,18,28,32,34,31
"09-05-2014",17,20,15,18,17,25,25,21,20,18,17,14,15,16,16,16,18,19,23,20,27,32,18,14
"10-05-2014",20,10,14,15,10,15,18,19,21,18,16,14,15,14,10,12,13,12,17,12,13,20,17,22
"11-05-2014",19,20,29,29,22,25,24,23,22,18,17,12,13,10,8,8,8,8,10,11,10,10,20,23
"12-05-2014",29,25,27,20,14,18,22,26,20,21,19,16,24,16,11,12,20,12,11,18,19,20,24,32
"13-05-2014",32,24,11,13,18,22,23,23,24,18,18,17,18,27,17,12,13,17,16,20,18,15,14,16
"14-05-2014",14,15,13,7,6,6,9,17,25,25,16,21,23,22,18,27,24,24,14,18,23,18,25,18
"15-05-2014",15,12,8,8,8,12,25,25,13,14,13,13,13,14,14,14,14,19,19,19,20,20,22,20
"16-05-2014",15,14,13,10,8,11,19,18,19,18,14,14,16,17,14,15,14,15,17,17,20,22,18,18
"17-05-2014",13,21,21,21,11,14,19,21,18,25,18,14,17,10,10,11,12,14,17,14,11,11,15,17
"18-05-2014",24,24,21,18,13,23,25,20,19,21,12,8,7,8,9,5,6,7,9,11,10,14,20,18
"19-05-2014",16,11,18,19,18,22,33,36,35,28,24,20,15,12,15,13,16,13,13,10,13,24,25,27
"20-05-2014",28,24,18,14,12,18,18,20,20,21,25,22,18,13,16,19,17,17,16,23,27,46,38,43
"21-05-2014",36,31,21,23,12,12,28,19,23,32,29,23,25,16,17,13,11,14,13,15,24,31,26,24
"22-05-2014",28,35,29,27,19,18,15,21,35,34,23,23,28,30,22,24,20,21,23,17,24,14,12,16
"23-05-2014",16,15,9,9,7,15,25,23,26,27,18,23,22,18,21,15,16,13,16,18,20,26,18,26
"24-05-2014",24,28,26,18,25,21,25,20,13,13,14,11,13,12,11,12,14,9,12,16,11,12,14,10
"25-05-2014",15,25,27,26,15,15,17,14,13,17,15,11,11,9,8,8,7,8,9,9,11,14,9,11
"26-05-2014",11,9,7,13,15,14,19,28,30,27,26,28,13,20,17,17,14,16,18,17,25,14,18,12
"27-05-2014",9,10,10,12,11,16,30,31,33,29,23,17,12,14,13,11,12,15,16,24,20,18,23,27
"28-05-2014",19,28,27,18,17,25,33,36,28,23,23,18,19,21,20,17,16,17,14,16,19,29,28,33
"29-05-2014",31,38,23,12,15,20,31,36,37,41,30,19,24,25,24,22,23,21,25,29,28,29,24,23
"30-05-2014",17,8,6,6,6,10,21,25,24,24,25,23,21,21,19,15,16,15,18,19,25,24,18,9
"31-05-2014",5,5,4,3,3,5,6,6,7,6,8,8,9,10,8,9,7,9,7,10,11,10,9,10
"01-06-2014",9,9,4,3,4,4,7,10,7,6,5,6,7,6,7,5,5,7,8,10,11,11,10,11
"02-06-2014",8,9,8,4,3,8,13,15,12,11,10,9,14,15,13,11,11,8,9,10,11,15,17,12
"03-06-2014",11,14,11,7,10,13,19,18,12,23,14,20,19,13,16,18,18,20,20,26,24,19,14,13
"04-06-2014",10,8,4,4,4,8,16,22,21,28,23,20,18,24,16,15,18,19,22,26,32,34,34,35
"05-06-2014",33,12,5,9,5,17,16,15,15,18,16,14,14,14,13,16,15,19,17,20,29,31,20,14
"06-06-2014",18,23,12,13,8,15,23,21,25,16,13,17,17,19,17,14,13,14,15,19,22,29,30,23
"07-06-2014",15,11,4,-9999,-9999,-9999,-9999,-9999,-9999,-9999,-9999,-9999,-9999,-9999,-9999,-9999,-9999,-9999,-9999,-9999,-9999,-9999,-9999,-9999
"08-06-2014",-9999,-9999,-9999,-9999,-9999,-9999,-9999,-9999,-9999,-9999,-9999,-9999,-9999,-9999,-9999,-9999,-9999,-9999,-9999,-9999,-9999,-9999,-9999,-9999
"09-06-2014",-9999,-9999,-9999,-9999,-9999,-9999,-9999,-9999,-9999,-9999,-9999,-9999,-9999,-9999,-9999,-9999,-9999,-9999,-9999,-9999,-9999,-9999,-9999,-9999
"10-06-2014",-9999,-9999,-9999,-9999,-9999,-9999,-9999,-9999,-9999,-9999,-9999,-9999,-9999,-9999,-9999,-9999,-9999,-9999,-9999,-9999,-9999,-9999,-9999,-9999
"11-06-2014",-9999,-9999,-9999,-9999,-9999,-9999,-9999,-9999,-9999,-9999,-9999,-9999,-9999,-9999,-9999,-9999,-9999,-9999,-9999,-9999,-9999,-9999,-9999,-9999
"12-06-2014",-9999,-9999,-9999,-9999,-9999,-9999,-9999,-9999,-9999,-9999,-9999,-9999,-9999,-9999,-9999,-9999,-9999,-9999,-9999,-9999,-9999,-9999,-9999,-9999
"13-06-2014",-9999,-9999,-9999,-9999,-9999,-9999,-9999,-9999,-9999,-9999,-9999,-9999,-9999,-9999,-9999,-9999,-9999,-9999,-9999,-9999,-9999,-9999,-9999,-9999
"14-06-2014",-9999,-9999,-9999,-9999,-9999,-9999,-9999,-9999,-9999,-9999,-9999,-9999,-9999,-9999,-9999,-9999,-9999,-9999,-9999,-9999,-9999,-9999,-9999,-9999
"15-06-2014",-9999,-9999,-9999,-9999,-9999,-9999,-9999,-9999,-9999,-9999,-9999,-9999,-9999,-9999,-9999,-9999,-9999,-9999,-9999,-9999,-9999,-9999,-9999,-9999
"16-06-2014",-9999,-9999,-9999,-9999,-9999,-9999,-9999,-9999,-9999,-9999,-9999,-9999,-9999,-9999,-9999,-9999,-9999,-9999,-9999,-9999,-9999,-9999,-9999,-9999
"17-06-2014",-9999,-9999,-9999,-9999,-9999,-9999,-9999,-9999,-9999,-9999,-9999,-9999,-9999,-9999,-9999,-9999,-9999,-9999,-9999,-9999,-9999,-9999,-9999,-9999
"18-06-2014",-9999,-9999,-9999,-9999,-9999,-9999,-9999,-9999,-9999,-9999,-9999,-9999,-9999,-9999,-9999,-9999,-9999,-9999,-9999,-9999,-9999,-9999,-9999,-9999
"19-06-2014",-9999,-9999,-9999,-9999,-9999,-9999,-9999,-9999,-9999,-9999,-9999,-9999,-9999,-9999,-9999,-9999,-9999,-9999,-9999,-9999,-9999,-9999,-9999,-9999
"20-06-2014",-9999,-9999,-9999,-9999,-9999,-9999,-9999,-9999,-9999,-9999,-9999,-9999,-9999,-9999,-9999,-9999,-9999,-9999,-9999,-9999,-9999,-9999,-9999,-9999
"21-06-2014",-9999,-9999,-9999,-9999,-9999,-9999,-9999,-9999,-9999,-9999,-9999,-9999,-9999,-9999,-9999,-9999,-9999,-9999,-9999,-9999,-9999,-9999,-9999,-9999
"22-06-2014",-9999,-9999,-9999,-9999,-9999,-9999,-9999,-9999,-9999,-9999,-9999,-9999,-9999,-9999,-9999,-9999,-9999,-9999,-9999,-9999,-9999,-9999,-9999,-9999
"23-06-2014",-9999,-9999,-9999,-9999,-9999,-9999,-9999,-9999,-9999,-9999,-9999,-9999,-9999,-9999,-9999,-9999,-9999,-9999,-9999,-9999,-9999,-9999,-9999,-9999
"24-06-2014",-9999,-9999,-9999,-9999,-9999,-9999,-9999,-9999,-9999,-9999,-9999,-9999,-9999,-9999,-9999,-9999,-9999,-9999,-9999,-9999,-9999,-9999,-9999,-9999
"25-06-2014",-9999,-9999,-9999,-9999,-9999,-9999,-9999,-9999,-9999,-9999,-9999,-9999,-9999,-9999,-9999,-9999,-9999,-9999,-9999,-9999,-9999,-9999,-9999,-9999
"26-06-2014",-9999,-9999,-9999,-9999,-9999,-9999,-9999,-9999,-9999,-9999,-9999,-9999,-9999,-9999,-9999,-9999,-9999,-9999,-9999,-9999,-9999,-9999,-9999,-9999
"27-06-2014",-9999,-9999,-9999,-9999,-9999,-9999,-9999,-9999,-9999,-9999,-9999,-9999,-9999,-9999,-9999,-9999,-9999,-9999,-9999,-9999,-9999,-9999,-9999,-9999
"28-06-2014",-9999,-9999,-9999,-9999,-9999,-9999,-9999,-9999,-9999,-9999,-9999,-9999,-9999,-9999,-9999,-9999,-9999,-9999,-9999,-9999,-9999,-9999,-9999,-9999
"29-06-2014",-9999,-9999,-9999,-9999,-9999,-9999,-9999,-9999,-9999,-9999,-9999,-9999,-9999,-9999,-9999,-9999,-9999,-9999,-9999,-9999,-9999,-9999,-9999,-9999
"30-06-2014",-9999,-9999,-9999,-9999,-9999,-9999,-9999,-9999,-9999,-9999,-9999,-9999,-9999,-9999,-9999,-9999,-9999,-9999,-9999,-9999,-9999,-9999,-9999,-9999
"01-07-2014",-9999,-9999,-9999,-9999,-9999,-9999,-9999,-9999,-9999,-9999,-9999,-9999,-9999,-9999,-9999,-9999,-9999,-9999,-9999,-9999,-9999,-9999,-9999,-9999
"02-07-2014",-9999,-9999,-9999,-9999,-9999,-9999,-9999,-9999,-9999,-9999,-9999,-9999,-9999,-9999,-9999,-9999,-9999,-9999,-9999,-9999,-9999,-9999,-9999,-9999
"03-07-2014",-9999,-9999,-9999,-9999,-9999,-9999,-9999,-9999,-9999,-9999,-9999,-9999,-9999,-9999,-9999,-9999,-9999,-9999,-9999,-9999,-9999,-9999,-9999,-9999
"04-07-2014",-9999,-9999,-9999,-9999,-9999,-9999,-9999,-9999,-9999,-9999,-9999,-9999,-9999,-9999,-9999,-9999,-9999,-9999,-9999,-9999,-9999,-9999,-9999,-9999
"05-07-2014",-9999,-9999,-9999,-9999,-9999,-9999,-9999,-9999,-9999,-9999,-9999,-9999,-9999,-9999,-9999,-9999,-9999,-9999,-9999,-9999,-9999,-9999,-9999,-9999
"06-07-2014",-9999,-9999,-9999,-9999,-9999,-9999,-9999,-9999,-9999,-9999,-9999,-9999,-9999,-9999,-9999,-9999,-9999,-9999,-9999,-9999,-9999,-9999,-9999,-9999
"07-07-2014",-9999,-9999,-9999,-9999,-9999,-9999,-9999,-9999,-9999,-9999,-9999,-9999,-9999,-9999,-9999,-9999,-9999,-9999,-9999,-9999,-9999,-9999,-9999,-9999
"08-07-2014",-9999,-9999,-9999,-9999,-9999,-9999,-9999,-9999,-9999,-9999,-9999,-9999,-9999,-9999,-9999,-9999,-9999,-9999,-9999,-9999,-9999,-9999,-9999,-9999
"09-07-2014",-9999,-9999,-9999,-9999,-9999,-9999,-9999,-9999,-9999,-9999,-9999,-9999,-9999,-9999,-9999,-9999,-9999,-9999,-9999,-9999,-9999,-9999,-9999,-9999
"10-07-2014",-9999,-9999,-9999,-9999,-9999,-9999,-9999,-9999,-9999,-9999,-9999,-9999,-9999,-9999,-9999,-9999,-9999,-9999,-9999,-9999,-9999,-9999,-9999,-9999
"11-07-2014",-9999,-9999,-9999,-9999,-9999,-9999,-9999,-9999,-9999,-9999,-9999,-9999,-9999,-9999,-9999,-9999,-9999,-9999,-9999,-9999,-9999,-9999,-9999,-9999
"12-07-2014",-9999,-9999,-9999,-9999,-9999,-9999,-9999,-9999,-9999,-9999,-9999,-9999,-9999,-9999,-9999,-9999,-9999,-9999,-9999,-9999,-9999,-9999,-9999,-9999
"13-07-2014",-9999,-9999,-9999,-9999,-9999,-9999,-9999,-9999,-9999,-9999,-9999,-9999,-9999,-9999,-9999,-9999,-9999,-9999,-9999,-9999,-9999,-9999,-9999,-9999
"14-07-2014",-9999,-9999,-9999,-9999,-9999,-9999,-9999,-9999,-9999,-9999,-9999,-9999,-9999,-9999,-9999,-9999,-9999,-9999,-9999,-9999,-9999,-9999,-9999,-9999
"15-07-2014",-9999,-9999,-9999,-9999,-9999,-9999,-9999,-9999,-9999,-9999,-9999,-9999,-9999,-9999,-9999,-9999,-9999,-9999,-9999,-9999,-9999,-9999,-9999,-9999
"16-07-2014",-9999,-9999,-9999,-9999,-9999,-9999,-9999,-9999,-9999,-9999,-9999,-9999,-9999,-9999,-9999,-9999,-9999,-9999,-9999,-9999,-9999,-9999,-9999,-9999
"17-07-2014",-9999,-9999,-9999,-9999,-9999,-9999,-9999,-9999,-9999,-9999,-9999,-9999,-9999,-9999,-9999,-9999,-9999,-9999,-9999,-9999,-9999,-9999,-9999,-9999
"18-07-2014",-9999,-9999,-9999,-9999,-9999,-9999,-9999,-9999,-9999,-9999,-9999,-9999,-9999,-9999,-9999,-9999,-9999,-9999,-9999,-9999,-9999,-9999,-9999,-9999
"19-07-2014",-9999,-9999,-9999,-9999,-9999,-9999,-9999,-9999,-9999,-9999,-9999,-9999,-9999,-9999,-9999,-9999,-9999,-9999,-9999,-9999,-9999,-9999,-9999,-9999
"20-07-2014",-9999,-9999,-9999,-9999,-9999,-9999,-9999,-9999,-9999,-9999,-9999,-9999,-9999,-9999,-9999,-9999,-9999,-9999,-9999,-9999,-9999,-9999,-9999,-9999
"21-07-2014",-9999,-9999,-9999,-9999,-9999,-9999,-9999,-9999,-9999,-9999,-9999,-9999,-9999,-9999,-9999,-9999,-9999,-9999,-9999,-9999,-9999,-9999,-9999,-9999
"22-07-2014",-9999,-9999,-9999,-9999,-9999,-9999,-9999,-9999,-9999,-9999,-9999,-9999,-9999,-9999,-9999,-9999,-9999,-9999,-9999,-9999,-9999,-9999,-9999,-9999
"23-07-2014",-9999,-9999,-9999,-9999,-9999,-9999,-9999,-9999,-9999,-9999,-9999,-9999,-9999,-9999,-9999,-9999,-9999,-9999,-9999,-9999,-9999,-9999,-9999,-9999
"24-07-2014",-9999,-9999,-9999,-9999,-9999,-9999,-9999,-9999,-9999,-9999,-9999,-9999,-9999,-9999,-9999,-9999,-9999,-9999,-9999,-9999,-9999,-9999,-9999,-9999
"25-07-2014",-9999,-9999,-9999,-9999,-9999,-9999,-9999,-9999,-9999,-9999,-9999,-9999,-9999,-9999,-9999,-9999,-9999,-9999,-9999,-9999,-9999,-9999,-9999,-9999
"26-07-2014",-9999,-9999,-9999,-9999,-9999,-9999,-9999,-9999,-9999,-9999,-9999,-9999,-9999,-9999,-9999,-9999,-9999,-9999,-9999,-9999,-9999,-9999,-9999,-9999
"27-07-2014",-9999,-9999,-9999,-9999,-9999,-9999,-9999,-9999,-9999,-9999,-9999,-9999,-9999,-9999,-9999,-9999,-9999,-9999,-9999,-9999,-9999,-9999,-9999,-9999
"28-07-2014",-9999,-9999,-9999,-9999,-9999,-9999,-9999,-9999,-9999,-9999,-9999,-9999,-9999,-9999,-9999,-9999,-9999,-9999,-9999,-9999,-9999,-9999,-9999,-9999
"29-07-2014",-9999,-9999,-9999,-9999,-9999,-9999,-9999,-9999,-9999,-9999,-9999,-9999,-9999,-9999,-9999,-9999,-9999,-9999,-9999,-9999,-9999,-9999,-9999,-9999
"30-07-2014",-9999,-9999,-9999,-9999,-9999,-9999,-9999,-9999,-9999,-9999,-9999,-9999,-9999,-9999,-9999,-9999,-9999,-9999,-9999,-9999,-9999,-9999,-9999,-9999
"31-07-2014",-9999,-9999,-9999,-9999,-9999,-9999,-9999,-9999,-9999,-9999,-9999,-9999,-9999,-9999,-9999,-9999,-9999,-9999,-9999,-9999,-9999,-9999,-9999,-9999
"01-08-2014",-9999,-9999,-9999,-9999,-9999,-9999,-9999,-9999,-9999,-9999,-9999,-9999,-9999,-9999,-9999,-9999,-9999,-9999,-9999,-9999,-9999,-9999,-9999,-9999
"02-08-2014",-9999,-9999,-9999,-9999,-9999,-9999,-9999,-9999,-9999,-9999,-9999,-9999,-9999,-9999,-9999,-9999,-9999,-9999,-9999,-9999,-9999,-9999,-9999,-9999
"03-08-2014",-9999,-9999,-9999,-9999,-9999,-9999,-9999,-9999,-9999,-9999,-9999,-9999,-9999,-9999,-9999,-9999,-9999,-9999,-9999,-9999,-9999,-9999,-9999,-9999
"04-08-2014",-9999,-9999,-9999,-9999,-9999,-9999,-9999,-9999,-9999,-9999,-9999,-9999,-9999,-9999,-9999,-9999,-9999,-9999,-9999,-9999,-9999,-9999,-9999,-9999
"05-08-2014",-9999,-9999,-9999,-9999,-9999,-9999,-9999,-9999,-9999,-9999,-9999,-9999,-9999,-9999,-9999,-9999,-9999,-9999,-9999,-9999,-9999,-9999,-9999,-9999
"06-08-2014",-9999,-9999,-9999,-9999,-9999,-9999,-9999,-9999,-9999,-9999,-9999,-9999,-9999,-9999,-9999,-9999,-9999,-9999,-9999,-9999,-9999,-9999,-9999,-9999
"07-08-2014",-9999,-9999,-9999,-9999,-9999,-9999,-9999,-9999,-9999,-9999,-9999,-9999,-9999,-9999,-9999,-9999,-9999,-9999,-9999,-9999,-9999,-9999,-9999,-9999
"08-08-2014",-9999,-9999,-9999,-9999,-9999,-9999,-9999,-9999,-9999,-9999,-9999,-9999,-9999,-9999,-9999,-9999,-9999,-9999,-9999,-9999,-9999,-9999,-9999,-9999
"09-08-2014",-9999,-9999,-9999,-9999,-9999,-9999,-9999,-9999,-9999,-9999,-9999,-9999,-9999,-9999,-9999,-9999,-9999,-9999,-9999,-9999,-9999,-9999,-9999,-9999
"10-08-2014",-9999,-9999,-9999,-9999,-9999,-9999,-9999,-9999,-9999,-9999,-9999,-9999,-9999,-9999,-9999,-9999,-9999,-9999,-9999,-9999,-9999,-9999,-9999,-9999
"11-08-2014",-9999,-9999,-9999,-9999,-9999,-9999,-9999,-9999,-9999,-9999,-9999,-9999,-9999,-9999,-9999,-9999,-9999,-9999,-9999,-9999,-9999,-9999,-9999,-9999
"12-08-2014",-9999,-9999,-9999,-9999,-9999,-9999,-9999,-9999,-9999,-9999,-9999,-9999,-9999,-9999,-9999,-9999,-9999,-9999,-9999,-9999,-9999,-9999,-9999,-9999
"13-08-2014",-9999,-9999,-9999,-9999,-9999,-9999,-9999,-9999,-9999,-9999,-9999,-9999,-9999,-9999,-9999,-9999,-9999,-9999,-9999,-9999,-9999,-9999,-9999,-9999
"14-08-2014",-9999,-9999,-9999,-9999,-9999,-9999,-9999,-9999,-9999,-9999,-9999,-9999,-9999,-9999,-9999,-9999,-9999,-9999,-9999,-9999,-9999,-9999,-9999,-9999
"15-08-2014",-9999,-9999,-9999,-9999,-9999,-9999,-9999,-9999,-9999,-9999,-9999,-9999,-9999,-9999,-9999,-9999,-9999,-9999,-9999,-9999,-9999,-9999,-9999,-9999
"16-08-2014",-9999,-9999,-9999,-9999,-9999,-9999,-9999,-9999,-9999,-9999,-9999,-9999,-9999,-9999,-9999,-9999,-9999,-9999,-9999,-9999,-9999,-9999,-9999,-9999
"17-08-2014",-9999,-9999,-9999,-9999,-9999,-9999,-9999,-9999,-9999,-9999,-9999,-9999,-9999,-9999,-9999,-9999,-9999,-9999,-9999,-9999,-9999,-9999,-9999,-9999
"18-08-2014",-9999,-9999,-9999,-9999,-9999,-9999,-9999,-9999,-9999,-9999,-9999,-9999,-9999,-9999,-9999,-9999,-9999,-9999,-9999,-9999,-9999,-9999,-9999,-9999
"19-08-2014",-9999,-9999,-9999,-9999,-9999,-9999,-9999,-9999,-9999,-9999,-9999,-9999,-9999,-9999,-9999,-9999,-9999,-9999,-9999,-9999,-9999,-9999,-9999,-9999
"20-08-2014",-9999,-9999,-9999,-9999,-9999,-9999,-9999,-9999,-9999,-9999,-9999,-9999,-9999,-9999,-9999,-9999,-9999,-9999,-9999,-9999,-9999,-9999,-9999,-9999
"21-08-2014",-9999,-9999,-9999,-9999,-9999,-9999,-9999,-9999,-9999,-9999,-9999,-9999,-9999,-9999,-9999,-9999,-9999,-9999,-9999,-9999,-9999,-9999,-9999,-9999
"22-08-2014",-9999,-9999,-9999,-9999,-9999,-9999,-9999,-9999,-9999,-9999,-9999,-9999,-9999,-9999,-9999,-9999,-9999,-9999,-9999,-9999,-9999,-9999,-9999,-9999
"23-08-2014",-9999,-9999,-9999,-9999,-9999,-9999,-9999,-9999,-9999,-9999,-9999,-9999,-9999,-9999,-9999,-9999,-9999,-9999,-9999,-9999,-9999,-9999,-9999,-9999
"24-08-2014",-9999,-9999,-9999,-9999,-9999,-9999,-9999,-9999,-9999,-9999,-9999,-9999,-9999,-9999,-9999,-9999,-9999,-9999,-9999,-9999,-9999,-9999,-9999,-9999
"25-08-2014",-9999,-9999,-9999,-9999,-9999,-9999,-9999,-9999,-9999,-9999,-9999,-9999,-9999,-9999,-9999,-9999,-9999,-9999,-9999,-9999,-9999,-9999,-9999,-9999
"26-08-2014",-9999,-9999,-9999,-9999,-9999,-9999,-9999,-9999,-9999,-9999,-9999,-9999,-9999,-9999,-9999,-9999,-9999,-9999,-9999,-9999,-9999,-9999,-9999,-9999
"27-08-2014",-9999,-9999,-9999,-9999,-9999,-9999,-9999,-9999,-9999,-9999,-9999,-9999,-9999,-9999,-9999,-9999,-9999,-9999,-9999,-9999,-9999,-9999,-9999,-9999
"28-08-2014",-9999,-9999,-9999,-9999,-9999,-9999,-9999,-9999,-9999,-9999,-9999,-9999,-9999,-9999,-9999,-9999,-9999,-9999,-9999,-9999,-9999,-9999,-9999,-9999
"29-08-2014",-9999,-9999,-9999,-9999,-9999,-9999,-9999,-9999,-9999,-9999,-9999,-9999,-9999,-9999,-9999,-9999,-9999,-9999,-9999,-9999,-9999,-9999,-9999,-9999
"30-08-2014",-9999,-9999,-9999,-9999,-9999,-9999,-9999,-9999,-9999,-9999,-9999,-9999,-9999,-9999,-9999,-9999,-9999,-9999,-9999,-9999,-9999,-9999,-9999,-9999
"31-08-2014",-9999,-9999,-9999,-9999,-9999,-9999,-9999,-9999,-9999,-9999,-9999,-9999,-9999,-9999,-9999,-9999,-9999,-9999,-9999,-9999,-9999,-9999,-9999,-9999
"01-09-2014",-9999,-9999,-9999,-9999,-9999,-9999,-9999,-9999,-9999,-9999,-9999,-9999,-9999,-9999,-9999,-9999,-9999,-9999,-9999,-9999,-9999,-9999,-9999,-9999
"02-09-2014",-9999,-9999,-9999,-9999,-9999,-9999,-9999,-9999,-9999,-9999,-9999,-9999,-9999,-9999,-9999,-9999,-9999,-9999,-9999,-9999,-9999,-9999,-9999,-9999
"03-09-2014",-9999,-9999,-9999,-9999,-9999,-9999,-9999,-9999,-9999,-9999,-9999,-9999,-9999,-9999,-9999,-9999,-9999,-9999,-9999,-9999,-9999,-9999,-9999,-9999
"04-09-2014",-9999,-9999,-9999,-9999,-9999,-9999,-9999,-9999,-9999,-9999,-9999,-9999,-9999,-9999,-9999,-9999,-9999,-9999,-9999,-9999,-9999,-9999,-9999,-9999
"05-09-2014",-9999,-9999,-9999,-9999,-9999,-9999,-9999,-9999,-9999,-9999,-9999,-9999,-9999,-9999,-9999,-9999,-9999,-9999,-9999,-9999,-9999,-9999,-9999,-9999
"06-09-2014",-9999,-9999,-9999,-9999,-9999,-9999,-9999,-9999,-9999,-9999,-9999,-9999,-9999,-9999,-9999,-9999,-9999,-9999,-9999,-9999,-9999,-9999,-9999,-9999
"07-09-2014",-9999,-9999,-9999,-9999,-9999,-9999,-9999,-9999,-9999,-9999,-9999,-9999,-9999,-9999,-9999,-9999,-9999,-9999,-9999,-9999,-9999,-9999,-9999,-9999
"08-09-2014",-9999,-9999,-9999,-9999,-9999,-9999,-9999,-9999,-9999,-9999,-9999,-9999,-9999,-9999,-9999,-9999,-9999,-9999,-9999,-9999,-9999,-9999,-9999,-9999
"09-09-2014",-9999,-9999,-9999,-9999,-9999,-9999,-9999,-9999,-9999,-9999,-9999,-9999,-9999,-9999,-9999,-9999,-9999,-9999,-9999,-9999,-9999,-9999,-9999,-9999
"10-09-2014",-9999,-9999,-9999,-9999,-9999,-9999,-9999,-9999,-9999,-9999,-9999,-9999,-9999,-9999,-9999,-9999,-9999,-9999,-9999,-9999,-9999,-9999,-9999,-9999
"11-09-2014",-9999,-9999,-9999,-9999,-9999,-9999,-9999,-9999,-9999,-9999,-9999,-9999,-9999,-9999,-9999,-9999,-9999,-9999,-9999,-9999,-9999,-9999,-9999,-9999
"12-09-2014",-9999,-9999,-9999,-9999,-9999,-9999,-9999,-9999,-9999,-9999,-9999,-9999,-9999,-9999,-9999,-9999,-9999,-9999,-9999,-9999,-9999,-9999,-9999,-9999
"13-09-2014",-9999,-9999,-9999,-9999,-9999,-9999,-9999,-9999,-9999,-9999,-9999,-9999,-9999,-9999,-9999,-9999,-9999,-9999,-9999,-9999,-9999,-9999,-9999,-9999
"14-09-2014",-9999,-9999,-9999,-9999,-9999,-9999,-9999,-9999,-9999,-9999,-9999,-9999,-9999,-9999,-9999,-9999,-9999,-9999,-9999,-9999,-9999,-9999,-9999,-9999
"15-09-2014",-9999,-9999,-9999,-9999,-9999,-9999,-9999,-9999,-9999,-9999,-9999,-9999,-9999,-9999,-9999,-9999,-9999,-9999,-9999,-9999,-9999,-9999,-9999,-9999
"16-09-2014",-9999,-9999,-9999,-9999,-9999,-9999,-9999,-9999,-9999,-9999,-9999,-9999,-9999,-9999,-9999,-9999,-9999,-9999,-9999,-9999,-9999,-9999,-9999,-9999
"17-09-2014",-9999,-9999,-9999,-9999,-9999,-9999,-9999,-9999,-9999,-9999,-9999,-9999,-9999,-9999,-9999,-9999,-9999,-9999,-9999,-9999,-9999,-9999,-9999,-9999
"18-09-2014",-9999,-9999,-9999,-9999,-9999,-9999,-9999,-9999,-9999,-9999,-9999,-9999,-9999,-9999,-9999,-9999,-9999,-9999,-9999,-9999,-9999,-9999,-9999,-9999
"19-09-2014",-9999,-9999,-9999,-9999,-9999,-9999,-9999,-9999,-9999,-9999,-9999,-9999,-9999,-9999,-9999,-9999,-9999,-9999,-9999,-9999,-9999,-9999,-9999,-9999
"20-09-2014",-9999,-9999,-9999,-9999,-9999,-9999,-9999,-9999,-9999,-9999,-9999,-9999,-9999,-9999,-9999,-9999,-9999,-9999,-9999,-9999,-9999,-9999,-9999,-9999
"21-09-2014",-9999,-9999,-9999,-9999,-9999,-9999,-9999,-9999,-9999,-9999,-9999,-9999,-9999,-9999,-9999,-9999,-9999,-9999,-9999,-9999,-9999,-9999,-9999,-9999
"22-09-2014",-9999,-9999,-9999,-9999,-9999,-9999,-9999,-9999,-9999,-9999,-9999,-9999,-9999,-9999,-9999,-9999,-9999,-9999,-9999,-9999,-9999,-9999,-9999,-9999
"23-09-2014",-9999,-9999,-9999,-9999,-9999,-9999,-9999,-9999,-9999,-9999,-9999,-9999,-9999,-9999,-9999,-9999,-9999,-9999,-9999,-9999,-9999,-9999,-9999,-9999
"24-09-2014",-9999,-9999,-9999,-9999,-9999,-9999,-9999,-9999,-9999,-9999,-9999,-9999,-9999,-9999,-9999,-9999,-9999,-9999,-9999,-9999,-9999,-9999,-9999,-9999
"25-09-2014",-9999,-9999,-9999,-9999,-9999,-9999,-9999,-9999,-9999,-9999,-9999,-9999,-9999,-9999,-9999,-9999,-9999,-9999,-9999,-9999,-9999,-9999,-9999,-9999
"26-09-2014",-9999,-9999,-9999,-9999,-9999,-9999,-9999,-9999,-9999,-9999,-9999,-9999,-9999,-9999,-9999,-9999,-9999,-9999,-9999,-9999,-9999,-9999,-9999,-9999
"27-09-2014",-9999,-9999,-9999,-9999,-9999,-9999,-9999,-9999,-9999,-9999,-9999,-9999,-9999,-9999,-9999,-9999,-9999,-9999,-9999,-9999,-9999,-9999,-9999,-9999
"28-09-2014",-9999,-9999,-9999,-9999,-9999,-9999,-9999,-9999,-9999,-9999,-9999,-9999,-9999,-9999,-9999,-9999,-9999,-9999,-9999,-9999,-9999,-9999,-9999,-9999
"29-09-2014",-9999,-9999,-9999,-9999,-9999,-9999,-9999,-9999,-9999,-9999,-9999,-9999,-9999,-9999,-9999,-9999,-9999,-9999,-9999,-9999,-9999,-9999,-9999,-9999
"30-09-2014",-9999,-9999,-9999,-9999,-9999,-9999,-9999,-9999,-9999,-9999,-9999,-9999,-9999,-9999,-9999,-9999,-9999,-9999,-9999,-9999,-9999,-9999,-9999,-9999
"01-10-2014",-9999,-9999,-9999,-9999,-9999,-9999,-9999,-9999,-9999,-9999,-9999,-9999,-9999,-9999,-9999,-9999,-9999,-9999,-9999,-9999,-9999,-9999,-9999,-9999
"02-10-2014",-9999,-9999,-9999,-9999,-9999,-9999,-9999,-9999,-9999,-9999,-9999,-9999,-9999,-9999,-9999,-9999,-9999,-9999,-9999,-9999,-9999,-9999,-9999,-9999
"03-10-2014",-9999,-9999,-9999,-9999,-9999,-9999,-9999,-9999,-9999,-9999,-9999,-9999,-9999,-9999,-9999,-9999,-9999,-9999,-9999,-9999,-9999,-9999,-9999,-9999
"04-10-2014",-9999,-9999,-9999,-9999,-9999,-9999,-9999,-9999,-9999,-9999,-9999,-9999,-9999,-9999,-9999,-9999,-9999,-9999,-9999,-9999,-9999,-9999,-9999,-9999
"05-10-2014",-9999,-9999,-9999,-9999,-9999,-9999,-9999,-9999,-9999,-9999,-9999,-9999,-9999,-9999,-9999,-9999,-9999,-9999,-9999,-9999,-9999,-9999,-9999,-9999
"06-10-2014",-9999,-9999,-9999,-9999,-9999,-9999,-9999,-9999,-9999,-9999,-9999,-9999,-9999,-9999,-9999,-9999,-9999,-9999,-9999,-9999,-9999,-9999,-9999,-9999
"07-10-2014",-9999,-9999,-9999,-9999,-9999,-9999,-9999,-9999,-9999,-9999,-9999,-9999,-9999,-9999,-9999,-9999,-9999,-9999,-9999,-9999,-9999,-9999,-9999,-9999
"08-10-2014",-9999,-9999,-9999,-9999,-9999,-9999,-9999,-9999,-9999,-9999,-9999,-9999,-9999,-9999,-9999,-9999,-9999,-9999,-9999,-9999,-9999,-9999,-9999,-9999
"09-10-2014",-9999,-9999,-9999,-9999,-9999,-9999,-9999,-9999,-9999,-9999,-9999,-9999,-9999,-9999,-9999,-9999,-9999,-9999,-9999,-9999,-9999,-9999,-9999,-9999
"10-10-2014",-9999,-9999,-9999,-9999,-9999,-9999,-9999,-9999,-9999,-9999,-9999,-9999,-9999,-9999,-9999,-9999,-9999,-9999,-9999,-9999,-9999,-9999,-9999,-9999
"11-10-2014",-9999,-9999,-9999,-9999,-9999,-9999,-9999,-9999,-9999,-9999,-9999,-9999,-9999,-9999,-9999,-9999,-9999,-9999,-9999,-9999,-9999,-9999,-9999,-9999
"12-10-2014",-9999,-9999,-9999,-9999,-9999,-9999,-9999,-9999,-9999,-9999,-9999,-9999,-9999,-9999,-9999,-9999,-9999,-9999,-9999,-9999,-9999,-9999,-9999,-9999
"13-10-2014",-9999,-9999,-9999,-9999,-9999,-9999,-9999,-9999,-9999,-9999,-9999,-9999,-9999,-9999,-9999,-9999,-9999,-9999,-9999,-9999,-9999,-9999,-9999,-9999
"14-10-2014",-9999,-9999,-9999,-9999,-9999,-9999,-9999,-9999,-9999,-9999,-9999,-9999,-9999,-9999,-9999,-9999,-9999,-9999,-9999,-9999,-9999,-9999,-9999,-9999
"15-10-2014",-9999,-9999,-9999,-9999,-9999,-9999,-9999,-9999,-9999,-9999,-9999,-9999,-9999,-9999,-9999,-9999,-9999,-9999,-9999,-9999,-9999,-9999,-9999,-9999
"16-10-2014",-9999,-9999,-9999,-9999,-9999,-9999,-9999,-9999,-9999,-9999,-9999,-9999,-9999,-9999,-9999,-9999,-9999,-9999,-9999,-9999,-9999,-9999,-9999,-9999
"17-10-2014",-9999,-9999,-9999,-9999,-9999,-9999,-9999,-9999,-9999,-9999,-9999,-9999,-9999,-9999,-9999,-9999,-9999,-9999,-9999,-9999,-9999,-9999,-9999,-9999
"18-10-2014",-9999,-9999,-9999,-9999,-9999,-9999,-9999,-9999,-9999,-9999,-9999,-9999,-9999,-9999,-9999,-9999,-9999,-9999,-9999,-9999,-9999,-9999,-9999,-9999
"19-10-2014",-9999,-9999,-9999,-9999,-9999,-9999,-9999,-9999,-9999,-9999,-9999,-9999,-9999,-9999,-9999,-9999,-9999,-9999,-9999,-9999,-9999,-9999,-9999,-9999
"20-10-2014",-9999,-9999,-9999,-9999,-9999,-9999,-9999,-9999,-9999,-9999,-9999,-9999,-9999,-9999,-9999,-9999,-9999,-9999,-9999,-9999,-9999,-9999,-9999,-9999
"21-10-2014",-9999,-9999,-9999,-9999,-9999,-9999,-9999,-9999,-9999,-9999,-9999,-9999,-9999,-9999,-9999,-9999,-9999,-9999,-9999,-9999,-9999,-9999,-9999,-9999
"22-10-2014",-9999,-9999,-9999,-9999,-9999,-9999,-9999,-9999,-9999,-9999,-9999,-9999,-9999,-9999,-9999,-9999,-9999,-9999,-9999,-9999,-9999,-9999,-9999,-9999
"23-10-2014",-9999,-9999,-9999,-9999,-9999,-9999,-9999,-9999,-9999,-9999,-9999,-9999,-9999,23,18,19,24,26,24,23,25,22,14,12
"24-10-2014",19,13,19,22,17,20,22,22,23,28,28,31,31,27,26,31,32,16,12,13,7,5,6,13
"25-10-2014",13,11,8,8,9,17,25,22,19,20,19,20,15,15,17,20,21,25,21,18,20,19,19,10
"26-10-2014",10,13,14,10,8,12,19,11,17,15,16,15,13,18,15,16,14,18,23,23,26,25,23,17
"27-10-2014",15,14,12,9,9,10,12,15,22,25,24,22,23,22,23,22,27,29,31,34,34,30,26,24
"28-10-2014",16,10,11,6,5,7,11,18,13,12,14,13,11,13,11,10,12,19,21,21,19,16,14,19
"29-10-2014",17,21,16,6,8,16,28,31,29,21,24,26,26,20,16,15,25,31,26,28,26,31,32,31
"30-10-2014",27,27,25,26,25,22,20,22,26,31,30,29,27,30,30,32,37,34,34,37,31,36,29,22
"31-10-2014",19,13,9,7,7,14,19,20,22,17,-9999,-9999,-9999,19,20,23,23,25,30,30,27,20,25,21
"01-11-2014",20,10,11,10,11,12,13,19,16,14,12,12,13,17,20,20,21,24,23,18,23,23,18,18
"02-11-2014",20,21,14,10,10,14,27,26,19,12,12,12,14,17,21,22,22,39,42,44,42,43,44,45
"03-11-2014",43,37,37,34,24,20,21,21,16,17,20,20,25,29,28,31,26,34,29,28,31,27,28,21
"04-11-2014",23,25,25,21,14,17,26,29,30,31,31,26,25,25,20,23,22,27,35,38,39,39,38,37
"05-11-2014",34,24,27,20,22,21,25,28,27,29,36,36,36,33,24,25,26,30,34,34,30,30,24,31
"06-11-2014",27,31,20,10,11,21,30,33,35,36,33,39,41,34,35,37,40,39,39,37,35,31,33,20
"07-11-2014",20,19,19,17,18,17,13,16,21,20,26,28,34,31,30,34,39,33,37,36,35,33,33,38
"08-11-2014",36,31,18,14,13,31,31,22,19,14,16,17,16,16,16,17,22,26,37,35,38,35,26,12
"09-11-2014",11,10,9,15,19,24,20,17,27,24,19,16,15,18,24,29,25,25,33,36,34,32,31,31
"10-11-2014",27,22,20,23,20,20,19,15,24,32,34,32,32,29,24,24,22,32,41,43,37,31,31,32
"11-11-2014",28,30,29,28,29,27,32,30,25,25,30,31,29,31,40,42,45,38,37,34,33,33,32,29
"12-11-2014",27,27,23,16,21,23,24,24,27,31,33,32,30,29,32,32,30,36,38,34,36,33,29,35
"13-11-2014",27,19,24,10,11,17,26,32,34,35,34,35,37,31,23,24,24,23,28,30,34,33,33,27
"14-11-2014",26,24,19,18,17,17,22,27,29,29,29,30,29,28,27,23,26,26,24,20,25,24,23,25
"15-11-2014",23,21,21,21,19,18,19,19,19,21,27,18,19,21,25,26,21,19,19,24,30,28,26,24
"16-11-2014",23,17,15,13,12,14,20,18,19,18,15,15,16,15,13,10,14,21,23,23,20,22,27,22
"17-11-2014",14,8,13,12,14,13,25,27,31,31,31,31,32,31,29,30,27,30,26,25,25,23,23,24
"18-11-2014",20,18,19,19,17,17,18,18,19,22,26,44,37,31,29,34,33,31,32,30,29,32,29,22
"19-11-2014",25,26,24,23,23,22,17,23,24,24,31,31,40,40,37,34,36,34,33,33,33,37,38,34
"20-11-2014",19,16,10,4,4,6,8,11,12,13,11,12,11,11,12,13,15,15,16,16,17,18,18,15
"21-11-2014",13,11,11,10,9,9,13,18,18,17,13,15,15,14,15,15,17,20,26,24,25,27,25,22
"22-11-2014",18,15,10,10,11,11,14,15,15,14,15,13,16,19,21,26,30,32,24,25,30,34,34,21
"23-11-2014",21,15,12,12,12,20,23,25,23,17,19,20,16,17,22,19,23,31,34,26,29,32,29,29
"24-11-2014",25,31,26,23,20,20,19,18,23,31,32,32,28,26,27,32,34,36,33,32,30,24,17,8
"25-11-2014",7,8,7,6,7,11,17,21,21,19,21,22,21,23,26,27,33,35,37,37,38,37,40,39
"26-11-2014",36,27,18,18,17,27,29,31,30,23,22,19,22,22,29,33,32,33,33,34,35,26,25,25
"27-11-2014",25,25,14,8,7,8,11,18,25,24,23,20,19,20,22,22,24,24,23,26,22,20,19,24
"28-11-2014",21,13,12,13,17,18,18,18,20,22,28,27,25,26,26,25,26,22,25,26,28,24,18,20
"29-11-2014",18,18,20,20,18,16,16,17,17,20,23,28,28,29,29,26,26,25,27,25,26,26,25,21
"30-11-2014",21,19,17,16,16,12,11,9,13,17,20,25,42,45,19,20,23,22,22,25,25,27,24,18
"01-12-2014",22,20,19,16,14,14,13,12,14,17,19,23,23,20,18,17,17,19,18,18,16,15,15,15
"02-12-2014",13,13,9,7,8,12,15,17,19,19,23,24,24,25,25,22,25,22,22,20,23,25,21,19
"03-12-2014",19,18,18,15,15,14,14,14,14,15,17,18,22,26,26,22,23,21,21,21,25,22,21,21
"04-12-2014",25,22,21,17,15,12,22,28,26,26,24,27,29,29,31,31,31,31,28,26,24,24,26,25
"05-12-2014",25,22,20,21,20,17,18,19,21,23,25,28,31,28,20,21,23,23,21,19,17,13,11,9
"06-12-2014",7,6,7,8,6,10,17,22,24,24,19,15,15,15,13,22,27,23,21,19,20,20,18,18
"07-12-2014",18,16,17,17,16,14,14,14,15,17,20,22,22,26,21,24,26,27,32,31,26,22,24,26
"08-12-2014",18,14,14,8,8,8,22,22,20,21,27,29,24,21,23,26,27,22,24,24,19,20,17,13
"09-12-2014",13,12,12,13,9,11,10,12,14,15,17,17,15,16,16,15,15,16,16,15,17,16,14,13
"10-12-2014",12,9,7,5,5,8,14,14,17,17,19,18,18,19,18,18,19,19,19,18,19,18,19,17
"11-12-2014",19,17,17,16,15,15,13,13,14,16,19,24,22,22,18,24,22,22,24,22,21,19,20,18
"12-12-2014",20,18,15,13,9,14,16,17,14,14,15,17,19,20,21,25,30,30,29,31,33,29,30,29
"13-12-2014",30,27,30,26,24,21,20,19,19,20,22,24,27,33,26,33,22,33,36,40,37,35,41,35
"14-12-2014",36,34,32,29,26,21,17,17,15,17,15,16,25,23,26,24,22,35,39,40,36,32,36,36
"15-12-2014",36,38,31,27,28,23,20,21,20,25,26,27,35,41,51,52,45,44,45,48,44,42,37,41
"16-12-2014",44,41,41,35,29,28,24,16,28,33,33,43,48,32,27,24,28,26,25,25,25,28,26,23
"17-12-2014",21,21,22,18,17,16,16,16,19,17,23,25,28,30,37,35,34,38,37,31,33,23,25,28
"18-12-2014",27,26,29,28,27,29,28,27,20,28,28,33,31,32,29,31,35,33,33,31,31,30,32,30
"19-12-2014",31,24,22,23,23,18,24,24,25,30,37,44,41,34,33,34,40,39,36,37,42,38,44,43
"20-12-2014",46,40,34,28,23,21,19,24,25,39,39,39,43,38,35,30,35,37,39,38,36,40,39,37
"21-12-2014",35,30,32,32,30,24,22,21,23,23,23,14,15,16,15,17,18,21,23,20,16,17,16,17
"22-12-2014",17,9,12,9,6,11,18,25,28,25,28,27,26,27,28,29,36,35,39,44,46,41,45,48
"23-12-2014",49,44,42,40,35,36,34,36,31,36,45,46,37,39,50,51,53,49,48,49,52,50,57,48
"24-12-2014",59,52,48,42,36,42,39,35,40,52,83,87,64,45,51,52,48,51,48,46,40,48,33,44
"25-12-2014",56,51,47,37,30,25,22,23,19,22,27,35,38,44,44,36,46,45,45,41,44,47,40,36
"26-12-2014",28,20,30,34,35,33,36,37,34,26,33,36,30,31,23,20,31,27,38,43,35,27,31,18
"27-12-2014",15,12,9,6,6,6,7,9,9,9,10,11,12,14,14,15,17,21,22,24,26,19,18,21
"28-12-2014",34,32,31,26,23,23,28,24,29,31,29,29,34,28,29,31,30,29,27,30,29,29,27,28
"29-12-2014",28,23,24,25,23,19,15,13,13,13,14,13,13,13,14,13,15,17,17,19,19,16,14,12
"30-12-2014",10,10,11,9,8,13,16,22,27,24,22,21,20,21,21,21,26,28,26,27,26,22,21,17
"31-12-2014",16,12,12,16,17,14,17,22,25,22,25,23,23,23,28,32,31,35,40,22,24,22,21,-9999
