"01-01-2012",2,2,2,2,2,2,2,2,2,2,3,2,3,2,2,2,2,2,3,3,3,3,3,3
"02-01-2012",2,2,2,2,2,2,3,3,4,4,5,3,2,3,2,2,2,7,26,29,18,18,9,5
"03-01-2012",5,4,3,4,3,4,10,37,27,29,15,13,9,8,7,7,3,14,14,18,16,11,13,9
"04-01-2012",4,3,3,3,8,3,6,14,20,17,6,6,8,10,7,15,7,14,12,15,17,23,12,7
"05-01-2012",4,4,3,3,3,5,7,21,25,25,18,10,8,8,7,6,6,11,7,6,8,5,4,4
"06-01-2012",3,2,2,3,2,2,2,3,3,3,3,4,6,3,3,3,4,4,4,3,4,3,3,3
"07-01-2012",2,2,2,2,2,2,4,5,8,6,3,4,4,4,4,3,4,4,4,4,4,4,5,8
"08-01-2012",6,5,6,4,3,3,3,3,3,4,6,5,5,6,4,4,11,5,3,3,5,6,5,5
"09-01-2012",3,3,5,3,3,3,7,11,34,44,15,14,8,4,4,4,4,3,4,5,4,6,3,2
"10-01-2012",2,2,2,2,2,2,3,3,4,4,4,5,4,4,5,3,4,5,4,4,4,3,3,3
"11-01-2012",2,2,2,2,2,2,4,4,4,5,5,5,5,6,5,6,5,5,5,4,4,4,3,3
"12-01-2012",2,2,2,2,2,2,3,4,5,5,4,4,4,4,4,3,3,4,5,6,6,6,5,8
"13-01-2012",4,3,3,8,5,4,8,21,41,51,15,10,10,9,9,7,9,15,8,8,17,5,4,4
"14-01-2012",3,3,3,3,3,3,4,7,14,12,11,9,8,9,3,3,3,3,3,2,2,2,2,2
"15-01-2012",2,2,2,2,2,2,2,2,2,2,3,4,3,3,3,3,3,3,3,3,6,3,4,3
"16-01-2012",2,2,2,3,2,3,4,6,8,7,5,4,5,4,4,4,3,3,4,4,3,3,3,3
"17-01-2012",3,2,2,2,2,2,4,11,6,6,7,4,5,5,3,3,3,4,17,30,17,19,10,8
"18-01-2012",4,3,3,7,4,8,15,30,63,19,7,4,3,4,4,3,3,4,7,18,9,16,9,5
"19-01-2012",3,3,3,3,3,3,5,11,9,8,5,5,5,8,4,5,5,10,33,40,21,20,8,7
"20-01-2012",3,3,3,3,4,3,5,8,8,7,15,6,6,7,7,6,9,13,13,9,8,7,6,4
"21-01-2012",3,2,2,2,2,3,3,4,4,6,6,6,5,6,7,8,3,2,3,3,3,3,2,4
"22-01-2012",3,2,2,3,3,3,3,5,6,9,27,6,6,6,5,4,5,4,5,7,12,10,7,7
"23-01-2012",4,3,3,2,3,4,9,16,55,22,12,8,10,11,10,10,17,19,62,29,16,14,12,5
"24-01-2012",3,3,3,3,2,3,23,42,54,107,24,13,9,39,12,8,14,13,9,8,6,6,4,4
"25-01-2012",3,3,2,5,3,3,4,10,13,13,9,12,10,11,12,9,9,10,9,6,4,8,4,4
"26-01-2012",3,3,2,2,3,4,7,22,116,32,11,11,6,3,7,5,5,5,22,15,13,6,5,3
"27-01-2012",3,4,4,4,3,2,3,4,5,5,4,4,4,3,3,4,3,3,3,3,4,3,2,2
"28-01-2012",2,2,2,2,2,2,2,2,3,3,3,3,3,3,3,3,2,2,3,2,2,2,2,2
"29-01-2012",2,2,2,2,2,2,2,2,2,2,2,3,3,2,2,2,2,2,3,3,3,2,2,2
"30-01-2012",2,2,2,2,2,2,2,3,3,3,3,3,3,3,3,3,3,3,3,3,3,3,2,2
"31-01-2012",2,2,2,2,2,2,2,3,3,6,4,3,4,3,3,3,3,4,3,3,3,2,3,2
"01-02-2012",2,2,2,2,2,2,2,3,4,3,4,3,3,3,3,3,3,3,3,3,3,4,3,4
"02-02-2012",4,4,3,2,3,4,6,13,14,13,37,12,6,7,6,4,3,3,3,3,8,10,5,6
"03-02-2012",3,2,3,3,3,3,10,42,24,20,7,5,6,12,6,5,6,12,13,24,23,20,11,7
"04-02-2012",3,3,3,3,5,5,4,8,14,8,5,6,6,6,4,4,5,3,4,4,4,3,3,3
"05-02-2012",3,2,2,2,2,2,2,4,3,4,4,4,4,3,4,4,5,5,5,5,5,4,3,2
"06-02-2012",3,2,2,2,2,2,2,3,3,3,3,2,2,2,2,2,2,2,2,3,3,3,3,3
"07-02-2012",2,2,2,2,2,2,3,5,7,5,6,7,6,6,10,8,9,9,4,9,7,5,5,4
"08-02-2012",2,2,2,2,2,2,3,3,3,4,4,4,4,3,3,4,3,3,2,3,2,2,2,2
"09-02-2012",2,2,2,2,2,2,2,3,3,3,3,-9999,-9999,2,2,2,2,2,2,2,2,2,2,2
"10-02-2012",2,2,2,2,2,2,2,3,2,2,2,2,2,2,2,2,2,2,2,2,2,2,2,2
"11-02-2012",2,2,2,2,2,2,2,5,5,4,4,3,4,5,3,3,3,3,4,9,21,16,10,6
"12-02-2012",3,3,3,2,2,2,2,2,3,3,3,3,3,3,3,3,2,2,3,6,5,4,4,3
"13-02-2012",3,3,2,2,2,2,3,9,20,39,40,22,4,3,3,3,3,3,3,3,3,2,2,2
"14-02-2012",2,2,2,2,2,2,3,7,22,26,8,4,3,3,3,3,3,3,3,3,3,3,3,3
"15-02-2012",3,2,2,2,2,2,3,4,9,5,3,3,3,3,3,3,3,2,3,3,3,2,2,2
"16-02-2012",2,2,2,2,2,2,2,3,4,3,3,3,3,3,3,3,3,3,3,10,3,2,2,2
"17-02-2012",2,2,2,2,2,2,2,2,2,2,2,2,2,2,2,2,2,2,2,3,3,3,3,3
"18-02-2012",2,2,2,2,2,2,3,3,3,10,28,6,3,3,2,2,2,2,3,3,8,9,11,6
"19-02-2012",3,3,3,3,3,2,3,3,3,3,3,3,3,3,2,3,3,3,3,3,3,3,3,3
"20-02-2012",3,3,3,2,3,3,3,4,13,19,15,15,18,13,5,4,3,3,4,6,7,7,5,3
"21-02-2012",3,3,2,2,2,2,3,4,4,3,2,2,2,2,2,2,2,2,2,2,2,2,2,2
"22-02-2012",2,2,2,2,2,2,2,2,2,2,2,2,2,2,2,2,2,2,2,2,2,2,2,2
"23-02-2012",2,2,2,2,2,2,2,2,3,2,2,2,2,2,2,2,2,2,2,2,2,2,2,2
"24-02-2012",2,2,2,2,2,2,3,8,32,28,7,3,3,3,2,2,2,3,5,4,5,10,8,4
"25-02-2012",3,3,2,2,2,2,2,4,7,6,4,3,2,3,3,3,2,3,3,3,2,3,4,5
"26-02-2012",5,4,3,3,3,3,3,3,4,4,3,2,2,2,2,2,2,2,3,3,3,3,3,3
"27-02-2012",3,3,3,3,3,2,2,2,2,2,2,2,2,2,2,2,2,2,2,2,2,2,1,2
"28-02-2012",2,2,2,2,2,2,2,2,8,3,2,2,2,2,2,2,2,2,2,2,2,2,2,2
"29-02-2012",2,2,2,2,2,2,2,3,4,3,4,3,3,3,3,2,2,2,2,2,2,2,2,2
"01-03-2012",2,2,2,2,2,2,2,2,2,2,2,2,2,2,2,2,2,2,2,2,2,2,2,2
"02-03-2012",2,2,2,2,2,2,3,4,7,5,3,2,3,3,4,3,3,3,3,4,3,3,2,2
"03-03-2012",2,2,2,2,2,2,2,2,3,3,3,2,2,2,2,2,2,2,2,3,2,2,3,2
"04-03-2012",2,2,2,2,2,2,2,2,2,2,2,2,2,2,2,2,2,2,2,2,2,3,3,3
"05-03-2012",2,2,2,2,2,2,3,9,16,9,6,4,3,4,2,1,3,3,3,3,5,11,11,6
"06-03-2012",4,3,3,3,3,2,2,2,2,2,2,2,2,2,2,2,2,2,2,2,2,2,2,3
"07-03-2012",2,2,2,2,2,2,3,8,6,3,2,2,2,2,2,2,2,2,2,2,2,2,2,3
"08-03-2012",3,2,2,2,2,2,3,8,6,3,3,3,3,3,2,2,2,3,2,3,6,14,6,4
"09-03-2012",3,2,2,2,2,2,2,6,7,4,3,2,2,2,2,2,2,2,2,2,2,2,2,2
"10-03-2012",2,2,2,2,2,2,2,2,2,2,2,2,2,2,2,2,2,2,2,2,2,2,2,2
"11-03-2012",2,2,2,2,2,2,2,2,2,2,2,2,2,2,2,2,2,2,2,2,2,2,2,2
"12-03-2012",2,2,2,2,2,49,28,2,3,2,2,2,2,2,2,2,2,2,2,2,2,2,2,2
"13-03-2012",2,2,2,2,2,2,2,-9999,3,2,2,3,2,2,2,2,2,2,2,2,2,2,2,2
"14-03-2012",2,2,2,2,2,2,2,2,3,2,3,2,2,2,2,2,2,2,2,2,8,21,13,5
"15-03-2012",4,3,2,2,2,3,3,5,16,9,3,3,2,3,2,2,2,2,2,3,4,4,3,3
"16-03-2012",2,2,2,2,2,2,2,2,2,2,2,2,2,2,2,2,2,2,2,3,4,6,7,6
"17-03-2012",3,3,3,2,2,2,3,4,4,3,4,14,3,3,2,2,2,2,2,2,2,3,3,2
"18-03-2012",2,2,2,2,2,2,2,5,3,3,2,2,2,2,2,2,2,2,2,2,2,2,2,2
"19-03-2012",2,2,2,2,2,2,3,6,5,3,3,3,3,2,2,3,2,2,3,3,3,2,2,2
"20-03-2012",2,2,2,2,2,2,3,3,3,3,2,2,2,2,2,2,2,2,2,2,2,2,2,2
"21-03-2012",2,2,2,2,2,2,3,8,21,6,3,2,2,2,2,2,2,2,2,2,4,12,5,3
"22-03-2012",3,2,2,2,2,2,3,3,3,2,2,2,2,2,2,2,2,2,2,2,2,2,2,2
"23-03-2012",2,2,2,2,2,2,2,2,2,2,2,-9999,-9999,2,2,2,2,2,2,4,5,3,4,8
"24-03-2012",3,2,2,2,2,4,8,7,7,4,2,2,2,2,2,2,2,2,3,4,4,8,4,4
"25-03-2012",3,3,3,2,3,4,4,5,7,5,3,2,2,2,2,2,2,2,3,3,9,2,2,3
"26-03-2012",2,2,2,4,3,4,-9999,-9999,8,4,3,3,2,3,5,5,5,4,6,5,8,13,6,4
"27-03-2012",2,2,2,2,2,2,2,3,3,3,3,3,3,2,2,2,2,2,2,2,3,7,8,3
"28-03-2012",2,2,2,2,2,4,7,11,19,4,5,3,3,2,2,2,2,2,2,2,2,6,4,3
"29-03-2012",4,2,2,2,2,3,12,45,29,13,7,10,8,6,4,6,5,5,5,5,5,3,4,3
"30-03-2012",2,2,2,2,2,3,3,6,5,5,12,6,4,4,5,22,6,6,4,3,3,3,3,4
"31-03-2012",2,2,2,3,3,3,3,5,16,7,6,3,6,6,6,4,3,3,4,5,5,3,4,3
"01-04-2012",2,2,2,2,2,2,2,3,3,3,5,3,4,4,3,3,3,3,4,5,5,6,2,2
"02-04-2012",2,2,2,2,2,2,2,2,3,3,3,2,2,2,3,2,2,2,2,2,2,2,3,4
"03-04-2012",5,2,2,2,2,3,6,16,56,11,7,7,6,5,6,5,5,5,5,5,5,4,4,3
"04-04-2012",2,2,2,2,2,3,4,22,8,7,3,2,2,3,6,4,4,3,3,2,2,2,2,3
"05-04-2012",2,2,2,3,2,2,4,12,8,3,3,2,2,3,4,2,3,2,2,2,3,9,6,4
"06-04-2012",4,3,2,2,14,3,4,7,8,11,10,9,5,5,5,5,6,5,5,5,6,5,5,4
"07-04-2012",3,2,2,2,2,2,2,4,9,7,7,7,6,5,5,7,4,4,4,3,3,4,3,4
"08-04-2012",3,2,2,2,2,2,2,2,3,4,4,4,5,4,3,3,3,3,4,4,2,4,2,2
"09-04-2012",3,2,2,2,2,2,5,10,7,9,7,5,5,7,4,2,3,4,3,4,3,2,2,2
"10-04-2012",2,2,2,2,2,2,2,2,3,3,3,3,2,2,3,3,2,2,2,2,3,3,3,2
"11-04-2012",2,2,2,2,2,3,4,14,8,4,5,5,36,8,6,6,5,5,11,5,6,9,5,5
"12-04-2012",2,2,2,2,2,3,6,15,17,8,9,7,7,5,4,6,5,4,5,4,8,4,11,8
"13-04-2012",5,3,2,4,2,7,6,5,4,3,3,4,4,4,5,3,3,3,5,4,4,4,3,6
"14-04-2012",3,2,2,2,2,2,2,3,5,7,6,5,5,4,3,3,3,3,4,4,4,3,3,4
"15-04-2012",2,2,2,2,2,2,2,3,3,4,4,3,3,3,2,2,2,2,3,2,2,3,3,2
"16-04-2012",3,2,2,2,2,2,2,3,4,3,3,3,4,3,3,3,3,3,3,4,4,5,2,2
"17-04-2012",3,2,2,2,2,2,5,7,6,6,4,7,7,5,4,3,2,2,2,2,2,2,2,2
"18-04-2012",2,2,2,2,2,2,3,4,4,4,5,5,5,4,4,4,4,4,3,4,4,3,2,2
"19-04-2012",2,2,2,2,2,2,3,5,6,5,6,4,5,5,11,5,6,17,5,5,9,7,8,3
"20-04-2012",2,2,2,2,2,3,2,3,5,5,6,5,5,3,4,4,4,3,4,4,4,4,3,2
"21-04-2012",2,2,2,2,2,2,3,5,4,5,6,7,5,6,4,4,3,3,2,3,3,3,3,2
"22-04-2012",3,2,2,2,2,2,2,5,5,3,3,3,4,3,3,3,3,3,4,3,4,4,2,3
"23-04-2012",2,2,2,2,2,2,4,14,11,10,22,6,5,5,3,3,5,5,13,4,5,4,3,2
"24-04-2012",2,2,2,2,2,2,68,8,10,14,9,6,5,6,7,7,3,6,12,5,9,6,4,5
"25-04-2012",2,2,2,2,2,2,4,9,31,13,7,5,5,4,5,5,6,5,7,5,7,4,3,2
"26-04-2012",3,2,2,2,2,2,5,23,29,10,22,5,2,3,2,2,2,2,2,4,6,16,5,3
"27-04-2012",2,4,3,2,3,25,5,8,11,6,4,2,2,2,2,2,2,2,2,2,2,2,2,2
"28-04-2012",2,2,2,2,2,2,2,2,2,2,2,2,2,2,2,5,2,2,3,4,6,5,5,4
"29-04-2012",3,4,2,2,2,2,4,4,3,3,3,2,2,2,2,2,2,2,2,2,2,2,2,2
"30-04-2012",2,2,2,2,2,2,2,2,2,3,2,2,2,2,2,2,2,2,2,2,2,5,2,2
"01-05-2012",2,2,2,2,2,2,2,3,4,3,2,2,2,1,2,1,2,2,2,2,2,2,2,2
"02-05-2012",2,2,2,2,2,2,3,5,4,2,2,2,2,2,2,2,2,2,2,2,6,5,4,4
"03-05-2012",2,2,2,2,2,2,2,4,4,5,2,2,2,2,2,2,2,2,5,3,5,3,4,3
"04-05-2012",2,2,2,2,2,5,13,14,7,7,4,2,2,2,2,3,4,5,5,4,4,6,5,4
"05-05-2012",2,2,2,2,2,3,3,4,5,4,4,4,3,4,4,3,3,4,3,4,3,3,2,3
"06-05-2012",2,2,2,2,2,4,3,10,3,3,3,3,4,3,4,4,4,4,4,3,4,3,3,3
"07-05-2012",2,2,2,2,2,4,14,12,13,5,4,2,2,2,3,4,4,4,4,3,5,3,4,2
"08-05-2012",2,2,2,2,2,3,5,26,27,11,9,4,2,2,2,3,4,5,3,3,3,4,4,4
"09-05-2012",2,3,2,2,2,2,2,4,3,4,4,3,2,2,2,2,2,2,2,2,2,2,2,2
"10-05-2012",2,2,2,2,2,2,2,2,2,3,2,2,2,2,2,2,2,2,2,1,2,2,2,2
"11-05-2012",2,2,2,2,2,2,2,3,5,2,2,2,2,2,2,2,2,2,2,4,2,2,2,2
"12-05-2012",2,2,2,2,2,2,2,9,2,2,3,2,2,2,2,1,1,1,2,2,2,2,2,2
"13-05-2012",2,1,2,2,2,2,2,2,2,2,2,2,1,1,2,1,2,4,16,7,6,4,2,2
"14-05-2012",2,2,2,2,2,3,5,7,4,3,2,2,2,2,2,2,5,8,5,39,6,2,2,2
"15-05-2012",2,2,2,2,2,2,4,20,9,6,5,4,5,4,4,4,4,4,4,4,5,3,3,2
"16-05-2012",2,2,2,2,2,2,3,6,7,7,6,6,4,4,4,4,5,5,6,5,7,6,4,2
"17-05-2012",2,2,2,2,2,2,3,6,7,6,-9999,6,5,6,5,4,5,3,4,3,4,2,2,2
"18-05-2012",2,2,2,2,2,3,3,4,6,7,7,5,9,9,4,6,3,3,3,3,4,4,3,2
"19-05-2012",2,2,2,2,2,3,3,3,13,3,4,2,3,3,2,2,2,2,3,2,9,9,17,6
"20-05-2012",5,2,4,2,2,2,2,4,3,3,2,2,4,3,5,4,3,3,3,4,3,3,3,2
"21-05-2012",2,2,2,2,2,6,9,10,21,10,6,4,2,2,2,3,2,2,2,3,2,4,2,4
"22-05-2012",2,2,2,2,2,2,8,5,7,4,5,5,6,5,4,4,5,5,5,3,4,5,3,2
"23-05-2012",2,2,1,1,2,2,2,5,5,6,5,5,5,5,5,4,5,4,5,5,5,6,4,3
"24-05-2012",2,2,5,2,4,2,3,7,5,5,6,5,4,5,4,5,4,2,2,2,2,2,2,2
"25-05-2012",2,2,2,2,2,3,7,9,10,7,8,11,9,14,25,3,5,7,4,4,5,3,3,2
"26-05-2012",3,3,2,2,2,3,10,9,5,4,4,4,4,4,4,3,3,3,3,3,3,4,2,2
"27-05-2012",2,2,2,2,2,2,2,2,2,2,2,2,2,2,2,2,3,3,2,3,2,2,2,2
"28-05-2012",2,2,3,3,2,5,4,8,7,8,21,5,4,2,2,2,2,2,3,5,6,3,3,2
"29-05-2012",2,2,2,2,2,5,11,14,11,10,7,4,3,3,2,2,3,4,4,5,4,4,2,2
"30-05-2012",2,2,2,2,3,2,3,10,8,5,3,3,4,2,2,2,2,2,2,4,6,7,3,4
"31-05-2012",3,2,2,2,2,2,5,17,7,5,4,2,3,2,2,3,2,5,8,5,7,5,4,3
"01-06-2012",2,2,2,2,5,3,5,10,7,5,3,3,2,3,4,4,5,4,4,4,5,4,4,3
"02-06-2012",2,2,2,2,2,2,3,4,3,4,4,3,4,4,3,4,3,3,3,4,5,3,3,3
"03-06-2012",3,2,2,2,3,3,2,3,4,3,3,2,2,2,2,3,3,3,3,4,3,4,2,3
"04-06-2012",2,2,2,2,2,2,4,5,7,4,3,4,3,3,3,3,3,3,3,3,3,4,3,3
"05-06-2012",2,2,2,2,2,3,7,12,9,11,8,16,6,7,5,5,5,5,5,4,5,3,3,3
"06-06-2012",2,2,2,2,2,2,5,5,5,6,6,5,4,5,7,4,4,14,5,5,5,3,4,2
"07-06-2012",2,2,2,2,2,6,23,11,5,3,2,2,2,2,2,2,2,2,2,2,2,2,2,2
"08-06-2012",2,2,2,2,2,2,8,14,4,2,2,2,2,2,2,2,2,2,2,2,2,2,2,3
"09-06-2012",2,2,2,2,2,2,2,3,2,2,2,2,2,2,2,2,2,2,2,2,2,2,2,2
"10-06-2012",2,2,2,1,2,2,2,2,2,2,2,2,2,2,2,2,2,2,2,2,2,2,3,3
"11-06-2012",2,2,2,2,2,2,5,16,6,5,6,6,5,6,5,4,3,5,5,7,13,3,4,2
"12-06-2012",2,2,2,2,2,3,9,14,14,6,4,3,2,2,2,2,2,3,5,5,5,7,4,3
"13-06-2012",2,2,2,2,2,4,25,4,6,8,3,2,4,5,5,4,4,4,4,5,4,5,3,2
"14-06-2012",2,2,2,2,2,3,6,16,6,5,3,2,3,2,2,2,2,2,2,2,2,3,3,2
"15-06-2012",3,2,2,2,2,2,2,4,3,2,2,2,2,2,2,2,2,2,2,2,2,2,2,1
"16-06-2012",1,1,1,1,1,1,2,2,2,2,2,2,2,2,2,2,2,2,2,1,2,2,2,1
"17-06-2012",1,2,1,1,2,1,1,1,2,2,2,2,2,2,2,1,2,2,2,2,1,1,1,2
"18-06-2012",1,2,1,1,1,1,12,2,3,2,2,2,2,2,2,2,2,2,2,2,1,2,1,1
"19-06-2012",1,2,1,1,1,2,2,3,2,2,2,2,2,2,2,2,2,2,2,2,2,2,2,2
"20-06-2012",2,2,2,1,2,2,2,2,2,2,2,2,2,2,2,2,2,2,2,2,2,2,2,1
"21-06-2012",1,1,1,2,2,2,2,2,2,2,2,2,2,2,2,2,2,2,2,2,1,2,2,1
"22-06-2012",1,1,2,1,1,14,4,2,2,2,2,2,2,2,2,2,2,2,2,2,2,2,2,2
"23-06-2012",2,2,1,1,1,2,2,2,2,2,2,2,2,2,2,2,2,1,2,2,2,2,2,2
"24-06-2012",2,1,2,2,1,2,2,1,2,2,2,2,2,2,1,2,2,2,2,2,2,2,1,2
"25-06-2012",1,1,2,1,1,2,2,2,3,2,2,2,3,2,2,2,2,2,2,2,2,3,2,3
"26-06-2012",3,2,2,2,2,4,11,22,7,4,2,6,4,9,5,2,2,3,3,4,2,2,2,10
"27-06-2012",2,2,2,2,2,2,2,3,3,2,2,2,2,2,2,2,2,2,2,2,2,1,2,2
"28-06-2012",1,2,2,1,1,1,2,2,2,2,2,2,2,2,2,2,2,2,2,2,2,2,2,2
"29-06-2012",2,1,1,2,1,2,2,2,2,2,2,2,2,2,2,2,2,2,2,2,2,2,2,2
"30-06-2012",2,2,1,1,2,1,1,2,2,2,2,2,2,2,2,2,2,2,2,1,2,2,2,2
"01-07-2012",2,1,2,1,2,1,2,1,2,2,2,2,2,2,2,1,1,2,2,2,2,2,2,2
"02-07-2012",1,1,2,1,1,2,2,2,2,2,2,2,2,2,2,7,2,2,2,2,2,2,2,1
"03-07-2012",2,1,2,1,1,2,2,2,2,2,2,2,2,2,2,2,2,2,2,2,2,2,2,2
"04-07-2012",2,1,2,1,2,2,2,5,2,2,2,2,2,2,2,2,2,2,2,2,2,2,2,4
"05-07-2012",2,2,2,2,2,2,5,25,16,5,2,2,2,2,2,2,2,2,2,2,2,3,4,3
"06-07-2012",2,2,2,6,2,3,9,4,8,3,2,2,2,2,2,2,3,2,2,2,2,2,2,2
"07-07-2012",2,2,2,2,2,2,2,2,3,3,2,2,2,2,2,3,2,2,2,1,2,2,3,5
"08-07-2012",2,3,3,2,2,2,3,4,3,2,2,2,2,2,2,2,2,2,2,2,2,2,3,2
"09-07-2012",2,2,2,2,2,2,15,8,2,2,2,2,2,2,2,2,2,2,2,2,2,2,2,2
"10-07-2012",2,2,2,1,2,2,2,17,3,2,2,-9999,2,2,2,2,2,2,2,1,2,2,4,3
"11-07-2012",2,2,2,1,2,2,2,3,3,2,2,2,2,2,2,2,2,2,2,2,3,2,4,8
"12-07-2012",2,2,2,2,2,4,7,15,10,3,2,2,2,3,4,3,3,3,3,3,3,3,10,4
"13-07-2012",3,2,2,3,2,3,4,6,5,4,2,2,2,2,2,2,2,2,1,2,2,2,2,2
"14-07-2012",2,2,1,2,2,2,2,2,2,2,2,1,2,2,2,2,2,2,1,2,2,2,2,2
"15-07-2012",2,2,2,1,1,1,2,2,2,1,2,1,2,1,1,2,1,2,2,2,2,2,2,6
"16-07-2012",3,2,2,2,2,4,3,24,17,3,3,2,2,2,2,2,2,2,3,3,3,3,3,2
"17-07-2012",2,2,2,2,2,1,2,2,2,2,2,2,2,2,2,2,2,2,2,2,2,1,2,1
"18-07-2012",2,1,1,1,1,2,2,2,2,2,2,2,2,2,2,2,2,2,2,2,1,2,2,1
"19-07-2012",1,1,1,1,1,1,2,2,2,2,2,2,2,2,2,2,2,2,2,2,2,2,1,2
"20-07-2012",2,1,1,1,2,1,2,9,2,2,2,2,2,2,2,2,2,2,2,2,2,2,2,3
"21-07-2012",2,2,1,1,2,2,2,3,2,2,2,2,2,2,2,2,2,2,2,2,2,2,2,2
"22-07-2012",2,2,2,1,2,2,3,3,2,2,2,2,2,2,2,2,2,2,2,2,2,2,4,2
"23-07-2012",2,1,1,1,1,1,2,2,2,2,2,2,2,2,2,2,2,2,2,2,2,2,1,1
"24-07-2012",2,1,1,1,2,1,2,2,2,2,2,2,2,4,2,2,2,2,2,1,2,2,2,2
"25-07-2012",2,2,2,2,2,3,6,7,5,3,3,2,13,3,5,2,2,3,3,5,5,3,3,2
"26-07-2012",2,2,2,2,2,2,6,11,4,4,4,37,3,3,2,2,2,2,2,3,5,4,5,3
"27-07-2012",2,2,2,2,2,8,6,10,5,2,2,2,2,2,2,2,2,2,2,1,2,2,2,2
"28-07-2012",2,2,2,2,1,1,2,18,2,2,2,2,3,2,2,1,2,2,1,1,2,2,2,2
"29-07-2012",1,1,1,1,1,2,2,2,2,2,2,1,2,2,1,1,1,2,1,2,2,2,2,2
"30-07-2012",2,2,2,2,2,2,3,6,3,2,2,2,2,2,2,2,2,2,2,2,2,3,5,3
"31-07-2012",2,2,2,2,2,2,3,2,2,2,2,2,2,2,2,2,2,2,1,2,2,2,2,1
"01-08-2012",1,1,1,1,1,2,2,2,2,2,2,2,2,2,2,2,1,1,1,2,2,2,2,2
"02-08-2012",1,1,1,1,1,2,2,2,2,2,2,2,2,2,2,2,2,2,2,3,4,3,11,2
"03-08-2012",2,2,2,2,2,2,4,6,3,2,2,2,2,2,2,2,2,2,2,2,3,6,10,3
"04-08-2012",2,2,2,2,2,2,2,10,3,3,3,2,2,2,2,2,2,2,2,2,2,2,4,2
"05-08-2012",2,2,2,2,2,2,2,2,3,2,2,2,2,2,2,2,2,2,2,1,2,2,2,2
"06-08-2012",2,2,1,1,2,2,3,3,3,2,2,2,2,2,2,2,2,2,2,1,2,1,2,2
"07-08-2012",2,1,1,2,1,2,2,3,3,2,2,3,2,2,2,2,2,2,2,2,2,3,2,2
"08-08-2012",2,2,2,2,2,3,2,8,5,5,2,2,2,2,2,2,2,2,2,2,2,2,3,3
"09-08-2012",2,2,2,2,2,2,3,4,3,2,2,2,2,2,2,2,2,2,2,1,2,2,2,2
"10-08-2012",2,11,1,1,1,1,2,2,2,2,2,2,2,2,2,2,2,2,2,1,1,1,1,1
"11-08-2012",2,1,1,1,1,1,1,2,2,2,2,2,2,2,2,2,2,2,1,2,2,2,2,3
"12-08-2012",2,2,2,2,2,29,2,2,2,2,2,2,2,2,1,1,1,1,1,1,1,2,2,2
"13-08-2012",2,2,1,1,2,2,2,2,3,3,3,2,3,3,3,2,2,3,3,3,3,4,3,4
"14-08-2012",2,2,1,2,2,5,4,3,3,3,2,2,3,7,4,2,2,2,3,3,3,3,3,2
"15-08-2012",2,2,2,2,2,2,2,2,2,2,2,2,2,2,1,2,2,1,2,1,1,2,2,2
"16-08-2012",1,2,2,2,2,4,3,5,4,4,2,2,2,2,2,2,2,2,2,2,2,2,5,2
"17-08-2012",2,2,2,2,2,2,3,2,2,2,2,2,2,1,2,2,2,2,2,1,1,2,2,2
"18-08-2012",1,1,1,1,2,2,1,1,2,2,2,2,2,2,2,2,1,2,2,2,1,2,1,1
"19-08-2012",1,1,1,1,1,1,1,1,2,2,2,2,2,2,1,1,2,1,1,1,1,2,2,1
"20-08-2012",1,1,1,1,1,1,2,2,2,2,2,2,2,2,2,2,1,2,1,1,1,1,1,1
"21-08-2012",1,1,1,1,1,1,1,2,2,2,2,2,2,2,2,2,2,2,2,1,2,2,2,2
"22-08-2012",2,2,2,1,1,2,2,2,2,2,2,2,2,2,2,2,2,2,2,2,1,2,2,2
"23-08-2012",2,2,2,2,2,1,2,3,7,2,2,2,2,2,2,2,2,2,1,2,2,2,2,3
"24-08-2012",2,2,2,2,2,2,2,3,8,3,2,2,2,2,1,2,2,2,2,2,2,2,2,2
"25-08-2012",2,2,2,2,2,1,98,4,3,2,2,2,2,2,2,2,2,2,2,2,2,2,3,2
"26-08-2012",3,2,2,1,2,2,2,2,3,3,2,2,2,2,2,2,2,2,2,2,3,6,5,3
"27-08-2012",2,2,2,2,2,3,3,7,5,5,3,3,2,2,2,2,2,3,4,3,3,2,3,2
"28-08-2012",2,1,1,1,1,1,1,2,2,2,2,2,2,2,2,2,2,2,2,2,1,1,2,1
"29-08-2012",2,2,1,1,1,1,1,2,2,2,2,2,2,2,2,2,2,2,2,2,1,2,2,2
"30-08-2012",2,2,2,2,2,1,2,2,2,2,2,2,2,2,2,2,2,2,1,2,2,1,2,2
"31-08-2012",2,1,1,1,1,2,2,2,8,2,2,2,2,2,2,2,2,2,2,2,1,1,2,2
"01-09-2012",2,2,1,1,1,1,2,2,2,2,2,2,2,2,2,2,2,2,2,2,1,2,1,1
"02-09-2012",2,1,1,1,1,1,2,2,2,2,2,2,2,2,2,2,2,2,2,1,1,2,2,1
"03-09-2012",1,1,1,1,1,1,2,4,2,2,2,2,2,2,2,2,2,2,2,2,1,1,4,2
"04-09-2012",2,2,2,1,2,2,2,5,3,2,2,2,2,2,2,2,2,2,2,2,2,4,2,2
"05-09-2012",2,2,2,2,2,4,6,6,3,2,2,2,2,2,2,2,2,2,2,2,4,4,3,2
"06-09-2012",2,2,2,2,2,2,2,5,4,3,2,2,2,2,5,4,4,4,4,4,5,3,3,2
"07-09-2012",2,1,2,2,2,2,4,3,3,2,2,2,2,2,2,2,2,2,2,2,1,1,2,2
"08-09-2012",1,1,1,1,1,1,2,4,2,2,2,2,2,3,2,2,2,2,1,2,2,2,2,1
"09-09-2012",2,1,1,1,1,1,1,2,1,2,2,2,2,2,2,1,1,2,2,1,2,2,2,2
"10-09-2012",2,1,1,1,1,1,2,2,2,2,2,2,2,2,2,2,2,2,2,2,2,2,3,2
"11-09-2012",1,1,1,1,1,2,2,2,2,3,2,2,2,2,2,2,2,2,2,2,1,2,2,1
"12-09-2012",2,1,1,1,1,2,2,3,3,2,2,2,2,2,2,2,2,2,6,5,6,5,4,3
"13-09-2012",2,2,2,2,2,5,5,19,9,4,3,4,4,4,11,4,3,3,5,5,10,3,2,3
"14-09-2012",2,2,2,2,3,2,5,6,9,5,5,5,5,5,4,4,5,4,4,4,3,2,2,2
"15-09-2012",2,2,2,2,2,3,4,7,7,3,3,2,2,2,2,2,2,2,2,2,2,2,2,2
"16-09-2012",2,2,2,2,2,2,2,3,2,2,2,2,2,2,1,2,1,1,2,2,2,3,2,2
"17-09-2012",2,3,2,2,2,3,7,23,14,4,4,3,2,2,2,2,2,2,3,3,4,4,4,3
"18-09-2012",3,2,2,2,2,2,8,33,22,7,7,3,5,4,3,2,2,2,2,2,2,2,2,4
"19-09-2012",3,2,2,2,2,5,3,5,11,3,2,2,2,2,2,2,2,2,2,5,9,5,2,2
"20-09-2012",2,2,2,2,2,2,3,27,23,6,4,4,4,5,4,5,5,5,5,11,10,3,3,3
"21-09-2012",2,2,2,3,53,2,5,7,5,4,3,3,3,2,2,2,2,2,2,2,2,3,3,2
"22-09-2012",2,2,2,2,2,2,2,16,3,2,2,2,2,2,2,2,2,2,2,4,2,3,2,3
"23-09-2012",3,2,2,2,2,2,2,2,2,3,2,2,2,2,2,2,2,2,2,2,2,4,3,3
"24-09-2012",3,2,2,2,2,4,3,12,14,5,3,4,2,2,2,4,7,5,5,7,4,3,2,3
"25-09-2012",2,2,2,2,2,2,3,8,8,4,6,8,3,4,4,6,7,5,6,5,5,13,4,2
"26-09-2012",2,2,2,2,2,2,3,7,13,9,8,3,7,4,2,2,2,2,2,4,4,5,3,4
"27-09-2012",2,2,2,2,2,2,3,34,13,5,5,3,2,2,2,2,2,2,2,2,2,2,4,2
"28-09-2012",3,2,2,2,2,2,4,11,7,2,2,2,2,2,2,2,2,2,2,2,2,2,2,2
"29-09-2012",2,1,1,1,1,7,2,2,2,2,2,2,2,2,2,2,2,2,2,2,2,2,2,2
"30-09-2012",1,2,2,2,2,2,2,2,2,2,2,2,2,2,2,2,2,2,2,2,4,2,3,2
"01-10-2012",2,2,2,2,2,3,5,6,17,4,5,2,2,2,2,2,2,2,2,2,2,3,5,3
"02-10-2012",3,2,2,2,2,3,8,7,17,7,4,-9999,5,5,5,4,5,5,5,4,5,2,3,2
"03-10-2012",2,1,2,2,2,3,5,15,31,17,8,6,5,5,3,5,4,4,6,6,6,5,5,3
"04-10-2012",2,2,2,2,2,2,15,22,13,7,8,2,2,2,2,3,2,2,2,2,2,2,3,2
"05-10-2012",2,2,2,2,2,2,3,14,8,11,4,2,2,2,2,2,2,2,1,2,2,7,2,3
"06-10-2012",2,2,1,1,2,2,1,2,2,2,2,2,2,2,2,2,2,2,1,1,1,2,2,2
"07-10-2012",2,2,2,2,1,2,2,20,3,3,2,2,2,2,2,2,2,3,3,5,3,2,2,2
"08-10-2012",2,1,2,1,2,2,3,11,14,11,16,6,5,5,5,5,5,4,4,2,2,2,3,4
"09-10-2012",3,2,2,1,1,2,2,2,2,2,2,2,2,2,2,2,2,2,2,1,2,1,1,2
"10-10-2012",1,1,1,2,1,2,3,24,5,2,2,2,3,4,3,2,2,2,2,2,2,2,2,2
"11-10-2012",2,2,2,2,2,2,8,29,20,4,3,2,2,2,2,2,2,2,2,3,7,10,7,3
"12-10-2012",2,2,2,1,1,3,7,23,28,16,6,5,5,4,6,5,6,8,5,6,5,5,4,3
"13-10-2012",2,2,2,2,1,3,2,16,11,7,6,5,5,5,5,4,3,3,6,4,6,4,3,3
"14-10-2012",2,2,2,2,2,2,2,4,5,5,5,4,4,3,3,3,3,3,4,5,4,4,3,2
"15-10-2012",2,1,1,1,1,2,3,6,7,41,6,6,5,6,6,5,29,6,7,7,5,6,4,7
"16-10-2012",4,2,2,2,2,6,16,50,31,8,9,6,6,6,5,6,6,6,7,3,8,4,4,3
"17-10-2012",2,2,2,2,1,2,4,12,12,6,6,5,3,2,2,2,2,2,2,5,3,5,5,10
"18-10-2012",2,2,2,2,2,2,3,8,9,6,2,2,2,2,2,2,2,2,1,1,1,2,1,1
"19-10-2012",1,1,1,1,1,1,2,7,2,2,2,2,2,2,2,2,2,2,2,1,2,2,2,1
"20-10-2012",1,2,2,2,2,2,18,2,2,2,2,2,2,2,2,2,2,2,2,2,2,2,2,2
"21-10-2012",2,2,1,1,1,1,1,2,2,2,2,2,2,2,2,2,2,2,2,2,2,2,2,1
"22-10-2012",2,1,1,1,2,2,2,2,48,3,3,2,2,3,3,2,2,3,2,2,3,3,2,2
"23-10-2012",2,2,1,1,2,2,2,3,8,3,3,4,3,3,3,3,2,3,3,2,2,2,2,2
"24-10-2012",2,1,2,2,1,2,2,2,3,4,5,3,2,3,2,2,2,2,2,2,2,1,1,1
"25-10-2012",1,2,1,1,2,4,2,2,3,3,2,2,2,2,2,2,2,2,2,3,16,9,8,3
"26-10-2012",3,2,2,2,2,5,10,16,34,8,5,6,5,7,4,5,4,5,6,6,4,6,3,3
"27-10-2012",2,3,2,2,2,2,2,4,5,7,7,5,5,5,4,3,3,4,3,3,3,3,2,2
"28-10-2012",2,1,1,1,1,2,2,2,2,2,3,4,3,4,3,2,3,3,39,7,4,4,3,3
"29-10-2012",2,2,2,1,2,2,2,4,5,5,6,5,5,7,5,4,5,9,9,5,5,5,3,2
"30-10-2012",2,2,1,1,2,2,3,10,6,6,5,5,7,7,6,7,6,13,10,8,6,12,5,4
"31-10-2012",2,2,2,2,2,3,12,79,44,14,5,4,7,8,5,2,2,2,11,11,5,10,5,5
"01-11-2012",4,2,2,2,2,2,13,32,12,6,5,13,6,4,4,6,6,7,9,7,7,4,3,2
"02-11-2012",2,2,2,2,1,4,8,12,13,13,6,10,7,9,4,4,2,8,5,3,6,3,8,3
"03-11-2012",3,3,2,2,2,2,51,16,17,5,3,2,2,2,2,2,2,2,3,3,2,3,4,4
"04-11-2012",2,2,2,2,2,2,2,5,2,3,5,7,4,4,4,5,4,5,5,4,3,4,4,2
"05-11-2012",2,2,2,2,11,5,11,19,29,8,7,7,6,5,5,6,6,8,4,4,5,6,4,3
"06-11-2012",2,2,2,2,2,2,3,6,7,5,4,5,6,5,6,5,4,5,5,5,3,2,2,2
"07-11-2012",2,2,2,2,1,2,35,5,7,6,5,4,4,4,9,6,2,2,4,2,2,2,2,1
"08-11-2012",1,1,2,1,2,2,2,2,2,2,3,3,3,3,2,2,2,2,2,2,2,2,2,2
"09-11-2012",1,2,2,2,2,3,3,9,5,3,2,2,2,2,2,2,2,3,14,8,10,6,5,6
"10-11-2012",3,2,2,2,2,2,2,16,6,10,2,3,12,2,2,2,2,2,2,2,2,2,2,2
"11-11-2012",2,2,1,1,2,2,2,2,2,2,2,2,2,2,2,2,2,2,2,2,2,2,2,2
"12-11-2012",2,2,2,1,2,2,2,2,3,2,2,2,2,2,2,2,2,2,2,2,2,2,2,2
"13-11-2012",1,2,1,2,2,4,8,18,14,5,3,2,2,2,2,2,2,3,10,10,7,2,3,2
"14-11-2012",2,2,2,2,2,2,2,2,3,2,2,2,2,2,2,2,2,2,2,2,2,2,2,2
"15-11-2012",2,1,1,1,1,2,2,2,2,3,2,2,2,2,2,2,2,2,2,3,3,2,2,4
"16-11-2012",2,2,2,2,1,2,3,10,14,8,4,3,2,2,2,2,2,2,4,5,7,6,4,4
"17-11-2012",2,2,2,2,2,2,2,2,2,2,2,2,2,2,2,2,2,2,2,2,2,2,2,2
"18-11-2012",1,2,1,1,1,2,1,2,2,2,2,2,2,2,2,2,2,2,2,2,2,2,3,2
"19-11-2012",2,2,2,2,2,4,3,22,34,8,4,3,2,2,2,2,2,2,2,2,2,2,2,2
"20-11-2012",2,2,2,1,2,2,2,4,13,7,6,9,9,11,8,7,11,4,8,17,11,9,4,2
"21-11-2012",2,2,2,2,2,3,49,14,14,6,5,7,9,4,3,2,2,2,2,2,2,2,2,2
"22-11-2012",2,2,1,1,2,2,2,2,2,2,2,2,2,2,2,2,2,2,2,2,2,2,2,2
"23-11-2012",1,1,1,1,1,2,2,2,3,3,3,3,2,2,2,2,2,2,2,2,2,2,2,3
"24-11-2012",3,2,2,2,2,2,2,2,5,4,2,2,2,2,2,2,2,2,2,2,2,2,2,2
"25-11-2012",2,2,2,1,2,2,2,2,2,2,2,2,2,2,2,2,2,2,3,6,5,5,3,3
"26-11-2012",2,2,2,2,2,2,4,10,10,3,2,2,2,2,2,2,2,2,7,12,15,9,5,3
"27-11-2012",2,2,2,2,2,2,6,20,50,6,6,25,25,9,8,9,9,13,13,11,12,20,14,6
"28-11-2012",3,2,2,2,2,2,3,6,7,5,20,18,6,7,5,8,6,6,5,6,4,4,3,2
"29-11-2012",2,2,1,2,2,2,3,4,7,6,7,5,5,18,5,6,4,4,4,4,3,3,2,2
"30-11-2012",2,1,1,1,1,2,3,5,8,5,5,5,6,7,5,4,4,5,4,4,3,3,3,3
"01-12-2012",2,1,2,2,2,3,4,5,-9999,-9999,10,11,7,23,10,13,42,18,12,10,9,3,7,3
"02-12-2012",6,3,2,2,3,2,2,3,7,7,4,3,6,3,3,4,4,5,3,4,3,3,4,3
"03-12-2012",2,2,1,1,1,3,4,14,7,5,9,6,5,4,4,4,3,6,5,4,4,3,3,2
"04-12-2012",2,2,2,2,2,2,3,6,7,12,30,5,5,5,3,3,3,21,39,38,21,25,12,7
"05-12-2012",6,3,2,2,2,2,5,16,18,9,8,5,7,8,5,7,8,7,5,5,4,4,3,3
"06-12-2012",2,2,2,2,2,5,5,6,8,10,7,6,5,7,5,7,9,15,35,19,12,13,13,3
"07-12-2012",2,2,2,2,2,2,3,7,7,5,6,8,6,4,7,3,3,6,39,25,14,7,7,5
"08-12-2012",4,2,3,3,2,3,6,9,17,21,21,11,9,5,6,6,5,5,5,4,4,4,3,2
"09-12-2012",2,2,2,2,2,2,2,4,10,7,5,7,4,6,3,3,4,4,6,5,3,5,5,3
"10-12-2012",3,2,2,2,2,4,2,3,9,11,9,6,5,6,3,4,3,16,26,26,10,7,4,3
"11-12-2012",2,2,2,2,2,5,11,22,46,15,7,8,5,5,5,5,5,6,7,6,5,4,4,2
"12-12-2012",2,2,2,2,2,4,4,24,25,9,4,5,4,3,3,2,2,3,6,3,6,3,4,2
"13-12-2012",2,2,2,3,2,3,5,186,20,9,4,2,3,2,2,2,3,3,19,14,11,7,5,-9999
"14-12-2012",-9999,-9999,-9999,-9999,-9999,-9999,-9999,-9999,-9999,-9999,-9999,-9999,-9999,-9999,-9999,-9999,-9999,-9999,-9999,-9999,-9999,-9999,-9999,-9999
"15-12-2012",-9999,-9999,-9999,-9999,-9999,-9999,-9999,-9999,-9999,-9999,-9999,-9999,-9999,-9999,-9999,-9999,-9999,-9999,-9999,-9999,-9999,-9999,-9999,-9999
"16-12-2012",-9999,-9999,-9999,-9999,-9999,-9999,-9999,-9999,-9999,-9999,-9999,-9999,-9999,-9999,-9999,-9999,-9999,-9999,-9999,-9999,-9999,-9999,-9999,-9999
"17-12-2012",-9999,-9999,-9999,-9999,-9999,-9999,-9999,-9999,-9999,-9999,-9999,-9999,-9999,-9999,-9999,-9999,-9999,-9999,-9999,-9999,-9999,-9999,-9999,-9999
"18-12-2012",-9999,-9999,-9999,-9999,-9999,-9999,-9999,-9999,-9999,-9999,-9999,-9999,-9999,-9999,-9999,-9999,-9999,-9999,-9999,-9999,-9999,-9999,-9999,-9999
"19-12-2012",-9999,-9999,-9999,-9999,-9999,-9999,-9999,-9999,-9999,-9999,-9999,-9999,-9999,-9999,-9999,-9999,-9999,-9999,-9999,-9999,-9999,-9999,-9999,-9999
"20-12-2012",-9999,-9999,-9999,-9999,-9999,-9999,-9999,-9999,-9999,-9999,-9999,-9999,-9999,-9999,-9999,-9999,-9999,-9999,-9999,-9999,-9999,-9999,-9999,-9999
"21-12-2012",-9999,-9999,-9999,-9999,-9999,-9999,-9999,-9999,-9999,-9999,-9999,-9999,-9999,-9999,-9999,-9999,-9999,-9999,-9999,-9999,-9999,-9999,-9999,-9999
"22-12-2012",-9999,-9999,-9999,-9999,-9999,-9999,-9999,-9999,-9999,-9999,-9999,-9999,-9999,-9999,-9999,-9999,-9999,-9999,-9999,-9999,-9999,-9999,-9999,-9999
"23-12-2012",-9999,-9999,-9999,-9999,-9999,-9999,-9999,-9999,-9999,-9999,-9999,-9999,-9999,-9999,-9999,-9999,-9999,-9999,-9999,-9999,-9999,-9999,-9999,-9999
"24-12-2012",-9999,-9999,-9999,-9999,-9999,-9999,-9999,-9999,-9999,-9999,-9999,-9999,-9999,2,2,2,2,2,7,2,21,31,6,6
"25-12-2012",3,4,4,3,2,2,2,3,6,5,3,2,2,2,4,6,4,9,13,8,7,4,3,6
"26-12-2012",3,2,3,2,2,2,3,5,5,6,6,6,7,4,4,4,4,5,6,4,4,4,4,4
"27-12-2012",3,2,2,2,2,2,3,5,8,12,17,15,10,8,7,8,10,8,14,27,13,6,3,4
"28-12-2012",2,2,2,2,2,18,4,18,5,15,20,11,10,7,9,8,10,24,12,9,13,16,12,9
"29-12-2012",7,3,3,2,3,4,5,4,9,14,11,17,20,11,7,6,10,5,6,5,5,2,3,2
"30-12-2012",2,2,2,2,2,2,2,2,2,4,5,5,5,5,3,2,2,2,2,3,3,3,2,2
"31-12-2012",2,2,2,2,1,2,2,2,3,2,3,3,3,3,3,4,2,2,2,2,2,2,4,2
