"01-01-2013",13,15,16,23,20,16,17,11,14,18,18,21,23,27,31,32,24,4,1,4,2,2,1,2
"02-01-2013",1,3,1,3,1,1,2,2,2,4,7,10,20,28,33,36,19,2,2,2,3,2,2,1
"03-01-2013",2,1,1,1,1,1,1,1,1,2,5,7,26,36,38,38,20,3,2,2,1,2,1,1
"04-01-2013",1,2,1,2,2,1,1,1,2,4,10,24,36,47,54,53,37,4,2,2,2,2,3,5
"05-01-2013",3,4,5,3,6,4,2,3,4,13,26,34,45,52,50,39,20,19,9,14,8,7,3,3
"06-01-2013",5,3,3,10,15,32,42,46,43,40,43,43,44,47,49,44,42,36,25,24,27,33,36,35
"07-01-2013",24,32,26,21,9,6,2,3,4,20,26,28,43,49,50,48,43,40,33,37,39,44,50,51
"08-01-2013",51,48,46,47,48,49,47,41,41,39,40,42,46,50,53,52,44,17,7,12,11,2,7,11
"09-01-2013",10,14,16,21,19,10,8,9,11,28,36,44,51,52,51,49,43,26,17,2,2,2,2,2
"10-01-2013",2,4,4,3,3,5,2,2,3,13,26,36,42,47,48,49,49,39,17,21,18,24,29,27
"11-01-2013",29,40,49,53,46,42,37,46,36,27,35,30,50,53,53,54,48,39,22,33,34,22,33,33
"12-01-2013",33,53,48,43,47,48,51,35,22,28,37,39,50,56,56,56,51,22,16,7,2,10,4,3
"13-01-2013",2,2,4,5,4,5,2,3,4,10,19,31,39,41,48,53,45,21,28,30,11,9,6,11
"14-01-2013",10,6,6,6,4,3,3,2,3,8,14,11,19,26,28,44,45,51,49,45,40,31,20,16
"15-01-2013",38,29,26,41,29,28,22,14,12,27,34,39,53,58,58,59,57,57,58,59,57,61,62,63
"16-01-2013",63,64,64,64,65,62,50,48,56,46,49,57,61,61,62,62,60,50,47,57,64,65,64,63
"17-01-2013",61,65,65,64,65,63,60,56,47,52,56,54,55,56,58,58,59,54,53,59,59,60,58,63
"18-01-2013",62,63,64,64,63,58,61,60,59,58,57,55,51,58,61,63,61,65,63,57,63,60,61,61
"19-01-2013",59,56,49,44,53,55,55,51,44,46,49,54,59,62,64,67,68,65,64,55,52,52,44,28
"20-01-2013",26,24,27,27,37,34,46,59,60,57,58,56,55,55,57,59,60,61,58,56,54,54,58,55
"21-01-2013",55,60,62,60,57,56,58,57,48,41,52,54,55,59,59,62,61,61,62,63,43,24,31,27
"22-01-2013",43,48,52,54,46,56,55,37,35,55,53,55,58,60,60,60,59,57,55,60,59,56,56,56
"23-01-2013",59,64,64,64,65,66,64,65,54,60,61,64,63,65,66,67,62,49,50,29,27,30,44,56
"24-01-2013",60,58,52,46,47,43,50,46,53,56,55,54,54,57,55,51,48,62,61,58,50,55,64,60
"25-01-2013",63,62,65,57,56,58,61,61,57,58,56,57,59,58,60,57,58,57,57,61,64,65,69,65
"26-01-2013",59,58,56,50,44,38,29,19,10,24,36,41,43,43,40,35,36,35,35,36,34,34,33,35
"27-01-2013",35,28,26,24,22,18,20,20,20,15,22,32,34,33,32,35,30,28,25,28,28,28,30,29
"28-01-2013",27,24,14,10,6,7,4,10,7,21,32,36,38,48,51,54,53,41,32,12,21,17,6,12
"29-01-2013",5,5,5,10,7,4,1,2,3,8,22,35,44,49,44,43,38,25,16,15,18,8,4,4
"30-01-2013",2,8,5,5,7,5,2,1,2,8,23,38,46,52,60,61,59,14,5,2,3,5,3,7
"31-01-2013",2,3,9,8,4,9,4,2,6,-9999,35,49,51,53,55,51,54,49,39,40,29,38,43,44
"01-02-2013",48,45,48,37,27,21,16,5,18,28,37,44,49,56,62,64,59,27,14,11,12,6,15,9
"02-02-2013",5,6,6,12,10,11,5,4,7,12,24,31,40,50,50,52,55,55,55,54,55,46,54,54
"03-02-2013",56,56,58,62,63,63,62,63,62,60,58,58,59,59,61,64,63,66,64,59,55,58,51,50
"04-02-2013",55,56,52,51,55,53,53,47,35,41,42,47,54,58,61,61,54,50,54,36,31,12,8,8
"05-02-2013",9,13,15,18,17,15,8,8,27,37,40,45,51,54,58,62,57,51,40,26,16,9,10,5
"06-02-2013",4,10,13,9,10,10,7,10,6,16,24,24,30,37,55,59,61,61,51,24,49,51,59,61
"07-02-2013",59,58,57,56,58,60,61,62,66,67,65,65,63,61,63,54,62,66,63,63,66,70,72,72
"08-02-2013",72,70,69,64,63,67,64,51,43,62,62,62,65,64,63,63,65,61,49,48,29,16,22,54
"09-02-2013",53,43,41,62,57,42,33,42,52,-9999,-9999,-9999,61,63,66,68,68,64,65,66,66,66,67,67
"10-02-2013",67,65,56,63,57,63,-9999,-9999,-9999,-9999,-9999,-9999,-9999,-9999,-9999,-9999,64,56,41,33,41,49,44,38
"11-02-2013",34,30,36,28,31,28,18,18,24,53,56,60,62,65,67,68,68,56,39,28,24,17,26,14
"12-02-2013",13,14,15,16,12,9,6,5,8,29,37,52,60,65,67,68,66,60,48,44,52,60,64,64
"13-02-2013",57,63,71,71,69,69,61,60,62,57,65,61,61,60,60,65,63,58,61,46,32,17,20,15
"14-02-2013",11,8,8,12,14,12,12,9,10,10,18,22,35,46,51,54,56,56,58,51,56,58,59,58
"15-02-2013",57,56,55,55,56,54,53,52,50,46,45,43,41,42,43,45,45,34,10,14,21,14,8,5
"16-02-2013",7,7,5,4,4,3,3,-9999,69,10,14,32,36,40,46,47,44,44,42,43,35,36,29,26
"17-02-2013",39,39,28,28,34,41,45,46,56,48,46,48,46,86,48,49,49,49,48,46,41,43,41,27
"18-02-2013",21,16,13,36,28,22,12,16,16,40,50,53,55,57,58,58,57,51,43,43,43,45,47,44
"19-02-2013",43,45,44,53,47,47,44,38,38,40,62,67,63,61,61,62,55,51,43,36,35,25,24,17
"20-02-2013",13,15,12,14,13,9,6,8,12,20,36,50,64,66,69,72,73,70,64,66,76,70,62,37
"21-02-2013",29,29,30,22,26,27,18,8,12,8,9,20,18,18,25,32,28,22,12,5,4,11,19,26
"22-02-2013",40,45,44,50,51,46,47,45,40,36,36,35,36,35,39,38,36,34,28,22,17,11,12,25
"23-02-2013",13,16,12,14,14,15,10,17,22,25,26,30,34,40,45,54,53,57,42,21,22,13,13,17
"24-02-2013",7,7,10,10,8,6,3,6,12,20,34,55,59,61,62,64,65,66,66,66,65,66,67,66
"25-02-2013",64,60,60,56,51,48,48,49,48,55,60,61,61,62,61,62,63,64,67,65,63,60,58,55
"26-02-2013",58,51,51,57,61,46,33,21,32,48,55,60,64,69,71,70,68,66,69,66,53,48,42,44
"27-02-2013",41,38,34,44,38,42,41,45,39,64,76,78,79,79,80,79,75,69,40,43,51,65,62,43
"28-02-2013",37,32,29,33,29,28,30,37,35,36,42,45,45,40,46,48,50,49,46,43,46,44,42,38
"01-03-2013",42,38,27,22,14,9,3,7,19,35,44,54,60,62,63,66,67,56,45,42,47,21,14,10
"02-03-2013",9,11,12,6,8,7,5,4,11,19,32,45,50,55,58,59,52,48,48,41,39,32,42,35
"03-03-2013",26,36,38,59,55,56,58,57,54,57,60,59,59,57,54,52,51,49,47,45,36,25,29,19
"04-03-2013",12,10,6,7,8,6,3,6,16,26,40,51,64,67,72,73,75,62,36,32,24,28,17,14
"05-03-2013",20,9,9,12,11,8,-9999,4,13,23,41,48,54,65,70,71,64,63,55,29,13,30,16,20
"06-03-2013",17,24,21,21,18,14,7,9,24,40,52,64,66,68,67,67,66,50,37,35,39,35,24,25
"07-03-2013",24,20,27,27,23,20,-9999,-9999,-9999,32,61,37,56,43,41,42,37,36,22,13,7,4,5,6
"08-03-2013",7,9,14,9,11,8,5,4,10,22,30,36,39,47,59,57,55,43,43,46,31,18,9,7
"09-03-2013",9,16,15,14,11,16,14,9,9,17,33,55,64,68,70,72,73,75,73,66,54,44,41,45
"10-03-2013",30,27,31,23,29,17,10,11,27,38,47,59,59,61,63,63,62,61,52,51,38,30,30,32
"11-03-2013",29,30,30,28,24,18,11,11,21,38,48,53,62,69,78,80,76,76,75,73,73,71,71,70
"12-03-2013",77,79,82,69,53,39,25,-9999,-9999,-9999,-9999,-9999,-9999,-9999,72,75,73,74,68,62,66,71,74,77
"13-03-2013",76,75,76,68,68,68,69,70,64,66,70,74,75,75,76,76,77,74,62,64,69,70,68,67
"14-03-2013",67,64,68,71,71,71,71,68,71,71,70,73,74,75,75,78,77,75,70,65,61,76,79,77
"15-03-2013",74,76,75,67,76,77,63,66,75,70,69,73,76,77,76,75,74,72,74,74,67,62,58,52
"16-03-2013",48,46,52,44,37,28,24,38,50,63,67,65,58,65,69,66,64,63,47,49,42,39,57,53
"17-03-2013",33,34,26,21,28,31,25,29,37,57,63,65,68,69,72,77,77,74,52,45,38,54,41,31
"18-03-2013",26,26,33,21,23,18,17,21,42,48,55,62,62,73,81,82,80,73,67,67,72,72,72,72
"19-03-2013",73,73,72,70,71,72,72,71,70,71,71,73,75,76,81,81,77,76,61,50,49,28,28,26
"20-03-2013",22,21,24,20,19,12,7,15,25,41,50,58,65,71,75,77,75,68,63,68,67,63,67,71
"21-03-2013",67,71,72,66,69,67,51,44,39,34,29,35,31,30,42,65,74,73,65,64,64,63,70,80
"22-03-2013",77,71,72,69,61,54,52,53,55,59,64,68,71,76,80,84,86,87,87,83,75,68,65,71
"23-03-2013",67,66,60,56,51,45,44,47,54,67,76,80,83,85,86,87,87,81,56,49,35,31,14,26
"24-03-2013",21,23,22,22,18,22,18,26,58,52,65,77,85,90,93,95,96,97,99,94,89,87,86,68
"25-03-2013",59,81,89,89,86,76,76,71,70,77,81,82,81,80,82,81,80,79,79,78,79,76,74,68
"26-03-2013",73,81,82,80,77,74,64,69,57,62,69,71,70,73,75,75,75,77,79,80,77,75,71,69
"27-03-2013",68,61,58,59,53,53,64,45,40,53,66,67,69,69,68,67,67,67,68,70,70,58,55,47
"28-03-2013",44,42,38,41,29,21,16,19,11,32,22,26,43,51,56,57,56,53,48,43,38,34,30,28
"29-03-2013",31,29,12,14,17,10,8,7,27,34,32,38,40,48,53,56,59,63,56,45,30,28,19,17
"30-03-2013",18,18,24,17,13,8,11,18,24,31,41,46,53,65,66,65,66,64,67,66,68,68,62,48
"31-03-2013",38,39,48,61,47,38,31,28,37,48,51,63,63,62,60,58,54,48,50,50,42,37,43,33
"01-04-2013",33,46,49,46,34,28,38,-9999,31,40,50,56,65,71,74,76,75,75,72,73,65,52,49,40
"02-04-2013",54,41,32,31,23,24,15,16,35,61,61,68,71,75,76,80,81,80,79,80,74,71,76,75
"03-04-2013",70,67,68,46,48,46,39,45,73,66,66,71,75,76,77,79,78,79,78,78,76,76,67,54
"04-04-2013",53,44,40,37,32,24,11,12,24,47,60,66,70,73,76,77,78,75,72,58,42,41,40,33
"05-04-2013",31,31,36,33,26,22,10,19,19,34,47,68,71,76,80,81,83,82,87,73,74,73,72,68
"06-04-2013",50,51,45,40,42,29,18,18,34,43,45,52,62,68,68,67,66,59,61,64,61,58,56,55
"07-04-2013",57,60,61,44,44,32,51,58,57,56,56,52,50,56,67,62,52,57,50,45,50,43,29,29
"08-04-2013",30,35,35,34,30,35,38,33,32,32,35,34,33,33,36,40,38,39,36,33,30,33,34,32
"09-04-2013",25,16,12,12,11,10,5,7,10,17,34,37,43,51,58,65,69,69,64,48,31,39,28,27
"10-04-2013",21,12,18,12,9,10,2,2,13,25,37,47,61,65,69,65,66,66,65,52,45,55,40,27
"11-04-2013",25,22,20,17,14,8,4,4,16,27,41,55,61,67,73,74,77,74,73,58,43,55,39,24
"12-04-2013",22,24,25,26,13,13,4,5,24,32,50,61,62,67,71,73,76,79,81,80,73,47,41,33
"13-04-2013",29,33,30,34,26,22,13,19,28,40,55,61,66,67,71,70,65,64,63,65,67,64,59,43
"14-04-2013",37,32,32,34,27,18,21,22,30,38,56,69,72,73,73,73,72,72,72,70,60,43,32,25
"15-04-2013",24,19,29,20,20,13,19,29,38,55,61,64,71,69,70,72,73,75,75,71,65,66,63,60
"16-04-2013",56,46,48,35,31,35,46,47,50,60,64,67,69,71,73,70,65,64,59,56,56,57,52,56
"17-04-2013",54,58,50,58,60,40,29,37,40,58,68,69,73,76,80,83,83,86,86,79,50,14,26,28
"18-04-2013",26,30,31,28,21,16,6,11,22,-9999,-9999,-9999,69,71,73,74,75,74,72,66,61,48,60,65
"19-04-2013",59,43,35,35,28,20,13,12,32,54,63,68,69,68,66,64,62,59,61,58,45,37,20,19
"20-04-2013",15,23,17,15,15,11,10,6,27,36,51,55,60,59,60,60,60,60,61,56,38,27,17,14
"21-04-2013",21,19,19,21,17,20,19,10,21,35,44,55,66,72,73,74,75,76,74,65,56,52,37,26
"22-04-2013",24,32,27,25,27,20,11,12,29,39,56,65,70,76,80,82,83,82,77,68,62,61,57,65
"23-04-2013",57,52,35,33,30,15,13,13,18,41,62,69,74,78,81,80,79,77,72,62,52,34,27,23
"24-04-2013",8,21,25,24,24,9,7,5,25,45,55,68,72,73,74,76,78,78,75,70,50,47,44,19
"25-04-2013",24,20,16,16,23,16,3,14,35,44,51,70,75,77,77,76,75,74,72,63,27,46,43,36
"26-04-2013",22,16,29,24,22,16,3,9,25,39,51,63,75,78,80,82,82,79,74,66,56,64,64,51
"27-04-2013",37,36,28,22,28,23,15,3,22,46,59,71,77,81,84,83,80,81,85,87,87,64,44,33
"28-04-2013",27,27,22,21,23,29,25,20,25,46,62,71,73,74,74,75,75,74,72,70,59,37,37,30
"29-04-2013",29,27,29,21,21,24,14,8,25,46,60,72,78,84,84,82,80,78,71,65,44,23,29,23
"30-04-2013",17,19,22,28,23,14,1,12,27,37,58,79,85,81,79,75,74,71,71,66,43,23,11,12
"01-05-2013",24,26,20,22,22,16,6,20,41,49,62,68,73,73,73,74,75,74,68,64,48,47,54,35
"02-05-2013",30,25,26,23,21,16,2,11,31,39,59,68,71,72,73,74,74,74,72,72,66,52,44,34
"03-05-2013",29,33,27,29,25,30,20,24,35,44,61,70,71,73,74,76,76,75,69,60,52,30,36,31
"04-05-2013",36,38,31,29,24,27,17,14,30,46,60,65,68,72,73,71,69,70,67,67,66,60,44,36
"05-05-2013",29,25,21,26,23,23,19,14,27,44,56,66,69,70,69,70,68,63,59,56,43,34,34,45
"06-05-2013",33,37,26,28,29,24,19,24,34,40,58,63,61,62,62,64,65,64,62,60,59,56,59,52
"07-05-2013",40,30,34,34,27,32,33,33,45,50,60,60,60,61,61,59,58,58,60,61,56,53,46,31
"08-05-2013",27,33,27,21,13,17,10,20,27,50,49,51,52,46,50,53,52,54,36,38,28,25,23,19
"09-05-2013",23,27,20,19,12,8,4,11,22,29,35,34,44,51,55,58,59,58,59,55,51,52,52,47
"10-05-2013",36,41,40,37,37,43,44,44,41,45,54,56,56,56,53,55,58,59,57,53,41,41,44,23
"11-05-2013",25,16,14,11,13,13,11,13,27,39,50,59,59,61,62,65,63,63,63,62,48,29,26,31
"12-05-2013",28,38,36,30,21,21,17,18,29,46,50,51,54,56,55,57,55,55,55,51,49,42,35,38
"13-05-2013",29,23,22,17,17,11,4,11,16,16,20,40,51,54,56,46,43,41,34,32,27,28,17,12
"14-05-2013",18,20,26,27,26,23,15,10,11,21,26,35,39,41,45,48,51,52,52,44,29,30,26,19
"15-05-2013",10,3,6,9,6,1,1,9,18,30,37,45,47,50,52,55,57,61,61,59,56,40,29,25
"16-05-2013",18,14,17,16,16,9,3,5,10,26,34,42,48,51,53,56,60,62,60,61,60,57,45,51
"17-05-2013",58,54,60,55,60,59,60,57,59,58,58,57,52,51,49,47,45,47,41,30,24,41,37,40
"18-05-2013",25,18,19,14,14,9,8,6,13,29,41,45,51,55,55,57,54,53,51,50,66,48,42,37
"19-05-2013",34,27,23,21,15,15,12,13,25,42,51,52,54,55,55,55,54,56,47,52,44,35,30,25
"20-05-2013",14,14,11,11,13,8,1,5,18,29,38,45,45,44,49,51,49,48,50,44,39,35,18,13
"21-05-2013",15,14,14,15,13,8,5,11,23,35,47,56,59,61,66,66,68,67,65,61,43,36,52,39
"22-05-2013",37,30,31,22,25,21,16,18,32,42,51,56,53,54,53,59,67,62,63,61,58,52,51,55
"23-05-2013",52,51,52,58,58,57,60,64,68,70,70,66,63,63,63,63,64,64,63,61,61,62,66,66
"24-05-2013",74,72,71,75,77,73,50,59,66,68,68,69,68,67,70,70,69,71,71,68,66,56,47,48
"25-05-2013",43,44,47,47,44,31,34,33,52,58,61,61,61,62,65,66,67,70,72,73,72,74,70,57
"26-05-2013",52,61,52,54,54,54,53,51,55,62,64,66,66,66,66,66,70,71,72,69,70,70,73,80
"27-05-2013",74,62,56,46,51,34,19,30,50,69,72,73,73,76,77,79,83,85,85,86,74,71,71,63
"28-05-2013",46,45,42,40,31,20,14,29,47,58,67,70,71,73,78,78,74,74,77,69,63,61,62,65
"29-05-2013",64,46,43,42,39,37,35,51,68,73,76,79,79,79,79,78,76,76,78,73,56,55,67,58
"30-05-2013",54,53,51,51,43,33,30,27,52,58,60,61,62,62,62,62,63,63,68,59,58,61,60,61
"31-05-2013",56,51,55,54,53,57,56,57,60,62,64,63,64,67,68,73,72,70,68,68,62,56,46,44
"01-06-2013",42,40,42,42,35,35,19,26,39,46,55,56,57,63,61,60,60,63,64,65,58,55,43,32
"02-06-2013",28,33,23,15,22,26,23,20,30,50,59,61,65,67,66,67,70,72,70,68,66,63,49,38
"03-06-2013",38,29,28,29,23,17,11,27,41,54,61,67,68,67,65,64,66,66,63,59,51,39,49,51
"04-06-2013",40,35,28,26,11,14,16,19,37,50,60,63,64,72,75,75,74,73,77,78,76,76,65,47
"05-06-2013",43,44,45,45,36,25,13,31,46,52,62,62,66,70,68,71,71,69,67,62,62,55,49,36
"06-06-2013",33,31,30,22,16,19,13,19,39,51,61,64,67,68,67,68,69,69,67,69,71,70,70,64
"07-06-2013",52,45,47,43,37,30,22,30,34,51,52,58,64,70,70,62,66,79,77,67,59,56,53,44
"08-06-2013",37,30,37,58,43,29,28,-9999,-9999,-9999,-9999,-9999,71,69,69,69,68,66,63,61,58,40,25,27
"09-06-2013",29,26,19,24,19,12,7,16,34,42,60,65,67,69,69,68,67,66,69,80,72,60,35,24
"10-06-2013",35,22,26,27,24,18,13,27,42,52,59,63,64,71,74,73,74,74,78,80,77,74,71,70
"11-06-2013",59,47,37,31,36,23,27,45,47,51,59,66,73,75,75,76,77,73,70,63,61,61,54,49
"12-06-2013",41,22,19,12,10,8,6,21,30,43,51,55,61,61,57,68,66,65,56,46,36,46,42,34
"13-06-2013",24,13,16,10,8,10,8,9,20,34,41,35,41,47,49,52,54,53,55,52,47,45,41,52
"14-06-2013",51,44,37,27,44,50,53,48,53,53,51,52,54,59,47,41,54,59,60,59,49,20,10,18
"15-06-2013",22,15,16,17,13,11,5,7,31,40,46,55,60,63,64,66,68,68,66,62,53,52,52,45
"16-06-2013",31,26,25,25,19,22,12,20,35,43,47,60,66,68,66,66,68,68,69,65,63,46,49,42
"17-06-2013",24,29,32,27,21,22,15,16,28,44,58,67,67,65,64,65,64,63,60,58,53,43,38,30
"18-06-2013",22,22,18,20,16,18,13,21,35,46,58,61,61,61,62,62,61,61,61,58,52,46,48,39
"19-06-2013",41,36,35,22,24,19,12,19,41,51,57,57,57,58,59,59,61,63,65,62,60,57,54,58
"20-06-2013",58,55,56,58,59,55,54,48,52,57,59,60,63,62,63,63,61,62,62,62,60,60,52,48
"21-06-2013",41,36,42,59,58,56,52,48,53,57,58,58,58,59,59,59,60,59,58,57,51,47,46,41
"22-06-2013",35,35,35,25,18,13,19,32,47,54,55,56,57,57,56,56,55,55,56,52,50,50,28,17
"23-06-2013",19,29,15,24,22,17,10,12,26,39,44,50,52,52,54,55,54,53,52,45,34,27,35,27
"24-06-2013",18,16,15,14,14,20,11,16,31,37,45,46,49,50,46,50,51,53,56,62,60,56,47,38
"25-06-2013",33,36,29,29,18,13,5,22,38,45,52,54,56,57,54,55,56,58,58,58,55,35,26,14
"26-06-2013",19,19,21,24,16,13,6,16,37,45,57,62,63,62,63,63,64,62,59,56,55,52,52,41
"27-06-2013",30,33,27,28,35,37,32,38,46,49,57,59,60,59,54,54,52,52,50,49,46,48,42,37
"28-06-2013",26,24,28,25,7,7,4,7,30,41,48,50,50,49,51,54,54,54,52,51,45,38,24,22
"29-06-2013",19,11,16,9,8,6,7,22,23,36,44,49,49,55,55,54,59,59,59,62,64,66,67,64
"30-06-2013",50,48,49,50,44,28,24,34,50,59,64,63,63,64,64,64,65,62,60,58,57,55,44,37
"01-07-2013",26,27,20,14,22,33,52,47,51,56,62,63,66,67,69,71,70,71,71,68,59,48,41,38
"02-07-2013",42,36,30,20,22,20,13,27,39,53,64,66,67,70,70,71,71,72,69,64,59,52,55,48
"03-07-2013",50,46,15,29,25,8,10,-9999,-9999,-9999,-9999,-9999,96,62,61,60,61,64,63,62,57,53,44,33
"04-07-2013",29,22,12,24,24,23,12,24,33,47,60,66,67,68,66,65,65,66,66,63,56,54,47,48
"05-07-2013",32,25,27,22,28,19,14,21,41,51,60,64,65,65,63,64,65,66,67,66,54,42,36,27
"06-07-2013",23,9,10,20,20,17,27,43,47,50,57,62,64,66,68,69,71,72,71,70,63,54,53,52
"07-07-2013",61,57,61,58,57,56,56,55,58,65,67,68,71,72,75,76,75,76,75,74,64,63,60,56
"08-07-2013",26,43,44,49,25,56,59,60,62,64,67,68,69,70,71,72,71,71,71,70,64,54,45,54
"09-07-2013",61,23,21,35,24,22,48,57,93,62,66,-9999,98,70,68,69,68,67,68,70,60,51,49,49
"10-07-2013",51,58,60,56,52,54,42,49,56,60,63,63,65,66,67,65,68,69,68,61,55,47,32,26
"11-07-2013",23,27,32,21,26,23,22,29,44,48,63,66,67,67,67,67,68,68,68,65,60,51,65,55
"12-07-2013",37,34,33,18,29,27,15,25,40,52,62,63,66,68,69,69,69,68,63,63,52,56,65,65
"13-07-2013",55,46,52,52,34,34,23,43,46,48,64,66,66,67,67,66,66,68,67,66,62,54,41,36
"14-07-2013",36,35,30,16,16,24,28,27,45,55,59,59,62,64,67,69,69,68,68,64,57,45,31,30
"15-07-2013",30,35,28,26,19,19,11,21,42,54,51,55,61,62,63,64,65,66,65,64,60,60,53,52
"16-07-2013",34,43,51,21,25,20,18,28,32,58,59,61,62,64,64,64,64,64,59,54,51,50,49,40
"17-07-2013",33,41,37,39,41,44,42,30,34,39,42,43,49,48,54,57,57,57,54,52,47,39,41,40
"18-07-2013",39,35,37,35,46,42,39,38,42,-9999,-9999,51,51,52,53,55,55,55,55,52,47,38,37,24
"19-07-2013",24,23,26,12,7,8,11,16,31,50,53,54,55,54,55,55,53,54,52,52,46,43,32,18
"20-07-2013",17,22,19,20,23,21,18,20,28,39,53,58,58,58,59,59,60,58,61,60,59,48,40,36
"21-07-2013",27,25,20,25,23,23,24,30,39,44,56,60,60,64,65,66,67,68,65,63,54,52,48,43
"22-07-2013",32,31,25,28,45,45,42,43,42,51,50,58,60,58,57,55,54,54,56,53,46,40,38,30
"23-07-2013",20,17,15,20,21,19,14,17,29,38,48,52,52,54,55,55,54,54,54,52,45,36,24,23
"24-07-2013",18,24,20,20,23,22,13,24,32,37,47,55,58,59,60,60,62,63,62,60,49,38,24,25
"25-07-2013",16,22,24,18,20,18,13,17,32,43,51,60,64,68,69,71,71,71,70,68,59,26,21,19
"26-07-2013",21,21,26,32,32,25,15,16,34,46,61,-9999,-9999,113,119,126,128,125,121,114,101,70,63,63
"27-07-2013",42,38,38,24,36,37,38,45,57,93,110,114,120,118,121,127,127,126,121,117,104,65,70,62
"28-07-2013",56,42,28,40,50,43,28,34,53,73,97,110,108,110,111,118,112,112,112,109,99,75,59,61
"29-07-2013",46,21,33,39,43,39,18,39,56,78,96,103,106,107,108,108,111,113,108,100,76,49,31,40
"30-07-2013",11,30,59,42,42,34,22,25,50,82,90,95,102,109,110,111,107,108,101,82,64,70,91,70
"31-07-2013",58,35,27,30,20,25,7,37,59,90,96,100,103,102,105,110,111,113,112,107,108,98,91,88
"01-08-2013",72,67,68,72,82,86,83,79,70,81,80,86,89,88,87,88,88,88,86,82,75,56,65,65
"02-08-2013",43,21,26,26,14,11,5,27,58,74,80,79,80,84,86,88,89,91,89,85,74,55,31,29
"03-08-2013",28,27,30,36,30,27,11,20,29,60,80,82,85,86,87,91,92,91,87,73,64,55,53,36
"04-08-2013",23,17,18,27,32,40,39,35,49,54,81,93,95,92,89,87,92,98,101,96,84,76,64,46
"05-08-2013",54,49,65,90,80,73,69,71,83,86,87,86,87,88,87,87,88,88,89,86,70,62,50,33
"06-08-2013",29,36,31,36,15,42,71,75,70,86,90,91,94,96,99,104,105,104,105,106,97,89,81,75
"07-08-2013",67,77,82,70,83,54,73,69,91,93,100,102,102,101,103,106,107,108,110,105,83,81,71,84
"08-08-2013",64,75,92,95,79,57,73,73,80,92,102,104,105,103,106,108,109,112,109,104,88,86,66,52
"09-08-2013",46,45,43,32,34,22,21,38,76,99,103,106,105,105,105,106,109,109,109,106,103,79,64,60
"10-08-2013",61,46,51,38,35,31,30,36,61,78,96,106,110,111,112,116,118,116,117,107,72,51,52,55
"11-08-2013",38,48,39,77,67,71,64,68,83,97,102,104,103,103,106,108,109,110,108,103,102,73,61,40
"12-08-2013",35,35,48,47,41,24,16,19,46,79,97,102,103,105,108,112,114,112,109,103,89,64,52,28
"13-08-2013",19,31,26,26,32,31,20,24,50,69,100,111,114,115,114,114,114,112,110,106,90,69,77,43
"14-08-2013",20,38,45,53,42,34,31,25,52,59,97,114,116,117,123,127,124,120,112,106,85,61,56,39
"15-08-2013",40,43,43,44,52,42,42,62,86,102,117,117,121,124,121,119,117,118,108,104,90,56,87,86
"16-08-2013",99,99,97,85,90,92,89,83,82,95,98,101,107,108,109,109,110,109,108,103,73,80,63,89
"17-08-2013",91,88,91,94,100,84,90,92,87,96,97,100,104,108,108,106,107,108,108,103,89,89,30,86
"18-08-2013",84,85,76,67,86,90,87,78,67,64,91,92,94,95,96,99,98,97,94,88,76,75,58,47
"19-08-2013",46,53,52,41,45,36,22,17,43,80,98,100,100,99,100,100,101,100,99,93,70,62,48,46
"20-08-2013",40,41,48,41,43,35,35,22,46,64,89,96,97,96,96,99,99,99,96,95,83,57,38,46
"21-08-2013",40,38,38,33,41,35,34,42,62,84,99,102,101,100,101,102,103,102,100,96,60,35,35,74
"22-08-2013",64,58,29,73,71,83,68,70,72,90,96,96,96,96,99,98,99,99,98,93,71,56,45,42
"23-08-2013",50,41,49,46,40,41,41,33,55,84,92,95,-9999,-9999,88,91,92,96,95,88,74,40,31,57
"24-08-2013",42,38,38,42,37,27,35,35,47,65,77,86,96,105,106,105,105,109,113,119,123,117,91,66
"25-08-2013",64,71,52,46,29,36,43,27,44,58,92,98,100,100,102,101,105,107,108,105,73,66,51,65
"26-08-2013",70,39,42,43,27,25,14,17,38,47,66,86,89,92,93,88,89,92,92,79,73,52,21,31
"27-08-2013",19,19,27,20,19,16,4,11,19,46,59,79,85,85,81,77,81,83,67,72,63,73,64,40
"28-08-2013",20,24,24,34,6,3,3,7,24,29,56,64,68,74,55,63,36,49,55,65,66,77,60,58
"29-08-2013",44,37,23,21,26,18,8,5,24,44,70,73,79,83,85,84,89,88,87,76,67,74,52,37
"30-08-2013",30,41,46,32,25,22,13,7,47,75,83,88,90,89,94,97,101,101,100,92,77,66,64,43
"31-08-2013",38,25,34,34,39,38,33,29,32,55,82,85,-9999,-9999,-9999,86,85,83,82,68,74,72,67,56
"01-09-2013",52,46,30,33,44,27,17,16,32,65,71,73,72,72,78,81,84,87,85,76,61,47,44,41
"02-09-2013",42,31,19,29,27,16,6,9,31,53,56,80,83,87,88,90,91,91,85,78,74,68,44,43
"03-09-2013",32,19,18,22,19,21,5,9,28,37,56,76,81,89,87,91,91,86,84,81,80,62,48,35
"04-09-2013",58,65,44,42,37,32,26,49,47,54,56,62,64,63,70,76,79,80,78,66,31,55,65,53
"05-09-2013",39,32,32,31,23,13,5,5,32,54,65,75,81,84,92,88,92,96,95,102,92,70,53,44
"06-09-2013",46,40,39,42,32,21,9,10,28,61,71,80,82,81,82,82,80,84,87,91,88,74,37,32
"07-09-2013",40,47,30,32,29,26,24,19,40,63,71,72,82,88,88,88,90,90,95,87,88,71,77,44
"08-09-2013",27,25,24,30,22,16,10,15,29,56,69,81,87,86,87,91,94,102,101,97,89,76,69,72
"09-09-2013",61,58,47,43,40,34,19,16,42,66,82,88,88,90,91,94,95,97,93,79,62,76,74,72
"10-09-2013",58,45,50,46,33,24,10,14,22,48,70,82,93,97,101,89,89,94,93,93,59,89,74,67
"11-09-2013",46,43,38,29,23,28,17,14,26,49,68,75,77,69,61,36,47,65,64,46,59,48,52,56
"12-09-2013",43,33,26,26,21,16,8,9,19,41,55,66,69,78,78,76,76,78,77,53,40,63,55,60
"13-09-2013",63,63,67,68,57,49,42,41,38,42,59,64,54,51,59,74,54,66,60,47,85,76,82,60
"14-09-2013",75,67,58,55,44,41,43,50,56,72,77,80,83,87,87,89,88,91,99,97,70,59,51,70
"15-09-2013",46,46,40,40,40,32,28,14,35,54,72,85,90,93,97,100,100,93,100,98,84,83,52,51
"16-09-2013",41,32,29,36,34,32,20,15,25,57,58,59,58,53,54,60,69,75,65,26,18,10,10,10
"17-09-2013",11,7,6,4,3,3,1,2,3,10,31,58,70,73,68,67,74,66,32,66,75,63,67,46
"18-09-2013",66,65,59,61,62,62,59,46,41,57,59,56,60,61,58,65,59,42,40,50,42,45,52,53
"19-09-2013",43,45,31,28,26,16,4,4,23,41,54,65,70,74,77,81,72,55,51,55,58,52,58,48
"20-09-2013",47,37,27,15,28,15,2,4,10,51,63,72,78,79,82,82,80,76,71,70,49,42,47,60
"21-09-2013",55,42,39,23,16,9,9,16,49,61,66,71,76,79,82,83,84,87,85,71,75,81,78,59
"22-09-2013",49,36,34,42,41,22,25,26,45,66,70,77,78,81,82,84,85,85,80,71,60,60,47,35
"23-09-2013",42,39,39,28,25,19,15,19,25,51,64,71,71,69,73,75,79,81,79,41,41,53,37,27
"24-09-2013",19,19,15,15,10,10,2,2,8,20,49,75,82,87,91,89,89,87,84,49,33,32,41,41
"25-09-2013",31,31,25,18,10,10,1,2,15,35,56,66,67,77,82,83,83,81,82,76,49,29,33,26
"26-09-2013",38,24,26,28,25,21,9,2,27,54,59,72,77,82,83,83,80,77,60,49,46,46,51,43
"27-09-2013",42,28,46,34,22,13,4,3,20,45,56,74,81,85,89,91,91,94,87,52,59,56,34,36
"28-09-2013",40,28,28,30,30,13,2,4,21,39,65,79,87,93,92,92,95,88,93,71,54,50,49,42
"29-09-2013",37,34,46,26,27,17,14,7,18,39,68,78,79,82,85,85,84,88,90,88,74,57,43,33
"30-09-2013",36,28,29,15,18,12,6,3,18,44,59,69,74,78,80,84,87,88,95,93,87,77,68,63
"01-10-2013",57,35,30,32,30,17,18,12,7,9,19,23,50,56,60,58,56,62,57,38,26,27,13,8
"02-10-2013",18,8,7,5,15,12,3,1,10,30,36,46,48,51,53,54,50,49,44,39,38,32,26,24
"03-10-2013",20,22,26,30,32,28,26,20,22,25,27,25,34,29,40,33,30,35,32,31,32,29,30,31
"04-10-2013",32,29,34,34,36,37,31,29,27,40,40,33,42,45,49,47,43,43,41,45,46,42,43,44
"05-10-2013",45,44,37,35,34,26,19,23,28,43,55,56,57,60,61,64,67,66,60,35,13,35,49,35
"06-10-2013",47,40,15,9,6,9,11,11,11,14,32,42,51,64,68,69,65,59,46,28,29,13,6,13
"07-10-2013",7,6,8,7,5,3,1,3,8,12,42,63,71,73,79,80,79,72,66,61,60,49,50,49
"08-10-2013",55,24,27,34,26,30,47,39,41,60,72,75,76,78,80,81,81,76,74,61,47,48,45,42
"09-10-2013",30,26,14,18,12,7,3,5,4,13,27,65,70,71,77,79,83,76,57,33,20,14,21,13
"10-10-2013",10,6,11,9,7,2,3,4,8,10,11,11,11,15,28,29,29,44,39,24,15,17,13,18
"11-10-2013",33,27,14,13,11,6,5,1,1,10,27,39,41,49,50,52,55,58,53,24,11,12,21,10
"12-10-2013",8,3,3,3,2,2,1,1,2,5,18,39,43,49,51,57,61,54,32,9,12,7,1,3
"13-10-2013",6,3,1,1,1,1,1,1,1,5,23,34,44,54,58,59,57,55,47,44,34,22,33,32
"14-10-2013",23,22,15,8,5,3,1,1,1,1,16,45,49,61,68,73,75,69,56,59,44,35,20,12
"15-10-2013",5,1,1,6,7,2,1,1,1,3,10,38,50,54,60,61,64,52,40,27,3,2,1,1
"16-10-2013",10,13,9,9,6,3,5,3,1,1,23,20,21,39,47,53,55,54,50,37,30,47,38,47
"17-10-2013",20,12,10,7,9,2,1,1,7,30,53,57,62,65,63,65,67,65,61,45,29,33,40,38
"18-10-2013",43,48,44,47,40,44,46,47,42,49,54,55,63,69,69,70,73,71,44,15,5,10,16,28
"19-10-2013",14,18,10,12,10,7,4,1,7,21,38,55,64,70,71,73,74,70,59,57,47,31,17,20
"20-10-2013",20,18,19,24,13,10,6,2,5,22,44,56,63,69,72,76,77,74,47,6,49,57,43,40
"21-10-2013",32,20,19,17,13,10,2,1,3,15,34,51,66,72,82,83,85,75,46,24,10,2,1,2
"22-10-2013",7,11,14,12,12,3,3,1,2,9,26,49,61,76,82,87,90,83,48,17,28,18,8,8
"23-10-2013",4,9,16,11,9,4,1,1,2,20,40,57,80,86,86,85,86,83,78,72,61,37,26,45
"24-10-2013",47,51,63,53,38,46,50,59,51,45,71,71,75,75,76,75,76,73,66,51,28,35,23,21
"25-10-2013",16,13,14,15,10,7,1,1,3,16,36,59,73,81,80,82,84,80,60,33,17,5,4,8
"26-10-2013",4,4,4,6,8,4,9,5,6,21,30,58,72,80,81,82,81,73,30,5,6,4,11,16
"27-10-2013",12,13,18,22,19,15,13,8,13,29,34,57,63,73,79,84,83,76,30,30,33,39,24,7
"28-10-2013",16,17,16,11,15,9,10,6,8,22,35,51,58,70,73,82,87,69,24,51,14,5,8,7
"29-10-2013",12,11,12,9,9,8,3,1,1,30,51,61,75,78,78,78,38,42,34,14,4,3,6,7
"30-10-2013",10,13,10,12,14,6,1,2,14,35,49,64,76,81,81,81,72,39,13,19,22,4,9,15
"31-10-2013",16,25,22,17,10,9,3,4,18,33,66,82,86,86,86,80,74,69,61,70,53,56,48,51
"01-11-2013",60,64,68,58,50,52,52,49,55,56,60,66,68,70,71,67,61,55,48,28,29,13,6,9
"02-11-2013",6,6,4,4,4,5,5,3,14,23,42,61,63,65,68,70,58,23,43,15,9,6,8,12
"03-11-2013",6,8,5,8,7,7,3,2,12,18,35,47,53,56,59,59,56,46,14,18,3,3,9,12
"04-11-2013",14,11,6,3,5,4,2,3,12,22,43,47,54,54,58,58,54,57,54,46,28,22,45,60
"05-11-2013",52,34,26,40,57,58,55,43,39,54,56,56,60,61,59,59,60,58,57,60,61,69,75,76
"06-11-2013",73,57,51,51,43,37,40,45,35,37,34,57,58,56,50,43,33,27,23,26,17,8,5,4
"07-11-2013",5,1,1,6,23,25,30,39,42,40,40,46,49,52,56,56,47,8,1,1,2,1,1,1
"08-11-2013",1,1,1,1,1,1,1,1,1,6,18,33,45,48,50,47,27,2,11,6,1,1,1,1
"09-11-2013",1,1,1,1,1,1,1,1,4,10,26,40,49,51,53,56,26,15,4,9,3,1,1,1
"10-11-2013",2,1,1,1,1,1,1,1,1,3,7,20,38,45,46,45,39,11,1,1,5,1,2,1
"11-11-2013",1,1,1,1,6,29,21,22,28,34,33,37,28,16,21,18,27,29,27,22,20,26,28,28
"12-11-2013",14,8,6,8,2,1,1,1,1,3,5,5,11,17,12,5,16,1,-9999,1,8,16,21,19
"13-11-2013",20,16,3,1,3,1,1,1,11,13,22,31,34,35,42,31,32,28,11,8,19,14,12,18
"14-11-2013",27,23,17,22,29,41,42,30,24,26,25,23,33,28,27,25,26,26,24,27,27,30,35,26
"15-11-2013",25,24,24,28,22,25,27,27,22,25,28,31,30,28,29,29,25,22,22,21,22,26,24,25
"16-11-2013",23,27,29,31,31,30,30,33,30,33,35,41,39,42,44,43,41,37,44,49,40,42,42,37
"17-11-2013",41,42,41,42,40,33,33,31,36,38,39,40,41,41,39,35,30,27,27,26,15,8,5,5
"18-11-2013",4,8,9,13,10,7,3,2,3,8,10,27,31,31,36,38,30,16,21,25,21,31,35,31
"19-11-2013",26,13,10,7,5,2,1,2,6,24,39,45,50,52,52,51,57,50,59,51,54,65,63,46
"20-11-2013",44,48,42,43,31,45,26,15,16,27,35,49,53,59,55,56,52,55,54,58,56,50,47,51
"21-11-2013",48,51,50,46,49,51,53,54,57,56,55,60,59,59,55,57,56,53,51,44,43,37,39,28
"22-11-2013",26,20,14,20,10,3,1,1,9,32,49,49,55,54,55,51,16,10,20,13,18,6,2,9
"23-11-2013",13,10,9,9,9,4,2,3,11,28,48,58,60,63,64,66,65,64,59,56,51,50,45,57
"24-11-2013",61,56,51,46,51,40,45,48,41,31,39,36,45,59,60,60,52,62,55,47,42,23,27,20
"25-11-2013",21,22,23,27,23,27,21,21,22,31,58,60,62,63,63,62,62,47,32,31,21,9,3,5
"26-11-2013",8,9,24,22,17,20,25,22,19,38,43,35,-9999,62,67,67,57,63,64,50,34,28,44,49
"27-11-2013",35,34,32,59,62,61,64,59,56,58,59,62,64,59,58,55,39,8,8,13,14,7,3,3
"28-11-2013",3,5,5,6,5,7,2,1,6,16,30,38,47,49,51,54,43,8,3,5,6,3,3,5
"29-11-2013",4,4,3,5,3,2,2,2,4,9,20,31,36,45,48,43,15,3,3,2,3,2,2,2
"30-11-2013",2,2,2,2,2,3,3,3,3,3,3,3,3,4,3,2,2,3,3,3,4,4,3,-9999
"01-12-2013",-9999,-9999,-9999,-9999,-9999,-9999,-9999,-9999,-9999,7,11,12,10,10,13,14,11,11,7,8,14,10,17,19
"02-12-2013",28,25,20,20,20,22,22,21,19,18,19,16,16,17,18,18,16,15,18,16,16,14,15,18
"03-12-2013",17,15,25,30,36,38,40,38,37,40,45,48,52,52,52,52,52,45,50,49,48,45,44,47
"04-12-2013",46,47,50,51,48,48,45,43,42,43,44,44,49,51,51,53,51,46,42,36,45,42,32,27
"05-12-2013",22,16,21,15,13,10,2,2,8,18,31,41,46,47,50,48,12,1,1,3,2,2,2,2
"06-12-2013",1,2,2,1,1,1,1,1,2,7,20,29,40,43,44,40,12,2,4,6,2,3,4,11
"07-12-2013",5,5,4,5,5,3,2,2,4,12,19,31,42,38,34,31,34,33,32,34,31,37,38,34
"08-12-2013",20,9,15,21,14,16,8,9,16,26,35,42,47,51,53,52,24,4,7,3,2,2,2,2
"09-12-2013",2,2,3,2,2,1,2,2,3,10,23,30,38,45,44,45,12,2,4,3,2,2,2,2
"10-12-2013",2,2,2,2,2,2,2,2,2,6,12,22,42,47,48,46,41,40,40,32,25,30,35,36
"11-12-2013",41,47,46,42,41,45,42,39,43,46,49,51,53,52,54,55,53,42,41,38,33,37,34,40
"12-12-2013",32,24,23,18,17,15,4,5,2,8,20,39,44,47,49,52,49,43,42,33,32,33,34,33
"13-12-2013",29,15,15,14,12,8,4,3,7,12,17,30,37,41,45,49,31,23,14,3,3,3,3,2
"14-12-2013",2,2,2,2,2,2,2,2,2,5,10,21,34,39,42,42,13,2,3,2,2,2,2,2
"15-12-2013",2,2,2,2,1,1,2,1,2,3,6,19,31,37,41,35,7,3,3,2,2,2,2,2
"16-12-2013",2,2,3,3,2,4,10,17,18,24,23,25,32,37,41,36,23,24,31,33,30,29,26,25
"17-12-2013",24,22,25,26,28,29,26,28,29,31,31,29,31,30,28,27,27,27,27,31,35,36,38,42
"18-12-2013",40,32,32,34,36,36,35,33,34,33,32,30,32,33,33,36,36,36,37,38,40,34,35,38
"19-12-2013",43,40,44,41,41,40,30,22,21,26,28,30,38,40,40,36,23,6,3,2,2,3,3,1
"20-12-2013",1,4,3,3,2,1,1,1,1,2,10,23,32,38,41,42,17,1,2,2,2,2,2,1
"21-12-2013",1,1,1,1,1,1,1,1,1,1,4,12,28,33,38,39,9,1,1,1,1,1,1,1
"22-12-2013",1,1,1,1,1,1,3,2,3,6,15,28,41,43,47,52,36,8,3,1,1,1,1,2
"23-12-2013",3,3,2,3,4,1,2,2,2,6,12,25,39,45,44,44,13,1,1,1,1,1,1,1
"24-12-2013",1,1,1,1,1,1,1,1,1,2,1,7,12,8,6,4,4,1,1,1,4,2,1,1
"25-12-2013",1,1,1,2,1,1,1,1,2,3,4,3,1,5,9,10,8,6,3,2,2,2,2,2
"26-12-2013",2,2,2,2,2,2,2,2,2,3,3,4,5,10,21,39,42,36,39,35,41,45,49,36
"27-12-2013",38,46,44,36,40,41,39,43,40,37,38,34,34,33,28,36,34,22,27,22,18,11,5,2
"28-12-2013",7,7,11,11,21,13,10,16,17,11,24,23,22,28,28,26,29,23,27,29,28,24,24,34
"29-12-2013",33,18,21,13,-9999,-9999,-9999,-9999,-9999,-9999,-9999,-9999,-9999,37,44,44,38,22,9,3,3,5,4,2
"30-12-2013",2,4,3,4,5,4,3,2,3,6,9,24,29,28,39,38,29,12,10,9,12,8,14,7
"31-12-2013",7,17,25,25,23,20,21,25,22,30,33,37,39,38,39,38,35,26,29,30,31,30,30,32
