"01-01-2013",2,2,2,2,2,2,2,2,2,2,2,2,2,3,3,2,2,2,2,3,5,5,2,2
"02-01-2013",2,2,2,2,2,2,2,2,2,3,3,3,3,3,3,3,3,2,2,2,2,3,2,2
"03-01-2013",2,2,2,2,2,2,2,3,4,3,3,3,2,2,2,2,2,3,3,3,4,3,3,2
"04-01-2013",2,2,2,2,2,3,3,4,5,5,4,4,5,5,4,4,3,3,4,4,1,4,3,3
"05-01-2013",3,3,3,3,3,3,3,3,3,4,4,3,3,3,3,3,3,3,3,3,3,4,3,3
"06-01-2013",3,3,3,3,3,3,3,2,2,2,2,3,3,3,3,3,2,3,3,3,3,3,3,3
"07-01-2013",2,3,3,2,3,2,3,3,3,4,5,4,5,5,4,4,3,3,3,3,3,3,3,3
"08-01-2013",2,2,2,2,2,2,2,2,3,3,3,-9999,-9999,-9999,-9999,-9999,-9999,-9999,-9999,-9999,-9999,-9999,-9999,-9999
"09-01-2013",-9999,-9999,-9999,-9999,-9999,-9999,-9999,-9999,-9999,-9999,-9999,-9999,-9999,-9999,-9999,-9999,-9999,-9999,-9999,-9999,-9999,-9999,-9999,-9999
"10-01-2013",-9999,-9999,-9999,-9999,-9999,-9999,-9999,-9999,-9999,-9999,-9999,-9999,6,6,5,3,3,4,2,2,2,2,2,3
"11-01-2013",4,2,2,2,2,2,2,2,2,5,45,26,6,4,3,3,3,3,2,2,2,2,2,2
"12-01-2013",2,2,2,2,2,2,2,6,4,13,9,6,5,5,4,2,3,2,3,3,2,3,3,2
"13-01-2013",2,2,2,2,2,2,2,2,2,2,3,3,3,3,2,2,2,2,2,2,2,2,2,2
"14-01-2013",2,2,2,2,2,2,2,2,2,2,2,2,3,3,2,2,2,3,3,3,3,4,2,2
"15-01-2013",2,2,2,2,2,2,2,5,4,3,2,2,2,2,2,2,2,2,2,2,2,2,2,2
"16-01-2013",2,2,2,2,2,2,2,2,2,2,2,2,2,2,2,2,2,2,2,2,2,2,2,2
"17-01-2013",2,2,2,2,2,2,2,2,3,2,3,3,2,2,2,2,2,2,2,2,2,2,2,2
"18-01-2013",2,2,2,2,2,2,2,2,2,2,2,2,3,4,3,4,3,2,3,2,3,3,3,3
"19-01-2013",3,2,2,2,2,2,2,4,5,4,3,3,3,3,3,2,2,2,2,3,3,3,3,3
"20-01-2013",2,2,2,2,2,2,2,2,2,3,7,15,8,3,2,2,2,2,2,2,2,2,2,2
"21-01-2013",2,2,2,2,2,2,3,3,2,3,3,3,2,2,2,2,2,2,2,2,2,2,2,2
"22-01-2013",2,2,2,2,2,2,2,3,7,12,14,10,3,2,3,2,2,2,2,2,2,2,2,2
"23-01-2013",2,3,2,2,2,2,3,4,6,5,4,3,3,3,3,3,3,4,3,3,3,2,2,2
"24-01-2013",2,2,2,2,2,2,2,2,2,2,2,2,2,2,2,2,2,2,3,3,2,2,3,3
"25-01-2013",2,3,2,2,2,2,2,2,3,4,5,2,2,2,2,2,2,2,2,2,2,2,2,2
"26-01-2013",2,2,2,2,2,2,2,2,2,3,3,4,3,4,3,2,2,3,3,3,2,2,2,2
"27-01-2013",2,2,2,2,2,2,2,2,2,3,3,3,2,2,3,3,3,3,3,3,2,2,2,2
"28-01-2013",2,2,3,2,2,2,3,5,21,13,3,6,6,4,3,3,3,3,3,3,3,3,3,3
"29-01-2013",3,2,2,2,2,2,3,5,4,3,3,3,3,3,3,3,2,2,3,3,3,3,2,2
"30-01-2013",2,2,2,2,2,2,2,3,4,6,5,6,5,7,4,4,3,3,3,3,3,3,3,2
"31-01-2013",3,2,2,2,2,2,3,4,8,5,5,5,4,4,3,3,3,3,2,3,2,2,2,2
"01-02-2013",2,2,2,2,2,2,2,5,8,6,4,4,4,3,3,3,2,2,2,2,2,2,2,2
"02-02-2013",2,2,2,2,2,2,2,2,2,4,3,4,2,2,2,2,2,3,2,2,2,2,2,2
"03-02-2013",2,2,2,2,2,2,2,2,2,2,2,2,2,2,2,2,2,2,2,2,2,3,3,2
"04-02-2013",2,2,2,2,2,2,3,8,18,6,10,4,4,3,2,2,2,2,3,3,2,2,2,2
"05-02-2013",2,2,2,2,2,2,2,2,6,6,3,4,3,3,3,3,3,2,3,2,2,2,2,2
"06-02-2013",2,2,2,2,2,2,3,4,6,4,4,5,4,4,3,3,2,3,3,4,3,3,2,2
"07-02-2013",2,2,2,2,2,2,2,2,2,2,2,2,2,2,2,2,2,2,2,2,2,2,2,2
"08-02-2013",2,2,2,2,2,2,2,3,3,3,3,2,2,3,2,2,2,2,3,3,3,3,3,2
"09-02-2013",2,2,2,2,2,2,2,3,5,6,3,2,2,2,2,2,2,2,2,2,2,3,2,2
"10-02-2013",2,2,2,2,2,2,2,2,3,3,4,3,2,2,2,2,2,2,3,3,3,2,2,2
"11-02-2013",2,3,3,3,2,2,2,3,4,3,3,3,3,3,3,2,3,3,3,3,3,3,3,2
"12-02-2013",2,2,2,2,2,2,3,6,6,16,5,4,2,2,2,2,2,2,3,2,2,2,2,2
"13-02-2013",2,2,1,2,2,2,2,2,-9999,-9999,2,2,-9999,-9999,-9999,-9999,-9999,-9999,-9999,-9999,-9999,-9999,-9999,-9999
"14-02-2013",-9999,-9999,-9999,-9999,-9999,-9999,-9999,-9999,-9999,-9999,2,2,3,3,3,3,3,2,3,3,3,3,3,2
"15-02-2013",2,2,2,2,2,2,2,4,5,4,3,2,2,2,2,2,2,3,4,4,3,2,2,2
"16-02-2013",2,2,2,2,2,2,2,2,2,2,2,2,3,3,2,3,2,2,2,2,2,2,2,1
"17-02-2013",1,2,1,1,1,1,1,1,1,2,2,2,2,2,2,2,2,2,2,2,2,2,2,2
"18-02-2013",2,2,2,1,1,2,2,5,7,4,3,3,2,2,2,2,2,2,2,2,2,2,2,1
"19-02-2013",1,2,1,1,1,1,2,2,2,2,2,2,2,2,2,3,3,3,3,2,3,4,2,2
"20-02-2013",2,2,2,2,2,2,3,5,6,6,6,5,4,3,3,2,2,2,2,2,2,1,2,2
"21-02-2013",1,1,1,1,1,2,1,2,1,2,2,2,2,2,3,2,2,2,2,2,2,2,2,1
"22-02-2013",1,1,1,1,1,2,2,3,3,-9999,-9999,-9999,-9999,-9999,-9999,-9999,-9999,-9999,-9999,-9999,-9999,-9999,-9999,-9999
"23-02-2013",-9999,-9999,-9999,-9999,-9999,-9999,-9999,-9999,-9999,-9999,-9999,-9999,-9999,-9999,-9999,-9999,-9999,-9999,-9999,-9999,-9999,-9999,-9999,-9999
"24-02-2013",-9999,-9999,-9999,-9999,-9999,-9999,-9999,-9999,-9999,-9999,-9999,-9999,-9999,-9999,-9999,-9999,-9999,-9999,-9999,-9999,-9999,-9999,-9999,-9999
"25-02-2013",-9999,-9999,-9999,-9999,-9999,-9999,-9999,-9999,-9999,-9999,-9999,3,2,3,2,2,2,2,1,1,1,1,1,1
"26-02-2013",1,1,1,1,1,1,2,6,8,4,3,5,4,3,4,3,3,3,2,3,3,2,3,3
"27-02-2013",2,2,2,2,1,2,2,7,7,12,3,3,3,2,2,3,2,2,2,2,2,3,2,2
"28-02-2013",2,2,1,1,1,1,2,2,3,3,2,2,2,3,2,3,2,2,2,2,2,2,2,2
"01-03-2013",2,1,1,1,1,2,2,4,5,3,2,3,3,3,3,3,2,2,2,3,4,5,3,2
"02-03-2013",2,1,1,1,1,2,2,2,4,2,3,3,3,3,3,2,2,2,2,2,2,2,2,1
"03-03-2013",1,1,1,1,1,1,1,1,2,2,2,2,2,2,2,2,2,2,2,2,2,2,2,2
"04-03-2013",2,2,2,1,1,2,2,5,7,5,5,3,2,3,3,3,2,2,2,2,2,2,3,3
"05-03-2013",6,2,2,1,1,2,2,2,3,2,2,2,2,2,2,2,2,2,2,2,2,2,2,2
"06-03-2013",2,2,1,1,2,2,2,8,15,4,2,2,3,7,7,3,2,2,2,2,2,2,2,2
"07-03-2013",2,2,1,1,1,2,2,2,4,5,3,8,17,6,4,3,2,3,2,2,4,3,2,2
"08-03-2013",2,2,1,1,1,2,2,7,12,16,12,12,7,5,3,3,3,3,3,3,4,5,5,2
"09-03-2013",2,2,1,1,2,2,2,2,3,3,3,3,3,3,3,3,3,4,3,2,2,2,2,2
"10-03-2013",2,2,1,2,2,1,2,2,3,2,3,3,3,3,3,3,3,3,3,2,2,2,2,2
"11-03-2013",2,2,3,4,3,3,4,10,7,7,6,6,5,4,4,4,3,3,3,2,3,2,2,2
"12-03-2013",1,2,2,1,2,2,3,4,8,14,6,5,4,3,3,3,3,3,3,3,2,2,2,1
"13-03-2013",1,2,1,1,2,1,2,9,11,2,2,2,3,3,3,3,2,2,2,2,1,2,2,2
"14-03-2013",1,1,1,1,1,1,2,2,2,2,2,2,3,3,2,2,2,2,2,2,2,2,1,1
"15-03-2013",1,1,1,1,1,1,1,2,2,2,2,2,2,2,3,3,3,2,2,2,2,2,2,1
"16-03-2013",1,1,1,1,1,1,1,2,2,2,2,2,2,3,2,2,2,2,2,2,2,1,1,2
"17-03-2013",1,1,1,1,1,1,1,1,1,1,2,2,3,2,2,2,2,2,1,1,1,1,1,1
"18-03-2013",1,1,1,1,1,1,1,1,1,1,2,2,2,2,2,2,1,1,1,1,1,1,1,1
"19-03-2013",1,1,1,1,1,1,3,5,4,3,2,2,2,2,1,2,1,2,1,2,2,2,1,3
"20-03-2013",2,1,1,1,1,1,1,11,8,5,4,3,3,3,2,2,2,2,2,2,2,2,2,2
"21-03-2013",1,1,1,1,1,1,2,2,2,2,2,2,2,2,2,2,2,2,2,2,3,2,2,2
"22-03-2013",1,1,1,1,1,1,2,3,4,3,3,2,2,2,2,2,2,2,2,2,2,2,2,1
"23-03-2013",1,1,1,1,1,1,1,2,1,2,2,3,3,2,2,2,2,2,2,1,1,1,1,1
"24-03-2013",1,1,1,1,1,1,1,1,2,2,2,2,1,2,1,1,1,1,1,2,1,1,1,2
"25-03-2013",2,1,1,1,1,1,1,1,1,1,1,1,1,2,2,2,2,2,2,2,2,2,2,1
"26-03-2013",1,1,1,1,1,1,2,2,2,3,2,3,3,3,3,2,2,2,2,2,2,2,2,1
"27-03-2013",1,1,1,1,1,1,2,4,4,-9999,-9999,3,3,3,4,3,3,4,3,4,3,3,3,3
"28-03-2013",2,2,2,2,2,2,3,5,8,18,20,12,8,4,4,4,4,4,3,3,3,3,3,2
"29-03-2013",2,2,2,3,2,4,6,5,4,4,4,5,5,4,4,4,5,4,4,5,5,6,9,6
"30-03-2013",5,3,2,2,2,2,3,4,5,5,5,5,5,4,4,4,4,4,4,4,3,3,4,3
"31-03-2013",3,3,3,2,2,2,2,4,6,5,5,4,4,4,4,4,4,4,3,4,3,3,3,3
"01-04-2013",3,3,2,3,2,2,-9999,4,6,10,10,6,4,4,4,5,4,4,4,4,4,4,3,3
"02-04-2013",3,3,2,2,2,2,2,3,4,5,6,8,5,3,4,4,4,4,4,3,3,3,3,3
"03-04-2013",2,3,3,3,3,3,3,5,6,4,4,4,4,4,4,4,4,4,4,3,3,3,3,2
"04-04-2013",2,2,2,2,2,2,2,4,7,5,6,4,4,4,4,4,4,4,4,4,4,4,3,2
"05-04-2013",2,2,2,2,2,2,3,3,9,17,11,8,5,4,4,4,4,4,4,4,3,3,3,4
"06-04-2013",3,3,3,2,2,2,2,3,3,7,6,6,6,5,4,5,5,5,4,4,3,3,3,3
"07-04-2013",3,3,3,2,2,2,3,2,2,3,3,3,3,3,3,4,4,4,4,3,3,3,3,3
"08-04-2013",2,2,2,2,2,2,3,4,3,3,4,3,4,4,3,4,3,4,3,3,3,3,2,2
"09-04-2013",2,2,2,2,2,2,2,4,7,5,4,3,4,4,4,4,4,4,4,4,3,3,3,2
"10-04-2013",3,2,2,2,2,2,3,4,6,5,7,5,5,4,4,4,4,4,4,4,3,3,3,2
"11-04-2013",2,2,2,2,2,2,3,4,8,5,6,6,5,4,4,4,4,4,4,4,4,4,3,3
"12-04-2013",3,3,3,2,2,2,2,3,13,17,7,6,7,5,5,5,5,5,5,5,4,4,4,4
"13-04-2013",3,3,3,3,2,2,2,3,3,4,5,5,5,5,4,4,5,5,5,5,4,4,3,3
"14-04-2013",3,3,3,3,3,3,3,3,4,4,5,5,5,5,4,4,4,4,4,3,3,3,3,2
"15-04-2013",2,2,2,2,2,2,2,2,4,4,4,3,4,4,4,3,4,4,4,3,3,3,2,2
"16-04-2013",2,2,2,2,2,2,2,4,5,4,3,3,4,3,4,3,3,3,3,3,3,2,2,2
"17-04-2013",2,2,2,2,2,2,2,2,3,3,3,3,3,3,4,4,4,4,4,4,4,3,3,3
"18-04-2013",2,2,2,2,2,2,2,2,3,3,3,3,3,3,3,3,4,4,4,3,3,3,3,3
"19-04-2013",2,2,2,2,2,2,2,3,5,5,3,3,3,3,3,4,4,3,4,3,3,3,3,2
"20-04-2013",2,2,2,2,2,2,2,3,3,3,3,3,3,3,3,3,3,4,4,4,4,3,3,3
"21-04-2013",2,2,2,2,2,2,2,2,2,3,3,3,4,3,4,4,4,4,4,4,4,4,3,3
"22-04-2013",3,2,2,2,2,2,2,6,8,3,3,3,4,4,4,5,4,5,4,4,3,3,3,3
"23-04-2013",3,2,2,2,2,2,2,3,3,4,4,4,4,4,4,5,4,4,4,3,4,4,3,3
"24-04-2013",3,2,2,2,2,2,2,2,3,4,4,4,4,5,5,4,5,5,5,5,4,4,4,3
"25-04-2013",3,2,2,2,2,2,3,6,5,4,4,4,4,5,5,5,5,5,5,5,4,4,4,3
"26-04-2013",3,3,3,2,2,3,3,4,8,4,5,4,-9999,4,4,3,3,3,3,3,3,3,3,4
"27-04-2013",3,3,3,3,3,3,3,3,5,6,5,5,4,3,3,3,3,2,1,3,3,3,4,3
"28-04-2013",3,3,3,3,3,3,2,4,9,7,4,3,3,3,3,3,3,3,3,3,3,4,4,4
"29-04-2013",3,2,2,2,2,3,3,7,16,10,6,3,3,3,3,3,3,3,3,3,3,3,4,3
"30-04-2013",3,3,2,2,2,2,3,4,5,3,3,3,3,3,3,3,3,3,3,3,3,3,3,3
"01-05-2013",3,3,3,2,2,3,3,3,3,3,3,3,3,3,3,3,3,3,3,3,3,3,3,3
"02-05-2013",3,2,3,2,3,2,3,3,3,3,3,3,3,3,3,3,3,3,3,3,3,3,3,3
"03-05-2013",2,3,3,2,3,2,3,3,3,3,3,3,3,3,3,3,3,3,4,4,4,4,4,4
"04-05-2013",4,4,5,3,3,3,4,4,5,5,5,4,3,3,3,3,3,3,3,4,4,4,3,3
"05-05-2013",3,3,3,3,3,2,3,3,3,3,3,3,3,3,3,3,3,3,3,3,3,3,3,3
"06-05-2013",3,3,3,2,3,3,3,3,3,3,3,3,3,3,3,3,3,3,3,3,2,3,3,3
"07-05-2013",2,2,3,3,2,3,2,3,3,3,3,3,3,3,3,3,3,3,3,3,3,3,3,3
"08-05-2013",2,2,3,3,3,3,3,3,4,5,4,4,5,6,4,4,3,3,3,3,3,3,3,3
"09-05-2013",3,2,2,2,2,3,3,4,4,3,3,3,3,3,3,3,3,3,3,3,2,2,2,2
"10-05-2013",2,2,2,2,3,3,3,3,3,3,3,3,3,3,3,3,3,3,3,3,3,3,3,3
"11-05-2013",2,2,3,2,2,2,2,3,4,4,4,4,3,3,3,3,3,3,3,3,3,3,3,3
"12-05-2013",2,2,2,2,3,3,3,3,3,4,3,3,3,3,3,3,3,3,3,3,3,3,3,2
"13-05-2013",2,2,2,2,2,2,3,4,5,3,3,3,3,3,4,3,3,4,3,3,4,3,3,3
"14-05-2013",2,2,2,2,2,3,3,4,3,3,4,4,3,3,3,3,3,2,2,2,3,3,3,2
"15-05-2013",2,2,2,2,2,2,2,7,11,6,6,7,-9999,-9999,-9999,-9999,-9999,-9999,-9999,-9999,-9999,-9999,-9999,-9999
"16-05-2013",-9999,-9999,-9999,-9999,-9999,-9999,-9999,-9999,-9999,-9999,-9999,-9999,-9999,-9999,-9999,-9999,-9999,-9999,-9999,-9999,-9999,-9999,-9999,-9999
"17-05-2013",-9999,-9999,-9999,-9999,-9999,-9999,-9999,-9999,-9999,-9999,-9999,-9999,-9999,-9999,-9999,-9999,-9999,-9999,-9999,-9999,-9999,-9999,-9999,-9999
"18-05-2013",-9999,-9999,-9999,-9999,-9999,-9999,-9999,-9999,-9999,-9999,-9999,-9999,-9999,-9999,-9999,-9999,-9999,-9999,-9999,-9999,-9999,-9999,-9999,-9999
"19-05-2013",-9999,-9999,-9999,-9999,-9999,-9999,-9999,-9999,-9999,-9999,-9999,-9999,-9999,-9999,-9999,-9999,-9999,-9999,-9999,-9999,-9999,-9999,-9999,-9999
"20-05-2013",-9999,-9999,-9999,-9999,-9999,-9999,-9999,-9999,-9999,-9999,-9999,-9999,-9999,-9999,5,4,4,4,4,4,4,3,3,3
"21-05-2013",3,3,3,3,3,3,4,10,6,7,6,5,5,4,4,4,3,3,3,3,4,4,4,5
"22-05-2013",4,4,4,4,3,3,4,11,23,17,10,6,4,4,3,4,4,3,3,3,4,3,3,4
"23-05-2013",3,3,3,3,3,3,3,3,3,4,3,4,3,3,3,3,3,3,3,3,3,3,3,3
"24-05-2013",3,3,3,3,3,3,3,4,3,3,3,3,3,3,3,3,3,3,3,3,3,3,3,3
"25-05-2013",3,3,3,3,3,3,3,4,4,4,4,4,3,4,3,3,3,3,3,3,3,3,3,3
"26-05-2013",3,3,3,3,3,3,2,3,5,4,3,3,3,3,3,3,3,3,3,3,3,3,3,3
"27-05-2013",3,3,3,3,3,3,3,7,6,5,4,4,4,3,3,3,3,3,3,3,3,3,3,3
"28-05-2013",3,3,3,3,3,3,4,9,13,10,7,5,5,4,4,3,3,3,3,3,3,3,3,3
"29-05-2013",3,3,3,3,3,3,3,3,3,4,3,3,3,3,3,3,3,3,3,3,3,3,4,4
"30-05-2013",3,4,3,3,3,3,3,4,5,5,4,4,4,4,4,4,3,3,4,4,3,3,3,3
"31-05-2013",3,3,3,3,3,3,3,6,6,4,3,4,4,3,3,3,3,3,3,3,3,3,3,3
"01-06-2013",3,3,3,3,3,3,3,4,4,4,4,4,4,3,3,3,3,3,3,3,4,4,4,3
"02-06-2013",3,4,3,3,3,3,3,3,3,3,5,3,3,3,3,3,3,3,3,3,3,3,3,3
"03-06-2013",3,3,3,3,3,3,4,5,5,5,5,5,4,3,3,3,3,3,3,3,3,3,3,3
"04-06-2013",3,3,3,3,3,3,3,3,5,6,5,5,3,3,3,3,3,3,3,3,3,3,3,3
"05-06-2013",3,3,3,3,3,3,3,4,8,4,4,4,3,3,3,3,3,3,3,3,3,3,3,3
"06-06-2013",3,4,3,3,3,3,4,5,5,4,4,3,3,3,3,3,3,3,3,3,3,3,3,3
"07-06-2013",3,3,3,3,3,3,4,4,5,7,6,5,4,4,4,5,4,3,3,3,3,3,3,3
"08-06-2013",3,3,3,3,3,3,3,5,4,3,3,3,3,3,3,3,3,3,4,3,3,3,3,3
"09-06-2013",3,3,4,3,4,3,3,3,3,3,3,3,3,3,3,3,3,3,3,3,3,3,3,3
"10-06-2013",3,3,3,3,3,3,3,4,8,10,5,3,5,4,3,3,4,3,3,3,3,3,3,3
"11-06-2013",3,3,3,3,3,3,3,3,3,4,4,5,6,4,3,3,3,3,3,3,3,3,3,3
"12-06-2013",3,3,3,3,3,3,3,3,4,5,4,3,3,3,3,4,5,3,3,3,3,3,3,3
"13-06-2013",3,3,3,3,3,3,3,3,4,4,4,3,3,3,3,3,3,3,3,3,1,3,3,3
"14-06-2013",3,3,2,3,3,3,3,3,3,4,3,3,4,3,3,3,3,3,3,3,3,3,3,3
"15-06-2013",3,3,3,3,3,2,3,1,3,3,3,3,3,3,3,3,3,3,3,3,3,3,3,3
"16-06-2013",3,3,3,3,3,3,3,4,4,5,4,3,3,3,3,3,3,3,3,3,3,4,4,3
"17-06-2013",3,3,3,3,3,3,3,10,4,4,3,3,3,3,3,3,3,3,3,3,3,3,3,3
"18-06-2013",2,2,3,2,2,3,3,3,3,3,3,3,3,3,3,3,3,3,3,3,3,3,3,3
"19-06-2013",3,2,2,2,2,2,3,3,3,3,3,3,3,3,3,3,3,3,3,3,3,3,3,4
"20-06-2013",4,3,3,3,3,3,3,3,3,3,3,3,3,3,3,3,3,3,3,3,3,3,3,3
"21-06-2013",3,3,2,3,3,2,3,3,3,3,3,3,3,3,3,3,3,3,3,3,3,3,3,3
"22-06-2013",2,3,2,3,3,3,3,3,2,3,3,3,3,3,3,3,3,3,3,3,3,3,3,3
"23-06-2013",3,2,3,3,3,2,3,3,3,3,3,3,3,3,3,3,3,3,3,3,3,3,3,3
"24-06-2013",3,3,3,3,3,3,3,4,5,5,5,5,3,3,3,3,3,3,3,3,3,3,3,3
"25-06-2013",3,3,3,3,3,3,3,4,5,6,6,5,5,4,3,3,3,3,3,3,3,3,3,3
"26-06-2013",3,3,3,3,3,3,3,5,8,6,5,3,3,3,3,3,3,3,3,3,3,3,4,4
"27-06-2013",4,4,3,3,3,3,3,3,4,4,4,3,3,3,3,3,3,3,3,3,3,3,3,3
"28-06-2013",3,3,3,3,3,3,3,3,3,3,3,3,3,3,3,4,3,3,3,3,3,4,4,4
"29-06-2013",3,3,3,3,3,3,3,4,3,5,4,4,3,3,3,3,3,3,3,3,3,3,3,3
"30-06-2013",3,3,3,3,3,3,3,4,3,3,3,3,3,3,3,3,3,3,3,3,3,3,3,3
"01-07-2013",3,3,3,3,3,3,3,4,4,4,3,3,3,3,3,3,3,3,3,3,3,3,3,3
"02-07-2013",3,3,3,3,3,3,3,4,4,3,3,3,3,3,3,3,3,3,3,3,3,3,3,3
"03-07-2013",3,3,3,2,3,3,3,3,3,3,3,3,3,3,3,3,3,3,3,3,3,3,3,3
"04-07-2013",3,3,3,3,2,3,3,3,3,3,3,3,3,3,3,3,3,3,3,3,3,3,3,3
"05-07-2013",3,3,2,3,3,3,3,3,3,3,3,3,3,3,3,3,3,3,3,3,3,3,3,3
"06-07-2013",3,3,3,3,3,3,3,3,3,3,3,3,3,3,3,3,3,3,3,3,3,3,3,3
"07-07-2013",3,3,3,3,3,3,3,3,3,3,3,3,3,3,3,3,3,3,3,3,3,3,3,3
"08-07-2013",3,3,3,2,2,3,3,3,3,3,3,3,3,3,3,3,3,3,3,3,3,3,3,3
"09-07-2013",3,3,2,3,3,3,3,3,3,3,3,3,3,3,3,3,3,3,3,3,3,3,3,3
"10-07-2013",3,3,3,3,3,3,3,3,3,3,3,3,3,3,3,3,3,3,3,3,3,3,3,3
"11-07-2013",3,3,3,3,3,3,3,3,4,4,-9999,-9999,3,3,3,3,3,3,3,3,3,3,3,3
"12-07-2013",3,3,3,3,3,3,3,5,4,4,3,3,3,3,3,3,3,3,3,3,3,4,4,3
"13-07-2013",3,3,3,3,3,3,3,3,3,3,3,3,3,3,3,3,3,3,3,3,3,3,3,3
"14-07-2013",3,3,3,3,3,3,3,3,3,3,3,3,3,3,3,3,3,3,3,3,3,3,3,3
"15-07-2013",3,3,3,3,3,3,3,3,3,3,3,3,3,3,3,3,3,3,3,3,3,3,3,3
"16-07-2013",3,3,3,3,3,3,3,3,3,3,3,3,3,3,3,3,3,3,3,3,3,3,3,3
"17-07-2013",3,3,3,3,3,3,3,3,3,3,3,3,3,3,3,3,3,3,3,3,3,3,3,3
"18-07-2013",3,3,3,3,3,3,3,3,3,3,3,3,3,3,3,3,3,3,3,3,3,3,3,3
"19-07-2013",3,3,2,3,3,2,3,3,3,3,3,3,3,3,3,3,3,3,3,3,3,3,3,3
"20-07-2013",3,3,3,3,3,3,3,4,3,3,3,3,3,3,3,3,3,3,3,3,3,3,3,3
"21-07-2013",3,3,3,3,2,3,3,3,3,3,3,3,3,3,3,3,3,3,3,3,3,3,3,3
"22-07-2013",3,3,3,3,3,3,3,3,3,3,3,4,4,3,3,3,3,3,3,3,3,3,3,3
"23-07-2013",3,3,3,3,3,3,3,3,4,4,3,3,3,3,3,3,3,3,3,3,3,3,3,3
"24-07-2013",3,3,3,3,3,3,3,4,4,3,3,3,3,3,3,3,3,3,3,3,3,3,3,3
"25-07-2013",3,3,3,3,3,3,3,4,4,3,3,3,3,3,3,3,3,3,3,3,3,4,4,3
"26-07-2013",3,3,3,3,3,3,3,4,4,4,3,3,3,3,3,3,3,3,3,3,3,3,3,3
"27-07-2013",3,3,3,3,3,3,3,3,3,3,3,3,3,3,3,3,3,3,3,3,3,3,3,3
"28-07-2013",3,3,3,3,3,3,3,3,3,3,3,3,3,3,3,3,3,3,3,3,3,3,3,3
"29-07-2013",3,3,3,3,3,3,3,3,3,3,3,3,3,3,3,3,3,3,3,3,3,3,3,3
"30-07-2013",3,3,3,3,3,3,3,4,4,4,3,3,3,3,3,3,3,3,3,3,4,4,4,4
"31-07-2013",4,3,3,3,3,3,3,3,3,3,3,3,3,3,3,3,3,3,3,3,3,3,3,3
"01-08-2013",3,3,3,3,3,3,3,3,3,3,3,3,3,3,3,3,3,3,3,3,3,3,3,3
"02-08-2013",3,3,3,3,3,3,3,3,3,3,3,3,3,3,3,3,3,3,3,3,3,3,3,3
"03-08-2013",3,3,3,3,3,3,3,3,3,3,3,3,3,3,3,3,3,3,3,3,3,3,3,3
"04-08-2013",3,2,3,3,2,3,3,3,3,3,3,3,3,3,3,3,3,3,3,3,3,3,3,3
"05-08-2013",3,3,3,3,3,3,3,3,3,3,3,3,3,3,3,3,3,3,3,3,3,3,3,3
"06-08-2013",2,3,3,3,3,3,3,3,3,3,3,3,3,3,3,3,3,3,3,3,3,3,3,3
"07-08-2013",3,3,3,3,3,3,3,3,3,3,3,3,3,3,3,3,3,3,3,3,3,3,3,3
"08-08-2013",3,2,3,3,3,3,3,3,3,3,3,3,3,3,3,3,3,3,3,3,3,3,3,3
"09-08-2013",3,3,3,3,3,3,3,3,3,3,3,3,3,3,3,3,3,3,3,3,3,3,3,3
"10-08-2013",3,3,3,3,3,3,3,3,4,3,3,3,3,3,3,3,3,3,3,3,6,6,5,4
"11-08-2013",3,4,3,3,3,3,3,3,3,3,3,3,3,3,3,3,3,3,3,3,3,3,3,3
"12-08-2013",3,3,3,3,3,3,3,3,3,3,3,3,3,3,3,3,3,3,3,3,3,3,3,3
"13-08-2013",3,3,3,3,3,3,3,3,3,3,3,3,3,3,3,3,3,3,3,3,3,3,3,3
"14-08-2013",3,3,3,3,3,3,3,3,3,3,3,3,3,3,3,3,3,3,3,3,3,3,3,3
"15-08-2013",3,3,3,3,3,3,3,3,3,3,3,3,3,3,3,3,3,3,3,3,3,3,3,3
"16-08-2013",3,3,3,3,3,3,3,4,3,3,3,3,3,3,3,3,3,3,3,3,3,3,3,3
"17-08-2013",3,3,3,3,3,3,3,3,3,3,3,3,3,3,3,3,3,3,3,3,3,3,3,3
"18-08-2013",3,2,2,3,3,2,3,3,3,3,3,3,3,3,3,3,3,3,3,3,3,3,3,3
"19-08-2013",2,3,3,3,3,3,3,3,3,3,3,3,3,3,3,3,3,3,3,3,3,3,3,3
"20-08-2013",3,3,3,3,3,3,3,3,3,3,3,3,3,3,3,3,3,3,3,3,3,3,3,3
"21-08-2013",3,3,3,3,3,3,3,3,3,3,3,3,3,3,3,3,3,3,3,3,3,3,3,3
"22-08-2013",3,3,2,3,3,3,3,3,3,3,3,3,3,3,3,3,3,3,3,3,3,3,3,3
"23-08-2013",3,3,2,2,3,3,3,3,3,3,3,3,3,3,3,3,3,3,3,3,3,3,3,3
"24-08-2013",3,3,3,3,3,3,3,3,4,4,3,3,3,3,3,3,3,3,3,3,3,3,3,3
"25-08-2013",3,3,3,3,3,3,3,3,3,4,4,4,3,3,3,3,3,3,3,3,3,3,3,3
"26-08-2013",3,3,3,3,3,3,3,4,5,6,6,5,4,4,3,3,3,3,3,3,3,3,4,4
"27-08-2013",3,3,3,3,3,3,3,4,9,11,10,6,5,3,3,3,3,3,3,3,3,3,3,3
"28-08-2013",3,3,3,3,3,3,3,4,7,6,4,7,4,3,3,3,3,3,3,3,3,3,3,3
"29-08-2013",3,3,3,3,3,3,3,4,5,5,6,4,4,3,3,3,3,3,3,3,3,3,4,6
"30-08-2013",5,4,4,3,3,3,3,3,3,3,3,3,3,3,3,3,3,3,3,4,3,3,3,3
"31-08-2013",3,3,3,3,3,3,3,3,3,3,3,3,3,3,3,3,3,3,3,3,3,3,3,3
"01-09-2013",3,3,3,3,3,3,4,4,3,3,3,3,3,3,3,3,3,3,3,3,3,3,3,3
"02-09-2013",3,3,3,3,3,3,3,3,5,4,3,3,3,3,3,3,3,3,3,3,3,3,3,3
"03-09-2013",3,3,4,4,5,4,4,4,6,8,5,4,3,3,3,3,3,3,3,3,3,4,5,4
"04-09-2013",4,4,3,3,3,3,3,3,3,4,3,3,4,3,4,4,3,3,3,3,3,3,3,3
"05-09-2013",3,3,3,3,3,3,3,3,4,3,3,3,3,3,3,3,3,3,3,3,3,3,3,3
"06-09-2013",3,3,3,3,3,3,3,5,6,7,5,5,3,3,3,3,3,3,3,3,3,4,5,5
"07-09-2013",4,4,5,5,5,5,4,4,3,6,8,11,7,6,5,5,3,3,3,3,3,4,5,4
"08-09-2013",4,3,3,3,3,3,3,3,4,3,3,3,3,3,3,3,3,3,3,3,3,3,3,3
"09-09-2013",3,3,3,3,3,3,3,4,4,4,3,3,3,3,3,3,3,3,3,3,3,3,3,3
"10-09-2013",3,2,3,3,3,3,3,4,5,6,5,5,5,5,4,3,3,4,3,3,4,4,4,4
"11-09-2013",5,4,3,3,3,3,4,5,12,12,7,5,6,4,4,4,3,3,3,3,4,4,4,3
"12-09-2013",3,3,3,3,3,3,3,3,5,5,5,6,5,4,3,4,4,4,3,3,4,3,4,3
"13-09-2013",3,3,4,4,3,4,4,5,4,6,5,4,4,4,4,4,4,4,3,3,3,3,3,3
"14-09-2013",3,3,3,3,3,3,3,3,4,4,4,3,3,3,3,3,3,3,3,3,3,3,3,3
"15-09-2013",4,5,4,4,3,3,3,3,4,5,3,3,3,3,3,3,3,3,3,3,3,3,3,3
"16-09-2013",3,3,3,3,3,3,3,4,5,6,5,4,3,3,3,3,3,3,3,3,3,3,3,3
"17-09-2013",3,3,4,3,3,3,3,4,7,6,7,4,4,3,3,3,3,3,3,3,3,3,3,3
"18-09-2013",3,3,3,3,3,3,3,3,5,5,5,4,4,4,3,3,3,3,3,3,3,3,3,3
"19-09-2013",3,3,3,3,3,3,4,6,9,9,13,7,6,4,3,3,3,3,3,3,3,3,3,3
"20-09-2013",3,3,4,3,3,3,3,4,9,11,5,5,5,4,3,3,3,3,3,3,3,3,4,4
"21-09-2013",4,3,3,4,4,3,3,3,4,4,3,3,3,3,3,3,3,3,3,3,3,3,3,3
"22-09-2013",3,3,3,3,3,3,3,3,3,3,3,3,3,3,3,3,3,3,3,3,3,3,3,3
"23-09-2013",3,3,3,3,3,3,3,4,5,6,5,4,4,3,3,3,3,3,3,3,3,3,3,3
"24-09-2013",3,3,3,3,3,3,3,4,4,4,4,4,4,4,4,3,3,3,3,3,3,3,3,3
"25-09-2013",3,3,3,3,3,3,3,4,5,8,7,5,7,4,3,3,3,3,3,3,4,4,3,4
"26-09-2013",4,4,4,4,4,4,4,5,11,13,7,7,5,4,3,3,3,3,3,3,3,3,3,3
"27-09-2013",3,3,3,3,3,3,3,4,7,6,6,5,4,4,4,3,3,3,3,3,3,4,4,4
"28-09-2013",3,4,3,3,3,3,3,4,7,8,6,5,5,4,3,3,3,3,3,3,3,3,3,3
"29-09-2013",4,3,3,3,3,3,3,3,4,5,4,5,4,3,3,3,4,4,3,3,3,3,3,3
"30-09-2013",3,3,3,3,3,3,3,13,6,8,8,6,5,4,4,4,4,4,3,4,3,3,3,3
"01-10-2013",3,3,3,3,3,3,3,6,17,14,7,5,5,5,5,4,4,3,3,3,3,3,3,3
"02-10-2013",3,3,3,3,3,3,3,4,4,4,4,4,3,4,4,4,4,4,4,3,3,3,3,3
"03-10-2013",3,3,3,3,3,3,3,3,4,4,4,3,3,4,3,4,3,3,4,3,3,3,3,3
"04-10-2013",3,3,3,3,2,3,3,4,4,4,4,4,4,4,4,3,3,3,3,3,3,3,3,3
"05-10-2013",3,3,3,3,3,3,3,3,3,3,3,3,3,3,3,3,3,3,3,3,3,3,3,3
"06-10-2013",3,2,2,3,2,3,3,3,3,3,3,3,3,3,3,3,3,3,3,3,3,3,3,3
"07-10-2013",3,3,3,3,3,3,3,6,4,-9999,-9999,5,4,4,4,4,4,4,4,3,3,4,3,3
"08-10-2013",3,3,3,3,3,3,3,4,5,4,5,4,4,4,3,4,4,4,3,3,3,3,3,3
"09-10-2013",3,3,3,3,3,3,3,4,8,8,6,5,5,5,4,5,4,4,3,4,3,3,4,3
"10-10-2013",3,3,3,4,3,4,4,10,6,7,5,5,5,5,5,5,5,4,3,3,4,4,4,3
"11-10-2013",3,3,3,3,3,3,3,4,10,8,6,6,5,5,4,4,4,4,4,4,4,5,4,4
"12-10-2013",5,5,4,5,5,5,5,5,5,8,7,7,6,5,5,5,4,5,6,8,7,8,8,8
"13-10-2013",9,7,6,6,4,4,4,4,4,4,4,4,3,3,4,4,4,4,4,4,4,5,5,4
"14-10-2013",4,3,3,3,3,3,3,3,5,15,7,4,4,4,4,4,4,4,5,4,5,5,4,4
"15-10-2013",4,4,4,4,4,4,4,5,5,6,5,6,5,5,4,4,4,4,5,5,4,4,4,4
"16-10-2013",4,5,5,5,4,4,5,5,18,18,22,11,5,5,5,7,5,5,6,4,4,4,4,4
"17-10-2013",5,7,6,6,4,4,4,4,4,4,4,4,3,3,5,5,4,4,3,4,4,4,4,4
"18-10-2013",4,3,3,3,4,3,3,4,4,4,4,4,4,4,4,4,4,4,4,4,4,4,4,4
"19-10-2013",4,4,4,3,3,3,3,3,3,4,3,3,3,3,3,3,3,3,3,3,3,3,3,3
"20-10-2013",3,3,3,3,3,3,3,3,3,4,3,3,3,3,3,3,3,3,3,4,3,3,3,3
"21-10-2013",3,3,3,3,3,3,3,4,14,9,5,4,4,4,4,4,4,4,4,4,4,4,4,4
"22-10-2013",4,4,4,4,4,4,4,4,8,14,5,4,4,4,4,4,4,4,4,4,4,4,4,4
"23-10-2013",4,4,3,3,3,3,3,4,5,7,4,4,4,4,4,4,3,3,4,3,4,3,3,4
"24-10-2013",3,3,3,3,3,3,3,3,4,4,3,4,4,4,3,3,3,3,3,3,3,3,3,3
"25-10-2013",3,3,3,3,3,3,3,3,4,4,3,4,4,4,3,3,3,3,3,3,3,3,3,3
"26-10-2013",3,3,3,3,3,3,3,3,4,4,3,3,4,3,3,3,3,4,4,3,3,3,3,3
"27-10-2013",3,3,3,3,3,3,3,3,3,4,3,3,3,3,3,3,4,4,4,4,4,4,4,4
"28-10-2013",3,3,3,3,4,4,4,4,4,4,4,4,4,4,3,4,4,4,4,5,4,4,4,4
"29-10-2013",4,4,3,3,3,3,3,4,28,12,5,5,5,4,4,4,4,5,5,5,5,5,4,4
"30-10-2013",4,4,4,4,5,4,4,6,31,26,7,4,4,4,4,4,3,3,4,4,4,4,4,3
"31-10-2013",3,3,3,3,3,3,3,4,5,3,4,4,3,4,3,3,4,3,3,4,4,4,4,3
"01-11-2013",3,3,4,3,3,3,3,3,3,4,4,4,3,3,4,4,3,3,4,4,4,4,4,3
"02-11-2013",3,4,3,3,3,3,3,4,4,4,4,4,4,3,4,3,4,4,4,4,4,4,4,3
"03-11-2013",4,4,4,3,3,4,4,4,4,5,4,4,4,4,4,4,4,4,4,5,5,5,4,4
"04-11-2013",4,4,4,3,4,4,4,5,5,5,5,5,4,4,4,3,4,6,5,6,5,4,4,4
"05-11-2013",4,3,3,3,4,3,4,4,4,5,4,3,4,4,4,3,3,3,3,3,4,3,3,3
"06-11-2013",3,3,3,3,3,3,3,3,4,4,4,4,4,4,5,4,4,4,4,4,4,4,4,4
"07-11-2013",4,4,4,3,3,3,4,4,4,4,4,4,4,4,4,3,3,4,5,5,4,4,4,3
"08-11-2013",3,3,3,3,3,3,3,4,6,6,4,4,3,4,4,4,5,5,5,7,5,4,4,4
"09-11-2013",4,3,3,4,4,4,4,4,4,5,5,5,4,4,4,4,4,4,5,5,5,5,4,4
"10-11-2013",4,4,4,3,4,4,3,4,4,4,4,4,4,4,4,4,4,5,5,5,4,4,4,4
"11-11-2013",4,4,4,4,4,4,4,4,4,4,4,4,4,4,3,3,3,4,4,4,4,4,4,3
"12-11-2013",4,3,3,3,4,3,4,4,4,4,4,4,4,4,4,4,4,4,4,4,4,4,4,3
"13-11-2013",3,3,3,3,3,3,4,4,4,4,4,4,4,4,4,4,4,4,4,4,3,4,4,3
"14-11-2013",3,3,3,3,4,3,3,4,5,4,4,4,4,4,4,4,4,4,4,4,4,4,4,3
"15-11-2013",3,3,3,3,3,3,3,3,4,4,4,4,4,3,3,4,3,3,3,3,3,3,3,3
"16-11-2013",3,3,3,3,3,3,3,3,3,4,4,4,3,3,4,3,3,3,3,4,3,4,4,4
"17-11-2013",3,3,3,3,3,3,3,3,3,4,3,3,3,4,3,3,3,3,3,4,4,4,3,3
"18-11-2013",3,4,3,3,3,3,3,3,4,4,4,4,4,4,4,4,3,4,4,4,4,4,4,3
"19-11-2013",3,3,3,3,3,3,4,5,9,4,4,4,4,3,4,4,4,4,4,4,4,3,3,3
"20-11-2013",3,3,3,3,3,3,3,3,5,4,5,5,5,4,4,4,4,5,6,4,4,4,4,4
"21-11-2013",3,3,3,3,4,3,4,4,4,5,5,3,4,4,3,4,4,4,3,3,4,4,4,3
"22-11-2013",3,3,3,3,3,4,6,5,5,5,5,5,5,5,4,4,4,4,4,5,4,4,4,3
"23-11-2013",3,3,3,3,3,3,3,4,4,4,4,4,3,3,3,3,3,4,4,3,4,3,4,3
"24-11-2013",3,3,3,3,3,3,3,3,3,3,3,3,3,3,3,3,4,3,3,3,4,3,4,3
"25-11-2013",3,3,3,3,3,4,4,4,6,4,8,5,6,4,4,4,4,4,4,5,5,4,3,3
"26-11-2013",4,3,3,3,3,3,4,5,4,11,27,6,4,4,4,4,6,7,5,4,3,3,3,4
"27-11-2013",4,3,4,4,4,4,3,4,6,5,4,4,3,4,4,4,4,4,4,4,4,4,3,4
"28-11-2013",4,4,3,3,3,4,3,4,5,4,4,4,4,4,4,4,3,4,4,4,4,4,3,3
"29-11-2013",3,3,3,3,3,3,3,4,5,5,4,4,5,5,4,5,5,5,4,4,4,3,3,3
"30-11-2013",4,3,3,3,3,3,3,3,4,3,4,4,3,4,4,4,4,4,4,4,3,4,3,3
"01-12-2013",3,3,3,3,3,3,3,3,3,3,4,4,3,3,4,4,4,3,4,3,3,3,4,3
"02-12-2013",3,3,4,3,3,3,4,4,5,6,5,5,5,6,5,4,4,4,4,4,4,4,4,4
"03-12-2013",4,3,3,3,3,3,3,3,4,4,3,3,3,3,3,3,4,3,4,3,4,3,3,3
"04-12-2013",3,3,3,3,3,3,3,3,4,4,4,4,4,4,4,4,4,4,4,4,4,4,4,3
"05-12-2013",3,3,3,3,3,3,4,6,7,9,9,-9999,-9999,6,5,6,6,6,7,5,5,4,4,4
"06-12-2013",4,4,4,4,4,4,4,5,5,7,5,5,6,5,4,4,6,5,4,4,4,5,5,4
"07-12-2013",4,4,4,4,4,4,4,5,5,5,6,5,5,5,5,4,4,4,4,4,4,4,4,4
"08-12-2013",4,4,4,4,4,4,4,4,4,4,4,4,5,4,4,4,4,5,4,5,4,4,4,4
"09-12-2013",4,4,4,4,4,4,4,4,4,5,5,6,5,5,4,4,4,4,4,4,4,4,4,4
"10-12-2013",4,4,4,4,4,4,4,5,6,7,5,5,4,4,4,4,4,4,4,4,4,4,4,4
"11-12-2013",4,4,4,4,4,4,4,4,4,4,4,4,4,5,4,4,4,4,4,4,4,4,4,4
"12-12-2013",4,4,4,4,4,4,4,5,6,6,5,5,5,5,5,4,4,4,4,4,4,4,4,4
"13-12-2013",4,4,4,4,4,4,5,7,6,7,7,5,5,5,6,6,6,7,6,7,5,5,4,4
"14-12-2013",4,4,4,4,4,4,4,5,6,8,8,5,5,5,5,5,5,4,5,5,4,5,5,4
"15-12-2013",4,4,4,4,4,4,4,4,5,6,6,6,5,5,5,4,4,4,5,5,5,5,4,4
"16-12-2013",4,4,4,4,4,4,4,4,5,5,5,5,5,5,4,4,4,5,4,4,4,4,4,4
"17-12-2013",4,4,4,4,4,4,4,4,4,4,4,4,5,4,4,4,4,4,4,4,4,4,4,4
"18-12-2013",4,4,4,4,4,4,4,4,5,5,5,5,4,5,4,4,4,4,4,4,4,5,4,4
"19-12-2013",4,4,4,4,4,4,4,4,4,5,6,5,5,5,5,4,4,5,6,6,6,5,5,5
"20-12-2013",4,4,4,4,4,4,5,5,5,5,5,5,5,5,5,5,5,4,5,6,8,4,5,4
"21-12-2013",4,4,4,4,4,5,4,5,5,5,6,5,5,5,5,5,5,5,5,5,5,5,5,5
"22-12-2013",4,4,4,4,4,4,4,4,4,5,5,5,5,5,4,5,5,5,5,5,5,5,4,4
"23-12-2013",4,4,4,4,4,4,4,4,19,5,8,7,6,5,5,5,4,5,5,7,5,5,5,5
"24-12-2013",5,5,4,4,4,4,4,4,5,5,4,5,4,5,4,8,5,4,4,5,4,4,5,4
"25-12-2013",4,4,4,4,4,4,4,4,4,4,4,4,4,4,5,5,4,4,4,4,4,4,4,4
"26-12-2013",4,4,4,4,4,4,4,4,5,4,4,4,4,4,4,4,4,4,4,4,4,4,4,4
"27-12-2013",4,4,4,4,4,4,4,4,4,4,4,4,4,4,4,4,4,4,4,4,4,4,4,4
"28-12-2013",4,4,4,4,4,4,4,4,4,4,4,4,4,4,4,4,4,4,4,4,4,4,4,4
"29-12-2013",4,4,4,4,4,4,4,4,4,4,5,4,4,4,5,4,4,4,4,4,4,5,4,4
"30-12-2013",4,4,4,4,4,4,4,4,5,5,5,5,5,5,5,4,4,4,4,5,4,4,4,4
"31-12-2013",4,4,4,4,4,4,4,4,4,4,4,5,4,4,5,4,4,4,4,4,4,5,5,4
