"01-01-2010",64,51,30,30,34,19,19,13,14,15,15,10,6,7,6,6,5,6,7,10,10,7,6,10
"02-01-2010",6,5,4,5,5,21,8,6,6,9,6,5,5,5,5,6,7,9,11,7,8,8,6,7
"03-01-2010",10,5,10,4,4,4,5,6,10,11,6,8,9,13,13,14,12,26,34,24,15,26,20,33
"04-01-2010",14,23,24,32,76,81,83,102,118,126,33,28,31,27,24,50,79,95,80,73,58,33,30,32
"05-01-2010",25,25,19,33,45,64,57,126,122,114,81,50,35,30,30,24,21,27,19,20,20,14,11,11
"06-01-2010",11,7,6,9,8,7,13,15,12,15,11,13,9,8,9,11,13,14,19,17,18,20,24,19
"07-01-2010",18,10,6,17,24,20,18,29,33,43,25,26,19,19,20,19,20,26,72,80,108,110,93,74
"08-01-2010",78,65,70,69,78,79,94,-9999,-9999,-9999,-9999,89,71,56,38,56,81,88,83,110,119,98,59,100
"09-01-2010",52,24,18,16,42,31,80,47,26,24,19,17,14,15,12,13,20,19,41,28,20,26,20,22
"10-01-2010",11,17,20,8,8,8,9,24,16,18,7,8,7,7,6,13,13,9,10,12,23,11,8,6
"11-01-2010",8,8,7,12,19,22,47,43,83,38,26,16,10,11,14,14,16,20,24,49,63,74,42,79
"12-01-2010",28,55,37,51,68,100,121,115,140,158,76,52,93,60,53,48,61,121,85,85,67,74,47,62
"13-01-2010",47,42,31,41,50,67,43,52,51,35,17,21,33,39,59,59,60,120,131,116,58,61,49,42
"14-01-2010",28,36,26,41,34,54,79,118,83,68,58,39,26,56,30,32,63,58,33,29,25,25,17,18
"15-01-2010",14,12,15,16,18,24,25,55,51,51,21,20,60,47,52,54,83,-9999,86,56,46,37,30,35
"16-01-2010",33,43,42,41,36,26,25,39,59,70,30,30,26,30,27,33,33,29,41,39,45,38,28,21
"17-01-2010",15,12,10,10,11,16,23,24,25,26,26,29,29,27,26,35,29,49,43,19,15,17,16,15
"18-01-2010",10,10,10,14,12,18,14,30,41,30,30,17,21,26,19,22,27,27,27,32,60,61,32,18
"19-01-2010",35,14,13,16,19,34,49,40,54,26,27,48,54,39,44,46,51,52,55,58,58,20,22,21
"20-01-2010",22,16,15,15,17,25,20,38,79,37,29,29,27,29,36,53,60,89,59,63,36,33,41,30
"21-01-2010",28,30,41,44,45,39,30,60,84,60,66,75,31,25,41,65,65,45,42,52,48,48,30,34
"22-01-2010",16,10,13,17,35,41,39,53,58,45,73,56,35,32,46,49,63,70,71,63,45,50,26,21
"23-01-2010",22,14,22,18,26,25,45,37,40,54,19,37,43,41,45,37,34,37,34,37,51,37,55,33
"24-01-2010",34,15,20,37,65,35,21,41,34,32,34,39,33,25,32,29,36,53,48,52,45,52,54,44
"25-01-2010",33,24,14,30,34,44,68,103,111,60,57,50,53,48,38,49,67,55,66,44,27,17,18,32
"26-01-2010",28,28,14,29,32,34,75,74,96,74,63,46,58,54,47,68,67,63,51,52,42,31,21,21
"27-01-2010",18,16,20,15,20,19,19,46,60,30,55,80,84,112,82,102,95,65,32,30,34,34,30,34
"28-01-2010",20,17,22,27,26,27,28,39,53,35,34,38,72,42,76,90,107,108,114,94,100,100,93,108
"29-01-2010",80,57,25,31,53,60,48,67,75,96,36,20,41,78,32,21,42,118,119,88,58,72,82,62
"30-01-2010",59,52,74,74,71,88,94,124,169,139,81,46,23,10,9,12,10,18,30,21,30,50,86,32
"31-01-2010",24,28,14,15,8,9,15,14,16,15,13,11,9,7,7,7,6,7,7,7,10,25,10,14
"01-02-2010",14,22,30,40,30,27,49,26,27,16,12,13,10,13,27,19,10,20,50,38,26,31,56,48
"02-02-2010",31,49,50,47,38,21,40,40,35,56,63,42,39,53,42,45,45,57,83,76,36,21,17,20
"03-02-2010",24,16,47,32,17,41,46,74,49,46,15,19,24,18,19,26,32,67,72,62,68,52,39,33
"04-02-2010",37,32,31,37,76,70,82,-9999,-9999,-9999,68,47,44,38,28,29,37,108,96,66,55,40,48,78
"05-02-2010",58,76,35,51,58,48,61,-9999,-9999,-9999,-9999,97,35,36,38,37,33,53,71,58,52,64,41,51
"06-02-2010",72,32,49,63,56,68,63,76,88,145,73,34,30,38,33,22,21,17,17,15,15,16,32,41
"07-02-2010",34,40,41,28,43,32,31,35,63,70,67,39,29,34,51,48,42,64,47,21,21,33,28,34
"08-02-2010",52,50,40,59,57,72,57,47,49,68,36,45,45,57,67,57,46,48,51,54,57,64,42,25
"09-02-2010",24,21,20,22,27,34,47,66,67,43,58,57,40,44,40,47,56,56,53,46,49,33,31,25
"10-02-2010",16,13,12,17,28,38,72,86,66,52,52,46,51,35,36,48,18,11,14,12,13,12,9,8
"11-02-2010",21,35,39,45,17,7,17,51,27,17,18,11,9,14,12,13,15,27,26,23,37,31,28,41
"12-02-2010",84,76,35,35,58,97,79,-9999,-9999,37,25,23,23,23,14,13,17,19,15,11,22,27,22,12
"13-02-2010",12,6,10,24,13,17,18,76,69,23,12,13,12,9,11,13,7,8,13,17,23,25,46,43
"14-02-2010",30,26,22,19,26,17,55,110,72,83,45,58,42,40,35,35,42,61,78,89,79,42,35,49
"15-02-2010",38,31,16,16,19,14,6,6,13,8,7,7,6,6,7,10,8,10,15,12,22,18,59,46
"16-02-2010",40,41,36,30,45,86,75,-9999,-9999,-9999,73,30,25,36,36,35,37,77,103,99,123,107,90,71
"17-02-2010",57,78,45,45,48,48,-9999,-9999,-9999,68,33,27,25,21,14,14,22,39,61,57,71,27,20,8
"18-02-2010",17,10,21,22,17,56,26,50,54,69,13,10,15,21,20,17,9,11,52,19,26,11,17,44
"19-02-2010",11,37,27,35,46,80,84,99,64,120,40,44,33,30,23,51,59,71,61,44,31,19,28,7
"20-02-2010",13,25,14,23,21,42,47,44,56,20,22,27,20,9,13,20,17,24,11,13,19,17,13,11
"21-02-2010",10,5,10,6,4,7,5,6,7,5,5,5,10,5,5,5,5,4,6,8,31,42,30,24
"22-02-2010",20,34,28,14,47,52,66,77,72,76,84,35,36,36,30,34,31,43,56,62,46,56,83,82
"23-02-2010",56,47,32,46,49,70,-9999,-9999,-9999,-9999,-9999,89,22,19,14,19,34,35,29,23,44,34,39,66
"24-02-2010",31,47,46,47,42,55,33,61,56,-9999,-9999,34,30,28,30,29,27,28,39,98,88,14,8,22
"25-02-2010",46,22,47,38,35,26,19,38,95,34,29,38,28,21,30,34,45,60,94,61,42,40,38,33
"26-02-2010",41,53,49,43,21,23,53,95,62,20,13,13,31,28,32,39,20,19,42,86,30,14,24,18
"27-02-2010",17,10,9,22,33,55,64,-9999,-9999,23,15,13,13,25,26,22,21,37,37,23,20,21,17,10
"28-02-2010",8,7,9,19,26,17,42,50,33,14,14,11,16,12,11,15,23,47,-9999,65,53,86,50,81
"01-03-2010",-9999,-9999,-9999,-9999,-9999,-9999,-9999,-9999,-9999,-9999,-9999,-9999,-9999,-9999,-9999,-9999,-9999,-9999,-9999,-9999,-9999,-9999,-9999,62
"02-03-2010",59,68,61,46,63,74,65,-9999,-9999,-9999,-9999,63,40,23,28,28,36,37,31,51,16,52,26,22
"03-03-2010",27,30,21,69,45,37,78,-9999,-9999,55,36,23,24,24,17,19,33,42,71,94,89,85,62,116
"04-03-2010",100,68,78,84,83,94,-9999,-9999,-9999,73,47,30,18,13,15,16,17,22,41,48,41,22,8,6
"05-03-2010",7,20,8,10,11,8,12,9,15,9,8,7,7,6,6,7,9,11,7,7,8,8,38,19
"06-03-2010",20,31,19,8,5,4,7,10,11,6,5,6,6,6,6,7,8,15,31,34,38,30,35,29
"07-03-2010",35,17,13,19,18,18,23,34,34,39,35,31,25,32,26,30,29,36,32,38,37,41,38,29
"08-03-2010",13,13,9,9,11,12,20,25,50,23,32,21,30,25,16,15,16,20,16,16,13,11,14,13
"09-03-2010",11,11,9,9,11,10,11,21,23,15,21,19,29,23,31,38,35,37,46,38,24,24,35,30
"10-03-2010",13,11,12,12,12,22,52,68,74,59,62,41,36,32,56,66,45,32,43,89,44,35,46,21
"11-03-2010",14,15,13,15,26,21,15,16,24,14,28,53,33,39,47,32,26,39,95,70,78,60,55,49
"12-03-2010",58,32,13,28,28,27,19,33,27,10,9,8,7,9,8,8,9,14,13,15,21,21,24,45
"13-03-2010",50,34,31,39,22,44,70,79,50,54,37,29,24,22,26,29,33,47,86,65,45,58,49,30
"14-03-2010",41,26,19,14,12,16,21,13,29,20,20,25,27,27,23,28,23,20,16,12,14,9,9,11
"15-03-2010",12,9,11,13,11,16,20,33,39,27,24,35,29,26,28,32,28,37,78,84,46,40,37,29
"16-03-2010",27,56,43,50,37,64,62,63,72,20,28,22,17,16,22,26,28,36,60,65,62,78,91,121
"17-03-2010",89,89,85,77,64,59,75,104,99,44,34,28,29,24,27,25,21,23,48,46,37,25,21,14
"18-03-2010",18,16,34,28,23,48,84,57,93,41,28,24,21,20,18,14,19,27,75,72,65,109,111,94
"19-03-2010",72,52,53,48,58,53,49,71,91,57,50,25,19,30,19,23,24,36,56,66,60,42,73,49
"20-03-2010",63,33,48,48,59,53,59,82,32,80,55,36,20,20,21,24,27,42,59,50,72,64,62,72
"21-03-2010",61,34,42,26,27,22,30,28,30,10,13,19,15,17,18,19,21,22,25,39,75,80,94,34
"22-03-2010",28,20,16,26,18,21,26,36,51,45,31,48,39,-9999,-9999,-9999,-9999,-9999,-9999,-9999,-9999,-9999,-9999,-9999
"23-03-2010",-9999,-9999,-9999,-9999,-9999,-9999,-9999,-9999,-9999,-9999,-9999,-9999,-9999,-9999,-9999,-9999,-9999,-9999,-9999,-9999,-9999,-9999,-9999,-9999
"24-03-2010",-9999,-9999,-9999,-9999,-9999,-9999,-9999,-9999,-9999,-9999,-9999,-9999,-9999,-9999,-9999,-9999,-9999,-9999,-9999,-9999,-9999,-9999,-9999,-9999
"25-03-2010",-9999,-9999,-9999,-9999,-9999,-9999,-9999,-9999,-9999,-9999,-9999,-9999,-9999,-9999,-9999,-9999,-9999,-9999,-9999,-9999,-9999,-9999,-9999,-9999
"26-03-2010",-9999,-9999,-9999,-9999,-9999,-9999,-9999,-9999,-9999,-9999,-9999,-9999,-9999,-9999,-9999,-9999,-9999,-9999,-9999,-9999,-9999,-9999,-9999,-9999
"27-03-2010",-9999,-9999,-9999,-9999,-9999,-9999,-9999,-9999,-9999,-9999,-9999,-9999,-9999,-9999,-9999,-9999,-9999,-9999,-9999,-9999,-9999,-9999,-9999,-9999
"28-03-2010",-9999,-9999,-9999,-9999,-9999,-9999,-9999,-9999,-9999,-9999,-9999,-9999,-9999,-9999,-9999,-9999,-9999,-9999,-9999,-9999,-9999,-9999,-9999,-9999
"29-03-2010",-9999,-9999,-9999,-9999,-9999,-9999,-9999,-9999,-9999,-9999,-9999,-9999,-9999,-9999,-9999,-9999,-9999,-9999,-9999,-9999,-9999,-9999,-9999,-9999
"30-03-2010",-9999,-9999,-9999,-9999,-9999,-9999,-9999,-9999,-9999,-9999,-9999,-9999,-9999,-9999,-9999,-9999,-9999,-9999,-9999,-9999,-9999,-9999,-9999,-9999
"31-03-2010",-9999,-9999,-9999,-9999,-9999,-9999,-9999,-9999,-9999,-9999,-9999,-9999,-9999,-9999,-9999,-9999,-9999,-9999,-9999,-9999,-9999,-9999,-9999,-9999
"01-04-2010",-9999,-9999,-9999,-9999,-9999,-9999,-9999,-9999,-9999,-9999,-9999,-9999,-9999,-9999,-9999,-9999,-9999,-9999,-9999,-9999,-9999,-9999,-9999,-9999
"02-04-2010",-9999,-9999,-9999,-9999,-9999,-9999,-9999,-9999,-9999,-9999,-9999,-9999,-9999,-9999,-9999,-9999,-9999,-9999,-9999,-9999,-9999,-9999,-9999,-9999
"03-04-2010",-9999,-9999,-9999,-9999,-9999,-9999,-9999,-9999,-9999,-9999,-9999,-9999,-9999,-9999,-9999,-9999,-9999,-9999,-9999,-9999,-9999,-9999,-9999,-9999
"04-04-2010",-9999,-9999,-9999,-9999,-9999,-9999,-9999,-9999,-9999,-9999,-9999,-9999,-9999,-9999,-9999,-9999,-9999,-9999,-9999,-9999,-9999,-9999,-9999,-9999
"05-04-2010",-9999,-9999,-9999,-9999,-9999,-9999,-9999,-9999,-9999,-9999,-9999,-9999,-9999,-9999,-9999,-9999,-9999,-9999,-9999,-9999,-9999,-9999,-9999,-9999
"06-04-2010",-9999,-9999,-9999,-9999,-9999,-9999,-9999,-9999,-9999,-9999,-9999,-9999,-9999,-9999,-9999,-9999,-9999,-9999,-9999,-9999,-9999,-9999,-9999,-9999
"07-04-2010",-9999,-9999,-9999,-9999,-9999,-9999,-9999,-9999,-9999,-9999,-9999,-9999,-9999,-9999,-9999,-9999,-9999,-9999,-9999,-9999,-9999,-9999,-9999,-9999
"08-04-2010",-9999,-9999,-9999,-9999,-9999,-9999,-9999,-9999,-9999,-9999,-9999,-9999,-9999,-9999,-9999,-9999,-9999,-9999,-9999,-9999,-9999,-9999,-9999,-9999
"09-04-2010",-9999,-9999,-9999,-9999,-9999,-9999,-9999,-9999,-9999,-9999,-9999,-9999,-9999,-9999,-9999,-9999,-9999,-9999,-9999,-9999,-9999,-9999,-9999,-9999
"10-04-2010",-9999,-9999,-9999,-9999,-9999,-9999,-9999,-9999,-9999,-9999,-9999,-9999,-9999,-9999,-9999,-9999,-9999,-9999,-9999,-9999,-9999,-9999,-9999,-9999
"11-04-2010",-9999,-9999,-9999,-9999,-9999,-9999,-9999,-9999,-9999,-9999,-9999,-9999,-9999,-9999,-9999,-9999,-9999,-9999,-9999,-9999,-9999,-9999,-9999,-9999
"12-04-2010",-9999,-9999,-9999,-9999,-9999,-9999,-9999,-9999,-9999,-9999,-9999,-9999,-9999,-9999,-9999,-9999,-9999,-9999,-9999,-9999,-9999,-9999,-9999,-9999
"13-04-2010",-9999,-9999,-9999,-9999,-9999,-9999,-9999,-9999,-9999,-9999,-9999,-9999,-9999,-9999,-9999,-9999,-9999,-9999,-9999,-9999,-9999,-9999,-9999,-9999
"14-04-2010",-9999,-9999,-9999,-9999,-9999,-9999,-9999,-9999,-9999,-9999,-9999,-9999,-9999,-9999,-9999,-9999,-9999,-9999,-9999,-9999,-9999,-9999,-9999,-9999
"15-04-2010",-9999,-9999,-9999,-9999,-9999,-9999,-9999,-9999,-9999,-9999,-9999,-9999,-9999,-9999,-9999,-9999,-9999,-9999,-9999,-9999,-9999,-9999,-9999,-9999
"16-04-2010",-9999,-9999,-9999,-9999,-9999,-9999,-9999,-9999,-9999,-9999,-9999,-9999,-9999,-9999,-9999,-9999,-9999,-9999,-9999,-9999,-9999,-9999,-9999,-9999
"17-04-2010",-9999,-9999,-9999,-9999,-9999,-9999,-9999,-9999,-9999,-9999,-9999,-9999,-9999,-9999,-9999,-9999,-9999,-9999,-9999,-9999,-9999,-9999,-9999,-9999
"18-04-2010",-9999,-9999,-9999,-9999,-9999,-9999,-9999,-9999,-9999,-9999,-9999,-9999,-9999,-9999,-9999,-9999,-9999,-9999,-9999,-9999,-9999,-9999,-9999,-9999
"19-04-2010",-9999,-9999,-9999,-9999,-9999,-9999,-9999,-9999,-9999,-9999,-9999,-9999,-9999,-9999,-9999,-9999,-9999,-9999,-9999,-9999,-9999,-9999,-9999,-9999
"20-04-2010",-9999,-9999,-9999,-9999,-9999,-9999,-9999,-9999,-9999,-9999,-9999,-9999,-9999,-9999,-9999,-9999,-9999,-9999,-9999,-9999,-9999,-9999,-9999,-9999
"21-04-2010",-9999,-9999,-9999,-9999,-9999,-9999,-9999,-9999,-9999,-9999,-9999,-9999,-9999,-9999,-9999,-9999,-9999,-9999,-9999,-9999,-9999,-9999,-9999,-9999
"22-04-2010",-9999,-9999,-9999,-9999,-9999,-9999,-9999,-9999,-9999,-9999,-9999,-9999,-9999,-9999,-9999,-9999,-9999,-9999,-9999,-9999,-9999,-9999,-9999,-9999
"23-04-2010",-9999,-9999,-9999,-9999,-9999,-9999,-9999,-9999,-9999,-9999,-9999,-9999,-9999,-9999,-9999,-9999,-9999,-9999,-9999,-9999,-9999,-9999,-9999,-9999
"24-04-2010",-9999,-9999,-9999,-9999,-9999,-9999,-9999,-9999,-9999,-9999,-9999,-9999,-9999,-9999,-9999,-9999,-9999,-9999,-9999,-9999,-9999,-9999,-9999,-9999
"25-04-2010",-9999,-9999,-9999,-9999,-9999,-9999,-9999,-9999,-9999,-9999,-9999,-9999,-9999,-9999,-9999,-9999,-9999,-9999,-9999,-9999,-9999,-9999,-9999,-9999
"26-04-2010",-9999,-9999,-9999,-9999,-9999,-9999,-9999,-9999,-9999,-9999,-9999,-9999,-9999,-9999,-9999,-9999,-9999,-9999,-9999,-9999,-9999,-9999,-9999,-9999
"27-04-2010",-9999,-9999,-9999,-9999,-9999,-9999,-9999,-9999,-9999,-9999,-9999,-9999,-9999,-9999,-9999,-9999,-9999,-9999,-9999,-9999,-9999,-9999,-9999,-9999
"28-04-2010",-9999,-9999,-9999,-9999,-9999,-9999,-9999,-9999,-9999,-9999,-9999,-9999,-9999,-9999,-9999,-9999,-9999,-9999,-9999,-9999,-9999,-9999,-9999,-9999
"29-04-2010",-9999,-9999,-9999,-9999,-9999,-9999,-9999,-9999,-9999,-9999,-9999,-9999,-9999,-9999,-9999,-9999,-9999,-9999,-9999,-9999,-9999,-9999,-9999,-9999
"30-04-2010",-9999,-9999,-9999,-9999,-9999,-9999,-9999,-9999,-9999,-9999,-9999,-9999,-9999,-9999,-9999,-9999,-9999,-9999,-9999,-9999,-9999,-9999,-9999,-9999
"01-05-2010",-9999,-9999,-9999,-9999,-9999,-9999,-9999,-9999,-9999,-9999,-9999,-9999,-9999,-9999,-9999,-9999,-9999,-9999,-9999,-9999,-9999,-9999,-9999,-9999
"02-05-2010",-9999,-9999,-9999,-9999,-9999,-9999,-9999,-9999,-9999,-9999,-9999,-9999,-9999,-9999,-9999,-9999,-9999,-9999,-9999,-9999,-9999,-9999,-9999,-9999
"03-05-2010",-9999,-9999,-9999,-9999,-9999,-9999,-9999,-9999,-9999,-9999,-9999,-9999,-9999,-9999,-9999,-9999,-9999,-9999,-9999,-9999,-9999,-9999,-9999,-9999
"04-05-2010",-9999,-9999,-9999,-9999,-9999,-9999,-9999,-9999,-9999,-9999,-9999,-9999,-9999,-9999,-9999,-9999,-9999,-9999,-9999,-9999,-9999,-9999,-9999,-9999
"05-05-2010",-9999,-9999,-9999,-9999,-9999,-9999,-9999,-9999,-9999,-9999,-9999,-9999,-9999,-9999,-9999,-9999,-9999,-9999,-9999,-9999,-9999,-9999,-9999,-9999
"06-05-2010",-9999,-9999,-9999,-9999,-9999,-9999,-9999,-9999,-9999,-9999,-9999,-9999,-9999,-9999,-9999,-9999,-9999,-9999,-9999,-9999,-9999,-9999,-9999,-9999
"07-05-2010",-9999,-9999,-9999,-9999,-9999,-9999,-9999,-9999,-9999,-9999,-9999,-9999,-9999,-9999,-9999,-9999,-9999,-9999,-9999,-9999,-9999,-9999,-9999,-9999
"08-05-2010",-9999,-9999,-9999,-9999,-9999,-9999,-9999,-9999,-9999,-9999,-9999,-9999,-9999,-9999,-9999,-9999,-9999,-9999,-9999,-9999,-9999,-9999,-9999,-9999
"09-05-2010",-9999,-9999,-9999,-9999,-9999,-9999,-9999,-9999,-9999,-9999,-9999,-9999,-9999,-9999,-9999,-9999,-9999,-9999,-9999,-9999,-9999,-9999,-9999,-9999
"10-05-2010",-9999,-9999,-9999,-9999,-9999,-9999,-9999,-9999,-9999,-9999,-9999,-9999,-9999,-9999,-9999,-9999,-9999,-9999,-9999,-9999,-9999,-9999,-9999,-9999
"11-05-2010",-9999,-9999,-9999,-9999,-9999,-9999,-9999,-9999,-9999,-9999,-9999,-9999,-9999,-9999,-9999,-9999,-9999,-9999,-9999,-9999,-9999,-9999,-9999,-9999
"12-05-2010",-9999,-9999,-9999,-9999,-9999,-9999,-9999,-9999,-9999,-9999,-9999,-9999,-9999,-9999,-9999,-9999,-9999,-9999,-9999,-9999,-9999,-9999,-9999,-9999
"13-05-2010",-9999,-9999,-9999,-9999,-9999,-9999,-9999,-9999,-9999,-9999,-9999,-9999,-9999,-9999,-9999,-9999,-9999,-9999,-9999,-9999,-9999,-9999,-9999,-9999
"14-05-2010",-9999,-9999,-9999,-9999,-9999,-9999,-9999,-9999,-9999,-9999,-9999,-9999,-9999,-9999,-9999,-9999,-9999,-9999,-9999,-9999,-9999,-9999,-9999,-9999
"15-05-2010",-9999,-9999,-9999,-9999,-9999,-9999,-9999,-9999,-9999,-9999,-9999,-9999,-9999,-9999,-9999,-9999,-9999,-9999,-9999,-9999,-9999,-9999,-9999,-9999
"16-05-2010",-9999,-9999,-9999,-9999,-9999,-9999,-9999,-9999,-9999,-9999,-9999,-9999,-9999,-9999,-9999,-9999,-9999,-9999,-9999,-9999,-9999,-9999,-9999,-9999
"17-05-2010",-9999,-9999,-9999,-9999,-9999,-9999,-9999,-9999,-9999,-9999,-9999,-9999,-9999,-9999,-9999,-9999,-9999,-9999,-9999,-9999,-9999,-9999,-9999,-9999
"18-05-2010",11,10,11,10,15,23,22,32,37,33,30,25,21,25,35,6,5,8,4,8,15,11,7,12
"19-05-2010",22,19,15,10,6,23,29,30,11,13,14,9,11,13,10,5,7,11,17,18,22,18,27,28
"20-05-2010",33,41,48,37,22,29,27,25,30,11,10,9,8,12,6,4,3,3,5,12,12,12,5,5
"21-05-2010",4,4,6,5,10,5,13,16,8,14,15,10,23,21,24,35,12,19,13,11,20,17,9,6
"22-05-2010",5,3,4,7,4,5,11,24,6,11,7,7,8,5,6,5,4,5,5,8,24,17,12,5
"23-05-2010",12,8,13,7,3,3,12,7,5,10,25,7,4,7,6,8,5,3,3,8,25,11,11,11
"24-05-2010",12,11,4,9,22,31,31,25,17,16,6,9,6,7,7,6,8,9,10,16,11,21,47,36
"25-05-2010",39,22,10,12,6,10,9,27,16,25,18,11,11,9,10,8,7,6,7,11,28,50,66,31
"26-05-2010",32,19,17,24,29,32,45,34,34,32,19,9,7,8,7,9,7,8,8,14,23,32,27,32
"27-05-2010",19,18,22,37,36,18,14,16,16,13,20,10,6,4,7,8,6,6,11,17,35,44,41,28
"28-05-2010",39,36,18,6,7,7,8,21,7,8,14,11,23,16,10,11,11,13,19,21,23,18,14,11
"29-05-2010",17,8,2,3,3,4,6,8,9,16,15,13,14,8,5,5,4,4,8,14,19,17,20,19
"30-05-2010",21,22,13,13,10,11,12,10,20,18,13,8,16,6,5,5,7,8,15,19,25,23,19,15
"31-05-2010",41,10,9,19,44,50,29,46,56,41,23,15,13,5,6,7,6,5,5,6,7,20,38,39
"01-06-2010",23,16,13,36,32,33,57,74,28,14,11,21,16,14,18,17,15,8,20,21,11,13,8,-9999
"02-06-2010",-9999,-9999,-9999,-9999,-9999,18,11,11,9,9,11,9,8,8,8,8,9,12,15,15,11,16,22,24
"03-06-2010",25,19,16,32,34,35,34,14,7,9,9,6,8,8,7,8,7,7,8,11,17,23,27,20
"04-06-2010",40,52,21,32,39,36,32,29,20,6,6,12,10,10,15,14,11,13,9,9,19,30,24,15
"05-06-2010",22,13,10,18,18,10,15,14,36,7,9,8,7,5,5,7,10,11,9,3,5,7,14,6
"06-06-2010",5,2,2,1,1,1,3,10,11,10,6,6,5,6,5,8,5,5,7,18,27,25,14,22
"07-06-2010",26,10,16,33,20,11,17,16,29,25,10,7,6,6,5,5,5,4,7,12,18,18,25,20
"08-06-2010",27,18,29,18,18,17,27,25,11,24,30,17,6,6,5,6,6,5,6,7,18,42,33,40
"09-06-2010",29,11,13,11,10,12,10,28,16,17,11,13,7,6,4,5,4,5,8,26,29,20,18,14
"10-06-2010",13,9,13,11,14,36,28,24,17,14,10,9,8,6,6,5,5,5,4,9,22,31,11,7
"11-06-2010",9,6,19,15,12,29,45,48,29,16,12,9,9,9,8,7,6,6,8,14,21,28,24,20
"12-06-2010",12,5,8,14,26,20,16,17,23,17,8,8,5,5,4,5,6,6,9,12,24,19,16,8
"13-06-2010",7,4,6,8,4,14,7,30,39,17,24,16,6,6,4,4,3,4,6,11,23,32,49,16
"14-06-2010",24,16,5,12,12,10,16,20,19,20,20,13,10,9,9,7,6,8,9,16,19,26,26,26
"15-06-2010",25,26,34,22,13,20,37,66,18,11,20,23,18,11,10,9,7,6,9,13,19,36,34,53
"16-06-2010",26,12,9,8,12,22,19,28,27,16,24,16,13,9,7,7,6,6,8,13,26,31,39,64
"17-06-2010",53,19,12,9,7,32,16,23,33,47,36,25,12,9,8,6,7,6,7,10,21,19,29,25
"18-06-2010",27,7,10,25,17,14,19,19,10,10,15,8,6,5,6,9,6,7,8,12,18,12,14,4
"19-06-2010",7,5,3,11,8,15,18,9,12,11,12,11,7,6,4,5,6,7,8,14,20,23,16,19
"20-06-2010",27,26,24,19,26,28,38,16,6,2,1,2,3,1,1,2,3,1,1,1,4,8,5,6
"21-06-2010",5,3,1,12,10,13,19,22,14,11,10,8,5,4,3,4,4,6,6,7,6,6,3,2
"22-06-2010",4,2,6,2,2,7,10,6,2,2,3,-9999,-9999,2,1,1,1,1,2,2,2,4,2,2
"23-06-2010",3,14,5,8,5,6,7,8,8,8,13,9,8,8,8,8,7,7,7,12,16,23,27,11
"24-06-2010",5,10,6,9,7,10,22,24,15,14,10,7,10,7,6,6,5,14,10,13,11,11,10,9
"25-06-2010",8,7,7,6,8,10,15,11,11,11,9,8,7,7,8,6,7,8,9,14,25,17,21,16
"26-06-2010",21,24,26,34,27,24,15,7,4,6,4,5,6,6,5,8,9,8,11,10,9,10,7,17
"27-06-2010",10,11,5,3,2,5,11,7,5,5,4,3,4,6,6,6,6,7,9,11,12,13,10,7
"28-06-2010",7,5,7,6,19,34,45,35,10,15,18,7,7,9,8,11,5,7,4,7,21,19,11,11
"29-06-2010",9,9,14,22,18,12,19,20,7,5,-9999,7,6,5,6,5,5,4,9,13,15,14,15,18
"30-06-2010",18,16,13,8,10,12,12,17,18,14,10,8,6,6,6,7,7,11,9,10,18,23,20,22
"01-07-2010",19,18,12,24,19,19,20,20,19,28,17,5,4,6,7,7,6,6,7,11,15,25,27,30
"02-07-2010",20,21,15,19,18,23,31,17,16,15,11,5,4,5,5,6,5,6,10,12,26,38,32,27
"03-07-2010",10,6,5,7,7,9,5,6,5,7,5,4,5,4,4,4,4,5,6,6,15,14,23,20
"04-07-2010",12,8,3,3,4,3,7,4,3,5,4,4,4,3,5,4,5,6,5,8,18,25,17,13
"05-07-2010",18,10,19,18,20,39,28,26,18,17,11,10,10,7,9,6,5,6,6,10,13,13,17,17
"06-07-2010",24,15,12,23,28,32,21,20,26,25,13,7,8,8,7,8,7,6,6,8,16,20,39,33
"07-07-2010",37,16,20,17,14,28,19,32,24,12,14,13,10,9,9,6,9,12,21,16,23,32,14,39
"08-07-2010",17,15,11,21,27,38,27,14,10,9,10,9,9,8,7,8,6,5,7,8,9,9,12,14
"09-07-2010",8,8,11,19,9,13,19,28,14,9,9,8,8,8,7,6,6,6,6,7,23,46,20,27
"10-07-2010",46,25,44,50,46,22,16,12,21,13,10,7,5,5,5,4,5,4,4,5,8,15,18,11
"11-07-2010",17,5,4,4,6,4,7,4,12,12,6,5,9,5,3,3,2,5,4,8,14,21,18,14
"12-07-2010",15,12,21,18,34,29,26,38,20,22,15,9,10,9,7,8,5,5,6,12,18,17,38,25
"13-07-2010",42,19,24,26,11,11,7,10,22,32,20,13,11,10,8,7,5,7,7,10,18,59,43,22
"14-07-2010",19,12,6,5,7,10,13,15,22,28,14,11,9,8,10,7,6,11,12,14,23,51,25,17
"15-07-2010",14,19,16,17,22,36,37,34,32,33,22,11,7,7,7,9,9,7,8,11,15,15,21,21
"16-07-2010",29,25,8,9,21,34,41,46,14,14,8,6,7,7,5,7,9,6,6,6,16,21,24,38
"17-07-2010",13,7,15,20,9,13,23,12,9,6,6,5,5,4,5,5,4,4,6,6,10,23,15,9
"18-07-2010",11,9,4,19,24,7,28,19,13,7,11,5,7,4,3,4,3,4,6,7,9,39,15,32
"19-07-2010",13,9,35,24,18,36,33,26,17,11,12,9,10,9,7,7,6,7,7,11,13,18,21,12
"20-07-2010",11,5,3,12,7,20,18,28,13,12,11,7,-9999,9,6,7,7,9,9,11,19,32,27,21
"21-07-2010",14,15,12,19,35,24,43,45,28,30,8,7,9,7,8,6,6,5,7,11,27,34,18,22
"22-07-2010",35,15,17,30,29,25,21,32,26,15,10,10,10,9,8,7,7,8,8,12,14,13,18,10
"23-07-2010",9,8,9,9,8,13,27,33,13,15,11,11,12,9,10,9,8,7,12,10,17,19,29,19
"24-07-2010",16,8,8,21,27,23,23,35,25,10,17,9,7,5,6,7,6,6,8,13,19,18,17,16
"25-07-2010",21,18,12,3,5,6,9,17,10,8,5,4,7,10,4,4,3,5,7,9,11,11,10,9
"26-07-2010",8,8,6,9,9,10,12,13,9,11,12,11,17,10,9,8,13,15,9,12,28,29,35,20
"27-07-2010",31,25,22,15,13,20,19,22,13,9,13,8,8,10,7,8,8,8,8,8,12,30,23,11
"28-07-2010",10,8,6,5,5,11,19,16,8,9,10,8,10,8,7,7,7,8,8,9,12,10,19,16
"29-07-2010",16,5,5,6,8,25,26,27,13,9,7,7,7,6,6,6,7,7,7,9,11,19,18,21
"30-07-2010",16,11,6,7,7,20,27,20,21,11,8,7,8,7,7,7,7,8,8,12,20,22,20,13
"31-07-2010",15,10,13,14,11,12,17,13,5,8,7,6,5,5,4,6,5,6,6,7,9,10,15,19
"01-08-2010",19,14,10,8,6,10,12,16,10,13,6,5,4,4,4,5,5,5,6,8,14,20,38,29
"02-08-2010",28,11,12,19,13,31,33,36,22,15,10,9,8,7,9,8,8,8,10,13,30,39,28,24
"03-08-2010",17,22,19,12,25,29,33,36,16,18,12,10,10,7,10,7,9,8,11,13,20,28,17,22
"04-08-2010",16,10,10,22,24,33,39,23,30,28,14,9,10,9,7,8,8,8,11,11,23,28,30,25
"05-08-2010",13,12,11,18,22,19,24,48,12,18,11,10,8,8,8,9,10,6,7,11,14,13,23,28
"06-08-2010",38,30,51,39,33,32,32,19,21,33,19,-9999,-9999,26,24,11,13,10,13,13,27,25,50,37
"07-08-2010",57,95,72,66,53,51,35,62,31,18,20,11,10,9,9,8,10,10,13,14,23,40,66,41
"08-08-2010",49,29,10,7,8,5,9,20,9,11,11,7,7,7,7,7,7,7,8,16,36,45,39,27
"09-08-2010",19,10,11,13,15,34,32,41,22,17,15,15,14,12,11,9,9,11,14,19,33,38,36,25
"10-08-2010",19,17,18,22,21,32,55,82,37,23,16,13,13,11,12,12,12,14,19,21,29,44,58,34
"11-08-2010",30,20,10,14,27,39,35,38,17,25,13,16,13,12,12,11,12,14,18,21,33,32,36,31
"12-08-2010",22,12,14,24,18,20,38,55,34,18,13,17,14,13,12,13,11,14,22,24,65,92,51,46
"13-08-2010",31,20,21,25,17,37,39,52,44,24,23,17,14,11,9,10,12,14,11,18,31,31,55,46
"14-08-2010",29,23,18,36,42,37,27,24,21,30,14,12,9,10,9,9,7,9,11,17,17,34,31,16
"15-08-2010",16,8,6,13,46,19,23,33,17,9,8,10,11,8,6,5,5,6,8,14,24,26,33,23
"16-08-2010",34,13,15,26,44,71,37,73,50,21,14,12,13,12,10,11,8,9,10,23,66,59,37,37
"17-08-2010",33,17,21,18,43,41,59,59,46,54,30,22,16,11,10,11,12,14,16,18,15,15,10,18
"18-08-2010",24,39,21,11,21,17,33,31,19,20,17,13,12,9,9,12,16,22,39,22,31,25,45,50
"19-08-2010",32,10,20,40,26,40,43,45,40,30,28,16,11,8,9,8,9,14,13,13,28,34,74,60
"20-08-2010",37,19,16,25,27,42,45,61,36,22,14,16,15,13,12,11,10,10,13,16,16,19,19,29
"21-08-2010",32,57,44,46,28,40,23,32,19,11,10,9,9,9,7,7,7,7,13,12,17,19,13,10
"22-08-2010",7,8,5,5,4,4,8,7,7,6,6,7,7,6,6,6,5,6,8,12,22,23,15,9
"23-08-2010",7,6,7,10,6,12,35,46,26,17,17,16,-9999,7,9,6,7,6,8,13,18,17,17,15
"24-08-2010",7,10,9,12,24,28,32,36,14,11,8,7,6,6,6,6,5,6,7,9,14,18,10,11
"25-08-2010",9,6,7,9,10,14,13,14,8,7,7,5,5,4,5,5,5,5,5,9,14,9,12,11
"26-08-2010",7,6,6,10,10,13,14,13,12,8,6,5,5,4,4,5,4,4,5,7,11,12,7,6
"27-08-2010",5,6,5,6,10,6,8,9,6,5,4,4,3,4,3,4,4,4,4,5,8,10,9,7
"28-08-2010",5,6,6,7,7,9,8,6,4,6,4,3,3,3,3,3,3,4,5,5,6,6,9,14
"29-08-2010",14,7,3,4,3,3,4,4,4,2,2,3,2,3,3,3,2,3,4,5,5,6,6,6
"30-08-2010",5,5,5,4,7,5,5,5,3,4,3,2,3,3,3,3,2,3,3,4,5,5,4,6
"31-08-2010",7,7,5,8,5,6,7,7,5,4,3,3,4,4,3,3,2,2,2,2,3,2,2,3
"01-09-2010",3,3,4,5,3,4,7,7,6,5,5,5,5,4,4,4,4,4,5,8,11,11,9,9
"02-09-2010",6,8,7,7,7,8,9,12,10,5,3,3,3,3,3,4,4,3,4,5,6,4,4,5
"03-09-2010",6,4,6,8,8,13,13,13,9,6,3,3,3,3,4,4,3,4,5,5,5,4,5,7
"04-09-2010",9,5,5,7,10,11,8,7,6,6,4,6,5,3,3,3,3,3,5,5,6,4,4,4
"05-09-2010",5,3,3,2,2,3,4,4,2,3,2,2,2,2,2,2,2,2,3,3,4,4,5,4
"06-09-2010",5,4,3,5,5,4,4,5,6,8,5,5,5,5,3,4,4,3,4,7,9,6,6,7
"07-09-2010",4,5,4,5,7,8,8,10,6,4,4,3,2,3,2,3,3,4,5,6,7,9,8,6
"08-09-2010",6,6,5,13,14,11,8,12,12,7,8,5,4,4,3,3,3,4,4,5,7,11,14,13
"09-09-2010",10,14,5,10,9,15,15,14,12,6,8,6,3,2,2,4,3,3,6,11,14,13,11,8
"10-09-2010",11,8,7,6,6,5,4,6,6,7,4,3,3,3,3,3,3,3,4,5,8,7,6,3
"11-09-2010",4,2,4,9,9,7,5,9,4,3,2,3,2,2,2,3,3,5,4,3,3,4,4,3
"12-09-2010",4,2,3,3,2,2,2,2,2,4,3,5,4,3,3,2,3,3,4,8,7,8,8,4
"13-09-2010",4,3,3,5,3,4,5,8,6,2,4,4,3,3,3,3,3,3,4,6,10,11,9,5
"14-09-2010",4,5,9,7,5,6,6,8,8,4,5,4,4,4,4,4,4,3,5,8,10,9,5,4
"15-09-2010",5,4,4,4,4,6,10,10,8,6,5,5,4,4,4,4,3,4,5,9,12,7,13,6
"16-09-2010",3,3,4,8,12,11,13,13,12,7,7,4,4,4,3,5,4,5,6,13,14,7,6,7
"17-09-2010",14,6,7,8,17,20,12,13,16,8,5,5,5,3,4,4,4,4,9,14,13,9,10,6
"18-09-2010",7,5,5,3,4,10,12,14,4,4,3,5,4,3,3,4,4,4,6,14,16,14,7,7
"19-09-2010",8,6,6,3,2,3,6,6,6,8,6,3,3,3,3,3,3,4,5,7,15,19,10,7
"20-09-2010",6,3,4,3,2,3,5,9,8,11,8,8,7,4,4,5,4,5,8,6,7,10,6,6
"21-09-2010",5,4,5,5,4,4,10,21,14,5,4,4,4,6,4,5,4,4,5,7,11,9,9,6
"22-09-2010",4,3,4,4,8,15,22,20,14,6,6,5,4,5,5,5,5,4,7,9,8,6,12,13
"23-09-2010",8,4,5,4,4,7,10,13,10,10,7,7,6,5,5,5,5,6,6,6,5,7,6,6
"24-09-2010",4,2,4,4,7,6,12,17,17,7,6,5,4,5,6,5,6,7,9,9,7,6,8,6
"25-09-2010",9,6,8,7,10,9,7,12,11,8,6,5,3,3,3,8,5,4,5,6,3,3,4,3
"26-09-2010",6,4,4,4,4,3,3,6,5,4,4,4,4,4,4,3,3,3,3,3,3,3,4,9
"27-09-2010",17,7,2,2,3,10,14,35,19,8,4,4,5,4,2,2,2,1,2,2,2,2,3,2
"28-09-2010",7,5,10,11,9,9,21,22,19,9,5,6,6,5,4,5,6,10,10,10,13,13,14,14
"29-09-2010",8,6,5,5,6,10,14,13,16,19,14,8,7,7,7,4,5,5,5,5,4,4,4,3
"30-09-2010",3,6,3,3,4,14,15,18,17,5,6,5,5,5,4,5,5,6,6,8,6,6,8,8
"01-10-2010",11,6,7,5,5,10,9,15,14,8,8,7,5,5,5,8,7,8,9,7,7,8,7,7
"02-10-2010",10,10,8,7,13,6,9,14,10,10,5,5,6,6,4,5,4,5,8,8,11,12,6,5
"03-10-2010",5,3,3,3,3,3,5,9,10,3,4,4,4,4,3,4,4,4,6,6,9,17,14,17
"04-10-2010",16,12,18,21,16,13,13,16,16,5,4,5,4,5,5,5,5,6,7,6,7,5,6,11
"05-10-2010",10,5,7,9,7,18,16,22,25,9,5,5,6,6,6,4,5,6,6,6,6,7,14,13
"06-10-2010",11,6,7,10,12,16,13,15,15,9,20,13,9,6,8,6,6,7,7,5,12,7,8,9
"07-10-2010",8,14,9,7,8,10,15,25,24,16,12,12,14,12,10,7,12,8,8,7,11,6,6,5
"08-10-2010",4,4,4,3,4,5,7,8,8,9,10,14,13,7,6,10,9,10,11,9,7,7,5,5
"09-10-2010",6,7,6,5,10,8,8,10,5,5,5,5,2,4,3,3,3,5,9,13,12,8,5,5
"10-10-2010",4,7,3,5,5,2,4,7,5,4,3,4,4,4,5,5,6,6,6,7,7,8,5,5
"11-10-2010",6,5,4,11,7,7,16,17,19,11,12,10,13,13,12,14,15,21,17,11,13,12,6,5
"12-10-2010",4,4,5,6,7,11,20,20,27,22,23,21,16,20,16,15,8,7,8,8,8,9,10,15
"13-10-2010",17,16,17,9,9,10,11,15,19,19,17,16,19,17,14,12,11,11,15,18,14,15,18,13
"14-10-2010",14,10,9,11,14,13,12,7,7,10,11,11,10,10,8,9,13,8,9,23,9,15,19,16
"15-10-2010",10,9,12,15,13,14,15,13,12,16,19,14,11,10,9,9,10,15,13,15,11,17,19,19
"16-10-2010",16,11,14,12,10,14,9,12,11,12,17,6,5,5,4,4,4,5,5,5,7,9,9,6
"17-10-2010",6,5,4,7,10,7,8,12,8,5,4,5,4,4,3,4,5,8,11,7,6,6,4,6
"18-10-2010",10,6,6,5,8,14,21,23,18,16,11,15,14,19,17,14,19,16,15,17,19,17,12,20
"19-10-2010",15,13,14,13,5,5,5,7,11,6,5,5,5,5,4,4,5,5,7,9,18,19,9,10
"20-10-2010",5,8,6,8,9,19,14,6,15,9,5,4,5,4,3,3,3,3,4,4,4,3,5,4
"21-10-2010",4,3,3,9,10,12,10,16,15,12,4,4,4,3,3,3,3,9,18,22,14,9,10,8
"22-10-2010",11,6,6,4,4,5,8,10,13,12,6,6,9,7,5,5,5,7,9,12,12,10,6,6
"23-10-2010",4,5,4,4,6,6,4,9,7,4,5,5,5,6,6,5,5,8,11,11,8,7,5,6
"24-10-2010",5,5,4,4,4,4,4,6,5,3,4,5,4,4,4,5,5,9,16,11,8,7,11,8
"25-10-2010",9,8,6,8,10,8,7,8,4,7,10,15,16,12,19,15,16,19,22,18,10,10,13,7
"26-10-2010",4,4,3,4,9,16,17,13,11,8,5,8,9,10,6,5,5,8,18,15,10,5,6,11
"27-10-2010",11,8,7,8,8,7,7,6,8,6,8,4,9,11,6,7,5,9,6,9,4,3,7,6
"28-10-2010",2,2,3,3,2,5,4,9,8,4,4,4,4,5,5,5,4,5,5,5,6,7,6,4
"29-10-2010",5,3,4,5,6,7,11,12,13,8,8,9,7,6,5,6,6,8,13,19,12,10,9,12
"30-10-2010",9,6,7,8,9,10,10,7,5,4,3,5,4,6,5,5,4,6,11,8,8,7,6,8
"31-10-2010",7,5,6,4,3,3,3,4,5,3,3,3,3,3,3,4,5,7,21,12,12,8,7,7
"01-11-2010",8,6,9,7,10,9,9,9,9,7,7,4,6,6,7,7,11,22,14,11,9,8,7,6
"02-11-2010",10,7,5,6,7,6,8,11,8,7,6,6,7,6,5,7,11,26,15,12,10,10,9,9
"03-11-2010",8,7,7,8,6,7,6,6,6,10,8,7,6,8,7,7,15,23,17,19,13,9,8,7
"04-11-2010",7,4,4,6,7,10,10,11,8,11,8,7,7,7,7,7,15,16,12,8,6,7,9,9
"05-11-2010",8,5,10,11,13,12,13,10,10,12,16,11,9,7,6,8,17,25,23,16,9,9,9,11
"06-11-2010",6,8,7,8,8,7,7,6,5,10,12,12,7,6,5,6,12,19,16,13,12,8,7,5
"07-11-2010",5,6,5,7,3,6,8,6,4,6,5,5,5,6,5,5,12,20,20,19,18,16,7,10
"08-11-2010",13,12,13,12,9,6,8,7,10,12,8,4,3,3,3,3,3,3,3,2,2,3,3,3
"09-11-2010",2,1,1,1,1,2,3,4,4,2,2,2,2,3,2,3,3,2,2,2,1,1,1,1
"10-11-2010",2,2,1,1,1,1,2,3,5,4,3,2,2,5,5,6,5,4,5,5,5,10,13,11
"11-11-2010",8,5,5,5,7,9,10,20,15,14,12,8,10,5,13,17,13,21,23,16,13,14,15,14
"12-11-2010",15,15,15,12,10,9,7,5,12,13,11,17,16,12,8,11,15,15,15,16,13,13,10,11
"13-11-2010",10,7,10,12,9,11,8,7,7,7,6,6,5,6,5,5,6,14,12,16,13,12,8,5
"14-11-2010",4,4,4,4,5,8,6,4,4,4,4,4,4,4,4,5,9,12,8,7,6,8,6,6
"15-11-2010",9,6,7,7,9,8,9,7,7,10,11,13,9,7,8,12,17,19,16,13,11,10,8,5
"16-11-2010",9,8,9,9,8,8,6,7,6,8,13,10,7,8,8,9,15,19,18,13,11,9,10,9
"17-11-2010",6,10,5,6,6,6,3,3,4,10,13,12,8,7,5,7,12,13,14,14,12,12,9,10
"18-11-2010",6,7,6,9,8,12,12,9,14,15,8,6,4,7,6,5,9,15,17,16,19,17,15,14
"19-11-2010",14,10,10,10,10,10,9,9,9,8,15,7,6,7,8,8,7,15,12,17,20,15,14,9
"20-11-2010",6,7,4,6,6,11,11,8,7,8,8,5,6,6,5,6,13,16,14,10,9,16,10,9
"21-11-2010",9,7,5,6,7,5,6,8,7,6,7,6,5,5,5,5,14,18,14,12,10,9,9,8
"22-11-2010",7,7,4,6,1,-9999,3,-9999,4,1,12,12,8,7,5,5,5,6,4,5,4,4,3,3
"23-11-2010",3,3,3,3,3,5,4,4,4,4,5,3,3,3,4,4,3,7,8,4,3,3,4,3
"24-11-2010",3,3,3,3,10,14,12,9,10,7,5,5,4,5,4,6,9,12,13,5,9,6,6,4
"25-11-2010",4,4,3,4,4,7,12,9,7,5,4,7,8,4,3,5,7,7,9,9,7,10,11,9
"26-11-2010",9,12,11,10,8,7,10,6,5,5,4,3,4,4,4,4,4,4,3,3,2,2,3,3
"27-11-2010",3,3,3,2,2,3,2,3,3,3,3,3,4,3,3,3,4,5,6,8,8,10,4,5
"28-11-2010",4,8,8,6,8,8,3,3,4,6,7,8,7,5,3,4,5,10,13,11,14,10,4,3
"29-11-2010",3,4,3,3,3,5,4,4,5,4,4,4,3,3,3,5,3,4,4,3,3,3,3,3
"30-11-2010",2,2,2,2,3,5,12,16,16,9,11,15,11,15,16,22,20,11,15,13,8,6,5,3
"01-12-2010",3,5,4,4,3,3,3,6,8,6,4,4,4,9,10,13,13,12,11,9,9,6,6,8
"02-12-2010",10,11,8,12,11,12,13,15,13,13,7,4,5,5,6,8,13,18,6,5,5,8,10,13
"03-12-2010",11,5,5,5,5,8,10,17,14,14,10,4,3,4,4,4,6,4,4,8,8,6,8,7
"04-12-2010",5,4,4,3,3,7,5,4,8,5,3,3,3,3,2,3,4,5,3,2,3,3,3,4
"05-12-2010",5,7,4,3,5,4,5,9,6,4,3,4,5,4,4,4,5,8,9,8,7,5,5,6
"06-12-2010",5,4,4,10,9,9,7,8,8,6,5,6,6,5,4,7,10,14,15,14,14,11,11,10
"07-12-2010",11,11,10,9,9,8,9,4,4,8,13,15,11,10,8,11,22,25,21,11,10,15,12,10
"08-12-2010",9,10,8,7,8,7,5,4,1,2,9,14,9,7,7,8,20,21,15,13,16,12,12,7
"09-12-2010",6,6,6,8,3,5,-9999,-9999,-9999,-9999,11,10,9,6,8,4,3,5,7,6,6,4,3,3
"10-12-2010",3,3,2,3,3,4,8,6,9,8,7,6,6,6,5,4,5,5,5,6,4,4,4,3
"11-12-2010",3,3,3,3,3,4,5,5,5,7,5,8,6,9,5,5,5,7,5,4,5,6,6,4
"12-12-2010",3,7,4,3,3,3,3,3,3,3,3,3,3,3,3,4,5,7,10,9,11,7,7,8
"13-12-2010",8,9,9,11,13,9,5,8,9,12,13,11,8,7,10,7,8,8,7,6,8,9,7,6
"14-12-2010",3,3,3,4,4,4,4,6,7,4,3,5,4,6,6,7,12,14,10,9,8,7,6,6
"15-12-2010",5,5,6,5,6,5,6,9,5,6,6,8,8,7,8,8,10,9,9,6,6,5,4,3
"16-12-2010",3,3,2,3,3,3,3,5,4,4,3,4,4,3,4,4,4,4,4,4,4,4,3,3
"17-12-2010",3,3,4,4,5,4,5,7,6,5,5,6,6,11,10,12,14,13,10,9,4,4,5,7
"18-12-2010",9,5,12,11,11,9,10,9,11,6,3,3,4,4,4,4,5,4,3,3,3,3,4,3
"19-12-2010",3,3,2,2,3,2,4,5,4,6,5,4,5,8,10,11,12,15,12,11,9,10,8,8
"20-12-2010",5,3,7,6,3,-9999,1,-9999,-9999,-9999,5,11,9,4,6,5,4,8,6,5,6,6,5,5
"21-12-2010",7,4,5,6,7,14,8,8,2,14,10,5,4,4,3,3,5,6,8,15,16,16,11,12
"22-12-2010",10,8,8,5,6,5,3,1,-9999,2,11,15,7,8,5,9,19,17,16,11,8,7,1,-9999
"23-12-2010",-9999,-9999,-9999,-9999,-9999,-9999,-9999,-9999,-9999,-9999,-9999,-9999,-9999,-9999,-9999,-9999,-9999,-9999,-9999,-9999,-9999,-9999,-9999,-9999
"24-12-2010",-9999,-9999,-9999,-9999,-9999,-9999,-9999,-9999,-9999,-9999,-9999,-9999,-9999,-9999,-9999,-9999,-9999,-9999,-9999,-9999,-9999,-9999,-9999,-9999
"25-12-2010",-9999,-9999,-9999,-9999,-9999,-9999,-9999,-9999,-9999,-9999,-9999,-9999,-9999,-9999,-9999,-9999,-9999,-9999,-9999,-9999,-9999,-9999,-9999,-9999
"26-12-2010",-9999,-9999,-9999,-9999,-9999,-9999,-9999,-9999,-9999,-9999,-9999,-9999,-9999,-9999,-9999,-9999,-9999,-9999,-9999,-9999,-9999,-9999,-9999,-9999
"27-12-2010",-9999,-9999,-9999,-9999,-9999,-9999,-9999,-9999,-9999,-9999,-9999,-9999,-9999,-9999,-9999,-9999,-9999,-9999,-9999,-9999,-9999,-9999,-9999,-9999
"28-12-2010",-9999,-9999,-9999,-9999,-9999,-9999,-9999,-9999,-9999,-9999,-9999,-9999,-9999,-9999,-9999,-9999,-9999,-9999,-9999,-9999,-9999,-9999,-9999,-9999
"29-12-2010",-9999,-9999,-9999,-9999,-9999,-9999,-9999,-9999,-9999,-9999,-9999,-9999,-9999,-9999,-9999,-9999,-9999,-9999,-9999,-9999,-9999,-9999,-9999,-9999
"30-12-2010",-9999,-9999,-9999,-9999,-9999,-9999,-9999,-9999,-9999,-9999,-9999,-9999,-9999,-9999,-9999,-9999,-9999,-9999,-9999,-9999,-9999,-9999,-9999,-9999
"31-12-2010",-9999,-9999,-9999,-9999,-9999,-9999,-9999,-9999,-9999,-9999,-9999,-9999,-9999,-9999,-9999,-9999,-9999,-9999,-9999,-9999,-9999,-9999,-9999,-9999
"01-01-2011",-9999,-9999,-9999,-9999,-9999,-9999,-9999,-9999,-9999,-9999,-9999,-9999,-9999,-9999,-9999,-9999,-9999,-9999,-9999,-9999,-9999,-9999,-9999,-9999
