"01-01-2010",16,18,9,7,8,21,23,17,13,14,5,3,3,3,3,3,3,3,3,4,6,3,4,3
"02-01-2010",3,3,3,3,3,3,3,3,3,3,3,3,3,3,3,3,3,3,3,3,3,3,3,3
"03-01-2010",3,3,3,3,3,3,3,3,3,3,3,3,3,3,3,3,3,3,3,3,3,3,4,3
"04-01-2010",3,3,3,4,3,5,5,15,12,11,12,8,9,8,5,6,7,8,5,4,4,3,3,4
"05-01-2010",3,4,5,4,13,38,95,104,102,97,123,111,68,44,7,4,3,3,3,3,3,3,3,3
"06-01-2010",3,3,3,3,3,3,3,2,3,3,4,4,4,4,4,3,3,3,3,4,4,5,5,4
"07-01-2010",5,6,4,4,4,29,94,38,140,91,8,8,6,9,8,8,10,17,70,59,83,45,43,18
"08-01-2010",16,15,12,13,28,50,99,146,217,239,32,6,5,5,4,4,3,3,3,4,4,3,3,3
"09-01-2010",3,3,3,3,3,3,3,4,3,3,4,4,4,4,3,3,3,3,3,3,3,4,4,4
"10-01-2010",5,5,5,5,4,5,4,8,8,3,3,4,3,3,3,3,3,3,4,3,4,3,3,3
"11-01-2010",3,3,3,3,3,3,4,68,78,37,5,4,3,4,4,4,3,4,3,4,4,13,19,19
"12-01-2010",22,16,6,4,15,38,123,107,197,231,171,83,58,9,5,4,4,7,6,11,26,26,22,17
"13-01-2010",10,7,3,3,3,6,11,31,26,19,10,5,5,4,4,4,3,13,50,12,5,4,4,4
"14-01-2010",4,3,3,3,3,4,24,33,24,21,17,16,10,9,6,6,8,6,5,5,5,4,4,3
"15-01-2010",3,3,3,3,3,7,24,44,84,38,46,104,31,19,18,10,7,6,11,39,92,67,95,53
"16-01-2010",3,3,3,3,3,3,3,4,4,4,4,4,6,7,5,5,5,4,5,5,4,4,3,3
"17-01-2010",3,3,3,3,3,3,4,6,5,5,5,5,5,5,4,4,3,4,4,4,4,4,4,3
"18-01-2010",3,3,3,3,3,4,9,-9999,24,16,13,13,13,13,9,7,7,5,6,5,5,5,4,3
"19-01-2010",3,3,3,3,3,5,8,9,17,11,9,8,8,9,11,7,7,8,7,6,5,4,3,3
"20-01-2010",3,3,3,3,3,4,8,15,22,20,9,11,9,9,6,7,11,24,29,15,13,18,27,10
"21-01-2010",6,8,5,5,16,37,88,193,-9999,119,31,5,5,6,5,6,8,6,4,3,4,5,7,4
"22-01-2010",4,3,3,3,3,3,4,5,8,8,8,6,6,6,6,5,5,4,5,5,4,4,4,3
"23-01-2010",3,3,3,3,3,4,5,35,33,23,8,6,6,6,6,5,6,5,5,5,4,4,3,3
"24-01-2010",3,3,3,3,3,3,4,4,4,4,5,4,4,4,5,4,6,6,5,4,4,5,5,4
"25-01-2010",3,3,3,3,3,4,8,14,11,9,8,7,6,6,7,5,5,5,5,4,4,3,3,3
"26-01-2010",3,3,2,3,3,3,7,11,17,5,4,5,7,8,7,8,6,6,6,6,4,4,3,3
"27-01-2010",3,3,3,3,3,4,14,18,21,26,87,58,26,29,13,17,17,11,11,11,10,22,7,4
"28-01-2010",3,12,11,12,4,29,52,42,-9999,36,32,46,16,19,31,42,56,100,146,137,106,99,108,62
"29-01-2010",31,65,66,30,64,77,73,186,240,226,110,25,9,6,5,5,8,4,9,95,67,36,32,25
"30-01-2010",10,8,7,6,27,45,96,112,121,100,71,9,6,8,4,4,4,4,19,38,32,41,28,25
"31-01-2010",25,40,13,14,3,3,3,3,5,5,4,5,4,4,4,4,3,3,3,3,4,3,6,23
"01-02-2010",19,7,7,3,3,3,3,4,4,4,4,4,4,4,4,4,4,3,8,22,18,15,28,28
"02-02-2010",4,4,4,6,5,10,12,19,7,7,7,7,6,5,5,5,5,4,5,8,4,3,3,3
"03-02-2010",3,3,3,3,3,3,4,6,9,7,6,6,6,6,5,4,4,4,34,46,24,14,16,13
"04-02-2010",10,10,6,21,35,104,125,86,66,87,20,6,6,6,5,4,4,13,32,40,25,19,13,5
"05-02-2010",11,8,9,6,7,30,81,88,108,104,57,9,6,5,5,5,5,4,4,4,5,7,6,7
"06-02-2010",8,6,4,4,5,11,41,42,38,74,57,47,4,4,3,3,3,3,3,3,3,3,3,6
"07-02-2010",6,8,6,4,4,4,11,7,10,30,15,5,10,11,4,4,4,5,13,23,23,35,39,18
"08-02-2010",17,10,5,5,4,5,8,9,20,15,10,10,14,15,10,12,9,9,10,11,10,7,4,4
"09-02-2010",3,3,3,3,8,40,81,103,77,45,29,14,14,19,5,4,3,3,12,11,8,5,4,3
"10-02-2010",3,4,3,4,4,6,17,92,139,36,30,4,3,3,4,3,3,3,3,3,2,3,3,3
"11-02-2010",4,4,6,8,13,36,122,214,192,13,9,5,4,5,4,4,4,3,18,43,63,89,57,18
"12-02-2010",15,11,4,9,18,68,102,149,251,116,12,6,4,4,6,4,3,3,8,21,10,4,4,3
"13-02-2010",3,3,4,3,4,8,22,43,42,11,4,3,4,4,3,4,3,3,3,3,3,3,3,3
"14-02-2010",3,3,3,3,3,4,5,7,12,14,13,12,17,30,10,5,4,3,4,20,7,5,5,15
"15-02-2010",20,6,4,4,5,4,3,3,3,4,3,3,3,3,3,3,3,3,3,4,7,3,7,16
"16-02-2010",9,4,5,6,16,27,60,92,159,68,26,27,11,6,4,4,9,5,4,14,35,25,15,9
"17-02-2010",10,24,37,8,17,33,61,165,188,98,10,5,5,5,6,5,5,5,17,47,46,22,37,36
"18-02-2010",44,10,4,19,10,42,92,189,244,195,71,28,11,9,5,4,9,6,15,17,11,10,6,3
"19-02-2010",3,3,4,4,5,18,62,128,192,107,35,34,11,4,6,5,7,3,7,4,4,3,3,4
"20-02-2010",4,5,4,4,8,6,18,45,60,69,78,43,39,5,5,5,4,4,7,4,20,17,5,3
"21-02-2010",3,3,3,3,3,3,3,3,3,3,3,3,3,3,3,3,3,3,3,3,3,3,3,3
"22-02-2010",3,3,3,3,3,4,41,53,55,49,64,16,7,9,5,5,4,3,3,21,19,11,5,5
"23-02-2010",5,5,6,10,24,37,104,185,134,147,174,100,22,10,9,5,4,4,6,14,41,42,65,42
"24-02-2010",17,7,7,6,14,60,70,121,156,44,46,25,9,24,7,5,5,4,15,26,8,3,3,3
"25-02-2010",3,3,3,3,3,4,13,27,16,6,5,5,4,4,4,3,3,3,3,6,9,6,10,40
"26-02-2010",16,9,4,11,18,20,44,83,92,48,6,4,4,5,5,5,5,3,3,3,11,16,9,4
"27-02-2010",7,5,3,4,6,15,34,79,80,29,6,4,4,4,3,3,3,3,3,3,3,3,3,3
"28-02-2010",3,3,3,3,3,3,3,3,4,4,4,3,4,4,3,3,3,3,3,3,11,11,23,14
"01-03-2010",24,9,9,11,12,23,64,139,145,67,26,17,5,8,5,4,4,5,8,14,69,37,38,26
"02-03-2010",21,10,7,10,26,64,121,167,161,121,64,18,5,4,4,4,3,3,3,3,3,3,3,3
"03-03-2010",3,3,3,3,3,5,11,37,22,8,4,4,5,4,4,5,3,3,3,4,5,41,52,10
"04-03-2010",7,8,4,4,10,20,80,180,153,5,5,4,4,4,4,4,4,4,5,22,23,12,9,3
"05-03-2010",3,3,4,3,7,34,24,4,3,3,3,4,4,3,3,3,3,3,3,3,3,3,3,3
"06-03-2010",3,3,3,3,3,12,54,80,43,7,5,3,3,3,3,3,3,3,3,3,3,3,3,3
"07-03-2010",3,3,3,3,3,3,3,4,4,4,4,5,4,4,4,4,4,4,5,5,5,3,3,3
"08-03-2010",3,3,3,3,3,3,4,4,7,5,5,5,6,5,5,4,4,4,4,3,3,3,3,3
"09-03-2010",3,3,3,3,3,3,5,8,9,7,7,8,5,7,5,5,4,3,4,4,4,5,5,4
"10-03-2010",3,3,3,3,3,3,5,8,11,13,-9999,-9999,10,18,26,14,10,7,6,8,19,34,8,4
"11-03-2010",5,4,4,5,4,4,6,7,14,9,6,6,5,6,5,5,4,4,4,4,5,4,4,4
"12-03-2010",5,5,5,5,39,41,67,139,78,12,4,4,4,4,4,4,4,4,4,4,4,4,3,4
"13-03-2010",3,4,3,4,6,26,40,35,22,13,12,7,4,6,5,5,4,4,4,4,4,4,5,5
"14-03-2010",4,4,4,4,4,4,4,4,4,4,4,4,4,4,4,4,4,4,4,4,4,4,4,4
"15-03-2010",4,3,3,3,3,4,5,6,7,7,7,7,6,5,5,5,5,4,4,7,10,6,11,4
"16-03-2010",4,4,4,6,10,12,47,45,13,7,6,4,7,5,5,4,4,4,4,5,5,17,23,11
"17-03-2010",8,6,5,5,5,24,75,144,58,6,6,5,5,5,5,5,5,4,4,4,4,4,4,4
"18-03-2010",3,3,3,3,4,13,84,183,36,7,5,5,4,5,6,4,5,4,4,4,7,16,13,10
"19-03-2010",8,7,6,9,15,66,135,153,81,34,65,23,31,25,7,7,6,4,4,4,23,36,16,7
"20-03-2010",5,5,4,5,8,25,40,45,13,19,31,7,5,5,5,5,5,4,4,4,6,8,8,6
"21-03-2010",7,7,5,5,5,6,12,22,13,9,12,6,5,4,4,5,4,4,4,5,8,7,17,7
"22-03-2010",8,8,5,9,12,53,111,142,108,54,19,30,11,20,5,7,9,7,4,4,19,29,27,18
"23-03-2010",14,24,21,9,15,68,143,211,144,65,52,22,7,6,5,4,7,5,5,5,4,4,4,4
"24-03-2010",4,4,3,4,4,4,5,5,6,6,6,6,6,5,5,5,4,4,4,4,4,4,4,4
"25-03-2010",4,3,3,3,3,3,3,3,4,4,4,4,4,4,4,4,4,4,3,3,3,3,3,3
"26-03-2010",3,3,3,3,3,3,4,5,6,5,5,5,5,5,4,4,5,5,4,4,4,4,4,4
"27-03-2010",4,3,3,4,7,23,39,43,7,14,18,14,10,7,5,5,5,5,4,6,8,9,6,8
"28-03-2010",6,5,5,6,6,4,4,4,4,4,4,4,4,4,4,4,4,3,3,3,4,3,4,3
"29-03-2010",3,3,3,3,4,32,9,-9999,26,4,4,5,4,4,4,4,4,4,4,3,4,6,10,6
"30-03-2010",7,9,6,7,8,63,100,175,117,33,42,32,24,15,5,6,6,5,4,4,5,6,8,5
"31-03-2010",5,5,6,7,11,10,4,5,5,4,5,4,4,4,4,5,13,5,5,7,7,9,12,6
"01-04-2010",6,5,6,5,21,45,65,60,55,27,6,7,6,9,4,4,8,6,9,7,6,5,9,16
"02-04-2010",6,5,4,4,8,20,9,37,25,22,15,8,7,5,6,4,4,5,4,4,8,5,5,6
"03-04-2010",6,10,5,6,11,18,26,25,29,27,9,5,5,4,9,10,5,5,4,5,4,5,5,5
"04-04-2010",4,4,4,4,4,4,4,11,10,7,7,6,6,6,4,4,4,4,4,4,4,4,4,4
"05-04-2010",4,4,4,4,4,4,4,6,11,14,30,31,25,6,5,5,4,4,8,4,4,5,6,5
"06-04-2010",4,4,3,3,3,3,4,17,7,4,4,4,4,4,4,4,4,3,4,5,4,4,4,4
"07-04-2010",4,4,4,6,9,25,76,99,41,7,5,6,5,5,5,5,5,4,4,4,4,4,5,4
"08-04-2010",4,4,4,4,11,43,29,22,36,6,6,5,4,4,4,4,4,4,4,3,4,4,4,3
"09-04-2010",3,4,3,3,3,6,23,41,102,54,8,4,4,4,4,4,4,4,4,3,3,3,3,3
"10-04-2010",3,3,3,3,3,3,4,7,4,4,4,4,4,4,4,4,4,4,3,3,3,3,3,3
"11-04-2010",3,3,3,3,3,3,3,3,3,4,4,4,4,4,4,4,3,4,3,3,3,3,3,3
"12-04-2010",3,3,3,3,3,4,12,20,18,13,10,9,6,14,8,5,4,4,4,4,4,3,4,6
"13-04-2010",6,5,5,5,8,37,97,98,44,36,20,19,9,5,6,5,6,5,4,4,4,4,4,5
"14-04-2010",4,4,4,4,5,11,50,126,47,9,10,5,5,5,5,5,4,4,4,4,4,4,5,5
"15-04-2010",5,5,5,5,8,39,105,147,104,47,11,6,5,5,5,5,6,7,5,5,6,6,6,6
"16-04-2010",6,5,5,5,6,8,62,158,155,26,16,6,13,8,8,7,7,5,5,5,5,6,5,6
"17-04-2010",6,5,5,5,5,23,38,43,38,16,10,8,10,5,5,6,6,5,5,5,5,6,6,6
"18-04-2010",6,6,5,4,4,4,4,4,4,5,4,4,4,4,4,5,4,4,5,5,5,4,4,4
"19-04-2010",4,4,5,4,4,4,22,45,41,7,6,8,5,5,5,5,6,4,4,4,4,5,5,5
"20-04-2010",5,6,6,6,6,6,11,5,4,4,4,4,4,4,4,4,4,4,3,3,3,3,3,3
"21-04-2010",4,3,3,4,3,3,4,4,4,4,4,4,4,5,5,5,4,4,4,4,5,6,4,4
"22-04-2010",4,4,5,5,11,50,68,110,87,28,33,5,9,4,7,5,4,4,4,4,5,6,6,6
"23-04-2010",6,5,5,7,12,42,99,134,38,43,34,67,30,7,7,8,6,6,4,5,5,6,6,6
"24-04-2010",6,5,4,4,4,7,16,34,16,10,17,6,5,5,5,4,4,5,4,4,4,4,4,4
"25-04-2010",4,4,4,4,4,4,5,8,12,8,4,4,4,4,4,4,4,4,4,4,4,4,4,4
"26-04-2010",4,3,3,3,3,3,4,4,4,4,4,4,4,4,4,4,4,4,4,3,3,3,3,3
"27-04-2010",3,3,3,3,3,3,3,4,5,5,-9999,-9999,5,5,5,4,5,4,4,4,4,3,3,3
"28-04-2010",3,3,3,3,3,3,4,4,4,5,5,5,5,5,5,4,4,4,4,4,3,3,3,3
"29-04-2010",3,3,3,3,3,3,4,4,4,5,5,5,5,5,5,4,4,4,4,4,3,3,3,3
"30-04-2010",4,3,3,3,3,3,3,4,5,4,4,5,5,5,4,4,4,4,4,4,4,4,4,4
"01-05-2010",4,3,3,4,3,4,5,5,5,5,4,4,4,4,4,4,4,4,4,4,4,4,5,5
"02-05-2010",5,4,4,4,4,4,5,8,8,12,12,11,7,6,6,5,6,7,6,5,5,5,6,5
"03-05-2010",5,5,4,5,10,44,74,117,75,27,13,10,25,11,10,6,8,10,11,5,6,7,8,7
"04-05-2010",6,5,5,4,8,29,67,165,89,50,47,23,10,6,6,5,5,4,4,4,5,5,6,6
"05-05-2010",5,5,4,4,10,32,85,88,39,16,22,25,9,24,5,7,4,4,4,5,5,6,6,7
"06-05-2010",7,6,4,8,7,20,87,135,131,38,16,5,5,5,6,5,5,5,5,5,5,6,6,6
"07-05-2010",6,5,4,4,10,29,45,79,31,12,7,5,4,4,4,4,4,4,4,4,4,5,5,5
"08-05-2010",5,4,4,4,5,7,8,18,9,10,19,10,5,5,5,6,5,4,5,5,5,6,6,7
"09-05-2010",6,5,4,4,4,4,4,4,4,4,4,4,4,4,4,4,4,5,5,5,5,5,6,6
"10-05-2010",6,7,6,5,6,25,82,116,27,39,20,9,5,5,5,5,6,5,5,5,6,7,7,8
"11-05-2010",7,6,5,5,8,22,81,96,37,41,30,35,8,7,5,4,5,5,6,5,5,6,5,6
"12-05-2010",7,6,5,5,19,80,127,132,73,44,7,7,5,5,5,6,9,12,5,5,8,10,6,6
"13-05-2010",6,6,5,6,12,50,96,100,57,17,9,5,5,7,5,5,4,5,5,5,5,5,6,7
"14-05-2010",7,12,10,5,9,15,61,49,6,7,6,5,5,8,5,6,7,6,6,5,5,5,5,5
"15-05-2010",5,6,6,5,5,5,6,9,8,8,7,9,7,5,5,6,5,5,5,5,5,4,5,5
"16-05-2010",5,4,4,4,4,3,4,4,4,4,4,4,4,4,7,6,4,4,4,4,4,4,3,4
"17-05-2010",4,3,3,3,3,3,4,6,4,4,4,4,4,5,4,4,4,4,4,4,3,4,4,3
"18-05-2010",3,4,3,3,3,3,4,4,5,4,4,4,4,4,4,4,4,4,4,4,4,4,4,4
"19-05-2010",4,4,4,3,3,4,4,7,7,4,6,5,4,5,4,5,6,5,4,4,4,5,5,6
"20-05-2010",6,6,5,5,6,32,28,18,10,5,5,5,5,4,5,4,4,4,4,4,4,4,4,4
"21-05-2010",4,-9999,3,4,4,5,6,6,15,6,8,5,7,6,5,5,4,4,4,4,4,4,4,4
"22-05-2010",3,3,4,4,4,3,4,4,4,4,4,4,4,4,4,4,4,4,4,4,4,4,4,4
"23-05-2010",4,5,4,4,4,5,8,11,14,7,6,6,4,5,4,4,4,4,4,4,4,4,5,6
"24-05-2010",5,5,6,6,6,14,20,38,12,8,6,4,5,5,5,5,5,4,4,4,4,4,4,5
"25-05-2010",5,5,5,4,5,23,67,50,15,25,10,7,9,5,5,5,4,4,4,5,5,4,4,5
"26-05-2010",5,5,5,7,9,29,84,84,32,26,69,17,13,8,11,6,6,6,9,8,4,4,5,6
"27-05-2010",5,5,4,5,7,44,83,96,52,51,21,14,5,5,5,5,8,7,6,4,5,7,7,5
"28-05-2010",6,5,6,5,10,41,78,90,33,7,4,6,6,4,4,4,4,6,6,5,5,4,4,4
"29-05-2010",5,5,5,5,5,4,10,7,6,5,5,5,5,5,5,5,6,5,4,4,4,5,6,6
"30-05-2010",5,5,5,5,5,5,13,9,25,25,6,5,6,8,10,6,6,4,5,6,5,6,10,9
"31-05-2010",18,24,30,20,6,12,7,36,57,29,19,7,5,4,5,5,5,4,4,4,5,4,5,5
"01-06-2010",4,4,4,4,5,14,37,13,7,7,6,5,5,5,5,5,4,5,5,4,5,4,4,4
"02-06-2010",4,4,4,4,4,5,5,5,6,-9999,-9999,5,4,4,5,5,5,6,4,4,3,3,3,4
"03-06-2010",3,3,3,4,4,4,6,7,5,7,6,4,4,4,4,4,5,4,5,4,4,4,4,5
"04-06-2010",6,5,4,4,8,21,37,38,11,5,4,4,4,4,5,6,7,5,4,4,4,3,4,4
"05-06-2010",4,4,4,4,4,4,4,7,16,12,11,7,8,5,4,5,4,4,4,4,4,3,3,3
"06-06-2010",3,3,3,3,3,3,3,3,3,3,4,4,4,3,3,3,3,3,3,3,3,3,4,4
"07-06-2010",3,12,5,3,3,4,13,10,6,5,4,4,5,3,3,4,4,4,4,3,3,4,4,4
"08-06-2010",4,4,3,3,7,18,36,56,41,21,7,4,5,4,7,5,6,5,4,4,4,4,4,4
"09-06-2010",5,4,4,4,4,4,6,8,7,4,4,4,4,4,6,7,5,6,4,4,4,6,6,5
"10-06-2010",7,5,5,5,5,49,47,45,7,4,4,4,4,4,4,4,4,3,3,3,3,4,4,4
"11-06-2010",3,3,3,3,3,4,4,8,4,4,4,4,4,4,3,3,3,3,3,3,3,4,4,4
"12-06-2010",3,3,3,3,3,3,4,4,4,3,3,4,3,3,3,3,3,3,3,3,4,7,5,6
"13-06-2010",5,4,4,4,3,3,4,6,25,19,4,4,4,5,4,4,5,4,4,4,6,8,10,7
"14-06-2010",9,11,8,10,10,35,78,96,41,14,6,4,4,4,5,5,5,4,4,4,4,5,6,6
"15-06-2010",7,6,7,7,8,32,101,94,42,39,14,9,5,7,5,8,8,4,4,4,5,6,7,10
"16-06-2010",19,10,14,13,33,31,35,90,63,27,19,12,9,5,5,6,6,5,6,8,7,8,7,6
"17-06-2010",8,15,13,12,33,25,65,68,45,36,10,6,5,10,6,5,4,4,4,5,4,4,4,5
"18-06-2010",6,6,7,5,4,4,4,4,4,4,4,4,4,3,5,4,5,5,4,4,4,5,5,4
"19-06-2010",3,3,3,4,4,4,5,10,4,4,5,7,5,5,5,5,5,4,3,4,4,4,4,5
"20-06-2010",6,5,5,5,5,5,5,6,5,5,3,3,4,5,5,5,4,4,3,3,3,4,4,4
"21-06-2010",4,4,3,4,4,10,12,18,8,4,4,4,4,4,5,5,5,4,3,3,3,3,3,3
"22-06-2010",3,3,3,3,3,3,3,4,4,4,3,4,3,4,3,3,3,3,3,3,3,3,3,3
"23-06-2010",3,3,3,3,3,3,4,6,4,4,3,4,4,3,3,3,4,4,3,3,3,3,3,3
"24-06-2010",3,3,3,3,3,4,7,11,7,5,4,4,4,3,4,4,3,4,5,4,4,4,4,5
"25-06-2010",4,4,3,3,3,4,5,8,4,5,4,4,3,4,4,4,3,4,3,3,3,3,3,3
"26-06-2010",3,4,4,4,4,5,10,6,17,9,5,4,5,4,4,3,3,3,4,3,3,3,4,4
"27-06-2010",4,4,4,4,3,3,4,5,5,37,4,4,3,5,5,5,4,3,3,3,4,3,3,4
"28-06-2010",4,3,3,3,3,4,4,5,6,5,5,4,4,5,5,5,5,5,5,4,4,5,5,6
"29-06-2010",5,6,4,4,5,9,12,21,13,12,4,5,3,3,3,3,3,3,3,3,3,4,5,6
"30-06-2010",6,5,4,4,8,38,58,83,40,9,4,4,4,4,5,4,4,5,6,6,6,7,9,7
"01-07-2010",8,6,6,6,11,26,65,37,20,18,7,5,4,4,4,4,6,5,5,4,4,4,6,6
"02-07-2010",6,7,6,5,16,17,31,31,13,7,4,4,4,3,4,5,3,5,3,4,4,5,6,6
"03-07-2010",5,4,3,3,3,3,3,4,3,4,4,3,4,3,4,3,4,3,4,4,4,5,5,5
"04-07-2010",5,4,4,4,3,3,4,4,3,3,3,3,3,3,3,3,3,3,3,3,3,4,5,6
"05-07-2010",6,6,5,4,4,4,22,45,6,5,4,4,4,4,4,4,3,3,3,4,7,4,4,4
"06-07-2010",5,5,6,6,6,18,41,61,11,14,7,7,4,3,4,3,3,5,4,4,4,4,5,6
"07-07-2010",6,5,5,5,16,23,98,67,11,4,4,3,4,3,3,3,3,3,3,4,4,4,4,4
"08-07-2010",5,6,6,5,5,6,17,7,4,4,4,4,4,4,4,3,3,3,3,3,3,3,3,3
"09-07-2010",3,3,3,3,3,3,4,4,4,4,4,4,4,4,3,4,3,3,3,3,3,4,3,4
"10-07-2010",4,4,3,3,3,3,5,5,4,4,4,4,3,3,3,3,3,3,3,3,3,3,3,3
"11-07-2010",3,3,3,3,3,3,3,3,3,3,3,3,3,3,3,3,3,3,3,3,3,4,4,4
"12-07-2010",5,5,5,4,4,4,5,6,5,5,5,4,4,4,3,3,8,4,4,3,3,4,4,5
"13-07-2010",6,6,6,5,7,19,47,66,34,15,4,4,4,4,8,4,4,3,4,9,7,7,8,9
"14-07-2010",9,8,8,5,6,20,86,48,14,6,5,4,4,3,4,3,3,3,3,3,4,4,5,5
"15-07-2010",6,6,7,7,7,8,69,91,31,5,4,4,3,3,4,3,3,3,3,5,5,4,4,5
"16-07-2010",4,5,5,5,5,5,5,4,4,4,4,4,3,3,4,3,3,3,3,3,3,3,3,3
"17-07-2010",3,3,3,3,3,3,3,3,4,3,3,3,3,3,3,3,3,3,3,3,3,3,4,3
"18-07-2010",3,3,4,4,4,4,3,4,3,3,3,3,3,3,3,3,3,3,3,3,3,3,3,3
"19-07-2010",4,4,4,4,4,6,4,4,3,4,4,3,3,3,3,3,3,3,3,3,3,4,4,4
"20-07-2010",3,3,3,3,3,3,4,4,4,4,4,4,3,3,3,3,3,3,3,3,3,4,5,4
"21-07-2010",4,4,3,3,4,5,6,26,8,6,4,3,3,3,3,3,5,5,4,3,4,5,5,5
"22-07-2010",6,5,5,4,4,4,5,5,4,4,4,4,4,3,3,3,3,3,3,3,3,4,4,4
"23-07-2010",4,4,4,3,3,4,4,4,5,9,4,4,4,4,4,3,3,3,3,3,3,4,4,4
"24-07-2010",4,4,4,4,5,5,6,13,8,8,4,9,5,5,3,4,4,4,4,4,3,4,4,5
"25-07-2010",5,5,6,7,7,7,9,10,6,5,4,4,3,3,3,3,3,3,4,4,4,5,5,6
"26-07-2010",6,5,5,4,4,4,4,5,5,4,3,3,4,4,5,4,3,3,4,4,4,5,5,5
"27-07-2010",5,5,4,3,3,3,7,20,5,5,3,3,3,3,3,3,3,3,3,3,3,3,3,3
"28-07-2010",3,3,3,3,3,3,3,4,3,3,3,3,3,3,3,3,3,3,3,3,3,3,3,4
"29-07-2010",4,3,3,3,3,4,5,4,3,3,3,3,3,3,3,3,3,3,3,3,3,3,3,3
"30-07-2010",3,3,3,3,3,3,3,3,3,3,3,3,3,3,3,3,3,3,3,3,3,3,3,3
"31-07-2010",3,3,3,3,3,3,3,4,3,4,3,3,3,3,3,3,4,3,3,3,3,4,4,4
"01-08-2010",5,5,6,5,5,5,5,6,6,5,4,4,3,3,3,3,3,3,3,3,3,3,3,4
"02-08-2010",6,10,9,11,9,7,7,6,6,6,5,4,4,4,4,4,4,4,3,3,3,7,8,5
"03-08-2010",5,5,4,4,4,4,13,7,5,5,4,4,4,4,4,3,3,4,5,4,4,4,4,6
"04-08-2010",6,6,7,7,7,7,7,12,14,6,4,4,4,3,3,4,4,4,4,4,4,4,5,5
"05-08-2010",6,5,4,4,4,4,7,11,5,5,4,4,4,4,3,4,3,4,3,3,3,3,3,3
"06-08-2010",4,5,8,9,8,11,50,44,18,12,11,6,5,4,5,4,3,4,3,3,6,5,5,5
"07-08-2010",5,5,6,6,6,6,13,21,9,8,5,10,6,4,4,3,4,3,3,3,3,3,7,6
"08-08-2010",7,9,9,6,5,5,6,6,6,6,4,3,3,3,3,5,5,3,6,8,3,5,6,6
"09-08-2010",6,7,9,7,4,5,5,4,4,4,4,4,4,4,4,3,3,3,3,3,3,4,4,4
"10-08-2010",4,4,4,5,4,4,4,4,4,4,4,4,4,4,3,3,3,3,3,3,3,4,4,4
"11-08-2010",4,4,4,5,4,4,4,4,4,3,4,4,4,3,3,3,3,3,4,4,4,4,4,4
"12-08-2010",4,4,4,5,4,4,4,5,4,3,4,3,3,3,6,12,7,3,3,3,4,3,3,3
"13-08-2010",4,9,6,9,12,11,10,13,6,5,5,4,3,3,3,3,5,3,3,3,4,3,4,6
"14-08-2010",8,7,9,16,21,12,11,8,5,3,3,3,3,3,3,3,3,3,3,3,3,3,3,3
"15-08-2010",3,3,3,3,3,4,4,4,3,3,3,3,3,3,3,3,3,3,3,3,3,3,3,3
"16-08-2010",3,3,3,3,3,4,4,5,4,4,3,3,3,3,3,3,3,3,3,3,4,4,3,3
"17-08-2010",3,3,4,4,4,8,29,62,21,25,15,9,3,5,6,4,4,3,3,4,4,3,4,3
"18-08-2010",3,3,3,3,3,4,4,4,3,3,3,3,3,4,4,3,4,5,4,4,4,4,5,5
"19-08-2010",5,5,5,6,6,6,12,26,10,20,6,13,4,4,4,4,4,3,3,4,4,4,7,5
"20-08-2010",6,6,6,6,5,5,4,4,3,4,3,3,3,3,3,3,3,3,3,3,3,3,3,3
"21-08-2010",4,4,4,4,4,4,4,4,4,3,3,3,3,3,3,3,3,3,3,3,3,3,3,3
"22-08-2010",3,3,3,3,3,3,3,3,3,3,3,3,3,3,3,3,3,3,3,3,3,3,3,3
"23-08-2010",3,3,3,3,3,3,3,3,3,4,4,4,4,4,3,3,3,3,3,3,3,3,3,3
"24-08-2010",3,3,3,3,3,3,3,5,4,4,4,4,4,3,3,3,3,3,3,3,4,4,4,4
"25-08-2010",5,5,4,3,4,4,4,11,10,14,5,4,3,3,3,5,4,3,3,4,4,4,4,5
"26-08-2010",6,6,5,5,4,4,13,8,13,4,3,3,3,3,3,3,3,3,3,3,3,3,5,5
"27-08-2010",5,5,4,3,3,4,4,5,5,5,4,4,3,3,3,3,3,3,3,3,3,4,4,4
"28-08-2010",5,4,4,4,3,4,5,7,6,13,17,3,3,3,4,4,4,4,3,4,4,5,5,6
"29-08-2010",6,6,6,5,4,5,7,11,11,9,5,9,6,3,3,4,3,4,5,4,4,4,5,5
"30-08-2010",5,7,6,5,4,5,5,6,8,6,8,12,4,4,6,3,4,3,3,3,3,3,3,3
"31-08-2010",3,3,3,4,5,18,7,5,4,7,6,4,4,3,3,3,3,3,3,3,3,3,3,3
"01-09-2010",3,3,3,3,3,3,3,3,3,4,4,4,3,3,3,3,3,3,3,3,3,3,3,3
"02-09-2010",3,3,3,3,3,3,3,5,5,4,3,4,3,6,4,4,3,3,3,3,3,3,3,3
"03-09-2010",3,3,3,3,3,5,30,30,23,5,5,4,4,4,3,3,3,3,3,3,3,3,3,3
"04-09-2010",3,3,3,3,3,7,16,26,9,5,5,4,5,4,4,3,3,3,3,3,3,3,4,4
"05-09-2010",4,4,4,4,3,3,3,3,3,4,3,3,3,3,3,3,3,3,3,3,3,4,3,3
"06-09-2010",3,3,3,3,3,3,4,5,7,7,5,5,5,5,5,4,5,4,4,4,4,3,3,3
"07-09-2010",3,3,4,3,4,6,7,11,7,5,4,4,4,4,3,3,3,3,3,3,4,4,5,5
"08-09-2010",4,4,3,4,4,11,34,49,24,22,14,12,8,4,4,5,3,3,3,3,3,3,4,5
"09-09-2010",4,4,3,4,4,11,18,78,42,37,15,6,6,3,4,3,4,3,4,4,4,6,7,4
"10-09-2010",4,4,3,3,3,3,3,4,4,4,4,4,4,4,3,3,3,3,3,3,3,3,3,3
"11-09-2010",3,3,3,3,3,3,4,-9999,-9999,-9999,-9999,-9999,-9999,-9999,-9999,-9999,35,4,4,3,3,3,3,3
"12-09-2010",3,3,3,3,3,3,3,3,3,3,3,3,3,3,3,3,4,4,4,3,3,3,3,3
"13-09-2010",3,3,3,3,3,5,4,39,7,6,5,4,4,3,3,4,3,3,3,3,3,4,4,3
"14-09-2010",3,4,4,3,3,4,12,51,31,11,4,4,3,3,3,3,3,3,3,3,3,4,3,4
"15-09-2010",3,3,3,3,3,3,3,8,5,3,-9999,-9999,7,4,4,4,3,3,3,3,3,3,3,3
"16-09-2010",3,3,3,3,3,3,3,4,6,4,4,3,3,3,3,3,3,3,3,3,4,4,5,3
"17-09-2010",3,3,3,3,4,5,38,109,72,20,6,4,4,3,3,3,4,4,3,3,5,5,6,5
"18-09-2010",4,4,4,4,4,4,18,12,32,29,23,5,4,4,3,3,3,3,2,3,3,5,5,5
"19-09-2010",5,6,4,3,4,5,10,13,14,13,5,4,3,3,3,3,4,3,3,4,5,6,6,6
"20-09-2010",8,5,5,5,7,40,49,98,101,72,42,12,9,4,4,4,4,4,4,4,5,5,5,5
"21-09-2010",4,3,3,3,3,3,3,5,4,5,4,4,4,3,3,3,3,3,3,3,3,3,3,3
"22-09-2010",3,3,3,3,3,4,5,4,4,4,4,4,4,4,4,4,4,3,3,3,3,3,3,3
"23-09-2010",3,3,3,3,3,3,3,3,3,3,3,4,4,4,4,4,3,3,3,3,3,3,3,3
"24-09-2010",3,3,3,3,3,3,3,4,4,4,5,4,4,3,4,3,4,3,3,3,3,3,4,4
"25-09-2010",4,4,3,3,3,4,4,5,6,6,6,4,5,4,5,4,3,3,3,3,3,3,4,4
"26-09-2010",4,-9999,-9999,3,3,3,6,18,9,7,6,5,5,4,3,4,4,3,3,4,4,4,4,3
"27-09-2010",4,4,3,3,3,8,39,71,44,7,6,4,4,4,4,4,3,3,3,3,3,3,4,4
"28-09-2010",4,3,3,3,4,10,28,59,66,24,9,4,4,4,4,4,4,3,3,5,6,6,6,5
"29-09-2010",5,4,4,3,7,13,31,75,72,47,12,8,6,5,5,5,4,4,4,5,4,3,3,3
"30-09-2010",3,3,3,3,3,3,3,4,6,4,3,3,4,3,3,3,3,3,3,3,3,3,3,3
"01-10-2010",3,3,3,3,3,3,5,9,6,5,4,4,4,4,4,4,3,3,3,3,3,3,3,4
"02-10-2010",4,3,3,3,6,5,3,9,5,4,4,3,4,5,4,3,3,3,3,3,3,3,3,3
"03-10-2010",3,3,3,3,3,3,3,3,3,3,3,3,4,3,3,3,3,3,3,3,3,3,3,4
"04-10-2010",6,4,3,3,4,20,42,18,16,4,5,5,5,4,4,3,4,3,3,3,3,3,3,3
"05-10-2010",3,3,3,3,3,3,4,22,52,21,5,4,4,4,3,3,3,3,3,3,3,3,7,7
"06-10-2010",11,6,4,5,12,43,83,122,164,47,8,7,7,5,4,3,4,4,4,3,4,6,4,3
"07-10-2010",3,4,4,3,4,4,3,11,26,6,5,5,4,5,5,4,4,4,3,3,3,3,3,3
"08-10-2010",3,3,3,3,3,3,4,5,7,6,5,4,5,5,5,5,5,4,4,3,3,3,3,3
"09-10-2010",3,3,3,3,3,3,4,4,10,5,4,4,4,4,13,11,6,3,3,4,3,3,3,4
"10-10-2010",3,3,3,3,3,3,4,6,5,4,3,4,4,4,3,3,3,3,4,4,5,5,5,4
"11-10-2010",4,4,4,3,3,4,11,49,79,29,8,6,6,8,31,42,36,23,22,19,9,5,4,4
"12-10-2010",4,3,3,4,4,6,28,77,132,135,61,-9999,21,17,6,6,6,6,5,5,4,4,8,11
"13-10-2010",12,10,7,12,16,35,79,106,95,70,22,19,18,23,15,15,20,6,5,10,12,10,32,12
"14-10-2010",15,8,10,5,5,11,39,75,111,74,35,12,6,6,5,4,4,5,4,7,20,13,5,8
"15-10-2010",9,9,14,7,20,62,93,140,226,114,39,8,6,7,5,5,5,4,4,5,6,7,25,14
"16-10-2010",5,9,4,5,8,16,34,71,78,36,10,10,5,7,4,4,3,3,3,3,3,4,4,5
"17-10-2010",4,4,4,4,5,4,5,12,19,9,27,5,4,4,4,5,4,3,3,4,4,4,3,4
"18-10-2010",3,3,3,3,3,5,16,30,77,65,100,93,48,53,20,8,8,7,17,17,15,28,23,9
"19-10-2010",6,5,5,5,4,9,49,4,6,5,5,5,4,4,6,4,4,3,3,4,4,4,4,5
"20-10-2010",5,4,3,5,5,22,79,115,144,6,4,3,4,4,4,3,4,3,3,3,3,3,3,6
"21-10-2010",5,6,4,4,8,23,41,75,96,54,28,9,4,4,4,3,4,4,4,4,4,4,4,4
"22-10-2010",4,3,3,3,3,3,4,4,6,9,6,6,6,6,6,5,5,4,4,4,3,3,3,3
"23-10-2010",3,3,3,3,3,3,3,9,8,4,4,4,4,4,4,3,3,3,3,3,3,3,3,3
"24-10-2010",3,4,3,3,3,3,3,4,5,4,4,4,4,4,4,3,3,3,3,3,4,5,8,9
"25-10-2010",7,6,4,5,8,30,88,129,130,165,48,10,7,4,4,3,3,3,3,3,3,3,3,3
"26-10-2010",3,3,3,3,4,5,10,57,111,117,26,15,6,4,5,5,4,4,5,17,31,13,27,12
"27-10-2010",8,7,7,6,13,23,75,109,210,99,125,71,14,7,12,7,5,4,4,4,4,3,3,3
"28-10-2010",3,3,3,3,3,3,3,3,4,5,4,4,4,4,4,4,3,3,3,3,3,3,3,3
"29-10-2010",3,3,3,3,3,3,4,5,6,6,6,6,6,6,6,5,5,5,4,5,7,6,6,4
"30-10-2010",4,3,3,3,3,3,10,15,11,8,5,5,5,5,4,4,4,3,3,4,3,3,3,3
"31-10-2010",3,3,3,3,3,3,3,3,4,5,4,4,3,4,3,3,3,3,3,6,8,5,10,13
"01-11-2010",7,6,5,4,4,4,43,101,98,128,5,6,6,10,6,4,3,3,20,24,17,13,15,17
"02-11-2010",5,7,5,7,18,57,128,180,117,22,7,11,5,4,4,4,3,3,19,30,34,25,15,5
"03-11-2010",5,5,3,5,12,26,90,118,71,16,11,7,5,5,4,4,3,3,32,31,35,18,12,12
"04-11-2010",12,5,3,3,8,53,107,92,50,18,12,11,14,5,4,5,4,4,34,7,8,36,17,3
"05-11-2010",3,3,3,3,3,3,19,97,224,55,12,5,7,6,6,5,4,4,8,26,37,33,44,11
"06-11-2010",5,6,5,5,35,40,86,133,72,79,65,83,7,5,5,4,3,3,11,8,7,12,8,11
"07-11-2010",12,6,4,5,8,15,22,29,26,22,37,31,12,11,5,4,4,4,7,8,12,11,12,13
"08-11-2010",9,9,6,6,11,42,87,104,90,36,8,4,4,4,4,4,3,3,5,6,3,3,3,3
"09-11-2010",3,3,3,4,7,7,4,18,4,5,4,5,6,5,5,4,4,5,7,15,13,6,3,5
"10-11-2010",3,16,15,6,31,7,6,31,36,7,6,7,10,8,7,4,4,3,3,3,3,6,21,10
"11-11-2010",9,8,10,6,15,54,84,116,123,60,-9999,-9999,5,5,5,4,5,6,24,50,23,20,19,13
"12-11-2010",5,6,5,5,17,46,64,106,182,130,81,90,9,10,11,18,6,5,12,54,41,15,23,19
"13-11-2010",12,7,8,5,4,4,8,7,5,4,5,5,4,4,3,4,4,4,3,3,4,4,3,3
"14-11-2010",3,3,3,3,3,3,3,3,4,4,5,5,4,4,4,4,6,5,12,6,4,8,7,7
"15-11-2010",3,3,10,11,34,48,31,55,9,12,6,5,4,5,4,3,3,17,48,66,98,52,36,24
"16-11-2010",14,16,14,10,17,41,129,190,114,46,53,12,4,4,5,4,4,4,26,26,17,9,17,11
"17-11-2010",5,4,6,6,16,67,144,197,186,103,40,13,4,5,4,6,11,32,70,42,22,20,19,10
"18-11-2010",6,5,7,7,9,37,67,112,67,33,9,4,5,4,5,4,3,26,38,45,17,13,11,9
"19-11-2010",9,7,8,8,28,47,100,200,114,63,42,9,7,5,4,5,4,4,41,29,20,7,7,8
"20-11-2010",6,5,4,5,14,28,70,67,73,25,37,19,25,6,7,4,3,7,22,10,8,15,11,11
"21-11-2010",7,5,8,5,4,8,11,13,17,9,14,24,8,4,5,5,4,7,14,14,17,27,27,15
"22-11-2010",13,9,7,10,17,43,83,154,126,83,22,10,6,4,4,4,3,3,3,3,3,3,3,3
"23-11-2010",3,2,5,6,3,4,34,16,9,9,16,6,21,13,3,3,3,3,3,3,3,3,3,3
"24-11-2010",3,3,3,3,6,18,53,107,96,53,26,6,4,5,12,9,5,3,3,3,3,3,3,4
"25-11-2010",3,3,3,3,4,17,55,75,113,30,15,5,9,9,3,3,3,4,5,8,14,13,13,6
"26-11-2010",5,6,5,4,11,40,97,184,137,10,8,4,3,4,3,3,3,12,7,9,13,4,3,6
"27-11-2010",21,7,3,3,3,3,7,10,6,16,7,6,6,4,4,3,3,3,3,3,3,3,3,5
"28-11-2010",4,3,4,5,6,9,16,26,35,26,16,9,4,4,3,3,3,3,4,5,5,3,5,41
"29-11-2010",37,5,3,3,24,10,25,49,29,60,21,14,12,6,4,4,3,4,6,9,3,3,3,3
"30-11-2010",3,3,3,3,5,7,6,79,165,160,103,22,7,4,5,4,5,60,46,33,30,34,44,53
"01-12-2010",35,26,10,7,11,23,33,90,195,85,12,9,11,5,6,7,6,37,47,56,52,35,15,8
"02-12-2010",6,9,10,11,19,27,75,129,102,116,60,25,33,36,17,31,55,68,13,5,26,25,19,11
"03-12-2010",13,8,5,6,8,29,92,133,144,39,4,5,5,4,4,3,3,3,3,9,32,40,17,16
"04-12-2010",5,5,4,3,3,3,3,3,5,4,4,3,3,3,3,3,3,3,3,3,3,3,2,2
"05-12-2010",3,2,3,3,3,3,3,5,5,3,3,3,3,3,3,3,3,3,4,3,3,4,4,4
"06-12-2010",3,3,3,3,4,19,61,99,66,35,17,7,4,4,4,3,3,4,27,53,64,49,36,27
"07-12-2010",13,14,10,5,18,60,95,161,195,71,60,29,10,7,4,3,3,4,12,42,55,55,36,19
"08-12-2010",9,10,12,10,21,72,119,203,203,127,27,8,4,5,4,4,4,3,5,9,38,57,40,22
"09-12-2010",10,5,12,8,31,68,130,255,270,123,19,10,9,6,6,5,4,11,5,3,3,4,3,3
"10-12-2010",3,3,3,3,3,3,3,3,7,11,7,10,5,5,5,5,4,4,4,4,4,3,3,3
"11-12-2010",3,3,3,3,3,3,4,4,4,4,4,4,5,4,4,4,4,3,4,4,4,4,3,3
"12-12-2010",3,3,3,3,3,3,3,5,11,4,4,4,4,4,4,4,5,24,42,34,36,23,22,20
"13-12-2010",13,7,7,10,21,53,114,117,104,67,68,56,39,10,6,8,9,6,6,4,5,4,4,3
"14-12-2010",3,3,3,3,3,4,8,15,37,24,10,6,4,4,4,3,3,21,50,54,53,34,23,11
"15-12-2010",7,5,4,3,3,5,8,14,28,25,37,15,19,13,12,10,7,12,6,5,4,4,4,3
"16-12-2010",3,3,3,3,3,4,6,14,12,11,11,12,10,8,7,6,5,5,5,5,5,4,4,3
"17-12-2010",3,3,3,4,4,8,74,175,124,146,118,33,8,5,5,5,8,34,115,44,33,8,4,5
"18-12-2010",4,5,4,6,23,46,85,63,104,59,8,6,4,4,4,3,3,4,3,3,3,3,3,3
"19-12-2010",3,3,3,3,3,4,11,25,39,22,30,51,74,106,107,48,66,126,64,41,51,62,42,30
"20-12-2010",29,15,21,18,33,64,136,191,191,169,170,114,72,13,5,5,4,3,4,4,3,7,6,5
"21-12-2010",14,14,8,8,18,21,73,109,61,51,6,4,4,4,5,4,5,4,4,34,77,56,37,18
"22-12-2010",14,7,5,7,12,28,98,193,185,122,40,12,8,6,4,3,4,4,31,17,64,70,91,45
"23-12-2010",10,5,6,8,21,57,110,204,187,132,16,7,5,5,6,5,6,57,111,131,83,71,50,20
"24-12-2010",9,11,17,18,25,31,17,4,4,4,5,5,4,4,4,4,3,3,3,3,3,3,3,3
"25-12-2010",3,3,3,3,3,3,3,3,4,4,4,4,3,3,3,3,3,3,3,4,5,11,4,3
"26-12-2010",4,3,3,3,3,3,7,10,9,9,8,5,4,4,4,4,4,16,26,9,24,19,21,24
"27-12-2010",24,18,8,8,13,34,56,66,157,142,112,55,48,8,12,6,16,55,75,26,6,9,22,15
"28-12-2010",5,5,6,6,4,6,39,45,19,12,10,7,6,7,6,6,6,5,5,5,5,4,4,3
"29-12-2010",3,3,3,3,3,4,5,6,6,6,6,6,6,6,6,5,5,5,4,4,5,4,4,3
"30-12-2010",3,3,3,3,3,3,6,6,7,6,5,5,5,5,5,5,5,7,8,6,13,7,5,4
"31-12-2010",3,3,3,3,4,6,22,26,20,8,5,4,4,4,4,3,3,31,25,27,17,17,13,5
"01-01-2011",7,-9999,-9999,-9999,-9999,-9999,-9999,-9999,-9999,-9999,-9999,-9999,-9999,-9999,-9999,-9999,-9999,-9999,-9999,-9999,-9999,-9999,-9999,-9999
