"01-01-2010",3,3,4,4,4,3,3,4,5,9,41,61,62,64,73,77,76,65,45,29,28,56,40,76
"02-01-2010",78,88,89,94,93,98,91,88,87,85,85,86,85,87,83,84,84,75,72,72,65,63,67,66
"03-01-2010",74,63,58,66,64,63,50,58,66,69,70,76,83,80,85,85,86,83,83,86,77,73,43,44
"04-01-2010",56,57,58,47,44,30,39,22,23,31,37,43,38,51,57,45,26,22,31,38,49,52,51,23
"05-01-2010",42,29,21,24,12,3,3,3,3,3,3,3,4,8,50,75,78,75,76,79,77,75,79,82
"06-01-2010",79,82,75,75,76,79,76,79,75,74,80,81,83,78,77,78,65,59,55,37,31,25,24,23
"07-01-2010",22,15,28,27,22,6,3,4,4,10,28,25,26,19,26,25,12,6,4,4,3,3,3,3
"08-01-2010",3,3,4,4,3,3,3,3,2,3,10,40,46,52,54,56,51,53,45,43,46,57,65,55
"09-01-2010",60,73,76,69,72,65,37,48,55,65,75,69,72,69,67,70,74,68,63,61,54,52,41,47
"10-01-2010",23,20,14,17,17,16,17,12,27,70,73,85,89,88,83,92,94,79,64,70,72,81,70,61
"11-01-2010",65,87,92,77,71,53,53,10,7,24,62,72,80,66,63,60,54,45,65,61,50,23,8,5
"12-01-2010",4,4,13,16,6,3,3,3,3,3,3,3,7,33,58,67,61,24,24,12,6,5,4,5
"13-01-2010",6,9,41,43,44,29,13,5,12,20,33,53,54,70,65,57,56,23,3,18,26,39,36,33
"14-01-2010",23,26,36,43,42,29,4,5,7,11,16,17,21,27,31,29,21,30,35,33,33,38,32,35
"15-01-2010",39,42,39,39,36,18,8,3,3,5,8,4,10,16,15,21,24,21,11,4,4,4,4,9
"16-01-2010",42,50,52,48,52,57,51,46,51,48,58,55,39,38,40,38,40,39,34,34,39,43,50,49
"17-01-2010",47,44,47,52,51,37,34,20,33,41,48,49,52,53,54,55,50,40,35,35,37,33,36,37
"18-01-2010",40,46,47,47,43,33,19,-9999,11,17,24,22,22,22,28,29,27,31,32,29,33,30,38,43
"19-01-2010",46,49,47,44,45,31,23,25,17,27,35,41,43,35,30,40,36,27,26,34,41,44,50,54
"20-01-2010",55,53,55,56,46,39,27,19,13,18,39,39,44,41,53,46,29,10,6,13,13,8,4,13
"21-01-2010",15,10,16,16,7,3,2,2,-9999,3,18,55,63,61,61,44,24,29,47,68,42,25,17,29
"22-01-2010",35,70,72,72,68,72,63,49,39,44,42,45,50,51,54,55,54,50,46,45,51,50,45,52
"23-01-2010",48,36,48,52,35,21,16,3,6,14,36,45,47,46,48,53,40,42,44,42,50,45,53,53
"24-01-2010",53,61,61,58,60,56,47,32,47,50,53,62,59,64,62,59,33,28,41,55,48,44,39,53
"25-01-2010",62,60,66,71,72,65,38,18,33,43,49,56,58,52,47,56,55,57,59,65,71,83,83,83
"26-01-2010",84,87,87,85,78,67,36,27,17,37,55,60,51,49,43,43,44,36,36,34,49,58,60,63
"27-01-2010",67,72,81,79,43,48,17,13,12,10,4,7,11,9,19,12,12,16,17,14,15,5,28,36
"28-01-2010",44,14,4,5,28,7,3,6,-9999,5,6,6,12,10,9,6,4,4,4,4,4,4,4,4
"29-01-2010",4,4,3,3,3,3,2,3,3,3,4,16,37,49,51,50,31,38,16,4,3,4,4,4
"30-01-2010",6,7,7,7,3,3,3,3,3,4,7,42,64,65,77,84,68,38,9,4,4,4,4,4
"31-01-2010",4,4,4,9,37,47,63,56,32,58,67,64,80,83,83,79,82,70,73,70,56,58,25,10
"01-02-2010",8,10,16,59,57,72,63,58,68,78,86,88,91,88,87,84,82,63,25,9,6,7,5,6
"02-02-2010",22,27,20,9,16,11,12,17,50,53,57,63,70,68,66,67,65,66,47,35,55,77,63,75
"03-02-2010",80,75,80,82,76,76,68,60,54,67,71,74,73,75,84,83,80,61,19,6,10,13,8,11
"04-02-2010",12,11,15,5,3,2,2,2,5,6,35,60,69,66,70,79,77,28,5,5,5,5,6,19
"05-02-2010",13,18,13,14,25,7,2,2,2,4,17,52,62,69,73,71,44,49,53,54,32,17,14,10
"06-02-2010",9,12,20,20,16,11,3,3,3,3,4,11,85,87,91,98,100,101,93,92,84,78,45,16
"07-02-2010",10,9,13,23,27,28,11,19,14,7,27,37,22,35,69,46,44,31,11,8,12,5,7,6
"08-02-2010",5,10,22,24,36,30,22,32,17,25,40,40,33,27,31,26,27,21,18,15,15,19,39,41
"09-02-2010",38,50,45,38,18,4,3,3,4,8,14,28,28,29,66,64,63,57,15,9,13,21,34,39
"10-02-2010",41,27,31,18,29,20,6,4,4,5,18,58,65,65,76,76,79,86,83,83,83,80,82,57
"11-02-2010",28,20,10,8,5,4,4,4,4,38,50,71,82,80,84,67,67,62,14,5,4,4,4,5
"12-02-2010",8,9,17,8,4,3,3,3,3,6,38,61,78,70,51,82,82,84,73,48,55,38,36,65
"13-02-2010",51,41,40,54,35,14,7,4,6,59,91,100,99,90,97,96,96,83,65,86,84,84,65,47
"14-02-2010",46,48,59,52,53,35,29,17,14,15,21,26,20,12,30,59,66,65,32,7,21,28,23,8
"15-02-2010",4,8,23,21,15,55,78,83,85,71,88,99,106,108,106,104,102,88,66,50,26,56,29,7
"16-02-2010",11,27,18,16,7,5,4,4,4,7,18,22,50,67,84,86,55,50,42,11,4,5,6,7
"17-02-2010",6,4,3,7,4,4,3,3,4,4,35,64,78,74,74,75,50,27,8,5,4,4,4,5
"18-02-2010",4,19,15,4,8,4,3,3,4,4,6,19,37,46,57,70,42,32,6,8,10,12,29,56
"19-02-2010",55,47,28,32,20,6,3,3,3,6,15,18,61,56,32,40,48,48,21,34,33,45,44,26
"20-02-2010",37,30,27,23,9,10,5,4,4,4,5,6,9,43,45,27,39,49,31,24,34,31,47,55
"21-02-2010",47,59,65,80,90,97,102,102,96,101,99,100,103,103,106,107,106,105,105,102,102,88,88,77
"22-02-2010",73,70,80,74,72,48,11,5,6,11,16,57,68,62,75,88,91,83,61,19,7,13,20,19
"23-02-2010",21,21,14,7,4,4,3,3,3,3,3,4,19,27,61,71,60,48,31,24,4,4,4,4
"24-02-2010",7,8,8,11,6,3,3,3,3,8,8,31,57,39,74,84,78,41,13,5,32,67,71,66
"25-02-2010",76,69,83,89,75,47,10,27,20,56,73,77,82,84,88,88,87,75,54,27,14,18,12,6
"26-02-2010",11,18,21,12,6,5,4,3,5,13,64,77,80,86,89,85,74,82,78,63,30,8,14,25
"27-02-2010",12,19,33,25,16,9,4,3,4,11,74,92,96,95,107,109,100,102,107,86,82,81,80,76
"28-02-2010",68,79,75,77,79,79,63,57,71,75,79,81,84,86,89,104,98,93,79,57,10,23,7,8
"01-03-2010",5,7,9,6,5,4,3,3,4,4,11,28,63,56,71,82,62,33,13,8,4,4,4,4
"02-03-2010",4,7,7,7,4,3,3,3,4,4,7,31,76,88,92,88,97,91,96,87,84,69,64,60
"03-03-2010",73,81,85,68,53,31,33,8,18,39,68,71,72,83,91,102,110,88,57,38,22,6,4,8
"04-03-2010",11,8,21,21,10,6,3,3,4,66,87,95,92,100,98,87,87,65,24,8,8,19,40,63
"05-03-2010",62,48,31,35,33,5,11,61,84,87,92,92,88,97,92,100,97,97,91,83,79,85,81,69
"06-03-2010",76,67,74,54,40,15,4,4,10,51,79,94,98,99,104,95,101,108,104,98,91,76,73,76
"07-03-2010",75,75,75,77,70,57,41,41,44,46,48,45,51,50,47,37,43,59,39,36,38,63,76,74
"08-03-2010",80,89,93,95,84,85,67,69,46,58,59,61,58,66,69,67,74,77,80,79,76,76,76,70
"09-03-2010",76,78,72,72,75,69,52,39,47,56,59,56,66,62,65,63,62,54,48,51,51,25,22,40
"10-03-2010",40,49,60,76,62,44,22,21,19,12,-9999,-9999,37,19,10,22,28,26,32,21,11,5,24,32
"11-03-2010",27,46,25,29,44,47,36,36,22,36,59,69,79,89,94,93,92,69,64,53,38,64,63,59
"12-03-2010",42,36,27,26,14,5,4,4,8,66,100,105,111,113,112,115,113,104,101,93,86,96,104,79
"13-03-2010",75,67,75,59,34,7,5,8,22,36,41,69,94,98,102,89,95,92,74,76,73,49,49,28
"14-03-2010",32,36,58,76,85,82,95,93,96,97,94,96,94,90,89,90,90,88,78,72,74,78,81,88
"15-03-2010",90,92,94,97,94,80,58,55,54,65,71,73,77,79,78,84,81,79,65,39,27,37,16,52
"16-03-2010",44,41,40,22,13,41,6,10,39,68,80,98,94,109,110,120,122,109,84,46,33,13,7,12
"17-03-2010",14,21,22,26,29,9,4,4,27,77,85,92,96,108,105,102,92,92,86,87,83,74,79,87
"18-03-2010",95,79,81,78,73,40,4,4,20,57,85,90,96,107,110,116,108,109,92,83,47,11,12,16
"19-03-2010",18,16,19,12,9,5,4,4,7,27,21,56,60,74,118,113,103,112,80,66,15,5,10,19
"20-03-2010",25,35,32,33,20,9,5,8,38,36,48,87,118,139,141,133,138,146,135,95,41,22,20,20
"21-03-2010",15,15,25,26,22,24,16,14,34,64,71,113,120,130,137,128,138,125,113,76,22,24,9,16
"22-03-2010",15,17,20,10,9,5,4,4,7,17,37,42,77,79,110,99,83,70,77,70,22,5,5,5
"23-03-2010",5,5,5,7,5,4,4,4,4,11,21,41,75,90,110,121,95,73,51,47,71,84,94,97
"24-03-2010",109,106,93,85,87,76,62,72,77,75,81,76,72,70,78,76,81,80,78,65,63,84,79,71
"25-03-2010",89,98,99,105,99,99,98,101,102,103,104,107,108,117,120,117,118,113,101,100,106,114,105,100
"26-03-2010",103,105,98,92,99,94,82,71,79,91,92,98,97,98,100,97,91,88,81,58,40,54,64,42
"27-03-2010",54,66,64,49,33,10,10,10,52,53,72,73,87,115,130,131,118,104,74,37,28,18,18,16
"28-03-2010",20,22,26,16,24,48,78,105,117,118,117,123,121,128,132,130,124,127,123,105,81,103,81,77
"29-03-2010",82,90,106,97,64,18,53,-9999,29,96,95,98,96,103,103,113,113,106,94,93,63,26,15,19
"30-03-2010",16,16,23,19,20,4,4,4,6,18,24,47,65,95,130,122,107,108,106,92,63,23,17,30
"31-03-2010",31,28,23,17,10,36,67,56,65,99,108,115,113,118,119,109,76,80,53,22,22,16,10,29
"01-04-2010",25,30,21,19,8,5,5,6,7,29,75,72,84,86,109,106,94,102,94,81,40,35,21,10
"02-04-2010",22,33,32,28,14,8,13,5,8,15,32,55,54,64,57,84,81,84,89,51,32,41,28,23
"03-04-2010",14,8,15,13,9,5,4,8,15,31,67,95,107,120,108,106,126,113,113,88,88,51,38,42
"04-04-2010",41,39,44,50,47,41,39,19,33,73,81,97,120,114,146,176,170,143,134,102,51,50,50,53
"05-04-2010",57,46,52,58,55,42,47,34,30,43,33,42,63,118,140,144,139,134,92,107,88,46,27,56
"06-04-2010",88,92,95,110,109,88,57,16,67,102,100,104,103,114,115,117,111,114,101,70,90,75,65,44
"07-04-2010",43,51,36,21,14,7,5,5,13,60,72,68,79,86,87,86,90,95,88,78,56,40,33,48
"08-04-2010",54,50,52,60,22,6,10,17,14,59,66,82,102,101,105,98,113,118,94,102,56,47,57,60
"09-04-2010",73,57,70,74,50,30,9,7,6,15,75,107,109,105,106,106,110,117,117,102,58,69,75,97
"10-04-2010",101,97,90,104,107,97,71,49,96,101,110,116,122,127,128,130,130,129,126,104,109,101,81,85
"11-04-2010",74,80,98,122,122,120,105,123,129,127,123,130,134,135,136,135,137,136,130,115,86,96,74,105
"12-04-2010",101,108,118,94,91,65,21,18,40,53,71,92,110,112,119,135,114,116,116,104,80,79,80,33
"13-04-2010",23,29,25,35,14,6,5,5,21,21,47,59,100,116,127,135,121,123,112,100,95,99,91,55
"14-04-2010",59,56,40,52,38,18,5,5,11,43,74,119,126,126,139,138,140,141,124,123,108,86,43,40
"15-04-2010",34,31,36,31,18,7,5,5,5,21,71,103,123,114,114,106,101,83,87,74,34,23,21,30
"16-04-2010",26,29,30,24,31,27,5,5,5,25,41,82,65,81,82,84,73,78,69,67,42,27,46,24
"17-04-2010",26,33,31,34,28,7,5,6,7,30,57,69,80,93,105,83,80,97,86,52,40,31,31,17
"18-04-2010",24,26,54,86,91,92,88,85,84,79,82,88,88,82,77,76,82,78,69,51,35,67,74,72
"19-04-2010",51,40,28,42,63,53,10,6,16,58,87,93,117,110,96,84,81,92,74,68,59,47,36,18
"20-04-2010",12,23,15,18,17,37,30,60,84,102,108,106,116,122,133,138,146,152,154,148,140,136,133,111
"21-04-2010",107,115,120,103,107,91,88,78,80,100,106,110,108,100,94,86,83,93,100,66,26,33,37,41
"22-04-2010",33,35,34,26,16,5,5,5,7,33,43,101,106,139,132,143,138,129,117,94,49,29,22,30
"23-04-2010",33,39,37,20,20,6,5,5,16,23,35,35,71,108,103,94,82,78,100,68,53,30,21,28
"24-04-2010",38,47,53,48,44,28,12,8,29,61,59,103,113,104,118,110,97,80,102,98,78,46,40,42
"25-04-2010",45,49,52,46,53,39,30,35,29,63,104,129,138,144,161,163,160,159,120,104,82,78,111,116
"26-04-2010",116,124,128,124,112,116,116,110,111,115,125,119,126,128,129,125,127,130,123,127,127,125,125,130
"27-04-2010",132,135,127,127,124,116,109,99,102,105,-9999,-9999,91,112,118,121,119,121,116,109,110,111,115,116
"28-04-2010",115,119,120,123,119,109,104,104,108,111,110,110,113,115,111,111,109,116,116,116,95,90,105,112
"29-04-2010",104,109,115,118,121,116,107,104,104,105,110,113,115,115,121,120,120,124,123,114,117,112,108,118
"30-04-2010",122,126,131,130,127,119,105,98,103,112,112,111,113,111,110,110,112,112,114,82,57,50,51,79
"01-05-2010",89,98,78,69,68,49,38,56,78,93,113,109,112,114,136,166,155,158,154,128,116,87,49,42
"02-05-2010",47,69,62,52,52,64,36,34,59,54,67,87,128,131,140,145,133,117,104,104,92,54,36,43
"03-05-2010",38,29,39,34,20,12,4,4,8,46,56,87,71,100,119,131,96,76,81,91,38,30,15,15
"04-05-2010",23,32,32,34,18,13,4,4,6,19,28,65,98,139,134,147,142,132,113,89,60,40,22,26
"05-05-2010",28,36,32,36,18,4,4,4,14,39,36,47,92,76,149,120,135,138,119,79,66,45,30,19
"06-05-2010",22,44,44,24,22,22,5,4,5,28,61,122,132,154,147,149,140,130,110,93,47,60,47,34
"07-05-2010",41,65,66,55,21,7,5,5,26,59,78,97,97,93,105,125,109,119,109,97,68,56,52,43
"08-05-2010",36,67,54,60,44,29,20,18,36,36,36,57,99,113,136,129,123,113,79,77,65,43,24,24
"09-05-2010",35,57,48,48,65,94,85,98,106,112,115,109,101,94,106,127,127,130,120,91,76,61,44,27
"10-05-2010",25,29,27,29,15,7,5,5,16,22,65,89,123,128,136,146,129,124,110,72,35,22,24,28
"11-05-2010",25,38,31,33,20,7,5,5,14,19,32,45,102,117,143,157,147,135,93,97,76,42,38,30
"12-05-2010",28,29,28,25,7,4,4,4,6,23,84,106,149,134,160,137,109,65,92,66,30,11,21,20
"13-05-2010",20,18,16,16,12,4,4,4,8,36,93,104,100,87,96,117,129,103,91,68,52,37,19,20
"14-05-2010",18,11,10,19,18,15,6,7,57,64,90,105,113,105,133,120,91,78,69,71,63,66,51,44
"15-05-2010",35,32,35,28,27,29,16,20,28,20,30,45,59,52,42,40,67,83,67,51,87,91,66,62
"16-05-2010",66,97,107,105,106,101,101,106,114,114,115,114,114,115,109,105,121,125,119,119,117,104,107,96
"17-05-2010",80,102,106,106,109,105,80,74,107,118,119,118,119,118,119,122,127,126,126,125,122,117,93,122
"18-05-2010",120,112,110,119,124,101,89,104,85,98,105,92,87,80,80,86,92,98,99,88,78,63,49,45
"19-05-2010",40,42,70,79,73,67,66,43,62,76,87,85,89,87,108,114,94,103,100,93,71,57,31,34
"20-05-2010",31,28,29,23,16,6,8,20,53,93,100,109,121,136,135,136,133,120,119,111,99,81,78,80
"21-05-2010",60,-9999,36,51,39,33,24,41,29,62,62,81,94,97,96,101,105,101,84,66,64,71,84,87
"22-05-2010",82,79,74,81,83,81,79,80,91,92,97,100,109,110,116,107,101,99,96,92,72,67,59,51
"23-05-2010",51,28,39,31,36,26,19,20,30,60,82,98,117,101,103,101,95,92,100,98,87,46,29,18
"24-05-2010",24,25,14,13,16,7,8,9,38,57,83,105,108,117,125,124,124,125,124,117,102,68,53,27
"25-05-2010",28,30,28,35,21,8,5,10,30,31,64,87,102,141,148,141,127,129,124,92,67,61,76,32
"26-05-2010",29,25,23,17,16,7,5,6,23,30,26,66,88,114,107,134,117,113,74,53,62,45,51,21
"27-05-2010",38,30,38,33,27,6,5,6,14,17,48,103,117,123,117,122,111,115,102,107,51,16,21,30
"28-05-2010",18,18,16,21,8,5,5,5,23,60,89,67,101,119,126,143,152,123,115,54,76,110,55,53
"29-05-2010",38,37,27,30,32,55,25,31,83,107,110,115,123,116,128,139,133,159,143,147,84,54,31,28
"30-05-2010",25,20,21,24,22,24,18,17,22,37,68,98,100,106,102,113,108,125,56,34,42,24,10,8
"31-05-2010",7,5,5,6,13,7,13,7,6,10,30,87,118,138,155,143,115,110,123,110,61,71,54,48
"01-06-2010",47,53,54,45,28,13,6,23,44,69,84,99,102,107,105,112,95,76,55,65,48,53,56,52
"02-06-2010",61,61,51,46,35,30,47,55,58,27,-9999,61,110,117,139,112,98,64,79,87,81,79,75,66
"03-06-2010",71,72,73,59,34,48,28,35,59,61,82,109,119,117,135,130,108,115,89,88,51,48,48,22
"04-06-2010",12,17,30,29,15,5,5,11,31,69,93,104,110,114,111,95,85,90,75,61,61,58,53,48
"05-06-2010",37,37,28,22,22,38,44,28,15,15,23,39,43,68,99,103,107,102,89,84,71,74,76,75
"06-06-2010",87,86,83,86,85,81,82,79,84,95,90,93,95,98,98,101,103,94,89,88,79,50,33,40
"07-06-2010",39,12,17,48,43,46,16,29,44,64,73,77,79,90,100,122,144,145,123,104,85,68,49,44
"08-06-2010",23,41,51,49,23,6,5,6,12,29,85,106,112,126,106,119,107,108,97,71,57,48,45,49
"09-06-2010",18,31,34,30,24,53,31,22,46,75,78,84,108,85,101,93,106,125,119,106,83,26,22,29
"10-06-2010",14,27,23,22,21,3,4,5,49,73,83,85,90,87,91,93,99,102,96,96,68,57,38,40
"11-06-2010",60,50,75,91,90,61,51,31,70,97,97,102,103,105,111,106,107,110,101,104,88,61,46,51
"12-06-2010",60,58,48,58,58,58,47,51,85,99,101,88,94,87,86,91,94,106,152,134,83,47,40,19
"13-06-2010",25,34,31,33,31,38,25,22,16,34,87,112,128,115,124,125,119,109,93,69,20,12,7,12
"14-06-2010",9,9,12,6,6,5,4,4,7,35,79,99,110,116,134,158,150,130,125,114,64,35,31,24
"15-06-2010",11,21,8,7,6,4,3,4,7,12,60,76,101,103,106,95,102,107,93,79,56,35,21,18
"16-06-2010",4,6,4,4,3,3,3,4,4,11,32,48,77,78,76,104,115,98,63,37,21,16,17,23
"17-06-2010",13,4,5,4,4,4,3,3,7,11,32,50,77,80,89,102,122,129,92,62,54,52,52,33
"18-06-2010",23,19,19,30,44,69,60,72,67,73,68,68,64,159,120,111,87,72,69,58,60,36,27,52
"19-06-2010",66,58,55,49,39,34,37,16,61,77,103,94,127,129,123,109,95,108,104,81,57,62,46,28
"20-06-2010",17,23,27,25,25,27,21,23,49,68,87,87,97,99,117,111,121,96,94,106,96,66,48,45
"21-06-2010",52,38,46,44,44,12,10,13,43,92,109,124,112,122,112,111,108,111,101,98,89,67,95,95
"22-06-2010",91,88,100,94,99,84,82,67,79,101,102,103,98,100,98,97,103,115,120,117,116,116,105,100
"23-06-2010",99,89,73,65,60,51,42,42,65,74,77,71,77,84,87,93,86,82,83,88,87,74,52,62
"24-06-2010",66,66,65,64,54,26,16,18,29,47,57,72,80,77,72,76,80,49,47,60,49,57,31,34
"25-06-2010",46,51,67,66,61,36,40,43,73,68,73,82,81,91,86,102,130,136,144,117,108,89,87,86
"26-06-2010",75,57,51,42,36,25,19,33,26,54,87,109,105,126,134,135,126,127,111,102,86,75,53,54
"27-06-2010",33,30,30,35,40,42,39,33,50,35,91,105,99,60,49,82,101,104,97,75,63,73,58,24
"28-06-2010",46,74,73,72,49,47,47,44,45,65,65,83,76,70,65,61,59,53,53,58,79,34,23,16
"29-06-2010",17,16,27,25,22,12,24,11,24,51,94,100,117,113,118,128,126,119,115,99,74,51,29,16
"30-06-2010",19,29,34,23,10,4,3,4,13,38,64,82,95,82,75,64,48,30,44,33,16,16,9,9
"01-07-2010",10,13,16,12,7,4,4,5,14,31,62,91,118,126,157,140,100,82,72,84,82,52,17,19
"02-07-2010",17,11,14,19,8,5,4,5,22,44,58,77,109,185,151,174,196,127,131,75,48,25,19,24
"03-07-2010",30,52,59,58,66,61,60,62,75,81,85,81,78,79,76,77,81,68,63,80,44,38,26,24
"04-07-2010",33,31,30,46,54,54,49,61,81,83,80,79,85,83,88,84,83,73,101,109,89,62,33,20
"05-07-2010",17,15,20,31,23,30,14,6,37,56,71,67,57,59,88,142,162,171,108,76,49,60,58,45
"06-07-2010",24,13,20,18,21,7,4,6,20,33,66,93,113,127,121,227,177,110,103,82,80,57,33,19
"07-07-2010",23,32,24,20,11,5,4,3,39,67,80,85,85,96,76,81,75,113,133,93,67,50,55,39
"08-07-2010",25,27,15,27,19,14,8,33,64,80,87,80,86,88,92,89,93,92,83,78,80,95,87,72
"09-07-2010",79,78,77,79,69,63,58,60,72,73,82,77,84,85,87,83,85,91,85,66,45,27,56,29
"10-07-2010",38,26,38,49,50,44,26,44,62,71,83,81,85,90,91,91,91,90,91,89,83,69,58,56
"11-07-2010",60,50,58,64,65,53,62,64,66,78,79,83,80,81,73,74,101,134,123,115,67,48,48,41
"12-07-2010",29,27,27,36,27,28,26,24,38,44,70,111,117,120,114,116,133,149,124,127,103,80,64,35
"13-07-2010",31,29,24,20,13,5,4,4,9,49,94,101,116,123,98,141,141,128,79,49,33,24,26,18
"14-07-2010",14,22,13,20,9,5,4,7,25,51,45,63,64,73,71,75,73,58,121,109,87,59,51,42
"15-07-2010",16,19,13,17,10,6,4,4,12,35,54,65,63,65,58,90,173,151,139,55,51,48,37,37
"16-07-2010",41,29,32,30,18,23,40,47,61,87,96,101,97,102,102,94,96,99,100,94,78,71,83,73
"17-07-2010",74,69,67,85,86,83,77,72,80,103,113,115,118,120,119,114,114,115,108,102,78,47,47,53
"18-07-2010",52,63,36,32,35,38,33,39,78,102,107,102,102,104,103,101,104,98,100,82,74,73,63,57
"19-07-2010",56,50,36,38,20,15,57,75,88,97,94,103,102,105,96,98,101,102,100,102,81,47,53,64
"20-07-2010",71,64,75,67,68,78,77,67,74,74,87,98,99,94,94,95,97,102,90,85,68,49,29,47
"21-07-2010",52,54,59,53,33,27,13,7,28,60,67,87,141,128,142,179,150,121,139,115,57,52,48,38
"22-07-2010",41,34,35,48,36,33,38,27,60,72,81,88,76,85,92,97,99,93,92,81,57,62,57,64
"23-07-2010",53,62,61,89,71,56,50,50,64,71,87,93,94,96,94,95,100,92,84,81,56,52,43,36
"24-07-2010",58,53,46,37,33,23,17,10,23,51,102,114,133,144,153,143,124,125,106,87,74,60,38,32
"25-07-2010",31,26,15,16,10,8,9,10,40,46,54,58,103,107,116,119,134,116,100,56,30,28,31,21
"26-07-2010",23,41,46,56,57,45,30,32,45,84,97,106,80,71,90,103,119,77,64,46,39,32,25,21
"27-07-2010",25,23,46,45,49,45,30,9,59,68,87,93,94,110,105,110,117,113,106,105,103,92,79,79
"28-07-2010",94,77,89,75,73,74,61,48,70,88,94,91,98,100,100,120,118,97,91,96,95,101,55,40
"29-07-2010",48,56,60,62,41,34,25,52,79,79,85,90,89,84,84,89,83,92,98,94,80,81,67,57
"30-07-2010",59,74,80,81,82,83,76,81,91,94,95,102,105,100,93,93,95,91,97,98,87,80,86,58
"31-07-2010",50,50,47,58,74,65,47,62,87,80,83,90,122,120,137,137,145,135,108,81,59,70,63,26
"01-08-2010",18,15,13,18,20,24,22,18,41,63,80,98,117,142,155,141,111,98,81,56,40,30,18,16
"02-08-2010",11,8,7,7,12,13,16,26,42,43,52,61,60,56,47,57,60,55,60,56,44,20,28,31
"03-08-2010",33,36,39,32,41,35,12,16,31,50,62,66,70,67,61,65,73,62,77,78,76,77,45,35
"04-08-2010",32,26,28,21,17,10,9,8,22,53,80,109,122,134,115,127,114,99,88,67,43,36,37,31
"05-08-2010",40,57,59,57,39,32,12,20,38,44,62,106,118,132,163,155,126,100,89,65,51,44,29,25
"06-08-2010",19,13,15,10,11,7,5,4,8,20,44,80,88,102,114,101,95,75,66,59,39,36,26,25
"07-08-2010",17,11,10,9,7,7,5,5,11,33,55,63,81,115,125,119,99,91,84,64,43,26,19,18
"08-08-2010",18,8,9,13,15,15,9,14,21,66,89,100,130,130,111,111,95,117,64,55,66,36,22,26
"09-08-2010",13,17,15,19,41,27,25,37,49,61,60,65,63,65,60,65,62,73,69,56,43,43,43,38
"10-08-2010",38,39,36,32,41,36,43,43,43,55,61,72,74,76,73,67,70,80,80,75,52,39,48,50
"11-08-2010",52,51,41,34,41,38,41,59,72,75,79,71,85,83,80,72,111,113,72,59,53,58,55,50
"12-08-2010",64,47,42,44,51,50,46,39,69,78,91,95,81,81,117,78,127,170,127,106,76,69,42,32
"13-08-2010",20,21,19,15,14,13,15,10,38,45,57,66,150,170,124,130,136,165,167,87,50,42,34,23
"14-08-2010",16,14,10,15,9,9,7,22,42,65,72,73,65,64,73,88,87,79,78,79,70,70,60,63
"15-08-2010",64,61,62,67,55,53,41,58,75,81,93,97,97,96,99,99,99,96,97,82,70,56,53,63
"16-08-2010",61,53,65,62,57,41,39,26,48,69,82,95,100,105,92,92,87,90,81,63,54,32,66,62
"17-08-2010",57,57,43,26,23,9,5,4,6,26,48,94,127,126,119,134,126,116,97,63,62,69,65,66
"18-08-2010",67,57,79,65,50,49,40,45,56,74,84,82,118,130,118,136,120,107,80,61,54,39,25,27
"19-08-2010",28,35,37,21,16,18,7,5,24,33,69,73,135,141,125,131,157,180,126,62,67,62,35,33
"20-08-2010",41,28,25,20,36,27,41,71,87,89,88,95,92,93,92,89,88,91,87,79,78,82,63,49
"21-08-2010",37,37,36,43,43,39,37,34,46,80,89,96,100,106,111,108,109,107,105,102,95,76,56,45
"22-08-2010",65,85,65,78,92,96,86,85,91,97,101,104,104,105,105,106,103,100,97,95,91,84,90,89
"23-08-2010",84,80,81,88,87,92,91,89,88,94,100,99,98,99,94,94,99,94,92,85,79,79,75,72
"24-08-2010",82,83,57,49,75,55,59,31,71,75,82,84,88,86,82,81,77,81,73,62,35,32,50,35
"25-08-2010",21,29,33,26,29,23,43,15,31,36,75,73,76,70,80,91,151,164,115,67,52,57,49,24
"26-08-2010",18,36,33,18,20,25,10,14,21,71,85,93,81,74,77,84,79,80,76,61,61,60,18,30
"27-08-2010",35,52,66,72,57,51,54,46,61,77,81,85,80,79,82,81,75,79,75,62,46,35,39,29
"28-08-2010",30,36,32,40,43,31,14,15,20,33,46,105,124,167,129,160,111,118,106,61,45,36,32,21
"29-08-2010",20,17,15,18,21,21,11,9,11,25,67,74,95,136,123,120,123,112,100,75,46,28,27,20
"30-08-2010",21,10,15,22,37,15,18,14,19,30,41,70,106,97,109,165,106,84,71,47,36,36,32,25
"31-08-2010",12,13,10,11,12,16,20,27,48,53,67,87,81,61,86,73,80,84,78,82,88,83,67,64
"01-09-2010",50,39,50,70,85,71,65,63,73,80,86,82,85,86,87,78,92,102,111,111,100,94,84,47
"02-09-2010",36,60,46,52,58,53,39,29,40,56,80,82,104,114,120,129,123,116,105,100,96,87,46,37
"03-09-2010",37,31,37,34,40,23,6,9,17,56,68,95,109,125,165,155,146,124,99,64,79,66,52,36
"04-09-2010",36,41,35,43,37,17,9,6,28,47,68,92,101,121,149,162,155,146,132,110,92,64,33,30
"05-09-2010",39,29,39,52,66,67,66,67,67,60,67,70,71,62,68,66,39,47,52,58,40,38,43,47
"06-09-2010",55,71,71,77,67,58,45,27,21,32,44,47,44,42,51,66,56,58,56,51,38,48,55,61
"07-09-2010",63,56,54,64,46,16,14,16,40,60,66,67,76,95,113,121,151,143,113,57,36,28,16,18
"08-09-2010",29,46,44,33,35,10,5,4,12,19,41,59,88,123,129,133,169,178,122,106,87,90,39,26
"09-09-2010",40,51,58,40,41,14,10,4,7,15,41,75,107,134,136,149,160,166,102,73,45,22,13,28
"10-09-2010",26,32,36,59,63,76,71,52,72,84,81,78,80,80,74,78,79,76,76,74,70,63,53,68
"11-09-2010",71,67,65,71,65,50,46,-9999,-9999,-9999,-9999,-9999,-9999,-9999,-9999,-9999,78,51,51,54,52,59,39,50
"12-09-2010",54,67,75,78,76,86,82,72,78,76,81,78,76,82,83,80,75,66,61,52,48,61,65,59
"13-09-2010",62,54,42,46,56,30,32,6,35,54,56,63,68,76,75,76,106,107,87,65,39,34,23,30
"14-09-2010",31,27,19,36,45,28,9,5,9,36,72,82,86,95,89,88,93,95,91,66,38,27,28,30
"15-09-2010",61,62,43,60,72,67,63,37,52,66,-9999,-9999,68,89,94,99,96,93,82,71,63,70,79,79
"16-09-2010",74,92,70,67,56,43,59,66,52,80,84,94,97,96,94,127,127,129,143,73,36,22,19,48
"17-09-2010",54,42,43,45,33,19,6,5,7,23,74,103,112,116,125,127,118,84,72,79,28,19,18,27
"18-09-2010",27,34,31,38,35,26,9,18,9,17,41,72,109,118,125,128,124,104,112,106,78,28,25,24
"19-09-2010",16,15,27,35,29,21,10,14,16,38,67,88,117,115,110,109,111,115,97,57,26,18,18,13
"20-09-2010",10,13,12,13,9,6,5,5,6,8,14,21,50,87,104,114,122,103,89,56,23,28,16,53
"21-09-2010",61,76,83,80,79,68,65,42,52,54,66,74,82,88,86,91,95,93,95,76,65,71,72,62
"22-09-2010",63,70,77,81,77,48,41,55,58,70,79,84,87,93,94,93,95,97,87,95,78,91,96,98
"23-09-2010",98,101,99,96,94,87,78,85,85,92,93,95,93,93,91,94,95,96,90,87,88,86,82,84
"24-09-2010",84,86,79,77,80,74,65,52,64,71,64,77,79,80,88,100,111,81,70,75,79,56,42,41
"25-09-2010",35,27,32,38,35,27,28,19,22,25,29,55,59,64,61,68,76,78,72,66,54,51,36,19
"26-09-2010",38,-9999,72,59,53,53,16,9,16,41,52,58,66,76,87,86,83,72,53,35,28,28,36,34
"27-09-2010",27,29,33,39,35,13,6,5,12,42,64,96,109,114,102,97,99,79,81,50,49,51,36,30
"28-09-2010",31,35,38,36,30,18,6,5,6,14,42,57,71,88,115,97,78,84,63,27,22,16,16,17
"29-09-2010",21,27,33,35,25,11,7,6,6,8,22,40,63,74,75,70,65,42,22,26,52,56,68,77
"30-09-2010",82,83,86,81,64,69,50,44,44,66,83,89,104,108,122,123,110,117,88,74,68,64,63,58
"01-10-2010",54,50,38,40,49,52,34,19,32,49,62,65,81,92,90,109,124,120,113,105,93,81,52,44
"02-10-2010",33,43,49,39,22,24,44,17,37,55,68,71,63,59,82,90,99,93,72,71,62,66,72,77
"03-10-2010",76,77,77,82,79,82,74,75,80,91,104,113,113,125,138,147,141,133,107,87,83,62,42,33
"04-10-2010",23,28,39,48,27,9,6,10,25,63,65,78,96,110,121,121,133,140,98,52,49,60,62,61
"05-10-2010",56,60,61,61,85,73,40,14,7,39,68,75,84,107,123,136,139,143,100,61,59,53,18,15
"06-10-2010",12,14,22,22,11,5,5,5,5,11,52,56,64,79,96,73,61,67,65,55,33,22,32,40
"07-10-2010",63,26,26,41,24,33,34,10,8,39,41,37,54,50,54,64,71,74,73,74,65,64,71,72
"08-10-2010",72,77,77,77,75,65,58,44,43,59,68,69,68,70,68,71,69,69,64,64,72,77,79,83
"09-10-2010",81,81,77,78,79,67,55,46,32,62,69,73,74,80,74,68,82,97,103,67,58,49,41,33
"10-10-2010",39,42,42,49,41,42,29,18,29,50,69,76,75,73,68,67,71,64,44,36,27,28,23,33
"11-10-2010",27,33,30,44,49,41,16,6,5,15,37,39,33,23,10,8,8,9,7,6,11,20,27,43
"12-10-2010",39,42,44,38,28,21,15,6,6,7,7,-9999,11,20,32,33,22,26,24,26,29,25,16,7
"13-10-2010",8,8,8,6,6,6,6,6,6,6,10,10,9,9,12,18,24,37,22,9,8,8,7,7
"14-10-2010",7,8,8,10,11,29,6,6,6,6,10,19,25,36,36,33,44,37,36,22,8,17,17,8
"15-10-2010",7,6,6,7,6,5,5,5,6,6,13,38,63,67,71,74,50,60,43,26,20,23,5,8
"16-10-2010",11,8,17,12,12,6,6,5,5,16,36,59,82,81,95,93,88,86,69,52,50,32,24,18
"17-10-2010",28,25,23,22,25,29,16,9,12,33,26,69,89,100,94,80,100,99,68,51,56,51,54,39
"18-10-2010",38,45,40,47,44,23,10,7,6,6,6,6,7,7,17,20,15,18,9,10,7,6,6,9
"19-10-2010",12,11,11,32,20,21,8,42,34,59,72,81,86,91,83,83,89,81,59,34,36,43,33,13
"20-10-2010",18,24,33,16,17,10,5,5,9,51,73,91,88,94,92,85,77,65,67,57,45,47,43,22
"21-10-2010",22,17,17,21,14,7,6,5,6,9,27,53,80,91,94,92,87,60,50,43,43,38,37,28
"22-10-2010",33,38,54,54,60,51,48,48,39,32,44,54,56,58,68,72,76,78,53,64,76,83,75,80
"23-10-2010",84,83,82,84,80,72,60,31,27,61,68,61,64,65,69,78,80,84,82,74,70,72,79,80
"24-10-2010",57,33,43,82,81,61,56,37,45,81,81,84,87,87,90,93,103,107,88,43,35,28,15,11
"25-10-2010",17,19,26,22,13,6,5,5,5,5,16,41,57,74,78,89,92,95,96,93,93,83,73,65
"26-10-2010",69,50,52,56,25,19,12,6,6,7,24,39,67,82,88,85,82,64,34,9,6,7,6,7
"27-10-2010",9,10,9,11,8,6,5,5,5,6,6,10,36,60,61,43,47,41,34,50,48,68,64,63
"28-10-2010",49,45,35,38,47,55,52,45,43,44,47,46,48,48,51,51,54,61,58,57,55,54,54,59
"29-10-2010",64,66,65,64,57,56,48,45,48,55,58,65,60,56,61,68,71,60,58,44,23,26,26,33
"30-10-2010",47,62,61,57,58,48,23,12,22,53,68,72,72,74,76,76,76,82,70,46,60,67,66,55
"31-10-2010",56,70,72,73,74,71,64,57,51,60,71,74,83,91,103,107,106,103,81,23,19,27,12,11
"01-11-2010",23,22,19,35,20,25,5,4,5,6,64,67,71,63,95,110,94,80,13,7,8,9,8,7
"02-11-2010",17,13,18,12,8,5,4,4,6,24,55,60,88,98,105,107,101,81,17,6,5,5,8,15
"03-11-2010",13,19,36,24,7,6,5,5,8,18,30,48,69,79,85,85,81,58,7,6,6,6,6,8
"04-11-2010",7,25,38,29,22,5,5,5,11,24,35,48,56,83,97,80,71,54,10,17,15,8,45,77
"05-11-2010",80,82,82,84,83,66,22,6,6,17,41,58,46,47,43,53,51,29,14,7,5,6,5,14
"06-11-2010",21,14,19,16,7,5,4,4,6,8,11,14,55,82,83,93,91,56,18,10,15,9,9,8
"07-11-2010",8,13,16,12,8,6,5,6,10,16,18,24,43,57,75,93,95,69,24,12,9,8,8,9
"08-11-2010",10,9,11,13,7,5,5,5,5,16,47,61,68,60,59,59,61,74,71,68,80,82,71,80
"09-11-2010",80,81,82,85,77,65,50,39,82,81,87,91,88,90,95,99,94,87,82,59,57,73,69,72
"10-11-2010",78,45,49,68,31,68,62,35,32,63,66,61,58,63,71,81,60,61,62,60,55,23,8,10
"11-11-2010",9,13,11,16,8,5,5,5,6,6,-9999,-9999,54,48,44,43,21,14,8,6,6,5,6,7
"12-11-2010",12,10,11,13,10,5,5,5,5,5,6,8,16,19,13,8,20,18,9,6,6,8,6,5
"13-11-2010",6,7,7,9,20,29,10,17,38,42,39,47,55,54,58,45,27,31,45,54,26,34,58,55
"14-11-2010",51,49,51,46,52,55,58,57,55,57,57,55,56,50,54,48,25,19,12,13,25,16,19,20
"15-11-2010",49,50,8,8,5,5,6,9,23,30,39,61,65,65,70,64,48,13,6,6,6,6,5,5
"16-11-2010",5,6,5,5,5,5,4,5,5,7,9,40,65,73,61,68,53,31,10,6,7,10,6,7
"17-11-2010",15,19,11,8,6,5,5,5,5,5,7,29,66,61,58,32,14,6,5,5,5,5,5,6
"18-11-2010",8,10,7,12,14,4,4,4,5,16,33,72,77,82,80,71,56,13,5,5,8,12,11,9
"19-11-2010",8,10,9,9,5,4,4,4,5,8,12,58,65,70,73,64,51,24,6,5,6,12,12,11
"20-11-2010",21,15,18,12,9,5,4,4,5,13,12,25,34,62,62,72,59,20,5,11,11,6,8,8
"21-11-2010",9,11,8,12,15,10,8,9,12,25,30,29,59,76,75,64,56,25,8,8,9,5,5,7
"22-11-2010",7,8,9,6,5,4,4,5,4,6,15,28,46,54,58,56,55,57,56,62,65,72,66,68
"23-11-2010",68,72,58,53,56,58,20,31,27,33,45,63,48,68,87,82,79,70,77,80,76,71,61,69
"24-11-2010",53,42,36,33,20,8,4,4,5,7,16,57,71,75,63,63,60,76,88,75,56,36,41,29
"25-11-2010",51,54,49,46,42,18,6,4,4,17,36,69,62,62,81,76,58,41,28,15,9,7,8,13
"26-11-2010",12,12,12,14,8,4,4,4,4,47,56,71,76,74,81,83,76,44,47,49,38,74,86,65
"27-11-2010",32,49,70,67,70,63,37,29,29,31,46,54,59,59,67,65,51,41,52,35,47,54,38,19
"28-11-2010",15,22,21,15,13,9,6,5,6,7,13,18,43,44,42,45,41,29,24,19,25,49,25,6
"29-11-2010",6,19,39,57,31,30,19,14,15,7,22,31,35,52,59,58,49,28,22,22,51,58,75,81
"30-11-2010",68,68,65,40,22,17,21,10,4,4,5,26,56,65,56,47,27,5,5,5,5,5,5,5
"01-12-2010",5,5,5,7,6,6,5,5,5,6,18,30,25,24,21,18,13,6,6,6,6,5,6,7
"02-12-2010",8,6,7,6,5,5,5,5,5,6,6,11,7,7,12,7,6,6,25,23,5,6,5,6
"03-12-2010",5,7,10,9,9,5,5,5,5,21,52,67,69,71,75,79,74,66,56,23,6,6,6,6
"04-12-2010",10,10,13,58,74,54,45,42,31,45,75,86,88,93,93,96,74,60,67,80,99,101,99,89
"05-12-2010",87,89,86,69,74,81,56,26,47,79,84,89,91,83,78,85,76,53,34,46,59,43,47,51
"06-12-2010",42,46,35,35,45,9,4,4,6,15,33,62,64,71,78,90,79,44,12,5,4,4,4,6
"07-12-2010",7,6,9,17,7,4,4,4,4,7,8,28,46,61,78,82,65,42,24,6,5,5,5,5
"08-12-2010",7,6,5,6,6,4,4,4,5,5,17,51,74,73,71,79,52,59,43,20,5,5,5,5
"09-12-2010",7,13,7,7,5,4,5,5,5,5,22,34,39,55,43,43,34,21,59,60,51,43,71,70
"10-12-2010",52,67,52,34,74,80,81,65,36,37,46,44,54,62,71,72,70,75,74,71,69,76,86,90
"11-12-2010",91,91,92,91,91,89,85,84,82,79,76,77,78,81,80,82,83,85,83,81,79,80,82,83
"12-12-2010",81,81,84,82,80,82,69,38,29,76,83,86,84,83,77,70,43,15,8,7,6,7,7,8
"13-12-2010",9,12,13,8,6,4,5,6,5,6,7,7,12,33,44,40,26,31,34,50,42,50,49,49
"14-12-2010",56,58,53,57,55,42,24,21,10,19,41,61,72,83,80,76,63,19,5,5,4,5,5,11
"15-12-2010",10,16,30,41,39,30,23,18,8,7,8,13,13,19,18,24,25,16,30,42,48,55,57,63
"16-12-2010",71,70,63,65,64,53,43,24,35,35,37,35,41,41,38,44,47,47,51,51,52,54,56,58
"17-12-2010",60,59,52,40,41,22,4,4,5,5,5,17,40,53,60,52,29,9,5,5,6,40,38,24
"18-12-2010",35,26,27,14,6,4,4,4,5,10,44,56,76,84,78,76,75,74,78,78,96,98,87,93
"19-12-2010",96,97,100,87,57,28,12,6,7,12,12,7,7,6,6,6,5,6,5,5,5,5,5,5
"20-12-2010",5,5,5,5,4,4,5,5,5,5,5,5,5,26,48,31,40,51,43,49,45,18,19,19
"21-12-2010",7,6,8,9,6,7,6,6,6,9,47,63,71,73,65,61,35,42,36,16,5,5,5,5
"22-12-2010",5,7,12,9,7,7,4,5,5,5,11,40,53,50,66,74,58,32,12,12,5,5,6,5
"23-12-2010",7,9,8,8,8,5,5,5,5,5,28,47,61,61,54,51,23,8,5,5,5,5,5,6
"24-12-2010",7,7,6,5,5,9,18,36,42,51,58,58,65,70,64,58,60,67,76,85,76,58,65,74
"25-12-2010",84,84,78,77,80,65,61,46,38,59,63,80,81,87,88,79,61,55,47,31,22,8,26,32
"26-12-2010",24,25,30,33,38,26,14,10,16,29,34,58,72,70,62,47,37,13,6,12,8,6,5,5
"27-12-2010",5,5,6,6,6,5,4,5,4,5,5,7,8,27,18,21,8,5,5,8,18,10,6,6
"28-12-2010",12,11,9,9,20,18,5,6,13,20,25,32,34,35,35,31,33,33,38,38,36,38,40,42
"29-12-2010",45,46,46,48,48,39,36,35,38,44,46,50,50,47,48,50,47,48,54,53,45,43,50,50
"30-12-2010",57,59,61,62,57,49,39,35,41,53,54,54,57,50,51,57,49,36,33,34,16,28,39,37
"31-12-2010",48,62,57,49,41,37,12,7,15,36,54,67,73,72,68,72,55,7,7,7,8,8,10,19
"01-01-2011",16,-9999,-9999,-9999,-9999,-9999,-9999,-9999,-9999,-9999,-9999,-9999,-9999,-9999,-9999,-9999,-9999,-9999,-9999,-9999,-9999,-9999,-9999,-9999
