"01-01-2011",2,2,2,2,1,1,1,1,1,2,3,13,24,35,43,40,26,8,7,4,2,2,2,2
"02-01-2011",2,2,1,1,2,2,1,5,8,18,13,5,9,13,3,5,29,16,2,2,2,2,2,2
"03-01-2011",2,2,2,3,2,1,1,1,1,2,6,11,17,16,11,6,3,1,2,1,1,2,9,14
"04-01-2011",9,11,4,4,2,2,1,1,2,3,3,9,12,18,27,27,19,15,4,2,2,2,7,6
"05-01-2011",5,2,1,2,1,1,1,1,1,2,10,29,34,38,40,40,25,13,10,6,6,2,2,1
"06-01-2011",2,4,5,1,1,1,1,1,2,14,29,39,45,50,49,45,33,26,16,4,2,2,2,1
"07-01-2011",2,2,4,5,3,1,1,1,1,5,25,26,23,30,34,31,24,12,1,2,2,2,2,2
"08-01-2011",2,1,1,1,1,1,1,1,1,1,7,32,37,36,31,25,14,2,1,1,2,2,2,2
"09-01-2011",2,2,2,2,1,1,1,1,1,1,7,15,22,32,36,36,33,12,5,1,2,2,2,2
"10-01-2011",1,1,1,1,1,1,1,1,2,2,6,13,25,27,24,12,3,2,1,2,2,2,2,2
"11-01-2011",2,2,1,2,2,1,1,1,1,2,3,9,21,33,27,19,21,17,16,11,5,2,2,2
"12-01-2011",3,2,1,1,1,1,1,1,1,2,8,22,27,20,9,8,4,1,2,2,2,1,1,1
"13-01-2011",9,13,13,16,30,14,1,1,2,3,10,12,20,19,15,15,11,4,9,8,4,2,2,2
"14-01-2011",2,2,2,1,1,1,1,1,1,1,5,6,5,14,15,15,18,9,8,2,2,2,2,2
"15-01-2011",1,2,2,2,1,1,1,1,1,2,3,8,15,27,32,33,24,8,4,3,2,2,2,2
"16-01-2011",1,1,12,32,34,23,24,10,14,33,36,41,40,37,36,34,27,30,24,22,28,30,35,38
"17-01-2011",39,38,36,35,32,29,27,27,26,27,29,35,38,42,44,43,43,39,29,25,21,21,13,20
"18-01-2011",41,23,22,3,4,1,1,1,1,6,21,33,39,43,45,41,30,5,1,2,2,2,2,1
"19-01-2011",2,1,1,1,1,1,1,1,1,-9999,-9999,-9999,-9999,32,36,28,19,5,4,3,3,4,4,4
"20-01-2011",3,3,3,3,3,3,3,3,3,3,4,19,31,52,50,49,39,14,9,7,4,4,4,4
"21-01-2011",4,3,3,3,3,3,3,3,3,3,7,23,32,31,27,24,30,26,12,22,18,10,25,34
"22-01-2011",22,7,5,11,10,3,3,3,3,10,30,41,45,50,52,53,48,41,27,14,28,34,32,21
"23-01-2011",18,39,36,30,25,15,6,4,4,7,43,56,58,61,54,53,50,46,28,17,4,4,5,4
"24-01-2011",3,3,4,3,3,3,3,3,3,3,8,24,32,37,36,14,4,5,5,22,17,12,7,15
"25-01-2011",5,11,4,4,3,3,3,3,3,3,8,25,25,29,40,43,41,43,37,25,29,7,14,23
"26-01-2011",36,27,34,21,18,5,3,3,4,6,39,48,44,50,50,50,35,15,4,4,4,4,4,4
"27-01-2011",4,4,3,3,3,3,3,3,3,3,13,32,45,56,51,49,42,41,34,18,4,4,4,16
"28-01-2011",25,49,55,58,53,55,51,50,38,39,39,37,40,41,43,45,47,49,42,42,43,41,41,41
"29-01-2011",40,38,42,50,54,56,54,54,55,50,53,53,54,55,54,56,55,49,45,38,40,43,47,47
"30-01-2011",51,40,45,54,57,58,55,51,53,57,59,59,60,60,58,58,57,49,39,31,29,25,48,46
"31-01-2011",47,48,55,54,53,37,10,4,4,15,39,49,46,42,42,38,49,43,30,27,20,21,42,54
"01-02-2011",55,58,63,62,60,47,30,18,25,43,52,62,64,65,64,68,65,61,55,46,41,42,41,58
"02-02-2011",50,50,53,43,39,25,10,11,9,42,59,62,63,61,60,56,52,47,40,37,41,50,54,59
"03-02-2011",68,65,55,54,55,45,40,36,39,39,40,38,38,25,24,37,43,41,45,46,50,57,65,54
"04-02-2011",52,55,58,72,72,52,43,40,34,31,30,42,42,38,41,46,48,50,53,58,51,55,52,45
"05-02-2011",60,60,62,62,61,53,51,43,44,49,51,58,60,63,67,60,65,57,42,14,4,4,4,4
"06-02-2011",5,4,4,4,4,4,4,4,4,4,12,29,51,54,35,38,36,22,10,4,4,4,5,5
"07-02-2011",4,4,4,4,4,3,3,4,4,3,5,34,57,55,51,56,59,41,8,4,3,4,4,4
"08-02-2011",4,3,3,3,3,3,3,3,3,5,26,48,54,58,60,62,57,44,7,4,3,4,4,4
"09-02-2011",3,3,3,3,3,3,3,3,3,4,12,13,22,39,37,34,36,25,4,3,3,4,4,4
"10-02-2011",3,5,15,35,28,11,3,4,5,37,55,63,67,71,67,67,66,67,58,47,43,25,28,26
"11-02-2011",52,58,22,9,4,3,3,3,4,13,43,51,59,63,61,61,70,63,31,19,5,4,3,3
"12-02-2011",3,4,4,9,6,4,3,3,5,28,55,66,74,78,77,79,79,77,66,57,23,6,7,6
"13-02-2011",4,4,4,3,3,3,3,3,3,6,22,43,60,69,82,85,79,61,49,37,23,4,3,4
"14-02-2011",4,3,3,3,3,3,3,3,3,8,26,32,48,57,59,61,61,56,46,35,31,24,22,37
"15-02-2011",39,47,40,26,8,4,3,3,5,31,44,52,57,60,62,59,62,61,54,49,50,53,57,61
"16-02-2011",63,65,65,64,63,57,48,46,47,54,57,59,62,57,54,52,51,45,31,18,13,9,17,21
"17-02-2011",11,5,7,8,8,4,3,3,4,7,47,58,59,55,57,59,59,56,48,45,45,44,49,56
"18-02-2011",59,61,66,60,53,37,12,4,4,12,50,58,61,64,66,60,56,60,62,59,61,65,42,37
"19-02-2011",20,10,21,35,45,41,28,25,32,36,30,48,60,63,73,76,70,63,59,45,57,60,53,55
"20-02-2011",46,51,49,48,32,32,9,10,27,40,45,47,50,47,41,42,43,38,21,13,22,36,24,25
"21-02-2011",17,32,19,23,14,23,25,15,6,16,33,36,40,46,46,42,32,29,26,36,40,41,43,56
"22-02-2011",59,66,63,40,14,21,5,4,5,13,23,28,32,51,46,49,54,44,25,10,9,4,8,12
"23-02-2011",25,34,38,43,39,37,27,23,31,38,41,47,50,50,48,55,53,51,47,-9999,-9999,-9999,-9999,-9999
"24-02-2011",-9999,-9999,-9999,-9999,-9999,-9999,-9999,-9999,-9999,-9999,-9999,-9999,-9999,-9999,-9999,-9999,-9999,-9999,-9999,-9999,-9999,-9999,-9999,-9999
"25-02-2011",-9999,-9999,-9999,-9999,-9999,-9999,-9999,-9999,-9999,-9999,-9999,-9999,-9999,-9999,-9999,-9999,-9999,-9999,-9999,-9999,-9999,-9999,-9999,-9999
"26-02-2011",-9999,-9999,-9999,-9999,-9999,-9999,-9999,-9999,-9999,-9999,-9999,-9999,-9999,-9999,-9999,-9999,-9999,-9999,-9999,-9999,-9999,-9999,-9999,-9999
"27-02-2011",-9999,-9999,-9999,-9999,-9999,-9999,-9999,-9999,-9999,-9999,-9999,-9999,-9999,-9999,-9999,-9999,-9999,-9999,-9999,-9999,-9999,-9999,-9999,-9999
"28-02-2011",-9999,-9999,-9999,-9999,-9999,-9999,-9999,-9999,-9999,-9999,-9999,-9999,-9999,-9999,-9999,-9999,-9999,-9999,-9999,-9999,-9999,-9999,-9999,-9999
"01-03-2011",-9999,-9999,-9999,-9999,-9999,-9999,-9999,-9999,-9999,-9999,-9999,-9999,-9999,-9999,-9999,-9999,-9999,-9999,-9999,-9999,-9999,-9999,-9999,-9999
"02-03-2011",-9999,-9999,-9999,-9999,-9999,-9999,-9999,-9999,-9999,-9999,-9999,-9999,-9999,-9999,-9999,-9999,-9999,-9999,-9999,-9999,-9999,-9999,-9999,-9999
"03-03-2011",-9999,-9999,-9999,-9999,-9999,-9999,-9999,-9999,-9999,-9999,-9999,-9999,-9999,-9999,-9999,-9999,-9999,-9999,-9999,-9999,-9999,-9999,-9999,-9999
"04-03-2011",-9999,-9999,-9999,-9999,-9999,-9999,-9999,-9999,-9999,-9999,-9999,-9999,-9999,-9999,-9999,-9999,-9999,-9999,-9999,-9999,-9999,-9999,-9999,-9999
"05-03-2011",-9999,-9999,-9999,-9999,-9999,-9999,-9999,-9999,-9999,-9999,-9999,-9999,-9999,-9999,-9999,-9999,-9999,-9999,-9999,-9999,-9999,-9999,-9999,-9999
"06-03-2011",-9999,-9999,-9999,-9999,-9999,-9999,-9999,-9999,-9999,-9999,-9999,-9999,-9999,-9999,-9999,-9999,-9999,-9999,-9999,-9999,-9999,-9999,-9999,-9999
"07-03-2011",-9999,-9999,-9999,-9999,-9999,-9999,-9999,-9999,-9999,-9999,-9999,-9999,-9999,-9999,-9999,-9999,-9999,-9999,-9999,-9999,-9999,-9999,-9999,-9999
"08-03-2011",-9999,-9999,-9999,-9999,-9999,-9999,-9999,-9999,-9999,-9999,-9999,-9999,-9999,47,50,53,46,46,53,44,48,47,50,47
"09-03-2011",31,33,58,61,64,54,46,46,34,-9999,-9999,53,57,56,60,63,68,64,50,39,18,11,4,6
"10-03-2011",13,23,13,8,5,26,15,15,34,44,49,61,66,67,61,71,75,72,50,9,4,3,3,3
"11-03-2011",3,3,3,3,3,3,3,3,5,22,40,53,74,74,70,74,78,62,20,8,4,3,4,4
"12-03-2011",4,4,3,3,3,3,3,3,4,9,25,46,70,83,89,92,85,76,61,27,16,7,4,4
"13-03-2011",4,4,3,3,3,3,3,4,5,35,65,74,95,94,97,99,97,92,74,52,35,22,8,4
"14-03-2011",4,4,3,3,6,3,3,3,3,13,46,60,67,72,74,76,76,76,68,44,28,17,7,4
"15-03-2011",3,3,4,30,29,6,3,5,36,49,55,64,76,80,85,80,79,76,58,48,50,55,57,51
"16-03-2011",50,56,38,10,4,3,3,3,8,44,63,61,65,72,73,72,74,73,58,48,37,12,4,4
"17-03-2011",4,4,4,3,3,3,7,16,11,12,20,30,44,46,55,48,48,30,9,40,50,53,52,59
"18-03-2011",53,37,11,4,4,4,4,3,4,18,50,55,63,62,67,67,68,66,52,29,17,4,4,3
"19-03-2011",4,4,3,3,3,3,3,5,20,45,57,65,69,75,76,69,64,62,61,45,18,21,4,8
"20-03-2011",9,16,16,31,42,58,54,39,49,56,56,57,58,61,61,58,53,50,49,46,50,51,54,56
"21-03-2011",58,65,68,68,67,65,59,57,60,64,68,67,66,61,60,60,58,58,55,57,60,63,68,69
"22-03-2011",72,75,74,70,67,62,59,55,56,65,67,72,76,77,78,73,77,77,69,53,52,64,60,62
"23-03-2011",65,74,76,73,70,60,55,47,56,66,70,72,73,75,71,69,72,71,71,64,61,58,68,58
"24-03-2011",69,72,73,67,68,62,45,32,43,58,59,67,74,75,81,84,84,82,72,54,29,4,4,4
"25-03-2011",4,3,3,3,3,3,3,3,7,33,49,69,84,92,103,98,101,93,82,65,45,31,25,4
"26-03-2011",4,3,3,3,3,3,3,22,52,64,78,81,82,90,94,93,92,85,78,67,74,58,30,11
"27-03-2011",53,75,72,71,76,57,63,50,49,56,54,65,57,58,71,75,74,71,66,65,69,63,60,50
"28-03-2011",34,32,23,8,4,3,3,-9999,3,20,26,49,52,64,62,62,66,68,69,57,39,30,20,15
"29-03-2011",11,6,3,3,3,4,3,3,3,5,17,43,43,38,46,45,55,61,61,50,35,22,4,3
"30-03-2011",5,7,23,19,3,3,3,-9999,3,5,22,35,46,56,60,57,63,65,62,49,29,18,8,17
"31-03-2011",20,5,10,21,40,43,33,25,17,13,15,29,20,12,16,29,37,36,37,36,38,44,46,48
"01-04-2011",45,41,41,42,42,39,35,33,34,38,42,46,45,47,51,54,54,50,43,40,54,59,41,48
"02-04-2011",39,46,62,62,61,58,49,40,43,49,51,55,59,61,64,62,62,63,65,62,61,61,48,45
"03-04-2011",24,39,52,48,54,50,49,38,41,61,61,61,69,76,80,81,81,81,76,64,56,51,35,33
"04-04-2011",61,57,60,62,48,28,8,6,30,45,51,61,66,72,80,82,78,76,68,49,51,49,45,26
"05-04-2011",27,18,5,3,5,3,3,3,3,15,27,56,72,76,80,78,80,80,70,57,43,34,39,35
"06-04-2011",36,60,61,40,56,62,54,42,48,57,44,-9999,-9999,70,74,79,78,76,71,70,68,70,74,74
"07-04-2011",74,73,74,72,67,66,64,49,59,63,69,78,80,79,82,85,86,89,88,76,67,67,70,71
"08-04-2011",77,63,51,21,3,3,3,3,3,11,32,54,69,84,88,90,94,96,95,79,56,36,47,46
"09-04-2011",55,51,45,33,11,3,3,3,4,19,52,76,85,90,93,97,97,100,93,76,41,64,83,55
"10-04-2011",32,18,5,15,39,74,94,93,95,94,93,95,38,67,106,117,112,102,100,91,64,55,57,57
"11-04-2011",58,61,56,52,43,19,56,61,78,80,83,88,92,92,97,98,101,99,97,94,91,86,86,87
"12-04-2011",74,68,69,69,66,21,2,5,15,42,61,67,83,91,94,94,94,98,91,79,66,49,69,52
"13-04-2011",45,39,18,26,6,11,3,4,5,35,68,68,82,85,88,89,84,89,79,65,58,51,75,77
"14-04-2011",78,93,91,90,81,70,65,61,62,68,69,72,81,82,82,85,84,82,82,72,73,64,59,69
"15-04-2011",72,76,67,66,51,19,3,4,5,32,57,72,76,92,99,97,92,90,84,83,74,69,51,51
"16-04-2011",59,57,59,50,32,42,34,27,52,65,77,80,83,82,82,85,84,83,77,64,59,59,67,72
"17-04-2011",74,73,64,62,72,69,53,56,61,62,63,65,66,64,61,66,70,66,59,42,48,58,54,51
"18-04-2011",57,68,70,74,71,62,49,51,45,51,59,68,65,73,73,73,77,79,79,76,76,77,80,79
"19-04-2011",80,86,83,82,72,72,64,51,50,54,60,72,75,79,78,81,85,79,74,72,40,33,11,10
"20-04-2011",29,62,55,36,17,23,4,4,12,50,63,57,65,65,74,72,71,75,76,78,45,37,9,8
"21-04-2011",49,86,91,85,83,82,83,72,76,88,91,95,100,99,98,99,99,100,99,95,86,77,84,93
"22-04-2011",89,96,95,76,72,30,31,66,78,86,90,97,103,104,108,105,102,102,99,97,97,98,96,96
"23-04-2011",90,90,89,70,69,12,33,12,40,81,93,96,96,98,96,98,97,98,98,99,95,95,93,88
"24-04-2011",89,95,96,98,94,90,81,79,87,98,99,100,104,107,109,126,129,105,98,94,85,92,89,92
"25-04-2011",87,77,68,71,77,88,89,90,90,89,90,89,90,92,91,91,90,89,88,85,82,84,84,83
"26-04-2011",72,75,60,66,43,48,12,34,61,62,67,72,75,75,81,82,83,76,73,68,59,36,37,34
"27-04-2011",32,53,58,63,59,34,59,52,36,26,25,34,47,48,47,41,40,46,51,48,47,53,57,58
"28-04-2011",63,63,69,71,72,70,60,55,51,54,64,63,64,64,66,69,66,66,64,56,52,50,52,59
"29-04-2011",41,27,27,26,9,3,4,9,30,45,60,64,70,74,80,77,85,99,87,60,52,59,66,48
"30-04-2011",17,26,30,18,4,3,4,4,8,33,44,50,63,75,81,82,82,81,74,73,68,65,69,62
"01-05-2011",55,40,46,47,41,30,14,10,13,27,37,56,72,79,81,82,83,84,82,78,73,52,38,28
"02-05-2011",4,3,4,5,6,3,3,3,4,21,38,49,56,61,59,73,69,70,68,64,53,55,49,15
"03-05-2011",25,22,22,39,29,9,15,6,6,8,24,42,51,60,66,71,72,76,79,68,49,24,13,5
"04-05-2011",6,21,14,23,15,7,11,28,50,62,58,52,45,44,58,65,67,76,76,73,68,47,41,21
"05-05-2011",46,31,26,16,16,12,3,13,37,35,43,34,32,32,31,37,38,42,51,55,43,33,36,60
"06-05-2011",61,61,68,76,76,65,49,52,54,50,58,57,64,69,67,71,76,78,80,80,77,65,46,42
"07-05-2011",39,45,68,56,36,9,30,11,49,65,70,81,88,91,99,106,113,110,106,96,75,74,77,49
"08-05-2011",41,35,23,15,7,3,4,5,12,42,65,84,98,102,105,99,97,100,101,88,83,69,59,37
"09-05-2011",22,12,36,42,51,64,65,62,64,66,77,84,91,94,97,98,97,95,93,90,89,89,93,93
"10-05-2011",93,93,92,88,88,80,69,65,67,70,55,-9999,66,68,72,75,79,83,81,77,74,75,77,81
"11-05-2011",82,83,81,78,77,76,71,60,75,86,84,87,89,94,93,93,96,96,96,93,87,88,91,90
"12-05-2011",90,92,85,84,82,76,57,69,67,68,65,74,69,66,65,67,71,72,70,70,61,51,42,7
"13-05-2011",14,16,30,38,56,43,20,41,56,58,82,80,83,82,80,84,88,88,91,77,62,30,16,16
"14-05-2011",5,16,14,16,10,4,3,3,8,24,38,79,96,100,101,104,101,100,97,75,52,36,28,12
"15-05-2011",3,3,5,12,8,13,6,5,19,29,54,68,106,115,129,117,118,119,110,108,79,49,38,26
"16-05-2011",7,3,8,20,8,3,3,3,6,20,61,82,75,97,102,97,98,95,94,86,71,53,57,25
"17-05-2011",39,53,29,41,37,16,3,5,22,39,60,74,82,86,87,82,83,84,88,87,79,69,65,51
"18-05-2011",39,25,54,58,51,35,5,8,44,60,59,71,61,68,83,80,83,84,83,75,67,61,35,33
"19-05-2011",38,29,21,47,44,32,4,15,29,38,30,27,43,46,33,35,44,26,53,39,25,23,20,25
"20-05-2011",26,3,18,19,12,3,3,4,18,53,72,83,83,76,65,74,77,88,90,74,44,11,8,7
"21-05-2011",3,2,3,2,2,3,3,3,6,17,34,57,80,87,94,95,94,93,93,93,88,77,59,50
"22-05-2011",23,16,6,6,24,14,10,18,48,73,79,81,87,90,96,94,93,93,91,86,83,73,76,49
"23-05-2011",49,42,40,40,51,72,4,18,59,77,83,85,84,87,84,84,87,87,83,82,77,74,69,68
"24-05-2011",53,50,43,35,17,3,2,3,33,64,72,81,87,94,93,92,96,93,76,67,60,34,14,10
"25-05-2011",3,14,19,10,9,4,2,17,32,58,73,76,78,81,83,83,85,68,68,41,15,43,51,44
"26-05-2011",25,57,57,49,32,18,3,13,49,66,71,74,78,74,42,51,58,60,63,40,29,53,52,64
"27-05-2011",66,58,67,70,62,58,28,31,54,55,51,50,47,70,71,60,28,34,45,37,43,48,42,27
"28-05-2011",45,40,15,17,10,4,4,5,37,54,60,68,73,69,74,73,74,81,82,63,42,47,42,24
"29-05-2011",6,4,6,2,2,4,2,9,12,46,56,67,80,97,99,88,87,79,75,70,50,38,19,8
"30-05-2011",17,10,4,16,22,5,2,3,7,19,39,68,69,69,63,53,43,42,54,64,49,22,19,7
"31-05-2011",2,2,3,7,3,2,2,2,5,25,35,55,76,81,76,69,68,73,76,69,54,49,28,18
"01-06-2011",17,2,2,2,2,2,2,2,11,21,29,42,63,71,76,73,72,79,79,73,65,35,23,7
"02-06-2011",13,2,8,11,4,2,2,2,12,24,44,30,71,88,92,91,78,72,78,67,64,58,50,49
"03-06-2011",21,18,5,11,10,3,2,3,16,26,32,43,66,104,126,104,99,85,79,74,75,63,54,44
"04-06-2011",28,15,18,16,28,26,11,7,24,45,58,63,76,104,106,101,72,53,49,40,29,15,15,23
"05-06-2011",9,12,4,5,3,10,9,7,36,54,66,73,89,111,109,100,85,89,91,74,55,36,32,13
"06-06-2011",5,10,18,19,29,13,3,3,21,65,79,83,88,122,138,122,115,119,103,84,79,61,50,41
"07-06-2011",30,36,25,42,43,51,37,49,60,65,135,114,103,-9999,-9999,-9999,-9999,-9999,-9999,-9999,-9999,-9999,-9999,-9999
"08-06-2011",-9999,-9999,-9999,-9999,-9999,-9999,-9999,-9999,-9999,-9999,-9999,-9999,-9999,-9999,-9999,-9999,-9999,-9999,-9999,-9999,-9999,-9999,-9999,-9999
"09-06-2011",-9999,-9999,-9999,-9999,-9999,-9999,-9999,-9999,-9999,-9999,-9999,-9999,-9999,-9999,-9999,-9999,-9999,-9999,-9999,-9999,-9999,-9999,-9999,-9999
"10-06-2011",-9999,-9999,-9999,-9999,-9999,-9999,-9999,-9999,-9999,-9999,-9999,-9999,-9999,80,78,74,74,81,75,66,70,68,64,61
"11-06-2011",44,50,49,29,37,43,24,37,59,71,79,82,85,86,94,80,90,93,99,94,92,85,82,74
"12-06-2011",75,77,69,62,58,56,63,62,64,70,73,79,80,70,55,46,34,47,45,41,14,12,6,5
"13-06-2011",3,7,25,32,40,35,27,32,39,49,53,56,62,66,70,75,81,85,78,75,58,53,43,24
"14-06-2011",23,19,13,17,8,2,2,3,10,22,36,60,74,81,71,44,36,60,76,65,49,23,6,3
"15-06-2011",2,6,8,7,4,19,6,26,36,37,49,67,69,71,64,62,58,63,64,54,42,57,51,49
"16-06-2011",45,31,49,54,20,48,49,39,41,47,55,69,76,74,67,67,55,65,58,42,16,8,2,2
"17-06-2011",2,2,6,5,2,2,2,2,12,30,49,63,66,64,65,90,102,98,88,70,61,52,41,21
"18-06-2011",12,2,8,5,4,2,2,3,-9999,-9999,36,72,86,84,82,83,87,84,80,70,67,48,46,37
"19-06-2011",31,18,8,11,11,4,4,4,19,34,45,61,72,86,96,99,98,97,88,84,77,38,21,23
"20-06-2011",12,9,39,25,16,6,2,1,11,21,33,44,55,77,94,78,85,92,67,61,56,29,17,3
"21-06-2011",2,4,13,14,31,32,26,43,56,62,64,68,68,70,72,74,76,75,75,72,67,67,56,40
"22-06-2011",42,32,32,31,37,25,22,55,61,68,70,74,75,79,78,81,82,81,79,80,73,65,60,56
"23-06-2011",65,69,76,79,80,71,56,-9999,-9999,57,66,70,71,77,75,75,78,79,74,71,63,58,72,55
"24-06-2011",39,58,70,68,54,14,12,8,49,65,72,75,77,76,74,80,80,79,81,77,70,66,54,27
"25-06-2011",7,4,16,4,1,1,1,1,12,53,85,87,121,142,118,116,97,85,73,69,57,47,66,76
"26-06-2011",68,66,64,63,63,65,71,64,67,70,73,77,76,79,82,86,88,90,93,94,88,86,88,83
"27-06-2011",84,61,44,50,65,76,71,68,73,75,78,79,78,83,84,83,87,90,92,90,86,79,50,42
"28-06-2011",37,20,20,35,44,13,2,11,49,74,80,86,92,95,92,95,99,101,96,93,97,85,71,65
"29-06-2011",47,45,36,23,13,4,2,3,18,37,55,78,90,94,95,94,91,92,91,86,83,82,80,62
"30-06-2011",47,28,16,14,5,5,2,3,15,40,50,67,76,74,75,76,72,79,74,71,62,52,48,37
"01-07-2011",28,31,12,11,5,6,3,2,7,16,34,49,72,85,92,69,76,70,70,70,58,57,62,61
"02-07-2011",50,52,48,39,28,17,5,9,38,50,71,94,96,97,92,78,80,79,84,78,70,76,72,54
"03-07-2011",56,62,60,44,36,26,27,33,41,50,65,66,66,70,72,80,83,81,80,69,56,48,43,32
"04-07-2011",24,14,23,22,17,4,7,24,46,51,65,84,85,88,94,86,84,74,70,64,53,19,43,33
"05-07-2011",15,12,26,48,28,9,4,6,19,39,27,68,89,93,100,92,88,84,87,85,78,70,64,51
"06-07-2011",21,43,50,40,24,6,3,3,14,39,62,67,68,70,72,74,76,75,76,69,82,82,72,68
"07-07-2011",60,60,55,47,44,15,27,18,50,60,66,79,101,122,106,78,79,78,77,74,65,57,57,53
"08-07-2011",49,27,9,12,19,19,4,7,25,62,74,82,79,82,84,85,88,88,86,83,81,74,53,60
"09-07-2011",68,70,62,43,22,3,11,15,58,77,79,80,81,83,80,79,79,81,80,79,76,69,56,56
"10-07-2011",60,67,26,24,27,78,80,80,79,81,83,85,87,90,89,87,89,90,90,88,81,71,61,45
"11-07-2011",35,14,12,48,18,13,4,26,68,79,80,81,81,81,87,85,84,89,91,92,87,76,62,67
"12-07-2011",67,81,72,66,80,72,60,54,71,79,81,81,79,82,80,81,80,82,84,80,77,71,70,59
"13-07-2011",73,79,77,77,77,68,63,51,57,74,75,82,85,85,90,90,91,90,90,88,85,80,75,79
"14-07-2011",80,81,70,78,68,32,12,21,52,70,76,79,83,83,86,86,87,86,85,80,74,70,74,64
"15-07-2011",55,46,52,61,73,47,37,34,54,63,75,80,82,83,85,85,85,85,84,80,77,66,62,61
"16-07-2011",45,33,67,66,47,26,9,9,36,70,84,88,109,131,132,125,130,123,109,64,58,59,54,42
"17-07-2011",24,15,4,13,27,25,19,25,42,71,83,105,120,119,125,129,123,122,115,104,90,64,43,35
"18-07-2011",20,14,15,21,8,3,3,3,16,22,43,52,77,73,94,103,107,94,78,85,69,67,45,20
"19-07-2011",14,26,32,29,24,7,2,2,14,41,54,72,116,142,149,150,127,113,93,86,85,74,61,51
"20-07-2011",38,33,23,23,12,7,2,3,8,25,32,70,93,87,82,72,82,86,88,83,73,62,44,34
"21-07-2011",37,51,63,54,55,51,34,38,47,59,68,75,77,79,80,83,79,81,78,72,68,58,57,55
"22-07-2011",50,44,50,36,47,32,5,20,44,52,68,76,81,79,84,81,88,85,75,68,64,62,65,70
"23-07-2011",55,34,38,27,10,24,10,7,20,37,59,80,89,92,109,124,111,100,94,76,61,44,51,49
"24-07-2011",53,50,35,17,15,25,22,11,33,60,75,87,109,138,126,108,115,105,102,90,82,71,63,46
"25-07-2011",35,44,43,47,49,45,24,44,48,53,50,74,75,79,79,75,77,78,74,65,57,45,55,63
"26-07-2011",53,54,53,41,41,22,15,29,37,49,52,61,67,68,67,67,66,64,59,54,34,37,45,46
"27-07-2011",51,47,40,47,35,35,33,21,31,42,44,48,61,69,75,74,76,72,62,55,52,43,43,37
"28-07-2011",32,20,13,18,7,10,5,3,4,30,61,75,81,85,138,153,133,94,91,85,76,66,58,41
"29-07-2011",25,21,22,31,27,10,3,3,15,18,49,76,100,111,97,108,110,97,95,90,74,65,48,35
"30-07-2011",55,46,39,34,28,32,38,43,38,60,74,84,83,84,89,88,94,98,86,84,78,68,56,47
"31-07-2011",54,38,30,38,35,27,21,15,31,48,81,82,99,124,135,113,104,91,90,85,82,62,62,54
"01-08-2011",41,46,37,26,30,29,13,3,14,27,31,53,82,109,108,87,92,94,88,82,74,63,44,41
"02-08-2011",32,35,54,58,41,33,43,50,54,63,83,97,101,101,89,56,61,72,79,76,73,72,59,52
"03-08-2011",38,26,32,42,66,42,32,57,57,58,60,63,67,73,76,83,83,84,80,77,68,68,58,52
"04-08-2011",47,42,60,61,60,43,5,18,38,61,77,78,81,81,91,115,100,99,81,74,64,42,24,32
"05-08-2011",35,36,35,28,18,5,3,2,12,47,71,82,86,85,86,88,88,88,84,80,79,75,78,77
"06-08-2011",67,68,60,67,68,58,43,44,61,67,67,67,68,69,71,70,72,72,73,68,64,61,63,60
"07-08-2011",54,39,33,55,64,52,22,11,54,65,73,75,72,71,72,84,77,72,73,72,70,65,65,59
"08-08-2011",59,45,32,25,21,9,2,5,29,56,69,73,73,76,78,79,103,110,92,69,67,57,58,56
"09-08-2011",48,44,40,44,36,21,3,4,14,45,78,92,87,110,127,154,119,116,93,68,58,50,47,26
"10-08-2011",14,19,14,20,20,20,3,3,14,26,64,78,78,82,115,112,100,89,90,54,37,55,50,50
"11-08-2011",73,55,59,57,57,61,58,49,51,54,57,63,65,69,71,73,75,78,75,76,74,69,70,74
"12-08-2011",71,64,61,57,53,39,8,18,48,54,65,68,68,76,79,85,87,91,81,80,65,66,73,71
"13-08-2011",58,46,36,30,27,18,12,18,56,65,81,85,88,95,120,118,114,107,98,77,60,47,52,45
"14-08-2011",44,29,23,24,28,41,40,30,39,71,85,89,88,94,125,130,122,113,92,85,54,59,59,39
"15-08-2011",37,26,25,26,36,35,38,27,47,74,83,84,93,118,128,118,109,106,102,86,73,72,59,52
"16-08-2011",39,24,25,15,18,10,8,10,33,55,80,83,85,107,129,123,118,90,83,75,70,62,59,55
"17-08-2011",38,21,16,20,15,21,17,23,45,65,74,73,76,79,79,78,79,79,81,79,77,71,62,64
"18-08-2011",64,60,61,67,82,77,68,67,70,74,74,78,83,83,84,84,83,83,81,80,78,74,75,80
"19-08-2011",77,76,74,70,65,67,64,58,65,72,71,77,79,79,81,83,85,85,84,82,75,77,72,79
"20-08-2011",88,90,83,81,74,74,70,71,83,88,89,91,92,93,92,93,93,94,94,90,87,93,88,80
"21-08-2011",85,89,85,73,69,52,74,79,83,85,85,88,96,95,94,90,89,87,87,82,77,79,82,82
"22-08-2011",81,81,81,82,80,76,77,73,76,76,76,78,79,80,77,80,81,83,84,84,83,79,82,81
"23-08-2011",80,71,67,24,47,62,55,49,63,72,73,77,77,75,76,77,78,78,73,72,65,77,77,72
"24-08-2011",74,79,67,62,64,76,75,73,71,75,75,74,75,77,80,80,81,81,82,80,84,88,89,90
"25-08-2011",88,85,81,82,79,72,68,65,72,83,86,91,92,95,101,101,101,99,97,90,88,89,87,87
"26-08-2011",85,84,90,97,96,83,78,43,63,76,78,80,78,79,81,79,82,88,92,90,89,88,86,85
"27-08-2011",86,85,82,78,75,71,64,72,71,79,80,80,81,83,84,84,84,84,84,84,80,77,77,75
"28-08-2011",76,77,76,72,70,62,40,60,64,71,77,75,77,79,79,81,82,86,89,84,77,73,73,72
"29-08-2011",76,78,76,69,32,37,57,37,52,71,83,87,86,87,84,88,85,86,89,82,71,67,52,15
"30-08-2011",29,31,31,36,38,10,3,4,17,40,75,72,77,99,90,131,119,98,101,88,71,60,55,49
"31-08-2011",38,27,23,30,23,8,3,3,6,21,25,32,53,69,81,66,48,43,38,41,37,30,39,46
"01-09-2011",44,40,44,30,29,32,6,3,4,8,19,38,71,83,97,103,133,126,106,74,40,42,55,41
"02-09-2011",22,6,5,3,5,6,2,2,2,14,26,40,66,87,91,91,90,92,89,70,31,32,28,21
"03-09-2011",9,2,4,10,30,16,7,7,11,31,78,97,95,111,123,108,96,80,81,88,88,86,73,63
"04-09-2011",74,78,82,75,64,76,83,75,70,77,77,81,83,85,86,87,86,86,85,81,74,73,66,74
"05-09-2011",69,39,44,46,63,57,63,58,52,61,79,80,83,85,88,88,90,89,87,80,70,51,45,44
"06-09-2011",44,52,35,25,15,3,3,3,5,47,76,83,88,123,142,116,136,127,88,70,57,52,65,76
"07-09-2011",79,82,89,83,75,54,21,24,24,-9999,-9999,66,68,68,71,72,76,76,74,70,68,61,64,63
"08-09-2011",57,69,60,68,61,28,42,57,55,58,61,68,70,71,75,78,80,78,74,70,57,48,30,19
"09-09-2011",24,28,32,29,6,2,2,2,2,25,30,37,64,78,77,75,77,68,66,66,47,37,30,21
"10-09-2011",9,4,4,13,12,2,2,22,53,62,68,86,80,80,83,87,87,84,78,75,64,68,57,44
"11-09-2011",44,42,34,43,38,15,11,15,38,59,69,72,73,72,77,81,82,79,81,63,56,56,58,60
"12-09-2011",62,54,72,56,36,21,2,2,28,58,70,77,79,80,79,79,78,77,72,64,60,57,49,51
"13-09-2011",56,46,36,13,29,42,38,35,45,49,71,73,67,68,67,66,65,62,58,45,38,22,25,17
"14-09-2011",4,2,2,3,2,2,2,2,2,21,47,62,70,72,72,71,75,90,65,44,30,4,2,3
"15-09-2011",4,2,2,2,16,3,1,1,2,7,36,76,87,94,100,103,130,126,80,60,25,10,18,23
"16-09-2011",11,2,9,16,5,1,2,2,17,52,66,69,75,75,74,77,78,78,77,73,65,42,41,73
"17-09-2011",72,75,69,51,32,6,3,4,28,54,68,77,81,82,82,82,83,83,81,76,58,53,35,50
"18-09-2011",35,40,25,45,54,69,77,70,71,74,74,80,82,83,84,85,84,83,77,71,62,57,26,6
"19-09-2011",4,2,26,19,10,4,2,2,3,10,46,72,52,87,119,75,76,66,62,48,42,29,26,28
"20-09-2011",27,17,15,11,12,4,2,2,6,15,33,47,52,49,35,39,31,35,10,5,7,23,41,47
"21-09-2011",37,44,23,13,11,4,4,3,6,20,36,42,48,52,58,58,59,56,53,53,45,39,49,58
"22-09-2011",55,54,60,61,60,48,40,34,41,57,56,58,68,73,73,70,69,62,56,49,48,47,49,52
"23-09-2011",50,47,49,47,45,26,7,26,14,39,51,60,69,69,73,76,77,79,74,69,57,36,55,28
"24-09-2011",11,17,12,2,24,28,10,2,3,33,74,89,92,92,92,95,94,91,84,74,71,73,70,50
"25-09-2011",30,30,15,10,24,16,16,67,71,69,84,85,91,94,95,98,97,94,90,88,87,87,86,83
"26-09-2011",54,70,61,61,45,6,4,43,50,57,57,67,72,73,74,74,75,72,68,62,62,65,68,69
"27-09-2011",71,71,67,60,57,47,42,48,51,59,60,62,64,67,68,68,69,68,63,58,65,62,47,56
"28-09-2011",66,71,71,67,66,61,56,47,50,62,63,66,66,68,69,69,70,70,68,66,66,62,68,75
"29-09-2011",74,73,65,49,48,35,42,29,26,49,61,64,64,66,71,70,71,75,73,66,62,55,32,29
"30-09-2011",45,38,7,16,50,25,3,3,3,30,57,67,80,81,79,77,75,74,65,56,52,54,51,43
"01-10-2011",45,51,49,49,48,45,43,37,42,49,52,54,55,57,57,57,56,56,55,50,51,47,33,46
"02-10-2011",50,44,44,38,50,46,28,24,26,44,50,52,53,56,58,57,57,58,60,59,55,54,53,41
"03-10-2011",45,67,70,68,54,31,16,5,29,44,48,54,60,65,70,72,71,71,67,64,61,54,60,63
"04-10-2011",63,60,40,43,26,14,7,5,21,38,54,60,68,70,73,73,72,66,64,61,46,30,40,39
"05-10-2011",30,13,13,8,7,3,2,2,2,8,53,70,76,84,87,102,107,112,84,56,33,24,20,6
"06-10-2011",3,5,5,10,15,2,2,2,3,3,21,55,77,87,90,97,114,123,98,83,68,45,37,19
"07-10-2011",4,4,2,2,3,2,2,2,3,3,27,48,62,68,71,72,70,69,52,25,27,9,22,40
"08-10-2011",38,41,32,23,8,3,3,2,2,17,44,54,54,52,54,51,44,45,43,44,40,39,47,54
"09-10-2011",54,53,52,46,43,39,29,32,36,38,40,46,47,56,53,52,55,56,41,21,7,4,7,10
"10-10-2011",31,39,34,38,33,19,5,14,17,15,12,15,15,6,11,19,24,28,27,25,23,21,21,23
"11-10-2011",21,20,24,26,26,22,18,22,23,23,26,27,29,28,29,29,28,29,27,27,29,30,31,17
"12-10-2011",6,6,5,4,3,4,11,13,12,20,30,39,44,50,58,51,43,45,30,7,2,2,2,1
"13-10-2011",2,2,2,2,2,2,2,2,2,1,3,15,40,46,46,46,46,61,54,36,23,24,18,11
"14-10-2011",2,2,2,2,2,2,2,2,2,8,24,31,32,33,35,35,34,34,35,35,36,35,36,36
"15-10-2011",36,37,36,36,34,32,31,31,21,14,16,27,32,34,37,41,42,41,36,34,36,37,37,38
"16-10-2011",39,37,36,32,32,35,37,37,40,41,41,40,-9999,-9999,-9999,-9999,-9999,-9999,-9999,-9999,-9999,-9999,-9999,-9999
"17-10-2011",-9999,-9999,-9999,-9999,-9999,-9999,-9999,-9999,-9999,-9999,-9999,-9999,-9999,-9999,28,31,35,38,37,31,30,34,4,3
"18-10-2011",5,22,4,3,2,2,2,2,2,6,14,26,40,47,49,48,52,48,26,6,3,3,3,3
"19-10-2011",3,2,3,3,2,2,2,2,2,2,24,38,54,60,61,62,64,61,45,22,7,3,3,3
"20-10-2011",3,2,2,2,2,2,2,2,2,2,7,39,58,63,65,66,71,66,45,26,8,3,2,2
"21-10-2011",2,2,2,2,2,2,2,2,2,1,5,37,50,54,57,58,68,66,26,8,3,2,3,3
"22-10-2011",3,3,3,2,2,2,2,2,2,2,15,44,59,68,57,56,56,54,50,30,22,26,21,22
"23-10-2011",15,11,8,3,3,3,11,28,38,45,49,53,55,57,58,59,59,60,56,55,53,53,50,57
"24-10-2011",52,56,56,52,49,39,30,18,27,39,45,48,48,49,48,46,44,47,46,42,41,34,24,10
"25-10-2011",16,19,17,24,25,13,21,13,15,28,40,41,47,47,47,50,53,51,53,48,47,49,50,47
"26-10-2011",46,43,44,45,50,47,39,31,34,27,-9999,-9999,58,59,59,60,56,56,57,57,59,56,60,61
"27-10-2011",58,60,61,63,62,60,59,52,51,54,55,56,58,60,61,61,60,60,55,58,47,52,56,60
"28-10-2011",58,53,54,50,57,55,31,35,44,58,61,64,69,70,70,70,69,67,54,50,34,21,13,33
"29-10-2011",20,23,13,26,31,14,26,32,37,44,57,62,65,67,68,69,69,66,56,55,47,30,31,51
"30-10-2011",42,62,63,67,63,58,65,59,56,59,62,64,65,67,65,63,61,59,55,57,49,38,21,48
"31-10-2011",57,50,36,33,44,19,5,4,5,16,55,61,64,63,62,59,49,41,22,25,24,19,34,33
"01-11-2011",35,17,10,13,14,4,4,4,5,36,65,70,72,72,70,72,65,34,12,4,4,4,4,4
"02-11-2011",5,12,17,16,9,4,4,3,4,24,51,63,66,72,74,73,70,67,61,55,39,17,28,53
"03-11-2011",34,13,31,51,18,5,4,10,36,62,67,70,73,71,71,69,67,61,55,50,52,40,28,31
"04-11-2011",10,10,17,32,22,7,5,4,11,43,51,53,51,13,21,21,20,21,25,22,17,21,16,8
"05-11-2011",5,5,4,4,4,3,3,3,9,33,57,37,41,41,56,42,33,27,17,10,5,4,5,6
"06-11-2011",6,7,17,10,13,11,12,12,13,22,21,68,73,77,86,85,54,37,16,11,5,5,6,4
"07-11-2011",4,4,6,11,11,5,4,4,4,8,16,20,23,23,-9999,-9999,-9999,-9999,-9999,-9999,-9999,-9999,-9999,-9999
"08-11-2011",-9999,-9999,-9999,-9999,-9999,-9999,-9999,-9999,-9999,-9999,-9999,-9999,-9999,-9999,-9999,-9999,-9999,-9999,-9999,-9999,-9999,-9999,-9999,-9999
"09-11-2011",-9999,-9999,-9999,-9999,-9999,-9999,-9999,-9999,-9999,-9999,-9999,-9999,-9999,-9999,-9999,-9999,-9999,-9999,-9999,-9999,-9999,-9999,-9999,-9999
"10-11-2011",-9999,-9999,-9999,-9999,-9999,-9999,-9999,-9999,-9999,-9999,-9999,-9999,-9999,-9999,-9999,-9999,-9999,-9999,-9999,-9999,-9999,-9999,-9999,-9999
"11-11-2011",-9999,-9999,-9999,-9999,-9999,-9999,-9999,-9999,-9999,-9999,-9999,-9999,35,50,53,50,48,46,43,40,40,40,43,43
"12-11-2011",44,44,46,47,46,44,44,43,42,46,49,53,54,52,52,50,47,46,37,38,44,47,51,51
"13-11-2011",55,56,57,56,58,56,51,48,46,43,43,48,48,-9999,48,50,49,51,52,47,51,53,55,56
"14-11-2011",56,55,56,58,57,49,45,43,46,47,50,48,47,47,45,47,45,43,36,40,40,42,41,37
"15-11-2011",44,49,49,51,50,32,27,33,22,38,39,40,44,45,44,42,40,39,39,42,48,46,49,51
"16-11-2011",52,53,55,56,49,40,29,23,19,33,33,36,45,54,55,51,51,33,21,17,9,8,6,5
"17-11-2011",5,5,5,5,7,27,16,5,26,24,32,56,56,57,52,48,40,35,34,33,34,27,32,34
"18-11-2011",29,40,31,35,27,11,5,4,5,29,43,49,52,56,57,54,50,48,23,15,5,5,4,5
"19-11-2011",5,4,4,4,4,4,4,4,3,12,46,58,67,68,68,67,47,15,6,5,6,5,5,6
"20-11-2011",7,6,9,9,7,6,5,5,6,23,55,67,74,77,78,72,59,39,22,6,5,5,5,5
"21-11-2011",5,4,4,4,4,4,4,4,4,8,38,53,63,69,71,53,33,22,10,5,5,5,6,5
"22-11-2011",7,11,21,24,8,5,5,4,4,4,17,54,50,48,50,43,13,4,4,5,5,5,5,5
"23-11-2011",5,5,5,12,17,12,5,4,5,9,43,49,46,51,51,49,49,42,38,33,21,20,12,21
"24-11-2011",20,21,45,47,41,36,27,30,33,40,46,49,49,51,56,54,35,38,34,42,42,50,53,56
"25-11-2011",59,59,55,56,57,52,49,43,42,48,50,53,53,54,52,50,50,45,41,27,29,33,35,19
"26-11-2011",38,31,18,17,13,4,4,3,12,37,49,52,45,46,45,44,39,35,22,6,11,23,16,12
"27-11-2011",7,16,9,5,4,6,9,5,6,28,46,57,57,61,62,60,52,49,15,5,5,5,5,5
"28-11-2011",4,4,4,4,4,4,4,4,3,4,13,30,34,28,26,25,15,5,5,4,5,5,5,5
"29-11-2011",5,4,3,4,5,4,4,5,8,34,44,53,57,57,47,39,32,29,41,27,23,24,24,7
"30-11-2011",6,4,4,4,4,4,3,3,3,3,24,38,43,48,53,48,36,30,6,4,5,5,5,4
"01-12-2011",4,4,4,4,4,4,4,4,3,4,12,22,31,49,45,45,21,5,4,4,4,4,4,4
"02-12-2011",4,4,4,3,3,3,3,3,3,3,5,15,39,43,46,38,16,5,4,4,4,4,4,4
"03-12-2011",4,4,4,4,4,3,3,3,3,4,12,30,39,45,54,51,41,16,11,7,6,6,6,5
"04-12-2011",5,5,5,5,4,4,4,4,4,5,18,35,42,47,51,50,37,14,15,8,5,5,5,5
"05-12-2011",5,5,5,5,4,4,4,3,4,4,7,22,29,33,37,39,25,17,20,16,7,15,15,10
"06-12-2011",13,28,36,39,32,16,7,6,7,27,35,39,40,31,30,25,17,25,33,27,8,5,5,5
"07-12-2011",5,5,5,5,5,5,5,4,4,6,17,24,28,15,16,15,10,6,9,14,31,30,31,25
"08-12-2011",7,18,14,9,21,5,5,4,4,4,16,37,43,42,41,44,44,8,5,18,35,38,35,46
"09-12-2011",52,54,52,55,45,36,24,11,8,27,46,48,51,54,48,46,29,7,5,4,4,4,5,5
"10-12-2011",5,5,5,4,4,4,3,3,4,4,19,33,41,41,47,47,28,14,7,5,5,5,5,5
"11-12-2011",5,5,5,4,4,4,4,3,3,3,7,21,33,39,40,36,28,13,6,5,5,5,5,5
"12-12-2011",5,5,4,4,4,4,4,3,3,4,6,14,23,30,33,31,9,5,4,5,5,5,5,4
"13-12-2011",4,4,4,4,4,4,4,4,4,4,4,4,9,22,29,24,11,6,5,5,5,5,5,5
"14-12-2011",4,4,4,4,4,4,4,4,4,4,5,15,29,35,32,26,15,5,5,4,5,5,5,4
"15-12-2011",4,4,4,4,4,4,4,4,4,4,6,20,27,32,34,30,21,9,7,9,5,5,5,5
"16-12-2011",5,5,5,5,4,4,4,4,8,7,19,28,31,37,37,36,31,17,28,40,23,5,5,5
"17-12-2011",4,5,8,4,4,17,32,41,39,42,43,48,51,49,50,49,46,49,49,49,46,43,33,20
"18-12-2011",9,42,36,30,30,17,19,5,6,5,17,33,25,32,29,19,25,31,28,10,15,19,34,21
"19-12-2011",20,17,14,19,15,10,21,23,21,21,30,24,26,24,25,27,29,27,24,32,25,8,9,12
"20-12-2011",11,5,5,4,4,4,4,4,4,4,25,28,26,29,30,31,23,20,29,25,35,32,33,30
"21-12-2011",31,42,29,37,12,6,4,4,4,9,27,37,43,48,52,50,37,19,27,25,23,27,34,41
"22-12-2011",45,51,51,55,51,54,55,52,48,44,48,43,43,40,41,31,8,8,13,7,22,26,28,36
"23-12-2011",41,43,41,42,37,34,34,32,31,30,26,31,24,22,24,24,28,29,19,17,21,27,31,31
"24-12-2011",34,40,42,38,36,35,29,23,23,30,37,38,39,39,37,34,29,24,12,21,11,16,20,20
"25-12-2011",29,36,34,35,30,27,28,29,38,43,47,49,49,50,53,54,56,52,44,37,28,43,49,50
"26-12-2011",53,56,59,60,60,58,58,57,55,55,57,57,59,57,57,56,54,51,44,46,44,46,49,51
"27-12-2011",53,53,53,51,43,38,27,15,14,18,24,35,43,42,43,37,31,16,16,15,16,7,5,6
"28-12-2011",4,5,5,4,4,4,4,4,4,9,13,30,37,40,38,37,28,12,9,5,5,4,11,16
"29-12-2011",27,19,5,5,5,4,4,4,4,5,17,23,32,42,39,34,25,7,5,5,5,5,5,5
"30-12-2011",5,5,5,4,4,4,4,4,4,4,8,16,28,33,33,31,21,9,6,9,6,5,5,5
"31-12-2011",5,5,5,5,5,4,4,4,4,4,9,25,34,34,32,32,32,32,34,37,38,37,35,39
