"01-01-2014",5,5,5,5,5,5,5,4,4,4,4,4,5,5,5,5,5,9,7,6,4,6,4,4
"02-01-2014",4,3,5,3,3,3,4,4,7,11,25,17,19,11,12,12,9,17,11,11,10,14,9,8
"03-01-2014",7,6,5,5,4,4,3,3,5,4,4,3,4,5,4,5,6,4,4,4,5,4,4,4
"04-01-2014",4,4,4,4,4,4,4,5,9,15,21,19,16,11,9,12,24,13,11,14,7,6,5,6
"05-01-2014",7,9,13,8,7,10,10,10,15,18,26,23,19,28,28,24,29,32,45,23,8,8,7,5
"06-01-2014",4,4,4,4,3,4,4,4,3,3,4,8,13,11,8,5,4,4,4,15,7,8,5,6
"07-01-2014",5,4,4,3,3,3,3,3,4,17,15,18,7,6,5,5,4,4,3,3,3,3,3,3
"08-01-2014",11,15,7,5,2,4,2,10,9,24,23,13,9,7,6,6,4,4,3,24,11,32,16,19
"09-01-2014",42,39,3,4,3,5,3,12,39,30,18,40,50,35,30,40,47,55,55,26,32,25,18,13
"10-01-2014",9,7,6,6,7,8,12,17,8,18,15,12,10,10,13,15,12,9,8,7,6,6,8,8
"11-01-2014",9,7,8,7,7,5,5,11,12,19,25,43,48,33,31,33,28,20,20,13,16,5,5,5
"12-01-2014",4,4,4,5,5,5,5,5,6,13,13,8,9,8,7,9,12,10,9,5,6,6,5,6
"13-01-2014",5,5,5,6,5,4,4,10,10,8,8,30,32,68,39,33,28,12,14,6,7,8,6,6
"14-01-2014",6,6,5,4,4,4,5,12,10,18,57,81,67,39,35,45,34,37,47,52,33,13,9,10
"15-01-2014",7,6,5,5,5,5,5,7,9,9,9,9,13,13,13,10,10,16,25,21,16,22,19,16
"16-01-2014",20,19,28,14,24,11,6,5,7,12,34,11,8,8,9,7,-9999,-9999,-9999,-9999,-9999,-9999,-9999,-9999
"17-01-2014",-9999,-9999,-9999,-9999,-9999,-9999,-9999,-9999,-9999,-9999,-9999,-9999,-9999,-9999,-9999,-9999,-9999,-9999,-9999,-9999,-9999,-9999,-9999,-9999
"18-01-2014",-9999,-9999,-9999,-9999,-9999,-9999,-9999,-9999,-9999,-9999,-9999,-9999,-9999,-9999,-9999,-9999,-9999,-9999,-9999,-9999,-9999,-9999,-9999,-9999
"19-01-2014",-9999,-9999,-9999,-9999,-9999,-9999,-9999,-9999,-9999,-9999,-9999,-9999,-9999,-9999,-9999,-9999,-9999,-9999,-9999,-9999,-9999,-9999,-9999,-9999
"20-01-2014",-9999,-9999,-9999,-9999,-9999,-9999,-9999,-9999,-9999,-9999,-9999,-9999,-9999,-9999,-9999,-9999,-9999,-9999,-9999,-9999,-9999,-9999,-9999,-9999
"21-01-2014",-9999,-9999,-9999,-9999,-9999,-9999,-9999,-9999,-9999,-9999,-9999,-9999,-9999,-9999,-9999,-9999,-9999,-9999,-9999,-9999,-9999,-9999,-9999,-9999
"22-01-2014",-9999,-9999,-9999,-9999,-9999,-9999,-9999,-9999,-9999,-9999,-9999,-9999,-9999,-9999,-9999,-9999,-9999,-9999,-9999,-9999,-9999,-9999,-9999,-9999
"23-01-2014",-9999,-9999,-9999,-9999,-9999,-9999,-9999,-9999,-9999,-9999,-9999,-9999,-9999,-9999,-9999,-9999,-9999,-9999,-9999,-9999,-9999,-9999,-9999,-9999
"24-01-2014",-9999,-9999,-9999,-9999,-9999,-9999,-9999,-9999,-9999,-9999,-9999,-9999,-9999,-9999,-9999,-9999,-9999,-9999,-9999,-9999,-9999,-9999,-9999,-9999
"25-01-2014",-9999,-9999,-9999,-9999,-9999,-9999,-9999,-9999,-9999,-9999,-9999,-9999,-9999,-9999,-9999,-9999,-9999,-9999,-9999,-9999,-9999,-9999,-9999,-9999
"26-01-2014",-9999,-9999,-9999,-9999,-9999,-9999,-9999,-9999,-9999,-9999,-9999,-9999,-9999,-9999,-9999,-9999,-9999,-9999,-9999,-9999,-9999,-9999,-9999,-9999
"27-01-2014",-9999,-9999,-9999,-9999,-9999,-9999,-9999,-9999,-9999,-9999,-9999,-9999,-9999,-9999,-9999,-9999,-9999,-9999,-9999,-9999,-9999,-9999,-9999,-9999
"28-01-2014",-9999,-9999,-9999,-9999,-9999,-9999,-9999,-9999,-9999,-9999,-9999,-9999,-9999,-9999,-9999,-9999,-9999,-9999,-9999,-9999,-9999,-9999,-9999,-9999
"29-01-2014",-9999,-9999,-9999,-9999,-9999,-9999,-9999,-9999,-9999,-9999,-9999,-9999,-9999,-9999,-9999,-9999,-9999,-9999,-9999,-9999,-9999,-9999,-9999,-9999
"30-01-2014",-9999,-9999,-9999,-9999,-9999,-9999,-9999,-9999,-9999,-9999,-9999,-9999,-9999,-9999,-9999,-9999,-9999,-9999,-9999,-9999,-9999,-9999,-9999,-9999
"31-01-2014",-9999,-9999,-9999,-9999,-9999,-9999,-9999,-9999,-9999,-9999,-9999,-9999,-9999,-9999,-9999,-9999,-9999,-9999,-9999,-9999,-9999,-9999,-9999,-9999
"01-02-2014",-9999,-9999,-9999,-9999,-9999,-9999,-9999,-9999,-9999,-9999,-9999,-9999,-9999,-9999,-9999,-9999,-9999,-9999,-9999,-9999,-9999,-9999,-9999,-9999
"02-02-2014",-9999,-9999,-9999,-9999,-9999,-9999,-9999,-9999,-9999,-9999,-9999,-9999,-9999,-9999,-9999,-9999,-9999,-9999,-9999,-9999,-9999,-9999,-9999,-9999
"03-02-2014",-9999,-9999,-9999,-9999,-9999,-9999,-9999,-9999,-9999,-9999,-9999,-9999,-9999,-9999,-9999,-9999,-9999,-9999,-9999,-9999,-9999,-9999,-9999,-9999
"04-02-2014",-9999,-9999,-9999,-9999,-9999,-9999,-9999,-9999,-9999,-9999,-9999,-9999,-9999,-9999,-9999,-9999,-9999,-9999,-9999,-9999,-9999,-9999,-9999,-9999
"05-02-2014",-9999,-9999,-9999,-9999,-9999,-9999,-9999,-9999,-9999,-9999,-9999,-9999,41,30,27,49,28,38,39,38,32,33,26,20
"06-02-2014",13,14,10,6,7,5,6,9,7,6,6,8,12,17,9,14,11,10,10,6,5,5,5,7
"07-02-2014",4,3,4,4,4,3,4,9,23,35,32,36,42,53,28,23,26,33,16,10,18,42,35,29
"08-02-2014",10,12,15,7,7,6,7,9,9,15,17,17,28,32,23,17,16,17,20,11,6,24,37,18
"09-02-2014",13,5,6,4,6,10,9,14,9,14,16,15,14,13,11,11,14,16,16,21,23,15,11,5
"10-02-2014",4,4,7,7,5,4,3,8,12,12,15,9,7,9,21,22,15,16,9,14,24,15,6,5
"11-02-2014",6,9,5,7,5,4,8,9,7,34,75,64,50,37,39,37,37,20,14,12,10,5,4,4
"12-02-2014",4,3,3,3,3,3,3,6,5,4,6,6,21,19,13,20,21,27,16,19,8,14,17,18
"13-02-2014",10,6,4,4,6,5,6,7,10,15,12,11,8,7,6,8,6,6,12,16,17,10,6,6
"14-02-2014",4,4,5,5,4,9,5,8,10,13,7,8,8,8,5,8,8,6,7,5,4,4,4,4
"15-02-2014",4,4,5,5,5,4,4,4,4,4,4,4,4,5,5,5,5,4,4,4,3,4,9,14
"16-02-2014",8,4,5,4,4,4,5,6,7,12,11,7,7,9,13,12,9,13,10,4,5,5,8,4
"17-02-2014",5,4,4,6,5,4,5,50,33,23,18,36,48,36,23,35,30,33,31,13,20,9,9,9
"18-02-2014",8,8,7,6,5,5,6,10,24,23,46,52,76,63,55,55,48,47,46,35,32,29,23,16
"19-02-2014",13,12,10,41,25,34,28,31,26,22,24,37,41,36,31,27,36,39,25,19,14,11,11,10
"20-02-2014",8,9,23,44,32,18,19,23,21,17,18,17,18,17,15,15,16,13,13,14,12,10,8,10
"21-02-2014",8,11,19,27,11,5,10,24,20,7,8,38,23,19,19,19,15,20,18,17,16,17,22,21
"22-02-2014",4,4,6,10,11,10,20,24,23,27,-9999,36,15,12,9,10,12,15,18,23,19,15,12,9
"23-02-2014",10,11,6,7,4,4,5,4,6,5,5,6,7,7,7,14,15,12,9,7,5,5,5,4
"24-02-2014",4,4,4,4,4,4,4,6,9,14,8,8,20,19,19,13,13,13,10,5,6,8,12,6
"25-02-2014",8,6,5,3,3,3,4,5,6,5,4,4,8,5,6,5,8,14,17,18,14,13,9,4
"26-02-2014",4,4,4,5,5,8,10,11,19,23,24,31,29,20,14,15,14,17,10,8,8,8,5,4
"27-02-2014",4,4,3,4,4,5,6,10,15,9,9,9,18,21,18,19,23,18,19,16,19,21,21,8
"28-02-2014",5,17,6,4,4,4,4,7,9,7,5,7,25,23,18,23,24,16,12,11,6,12,12,6
"01-03-2014",5,3,3,16,12,6,3,3,4,16,19,19,18,23,26,7,6,5,5,5,4,4,4,4
"02-03-2014",4,4,4,3,3,3,3,3,3,4,4,16,17,10,15,9,4,5,3,3,3,4,4,4
"03-03-2014",4,5,3,3,8,5,4,6,4,5,5,7,5,4,3,3,4,3,4,4,4,4,3,3
"04-03-2014",3,3,3,4,4,3,4,5,6,5,6,10,7,19,24,25,34,19,17,6,4,4,3,3
"05-03-2014",6,5,2,2,3,8,7,10,15,18,17,18,16,17,10,10,12,24,21,10,12,16,9,5
"06-03-2014",7,16,21,26,14,4,14,12,14,10,5,5,9,7,7,6,5,5,5,4,3,3,3,3
"07-03-2014",4,4,4,3,3,4,4,9,7,9,7,7,7,7,7,8,10,8,6,5,4,4,4,4
"08-03-2014",4,4,3,3,4,4,4,5,7,6,5,5,6,5,5,8,5,5,5,5,7,6,6,5
"09-03-2014",4,4,4,4,4,4,4,4,4,4,6,6,6,5,6,7,6,12,13,11,4,4,5,4
"10-03-2014",3,3,3,3,3,3,4,7,8,6,5,7,8,8,5,6,8,5,5,6,5,7,6,5
"11-03-2014",5,4,4,3,3,3,3,4,7,4,7,7,11,6,7,8,10,8,3,4,4,17,8,4
"12-03-2014",5,4,4,4,4,4,4,8,7,6,5,5,6,6,6,7,7,6,7,5,7,5,5,5
"13-03-2014",6,4,4,4,4,4,14,14,14,12,11,8,12,12,11,15,18,22,27,14,13,9,8,9
"14-03-2014",8,10,4,4,4,4,10,22,26,22,17,7,9,18,22,19,18,21,15,11,16,15,19,8
"15-03-2014",4,4,4,4,4,4,4,4,7,22,34,39,23,12,13,10,9,15,9,13,7,8,8,8
"16-03-2014",5,4,4,4,4,4,5,5,4,4,4,5,6,6,5,5,5,4,4,4,4,4,4,4
"17-03-2014",5,4,4,3,4,4,7,7,6,5,4,5,5,6,4,5,7,4,4,4,4,4,3,4
"18-03-2014",3,3,3,3,3,3,4,14,27,53,25,9,11,8,7,15,15,22,10,6,4,5,7,16
"19-03-2014",5,9,12,14,7,11,11,15,10,8,15,24,31,25,29,17,23,27,22,11,5,6,4,4
"20-03-2014",3,3,3,3,3,3,4,6,6,4,5,5,6,6,7,9,11,15,14,11,10,7,4,3
"21-03-2014",3,5,4,4,4,4,4,7,14,20,27,39,21,24,14,14,11,12,15,21,7,6,3,4
"22-03-2014",4,5,3,4,3,3,3,3,8,23,53,19,11,9,9,7,10,13,11,7,6,5,11,6
"23-03-2014",9,7,6,6,4,4,4,4,7,9,15,25,13,11,9,9,9,8,10,11,8,7,12,17
"24-03-2014",11,9,5,8,9,8,17,20,30,15,31,21,27,15,15,18,15,17,7,11,10,7,5,4
"25-03-2014",5,4,4,3,3,3,3,3,4,6,5,4,5,5,4,4,5,5,7,4,7,9,8,4
"26-03-2014",4,3,3,3,3,3,3,6,6,7,11,8,9,12,10,9,15,13,12,9,7,5,4,6
"27-03-2014",3,3,3,3,3,3,4,21,35,33,14,10,8,12,22,8,7,7,5,5,4,7,10,6
"28-03-2014",4,4,3,3,3,5,4,19,16,10,7,6,10,13,16,11,10,11,9,9,6,4,7,6
"29-03-2014",4,4,4,4,4,4,4,4,4,4,4,4,4,6,5,6,5,5,10,14,15,10,12,9
"30-03-2014",4,4,4,4,4,4,5,9,10,14,13,9,8,9,7,8,8,9,9,5,6,11,15,10
"31-03-2014",13,13,9,4,4,5,13,9,8,-9999,7,9,8,7,8,16,18,23,15,12,10,8,10,5
"01-04-2014",7,8,10,6,4,4,4,4,8,16,16,12,10,9,10,10,12,25,17,15,10,5,5,5
"02-04-2014",5,6,5,9,5,5,5,8,14,12,13,13,11,10,9,16,20,19,16,14,15,13,11,5
"03-04-2014",4,4,4,4,6,7,5,12,17,23,13,10,13,23,25,12,12,14,17,14,15,10,13,12
"04-04-2014",7,7,6,10,8,7,5,9,15,16,17,18,23,23,15,15,14,19,15,17,19,13,11,7
"05-04-2014",5,4,4,4,3,4,3,4,5,4,6,7,5,7,10,9,10,5,4,4,4,5,4,3
"06-04-2014",4,3,3,3,3,3,4,3,4,5,5,5,6,8,13,12,7,8,7,5,5,4,5,5
"07-04-2014",5,4,4,4,3,3,6,8,11,5,4,5,7,6,5,5,7,4,4,11,12,7,3,4
"08-04-2014",3,3,3,3,3,3,3,6,11,10,8,5,5,5,13,22,11,14,12,14,11,9,9,9
"09-04-2014",7,5,3,3,4,4,4,7,9,7,8,7,9,15,19,17,13,12,11,14,12,12,10,7
"10-04-2014",5,4,3,4,3,3,3,5,5,4,4,4,4,5,4,4,4,4,4,5,5,4,5,4
"11-04-2014",4,4,4,4,4,4,4,7,8,7,4,5,6,8,7,7,5,5,5,8,13,7,4,5
"12-04-2014",4,4,4,4,4,3,3,5,4,5,6,5,5,5,5,7,6,8,7,9,6,10,9,15
"13-04-2014",9,4,5,4,6,7,4,5,11,11,8,11,9,8,8,8,9,10,11,13,13,11,10,10
"14-04-2014",15,15,6,3,3,3,6,7,8,9,7,8,17,14,10,9,11,12,13,16,11,17,16,13
"15-04-2014",13,12,11,10,8,4,4,4,10,15,28,23,19,14,10,10,9,9,13,17,13,14,6,5
"16-04-2014",5,4,3,3,3,3,3,4,4,4,4,4,4,4,4,4,4,4,4,4,4,4,4,4
"17-04-2014",4,3,3,3,3,3,3,3,4,3,4,4,5,28,6,8,4,4,4,4,4,3,3,3
"18-04-2014",3,3,3,3,3,3,3,3,4,4,5,6,4,6,6,5,5,6,7,4,5,8,10,6
"19-04-2014",4,3,4,7,5,4,4,5,11,17,17,12,13,11,12,32,11,5,4,5,6,8,4,3
"20-04-2014",8,5,4,5,6,4,6,6,7,11,11,11,6,6,7,6,6,8,8,10,7,7,5,7
"21-04-2014",6,6,4,5,4,3,4,2,3,6,12,13,12,8,6,10,12,10,5,4,4,7,5,3
"22-04-2014",3,3,3,3,2,2,3,5,7,8,10,16,14,12,10,15,19,21,14,16,5,8,3,4
"23-04-2014",10,9,12,5,16,12,9,22,28,14,29,23,40,23,17,14,38,19,14,13,8,4,5,18
"24-04-2014",12,3,3,3,4,15,4,4,4,5,4,4,4,4,8,12,10,8,7,6,15,18,12,6
"25-04-2014",4,4,3,3,2,3,3,3,5,11,7,6,5,6,6,5,5,5,5,6,5,5,5,4
"26-04-2014",4,8,8,6,6,4,4,16,5,5,11,14,8,4,4,5,6,5,4,7,4,5,8,3
"27-04-2014",6,10,7,7,5,3,3,3,9,4,4,4,4,4,4,4,4,9,13,11,13,7,4,6
"28-04-2014",4,4,4,4,5,4,4,14,18,13,17,21,18,13,7,15,18,14,11,12,8,5,5,4
"29-04-2014",4,3,2,4,3,6,6,9,15,13,10,8,13,22,11,13,11,12,12,14,14,9,4,8
"30-04-2014",7,3,2,2,2,2,2,2,5,5,9,7,8,6,6,5,6,5,5,4,4,5,6,15
"01-05-2014",8,4,3,3,3,3,2,3,4,5,9,5,6,5,6,5,6,6,4,4,3,7,8,4
"02-05-2014",4,3,4,3,3,3,3,4,9,6,6,6,8,10,9,9,9,8,8,7,6,5,10,11
"03-05-2014",7,4,4,3,3,3,2,3,3,5,14,16,13,10,6,4,6,5,6,3,4,4,4,4
"04-05-2014",5,5,4,4,4,4,3,3,5,6,8,6,5,6,4,4,5,6,6,8,4,4,4,4
"05-05-2014",3,3,3,3,3,3,3,4,6,4,4,4,4,4,4,4,3,3,4,3,4,3,4,3
"06-05-2014",3,3,4,3,3,3,3,5,5,4,5,7,9,7,12,22,18,15,13,12,9,5,8,10
"07-05-2014",7,17,11,5,6,3,4,7,9,11,15,14,11,15,11,12,12,12,10,7,7,8,12,19
"08-05-2014",5,14,26,13,6,4,9,17,30,40,28,17,14,13,11,14,15,19,15,16,10,11,9,5
"09-05-2014",4,4,3,3,4,3,3,4,4,4,4,7,5,7,5,6,4,4,5,5,4,4,7,10
"10-05-2014",7,7,6,4,3,3,3,3,5,7,6,6,5,5,4,4,4,4,4,4,4,6,7,6
"11-05-2014",11,5,3,6,5,12,5,4,15,12,6,6,4,4,4,8,8,8,7,6,10,7,8,8
"12-05-2014",10,11,8,6,6,4,4,8,28,35,42,35,27,26,16,13,13,12,12,9,12,11,12,7
"13-05-2014",7,3,4,3,3,3,3,5,11,14,53,32,14,13,11,10,12,9,10,8,11,9,10,7
"14-05-2014",11,8,6,4,3,5,4,6,11,5,7,8,16,15,7,7,7,7,5,6,5,3,3,3
"15-05-2014",3,4,3,3,3,3,3,4,4,4,4,4,5,5,4,5,4,4,7,4,4,4,3,3
"16-05-2014",3,3,4,4,3,3,3,4,8,6,12,10,10,7,7,7,7,7,7,4,3,8,8,4
"17-05-2014",4,3,3,3,4,4,4,5,11,9,6,8,10,9,7,7,8,8,9,6,11,7,6,6
"18-05-2014",9,5,5,8,6,5,4,3,4,7,5,4,6,7,7,5,7,9,7,8,6,7,5,5
"19-05-2014",3,3,3,19,12,8,7,5,11,10,9,9,11,11,8,9,9,6,7,8,8,6,6,5
"20-05-2014",39,9,6,5,4,5,8,13,23,24,23,16,16,15,10,10,7,5,8,6,4,4,4,3
"21-05-2014",3,3,3,3,2,3,3,4,10,7,6,7,9,8,6,7,9,8,13,11,9,9,12,14
"22-05-2014",5,3,3,3,4,3,4,4,7,19,6,5,6,4,4,6,4,7,9,4,3,3,3,3
"23-05-2014",4,3,3,3,3,3,3,3,6,10,10,17,19,10,9,9,9,9,8,10,10,8,10,5
"24-05-2014",16,8,12,10,6,3,4,9,22,19,18,11,8,6,6,6,5,7,10,10,9,8,5,6
"25-05-2014",4,2,3,3,4,9,17,16,22,9,5,6,4,4,5,4,6,8,7,8,5,4,4,6
"26-05-2014",6,5,8,4,4,3,3,4,10,11,9,16,22,15,10,10,9,9,11,8,8,9,10,18
"27-05-2014",12,8,9,12,9,6,5,6,11,7,8,6,7,11,14,13,14,11,12,14,10,9,8,5
"28-05-2014",5,12,13,6,5,4,4,9,13,5,7,5,6,7,6,7,5,8,10,10,9,19,10,8
"29-05-2014",9,5,11,8,7,4,3,5,15,15,10,8,8,12,12,8,6,5,5,6,6,4,4,4
"30-05-2014",4,4,4,4,4,4,4,6,7,7,9,8,9,6,5,5,4,5,5,5,5,6,4,4
"31-05-2014",4,4,4,4,4,4,4,4,4,3,4,4,4,4,4,4,4,4,4,6,4,4,4,3
"01-06-2014",3,3,3,3,3,3,3,3,3,4,4,4,4,4,4,4,4,3,4,4,3,3,3,3
"02-06-2014",3,3,3,4,4,3,3,4,5,4,4,5,5,4,5,4,3,3,3,3,4,3,3,3
"03-06-2014",3,4,4,3,3,4,4,7,23,16,19,24,11,18,10,11,10,9,10,12,11,8,4,4
"04-06-2014",4,3,3,3,3,3,4,5,9,12,8,7,14,9,10,10,12,17,15,17,16,14,13,5
"05-06-2014",5,4,4,3,3,3,4,5,5,4,4,4,5,4,4,4,4,5,4,4,5,5,4,4
"06-06-2014",4,3,3,3,3,3,4,4,20,9,4,4,4,4,4,5,4,4,9,4,5,4,5,4
"07-06-2014",3,3,3,3,3,4,4,4,4,4,5,4,4,4,4,3,4,3,14,6,5,4,4,4
"08-06-2014",5,4,4,4,4,4,4,4,4,4,4,3,4,4,4,5,8,9,7,6,4,4,4,4
"09-06-2014",3,4,4,4,3,3,3,3,3,3,4,4,4,3,3,4,5,5,7,6,5,5,6,6
"10-06-2014",5,4,4,4,4,4,4,8,6,8,5,5,5,4,4,11,7,10,8,9,9,9,10,4
"11-06-2014",3,3,4,4,4,4,4,14,8,8,6,5,5,4,5,6,8,10,7,6,10,6,7,4
"12-06-2014",4,4,4,5,7,6,6,11,20,27,22,16,14,15,10,10,9,9,10,13,9,12,12,10
"13-06-2014",11,10,12,8,7,6,5,5,8,12,14,15,14,11,8,10,9,13,12,23,39,12,8,15
"14-06-2014",11,11,11,9,5,5,5,6,9,8,7,6,7,8,6,6,6,5,6,6,8,9,7,6
"15-06-2014",4,3,3,4,4,4,4,4,4,4,7,7,7,8,6,5,4,5,7,10,11,9,7,5
"16-06-2014",4,8,10,7,5,5,4,6,6,32,13,15,9,10,11,9,10,9,9,8,7,7,5,5
"17-06-2014",5,5,5,5,5,5,6,7,7,7,11,7,8,10,10,9,8,4,4,7,5,7,6,6
"18-06-2014",4,4,4,4,4,3,4,3,4,7,12,10,9,7,7,9,9,10,7,4,4,5,5,8
"19-06-2014",4,4,4,3,3,3,6,4,8,9,13,9,4,4,5,7,5,5,5,6,9,12,8,5
"20-06-2014",3,3,3,2,2,3,3,4,4,4,4,4,4,4,3,3,3,3,3,3,5,5,4,4
"21-06-2014",4,3,3,3,3,3,3,3,4,5,4,3,3,3,3,3,3,3,3,3,3,3,3,3
"22-06-2014",3,3,3,3,3,3,3,3,3,3,3,3,3,4,3,3,3,4,4,4,4,6,10,6
"23-06-2014",9,6,5,3,4,4,4,4,6,6,6,13,10,7,9,6,7,7,7,10,9,7,5,8
"24-06-2014",4,4,4,4,3,4,6,7,11,22,29,17,11,12,8,8,8,9,7,9,10,8,6,5
"25-06-2014",14,9,7,4,5,5,7,6,14,19,18,21,17,13,16,9,9,5,6,16,15,14,9,5
"26-06-2014",6,8,10,6,6,8,10,6,7,11,7,7,6,4,3,3,3,11,19,24,16,13,7,11
"27-06-2014",11,11,10,8,10,8,7,6,6,4,4,4,4,3,3,3,3,3,3,3,3,4,4,4
"28-06-2014",4,4,4,4,4,3,3,3,4,5,5,4,8,7,8,6,6,4,6,5,6,8,8,9
"29-06-2014",9,9,9,3,3,4,2,3,3,5,6,5,5,5,5,5,4,5,4,5,6,6,8,8
"30-06-2014",4,4,5,7,9,6,7,3,16,18,13,8,8,8,6,6,7,8,10,7,6,8,8,8
"01-07-2014",7,6,6,7,5,5,4,6,4,4,4,3,3,3,3,3,2,2,3,3,3,4,3,3
"02-07-2014",3,2,3,3,3,3,3,5,4,4,9,23,9,15,11,6,6,7,7,7,7,9,12,10
"03-07-2014",8,10,6,6,4,8,8,5,13,22,15,11,7,7,7,8,9,7,9,4,4,4,3,2
"04-07-2014",2,3,3,3,3,3,3,3,3,4,3,4,3,3,3,3,2,2,3,3,4,5,6,7
"05-07-2014",8,5,4,4,5,4,4,4,6,5,6,6,6,5,5,6,5,5,7,6,9,8,7,4
"06-07-2014",6,3,6,7,4,4,7,4,11,9,9,7,5,5,5,4,4,4,4,4,7,9,6,7
"07-07-2014",11,15,6,4,3,3,2,3,8,10,24,23,17,10,9,8,9,8,9,9,11,10,12,12
"08-07-2014",21,19,23,33,18,9,11,12,15,27,21,12,12,7,7,7,7,7,6,7,8,11,7,7
"09-07-2014",5,7,6,4,4,3,8,4,6,20,26,14,12,7,7,9,9,8,8,8,9,7,8,8
"10-07-2014",6,7,4,4,4,3,2,3,3,4,3,4,4,6,6,6,6,8,12,12,8,10,10,7
"11-07-2014",9,7,6,6,4,4,3,3,3,6,9,6,5,6,9,6,5,4,4,5,8,9,9,4
"12-07-2014",4,4,3,3,3,2,2,3,4,4,4,3,3,3,2,2,3,4,4,3,4,3,3,3
"13-07-2014",3,3,3,2,3,3,3,3,4,4,5,6,5,5,4,3,4,4,4,5,7,10,8,9
"14-07-2014",8,18,8,4,3,3,3,3,5,4,4,4,5,6,5,5,6,5,6,7,6,6,6,5
"15-07-2014",5,4,11,18,9,5,5,7,9,8,5,5,5,4,6,6,6,7,7,9,5,4,5,5
"16-07-2014",5,4,4,4,4,4,4,4,4,4,6,6,5,5,5,8,10,6,4,5,5,5,5,7
"17-07-2014",7,5,6,8,4,5,7,5,8,7,8,7,6,4,4,5,6,6,5,5,4,5,7,7
"18-07-2014",7,7,5,4,4,4,4,4,4,5,4,4,4,4,4,3,3,3,3,3,4,6,6,5
"19-07-2014",4,4,4,4,4,4,4,4,4,5,6,4,4,4,4,3,4,3,3,9,13,13,8,8
"20-07-2014",7,6,6,5,5,5,5,5,6,5,4,4,4,4,4,3,5,5,6,5,6,9,11,10
"21-07-2014",10,10,10,8,6,5,5,5,11,13,17,22,10,7,7,8,8,9,7,7,9,9,11,9
"22-07-2014",7,4,5,6,7,5,6,13,16,16,11,12,13,9,4,4,4,4,11,8,5,4,4,4
"23-07-2014",4,3,4,4,4,3,5,4,8,3,5,6,5,5,4,5,8,11,13,12,7,5,5,4
"24-07-2014",5,5,5,5,4,4,4,4,4,4,5,4,5,4,3,3,5,3,3,3,4,4,5,15
"25-07-2014",9,9,7,5,5,4,4,4,4,5,5,5,7,5,4,6,4,7,10,13,22,15,11,6
"26-07-2014",8,12,7,4,3,3,3,3,10,14,7,10,9,7,5,5,5,5,11,14,11,7,6,5
"27-07-2014",8,4,13,9,4,5,10,10,9,7,5,8,6,5,5,5,4,5,6,7,12,11,10,8
"28-07-2014",6,5,4,4,3,3,3,21,19,25,21,12,9,10,8,7,8,6,12,11,12,12,8,8
"29-07-2014",7,7,7,6,4,4,4,4,9,6,6,6,6,5,7,8,7,8,7,8,7,8,9,10
"30-07-2014",7,7,5,6,10,7,5,5,13,13,20,16,10,9,8,7,7,7,8,8,8,8,7,8
"31-07-2014",10,9,12,11,10,8,6,7,7,13,24,43,19,11,9,8,8,8,8,8,12,5,3,3
"01-08-2014",3,3,2,2,3,2,2,3,3,4,3,4,4,5,4,4,3,4,5,5,5,4,4,5
"02-08-2014",4,4,5,4,4,4,4,3,3,3,3,6,4,5,4,3,3,3,3,5,6,5,5,6
"03-08-2014",9,11,11,12,5,4,4,5,6,6,4,4,4,4,3,3,3,3,4,7,11,8,6,8
"04-08-2014",7,5,3,4,3,3,3,4,4,4,4,4,4,4,3,3,3,3,5,3,5,4,4,4
"05-08-2014",4,4,4,4,4,3,3,4,4,4,6,5,4,5,7,6,5,6,8,9,7,5,6,4
"06-08-2014",7,4,3,5,4,3,4,4,6,6,8,7,6,7,7,4,4,15,6,6,5,9,4,4
"07-08-2014",4,4,5,6,5,5,4,4,3,4,6,6,8,6,4,6,9,6,9,4,4,4,5,5
"08-08-2014",5,5,5,4,4,4,8,6,7,4,5,6,4,4,6,5,5,4,6,14,4,4,4,4
"09-08-2014",3,3,3,3,3,3,3,4,3,4,4,4,8,4,3,4,3,3,2,2,4,8,7,10
"10-08-2014",10,10,6,3,3,4,4,4,4,9,9,5,4,4,4,3,4,5,5,5,6,7,10,7
"11-08-2014",3,4,4,3,3,3,3,4,4,6,8,8,5,4,5,4,5,4,8,8,7,4,8,9
"12-08-2014",4,3,4,5,5,5,4,5,8,14,10,7,6,6,6,5,4,7,8,9,13,15,16,14
"13-08-2014",7,7,7,6,6,7,8,7,9,13,9,7,8,9,7,7,6,5,10,10,12,5,7,10
"14-08-2014",10,6,11,6,14,11,8,7,6,10,6,9,6,7,7,7,7,6,8,12,20,21,16,12
"15-08-2014",10,11,11,8,8,7,7,7,9,14,16,12,7,8,5,5,6,4,5,6,7,4,5,6
"16-08-2014",7,12,6,4,4,4,4,3,4,3,3,4,3,3,3,3,3,3,2,21,3,3,3,3
"17-08-2014",3,3,3,3,3,3,3,3,3,3,3,3,3,3,3,2,3,3,3,3,3,3,3,3
"18-08-2014",3,3,3,3,3,3,2,3,3,3,3,4,4,4,3,4,6,3,3,6,6,10,9,5
"19-08-2014",4,3,3,3,5,3,3,3,5,9,18,18,9,7,6,6,6,6,7,7,8,6,7,7
"20-08-2014",7,4,4,5,4,12,21,8,6,6,23,16,8,9,5,6,7,5,7,6,7,6,6,5
"21-08-2014",7,6,8,7,6,8,17,22,9,12,10,6,10,10,10,10,9,8,8,9,9,7,5,5
"22-08-2014",7,6,4,3,3,4,6,7,5,13,24,17,28,18,15,11,7,7,21,7,8,8,8,6
"23-08-2014",5,5,6,5,5,5,11,17,12,11,13,12,8,6,5,6,5,5,5,5,10,7,9,9
"24-08-2014",10,10,11,8,7,8,6,8,8,6,7,8,5,4,3,3,3,5,5,6,7,5,3,5
"25-08-2014",4,3,3,3,3,3,3,3,3,4,5,5,4,4,4,4,24,7,7,8,8,9,8,6
"26-08-2014",7,6,6,5,3,3,3,3,4,8,10,16,11,10,6,7,9,6,6,6,8,7,7,6
"27-08-2014",7,8,6,5,9,24,23,11,9,11,9,8,9,10,8,9,15,13,11,12,11,7,6,8
"28-08-2014",5,11,6,4,5,3,3,3,3,3,4,5,3,3,3,3,3,2,3,3,5,7,9,5
"29-08-2014",3,3,4,5,4,4,4,6,7,10,14,11,6,7,12,13,19,9,9,16,13,9,7,7
"30-08-2014",7,6,7,5,4,4,4,4,4,5,6,6,6,6,6,6,7,8,8,8,8,8,9,14
"31-08-2014",10,10,9,7,6,7,5,4,6,9,10,8,6,6,6,6,5,6,6,5,6,9,10,10
"01-09-2014",9,6,6,4,4,40,8,8,11,22,17,8,9,7,6,5,5,7,8,9,6,7,9,6
"02-09-2014",8,7,6,5,4,3,3,10,4,4,5,5,5,4,4,4,4,5,7,7,4,3,4,5
"03-09-2014",4,4,4,4,3,3,5,11,15,9,5,12,29,9,5,6,6,8,9,5,6,7,5,7
"04-09-2014",6,8,4,4,4,5,4,4,5,6,7,9,10,10,10,9,11,13,11,10,10,8,5,4
"05-09-2014",7,9,10,16,9,5,5,5,6,18,9,6,6,8,4,4,5,6,4,5,5,5,4,6
"06-09-2014",4,4,3,3,4,4,4,4,4,7,16,7,7,5,4,5,3,4,4,4,4,4,4,4
"07-09-2014",6,5,5,4,4,3,3,3,3,4,7,6,4,5,5,5,6,6,9,8,5,6,5,5
"08-09-2014",4,4,4,4,4,4,5,4,5,8,9,8,6,6,6,8,7,5,4,5,4,4,6,5
"09-09-2014",4,3,4,8,7,4,4,4,7,7,5,5,4,4,4,5,6,12,11,8,9,9,9,9
"10-09-2014",5,4,5,4,5,3,4,5,6,13,12,18,19,18,11,8,8,11,11,12,10,12,17,7
"11-09-2014",6,6,4,4,5,52,14,22,15,21,20,27,16,10,8,9,8,9,8,10,11,11,5,8
"12-09-2014",10,11,13,7,5,4,4,9,9,25,12,14,16,12,10,9,8,8,12,11,8,9,10,10
"13-09-2014",11,8,7,6,6,7,5,4,6,19,22,14,8,9,8,7,6,7,9,8,7,6,7,5
"14-09-2014",7,8,11,9,9,9,6,7,6,6,8,13,11,10,5,4,4,6,5,6,4,4,5,4
"15-09-2014",12,3,3,4,3,3,3,5,7,5,5,6,9,12,14,14,9,10,13,10,8,7,5,6
"16-09-2014",7,10,7,5,5,4,4,5,5,6,5,5,6,8,12,5,4,4,3,4,4,4,4,3
"17-09-2014",4,4,3,3,3,3,4,6,7,7,8,7,6,6,4,13,6,4,3,3,3,3,3,3
"18-09-2014",3,3,3,3,3,3,4,5,4,3,7,5,6,8,6,6,4,8,6,6,4,3,3,3
"19-09-2014",3,3,3,3,3,3,9,7,8,13,19,12,16,19,9,11,9,10,8,8,8,9,10,4
"20-09-2014",4,4,3,3,3,3,3,3,7,6,7,11,8,11,7,9,6,7,8,7,8,7,10,8
"21-09-2014",4,4,3,3,4,4,4,4,5,8,5,6,-9999,7,7,7,6,6,8,10,7,10,13,11
"22-09-2014",9,6,10,9,7,5,5,5,20,35,39,16,16,17,14,13,13,12,11,11,11,9,7,7
"23-09-2014",7,7,6,6,4,4,10,15,20,24,26,4,3,3,3,4,4,3,3,4,4,4,4,3
"24-09-2014",3,4,3,3,3,3,3,6,6,4,4,6,8,8,6,8,6,6,7,3,5,6,4,15
"25-09-2014",17,9,4,4,5,9,37,42,28,24,23,21,17,16,12,15,9,14,8,7,8,10,12,13
"26-09-2014",8,8,5,5,5,7,6,6,5,5,5,5,6,5,5,4,5,5,5,6,5,6,4,4
"27-09-2014",4,4,4,4,4,4,4,5,4,5,6,4,4,6,6,6,5,6,4,5,5,4,4,4
"28-09-2014",4,4,4,3,3,3,4,3,3,3,3,4,5,4,6,5,5,5,6,6,6,4,4,3
"29-09-2014",11,6,3,3,3,3,3,4,7,6,9,8,11,9,8,9,5,6,7,10,5,8,10,9
"30-09-2014",5,4,3,3,3,5,4,4,5,16,19,8,7,8,6,9,7,8,8,11,7,11,7,6
"01-10-2014",4,4,4,3,4,5,4,5,5,9,17,9,10,8,13,23,13,12,15,10,7,4,6,5
"02-10-2014",3,4,5,5,4,3,4,6,9,15,20,18,13,11,10,13,15,10,12,8,11,12,7,4
"03-10-2014",4,4,3,3,3,3,3,6,6,5,6,7,9,6,11,12,21,12,16,10,10,6,5,4
"04-10-2014",5,5,4,3,3,3,3,4,4,3,5,5,7,4,7,10,13,11,10,5,4,4,11,4
"05-10-2014",4,5,3,3,3,3,3,3,4,4,5,12,11,8,6,6,6,11,11,9,7,9,8,8
"06-10-2014",5,5,5,3,4,4,3,5,11,8,5,6,6,5,6,5,10,15,7,4,4,4,4,4
"07-10-2014",7,4,3,7,5,5,7,9,7,8,11,14,23,23,17,18,16,25,16,15,12,7,6,5
"08-10-2014",5,4,4,4,4,5,5,5,6,11,9,8,8,8,6,5,6,6,5,5,5,5,5,5
"09-10-2014",8,4,4,4,4,4,4,7,19,15,18,19,23,22,15,13,12,13,17,9,8,12,4,4
"10-10-2014",5,7,6,5,4,5,6,7,8,15,14,8,11,13,8,9,8,9,16,19,22,10,15,8
"11-10-2014",5,5,6,6,5,5,7,5,4,10,16,18,25,18,10,8,7,8,11,6,7,9,14,6
"12-10-2014",4,4,3,5,4,4,4,3,4,7,7,6,6,6,6,9,7,7,7,8,6,8,7,4
"13-10-2014",4,4,3,4,4,3,4,4,5,13,40,23,18,11,12,10,7,18,14,9,9,11,7,10
"14-10-2014",10,5,5,4,4,4,4,5,6,8,30,30,11,19,14,16,16,15,13,10,15,11,9,10
"15-10-2014",14,14,17,14,9,6,7,10,19,8,6,9,17,21,20,18,19,16,32,20,9,7,11,9
"16-10-2014",8,8,4,16,29,11,5,10,25,12,9,9,13,17,10,14,8,6,6,9,12,10,11,14
"17-10-2014",8,9,9,11,8,6,4,4,4,5,12,20,12,9,9,10,10,17,21,17,11,9,10,8
"18-10-2014",6,6,5,5,5,5,4,4,4,4,4,4,4,4,4,4,4,4,4,4,3,4,3,3
"19-10-2014",3,3,3,3,3,3,3,4,6,4,4,5,9,7,5,5,4,4,8,9,10,10,5,4
"20-10-2014",3,3,3,3,4,3,3,4,5,11,9,16,13,7,6,7,15,16,16,11,10,5,10,13
"21-10-2014",8,5,4,4,4,4,4,4,6,7,18,15,11,11,24,32,19,19,20,9,8,7,6,4
"22-10-2014",6,4,4,4,4,5,6,6,6,11,13,13,16,18,14,17,12,13,23,21,16,7,8,9
"23-10-2014",8,6,9,6,5,5,5,7,5,7,4,4,4,4,4,4,19,4,4,4,4,4,4,3
"24-10-2014",3,3,3,3,18,18,4,4,7,4,4,4,8,8,24,9,8,6,5,4,3,3,3,4
"25-10-2014",5,5,4,4,4,4,4,4,4,5,5,4,4,4,4,7,5,4,4,4,4,4,4,5
"26-10-2014",4,4,4,4,4,4,4,4,4,4,4,4,4,4,4,4,4,3,3,4,4,4,6,5
"27-10-2014",4,4,4,4,4,4,4,4,4,5,5,5,7,8,10,10,6,4,3,3,3,4,5,4
"28-10-2014",4,4,3,3,4,4,4,4,7,10,4,5,4,4,4,5,7,4,4,4,4,4,4,4
"29-10-2014",4,3,3,4,4,3,3,5,8,6,6,4,7,7,6,6,8,6,5,4,3,4,4,4
"30-10-2014",4,4,4,4,4,4,6,8,14,12,9,9,10,10,7,8,7,6,6,6,7,8,7,5
"31-10-2014",4,4,4,4,4,4,4,6,8,7,7,6,9,7,7,6,9,9,7,6,7,6,5,5
"01-11-2014",5,5,5,4,4,4,4,4,4,4,5,7,5,6,7,5,7,7,6,5,5,5,5,4
"02-11-2014",4,4,4,4,4,4,4,4,4,4,4,4,5,7,9,8,11,9,8,11,13,26,12,17
"03-11-2014",7,4,4,4,4,4,4,6,6,9,14,52,45,25,28,34,28,27,21,22,15,10,8,17
"04-11-2014",23,12,13,9,6,4,4,8,19,9,9,17,26,30,15,20,16,14,14,25,10,7,4,4
"05-11-2014",4,5,5,8,7,7,6,7,19,21,19,30,34,30,42,36,23,17,16,15,17,12,9,7
"06-11-2014",6,7,5,4,4,4,4,10,10,15,9,8,7,7,6,7,6,8,7,12,7,5,7,6
"07-11-2014",9,11,8,8,9,8,11,23,29,20,26,13,69,49,37,31,22,20,17,17,16,5,7,4
"08-11-2014",4,4,4,4,4,4,4,4,4,5,5,5,5,6,7,6,6,6,6,7,6,5,6,5
"09-11-2014",5,5,4,4,5,5,4,4,6,8,7,7,7,10,9,10,9,7,5,9,6,7,6,6
"10-11-2014",9,15,7,5,4,4,6,8,8,13,8,8,7,9,18,20,25,18,10,12,4,4,4,4
"11-11-2014",4,4,5,5,7,7,7,7,12,15,30,24,35,36,42,41,40,31,19,12,10,10,10,13
"12-11-2014",5,8,4,5,4,4,5,8,11,5,5,19,-9999,-9999,-9999,-9999,-9999,-9999,-9999,-9999,-9999,-9999,-9999,-9999
"13-11-2014",-9999,-9999,-9999,-9999,-9999,-9999,-9999,-9999,-9999,-9999,-9999,-9999,-9999,-9999,-9999,-9999,-9999,-9999,-9999,-9999,-9999,-9999,-9999,-9999
"14-11-2014",-9999,-9999,-9999,-9999,-9999,-9999,-9999,-9999,-9999,-9999,-9999,-9999,-9999,-9999,-9999,-9999,-9999,-9999,-9999,-9999,-9999,-9999,-9999,-9999
"15-11-2014",-9999,-9999,-9999,-9999,-9999,-9999,-9999,-9999,-9999,-9999,-9999,-9999,-9999,-9999,-9999,-9999,-9999,-9999,-9999,-9999,-9999,-9999,-9999,-9999
"16-11-2014",-9999,-9999,-9999,-9999,-9999,-9999,-9999,-9999,-9999,-9999,-9999,-9999,-9999,-9999,-9999,-9999,-9999,-9999,-9999,-9999,-9999,-9999,-9999,-9999
"17-11-2014",-9999,-9999,-9999,-9999,-9999,-9999,-9999,-9999,-9999,-9999,-9999,-9999,-9999,-9999,-9999,-9999,-9999,-9999,-9999,-9999,-9999,-9999,-9999,-9999
"18-11-2014",-9999,-9999,-9999,-9999,-9999,-9999,-9999,-9999,-9999,-9999,-9999,-9999,-9999,-9999,-9999,-9999,-9999,-9999,-9999,-9999,-9999,-9999,-9999,-9999
"19-11-2014",-9999,-9999,-9999,-9999,-9999,-9999,-9999,-9999,-9999,-9999,-9999,-9999,-9999,-9999,-9999,-9999,-9999,-9999,-9999,-9999,-9999,-9999,-9999,-9999
"20-11-2014",-9999,-9999,-9999,-9999,-9999,-9999,-9999,-9999,-9999,-9999,-9999,-9999,-9999,-9999,-9999,-9999,-9999,-9999,-9999,-9999,-9999,-9999,-9999,-9999
"21-11-2014",-9999,-9999,-9999,-9999,-9999,-9999,-9999,-9999,-9999,-9999,-9999,-9999,-9999,-9999,-9999,-9999,-9999,-9999,-9999,-9999,-9999,-9999,-9999,-9999
"22-11-2014",-9999,-9999,-9999,-9999,-9999,-9999,-9999,-9999,-9999,-9999,-9999,-9999,-9999,-9999,-9999,-9999,-9999,-9999,-9999,-9999,-9999,-9999,-9999,-9999
"23-11-2014",-9999,-9999,-9999,-9999,-9999,-9999,-9999,-9999,-9999,-9999,-9999,-9999,-9999,-9999,-9999,-9999,-9999,-9999,-9999,-9999,-9999,-9999,-9999,-9999
"24-11-2014",-9999,-9999,-9999,-9999,-9999,-9999,-9999,-9999,-9999,-9999,-9999,-9999,-9999,-9999,-9999,-9999,-9999,-9999,-9999,-9999,-9999,-9999,-9999,-9999
"25-11-2014",-9999,-9999,-9999,-9999,-9999,-9999,-9999,-9999,-9999,-9999,-9999,-9999,-9999,-9999,-9999,-9999,-9999,-9999,-9999,-9999,-9999,-9999,-9999,-9999
"26-11-2014",-9999,-9999,-9999,-9999,-9999,-9999,-9999,-9999,-9999,-9999,-9999,-9999,-9999,-9999,-9999,-9999,-9999,-9999,-9999,-9999,-9999,-9999,-9999,-9999
"27-11-2014",-9999,-9999,-9999,-9999,-9999,-9999,-9999,-9999,-9999,-9999,-9999,-9999,-9999,-9999,-9999,-9999,-9999,-9999,-9999,-9999,-9999,-9999,-9999,-9999
"28-11-2014",-9999,-9999,-9999,-9999,-9999,-9999,-9999,-9999,-9999,-9999,-9999,-9999,-9999,-9999,-9999,-9999,-9999,-9999,-9999,-9999,-9999,-9999,-9999,-9999
"29-11-2014",-9999,-9999,-9999,-9999,-9999,-9999,-9999,-9999,-9999,-9999,-9999,-9999,-9999,-9999,-9999,-9999,-9999,-9999,-9999,-9999,-9999,-9999,-9999,-9999
"30-11-2014",-9999,-9999,-9999,-9999,-9999,-9999,-9999,-9999,-9999,-9999,-9999,-9999,-9999,-9999,-9999,-9999,-9999,-9999,-9999,-9999,-9999,-9999,-9999,-9999
"01-12-2014",-9999,-9999,-9999,-9999,-9999,-9999,-9999,-9999,-9999,-9999,-9999,-9999,-9999,-9999,-9999,-9999,-9999,-9999,-9999,-9999,-9999,-9999,-9999,-9999
"02-12-2014",-9999,-9999,-9999,-9999,-9999,-9999,-9999,-9999,-9999,-9999,-9999,-9999,-9999,-9999,-9999,-9999,-9999,-9999,-9999,-9999,-9999,-9999,-9999,-9999
"03-12-2014",-9999,-9999,-9999,-9999,-9999,-9999,-9999,-9999,-9999,-9999,-9999,-9999,-9999,-9999,-9999,-9999,-9999,-9999,-9999,-9999,-9999,-9999,-9999,-9999
"04-12-2014",-9999,-9999,-9999,-9999,-9999,-9999,-9999,-9999,-9999,-9999,-9999,-9999,-9999,-9999,-9999,-9999,-9999,-9999,-9999,-9999,-9999,-9999,-9999,-9999
"05-12-2014",-9999,-9999,-9999,-9999,-9999,-9999,-9999,-9999,-9999,-9999,-9999,-9999,-9999,-9999,-9999,-9999,-9999,-9999,-9999,-9999,-9999,-9999,-9999,-9999
"06-12-2014",-9999,-9999,-9999,-9999,-9999,-9999,-9999,-9999,-9999,-9999,-9999,-9999,-9999,-9999,-9999,-9999,-9999,-9999,-9999,-9999,-9999,-9999,-9999,-9999
"07-12-2014",-9999,-9999,-9999,-9999,-9999,-9999,-9999,-9999,-9999,-9999,-9999,-9999,-9999,-9999,-9999,-9999,-9999,-9999,-9999,-9999,-9999,-9999,-9999,-9999
"08-12-2014",-9999,-9999,-9999,-9999,-9999,-9999,-9999,-9999,-9999,-9999,-9999,-9999,-9999,-9999,-9999,-9999,-9999,-9999,-9999,-9999,-9999,-9999,-9999,-9999
"09-12-2014",-9999,-9999,-9999,-9999,-9999,-9999,-9999,-9999,-9999,-9999,-9999,-9999,-9999,-9999,-9999,-9999,-9999,-9999,-9999,-9999,-9999,-9999,-9999,-9999
"10-12-2014",-9999,-9999,-9999,-9999,-9999,-9999,-9999,-9999,-9999,-9999,-9999,-9999,-9999,-9999,-9999,-9999,-9999,-9999,-9999,-9999,-9999,-9999,-9999,-9999
"11-12-2014",-9999,-9999,-9999,-9999,-9999,-9999,-9999,-9999,-9999,-9999,-9999,-9999,4,4,10,9,5,6,5,5,5,9,5,6
"12-12-2014",3,3,3,3,3,3,4,7,6,6,5,4,3,3,3,3,3,4,4,3,3,4,4,4
"13-12-2014",4,6,15,5,5,5,5,6,8,12,16,15,18,27,23,14,19,8,4,4,5,6,14,7
"14-12-2014",6,6,4,4,5,5,4,4,42,21,10,6,6,6,7,8,9,5,7,4,4,4,3,4
"15-12-2014",4,4,4,4,3,3,6,13,10,24,32,26,18,15,21,31,28,27,15,8,13,6,6,5
"16-12-2014",7,4,5,4,4,5,4,7,6,24,23,15,16,12,18,14,31,23,12,36,27,11,7,27
"17-12-2014",16,7,8,20,22,16,12,17,26,30,34,38,33,30,19,39,33,22,39,49,21,17,7,8
"18-12-2014",4,4,9,13,7,5,5,9,6,14,10,11,13,17,10,11,9,4,5,4,8,4,4,4
"19-12-2014",4,3,4,4,3,3,3,6,7,6,23,15,5,3,4,7,7,4,4,4,5,6,3,4
"20-12-2014",3,3,7,7,4,5,5,4,8,13,15,18,9,8,5,8,6,5,5,6,10,11,9,6
"21-12-2014",5,4,4,4,5,4,4,4,10,16,6,4,4,4,3,3,3,4,3,4,3,4,3,2
"22-12-2014",3,2,2,2,2,2,2,4,4,5,4,4,4,5,5,9,11,14,16,5,4,8,6,5
"23-12-2014",4,3,3,3,3,3,3,3,12,16,5,5,5,4,5,8,6,3,8,3,3,3,10,8
"24-12-2014",5,5,5,6,9,10,12,11,13,15,25,20,21,36,45,44,52,48,24,23,17,16,24,24
"25-12-2014",21,17,17,16,13,10,9,8,9,16,23,20,23,34,34,33,22,17,14,11,8,8,7,7
"26-12-2014",6,6,5,5,4,4,7,4,5,7,4,9,4,4,5,4,4,6,8,6,4,4,4,4
"27-12-2014",4,4,4,4,3,3,3,3,4,3,3,3,3,3,3,3,3,3,3,3,3,2,2,2
"28-12-2014",7,11,7,2,2,2,3,4,3,3,3,5,5,6,5,5,5,26,41,50,55,16,45,39
"29-12-2014",18,17,6,21,16,10,5,5,5,5,5,5,5,5,5,4,4,4,4,4,4,4,4,4
"30-12-2014",4,4,3,3,3,3,3,3,3,4,4,4,4,4,3,4,4,4,5,5,5,5,6,6
"31-12-2014",5,5,5,5,5,5,5,5,5,5,6,6,6,6,6,6,5,4,5,7,7,7,5,-9999
