"01-01-2010",88,89,91,89,91,92,94,86,103,106,66,69,68,76,77,88,77,88,106,122,120,111,112,102
"02-01-2010",81,59,65,64,58,65,59,67,62,77,92,82,87,80,74,81,80,81,84,87,90,78,85,94
"03-01-2010",87,76,78,87,83,90,89,91,76,74,69,78,73,80,82,82,94,92,92,107,108,106,100,92
"04-01-2010",81,75,78,63,60,65,69,58,60,62,59,50,61,78,88,73,50,44,48,70,77,59,47,34
"05-01-2010",41,55,43,29,78,80,101,104,107,104,89,112,87,94,83,80,82,79,84,90,82,83,66,52
"06-01-2010",45,43,35,28,34,39,38,40,37,42,49,48,36,47,36,42,49,52,64,67,68,61,54,52
"07-01-2010",52,50,46,32,47,53,72,82,84,65,73,89,72,77,76,88,90,99,114,126,120,122,109,88
"08-01-2010",78,80,79,75,81,89,91,114,106,112,102,80,110,107,109,112,100,94,100,113,122,68,79,80
"09-01-2010",58,59,56,70,77,93,89,91,95,107,110,90,72,77,68,66,73,76,89,97,95,81,75,80
"10-01-2010",60,64,81,98,97,100,98,106,115,105,99,93,104,90,95,78,89,90,102,109,108,100,99,90
"11-01-2010",77,76,52,57,72,50,112,136,131,115,106,102,104,107,120,115,119,119,117,124,119,115,107,102
"12-01-2010",96,94,81,93,92,96,100,96,109,108,122,126,132,133,132,125,123,122,120,123,133,110,96,97
"13-01-2010",96,90,92,77,72,79,113,127,118,130,114,106,110,114,116,128,130,104,71,76,79,96,95,83
"14-01-2010",72,62,54,37,34,40,59,67,74,64,58,58,55,34,63,54,60,68,69,77,75,81,78,55
"15-01-2010",68,75,54,59,51,46,78,83,77,85,69,86,83,77,61,55,64,69,69,73,73,54,49,41
"16-01-2010",29,24,24,25,28,29,35,33,41,41,37,36,44,46,50,49,49,43,43,47,43,42,38,35
"17-01-2010",27,23,31,27,25,27,29,32,34,35,40,36,30,29,34,32,33,43,52,66,67,75,79,74
"18-01-2010",68,69,66,68,60,62,67,92,84,84,99,80,64,84,89,93,81,70,72,74,83,78,64,61
"19-01-2010",71,62,55,63,67,74,80,112,95,89,79,96,99,89,95,70,61,74,78,87,85,75,84,86
"20-01-2010",72,65,63,61,55,73,89,99,94,89,85,87,86,84,103,103,95,99,90,93,98,101,101,93
"21-01-2010",87,82,80,72,85,75,92,123,-9999,143,126,98,127,80,65,59,51,51,57,79,100,95,81,74
"22-01-2010",56,28,45,39,37,51,84,98,87,90,82,73,59,62,61,59,61,64,68,61,54,56,51,44
"23-01-2010",43,45,43,60,49,61,64,65,61,61,51,57,60,50,52,53,60,64,64,63,66,69,65,63
"24-01-2010",57,81,62,62,61,61,70,75,69,64,71,60,50,56,47,48,57,65,78,72,73,74,56,45
"25-01-2010",53,48,44,32,30,24,60,73,77,66,55,56,52,63,67,69,67,69,72,72,68,71,63,73
"26-01-2010",37,40,52,40,30,49,84,96,97,82,66,58,83,93,98,88,101,91,97,103,103,107,91,76
"27-01-2010",65,57,40,50,63,78,110,91,101,94,94,90,90,87,93,96,92,87,82,85,93,93,77,82
"28-01-2010",87,81,80,77,80,82,93,108,99,107,120,115,130,126,125,144,153,132,128,135,128,136,112,102
"29-01-2010",103,98,93,94,92,89,112,126,123,108,160,161,121,117,109,114,115,114,122,132,146,143,140,128
"30-01-2010",130,106,112,96,109,96,101,114,128,133,135,102,103,109,108,116,122,135,142,137,139,125,107,122
"31-01-2010",116,99,88,81,95,101,112,114,113,100,86,89,89,86,92,94,87,95,105,115,114,99,110,107
"01-02-2010",117,82,52,78,70,87,123,122,132,120,116,94,113,111,110,106,117,125,141,139,149,128,117,108
"02-02-2010",107,94,82,68,50,59,97,103,88,100,92,80,79,89,92,98,99,92,111,114,95,85,89,82
"03-02-2010",61,48,46,42,42,69,99,114,105,104,100,97,100,103,109,124,114,116,123,133,119,113,125,119
"04-02-2010",121,112,106,105,106,115,149,147,140,156,128,106,109,119,116,121,122,137,111,127,154,143,140,142
"05-02-2010",133,116,125,102,97,98,138,136,160,121,111,103,103,110,65,51,48,53,73,107,120,112,113,92
"06-02-2010",94,110,95,99,105,107,108,116,112,111,78,89,84,73,83,74,72,70,84,80,75,74,69,86
"07-02-2010",86,87,99,76,52,59,94,93,100,103,100,109,75,74,85,86,88,93,125,126,126,126,120,110
"08-02-2010",83,84,91,76,72,83,97,97,103,126,122,120,97,107,116,112,121,119,94,84,91,85,91,80
"09-02-2010",51,50,68,66,63,79,89,96,110,114,118,130,131,130,120,129,129,120,107,92,80,74,43,37
"10-02-2010",75,85,58,35,35,51,61,-9999,55,79,67,55,51,45,40,36,36,31,37,39,39,49,40,75
"11-02-2010",84,58,77,93,94,100,118,135,115,104,95,86,82,87,81,93,96,94,106,117,115,108,101,105
"12-02-2010",92,83,88,74,90,106,149,144,118,137,113,88,-9999,96,79,56,56,65,87,97,97,95,101,95
"13-02-2010",98,89,95,107,104,111,115,131,116,95,85,86,84,82,100,107,90,112,124,125,125,119,123,96
"14-02-2010",116,107,113,98,101,91,98,100,101,108,110,121,113,111,102,106,71,95,109,116,123,118,105,104
"15-02-2010",94,77,79,82,75,76,80,84,64,73,66,63,69,70,64,69,74,96,114,122,116,114,117,103
"16-02-2010",101,99,86,84,81,78,90,106,111,130,-9999,-9999,-9999,100,106,-9999,113,116,116,106,113,104,105,95
"17-02-2010",74,86,79,62,73,67,78,108,99,103,114,93,92,91,95,88,97,99,102,99,99,93,89,86
"18-02-2010",84,80,71,62,76,79,99,104,98,103,100,95,94,92,93,90,99,102,107,104,102,97,89,74
"19-02-2010",82,76,54,68,69,78,83,92,88,107,147,133,103,86,93,98,92,96,87,75,71,78,75,66
"20-02-2010",61,60,53,59,55,63,67,81,91,91,113,100,83,84,84,86,85,71,66,64,63,52,41,71
"21-02-2010",67,71,70,70,62,50,59,61,53,56,62,60,61,60,58,59,57,65,76,90,85,89,100,88
"22-02-2010",82,80,86,66,73,95,113,118,107,122,107,132,122,117,103,114,106,105,113,95,94,91,91,86
"23-02-2010",90,86,82,74,76,78,98,108,102,102,117,119,129,126,99,78,81,89,96,110,106,97,91,75
"24-02-2010",87,86,78,63,60,69,78,80,82,102,114,116,109,99,100,100,102,105,109,112,111,97,87,74
"25-02-2010",73,78,66,61,75,73,108,117,103,83,98,82,80,80,84,91,95,105,105,108,104,103,102,93
"26-02-2010",82,87,80,74,73,79,104,114,105,103,99,92,93,98,100,103,109,102,105,98,104,101,100,103
"27-02-2010",103,102,98,93,90,92,95,98,104,98,87,80,81,81,73,76,93,88,84,96,94,94,61,61
"28-02-2010",48,48,41,55,43,61,45,71,58,57,64,64,66,73,74,89,87,106,115,115,100,107,103,98
"01-03-2010",94,93,86,71,70,85,96,110,108,114,119,121,115,120,120,124,129,125,123,121,118,119,115,110
"02-03-2010",101,94,83,77,81,64,87,86,105,105,117,104,94,92,95,98,102,100,99,96,95,89,85,84
"03-03-2010",67,62,61,38,46,37,83,85,54,55,57,63,64,64,49,103,105,46,49,74,81,94,87,76
"04-03-2010",81,75,63,53,53,83,87,102,110,105,80,66,74,81,74,80,87,102,112,113,112,101,102,91
"05-03-2010",91,88,82,64,81,84,100,105,83,72,72,72,68,65,70,81,81,84,91,94,97,96,88,90
"06-03-2010",91,87,77,74,83,79,88,91,98,99,89,86,88,85,91,90,84,83,90,88,86,91,80,58
"07-03-2010",56,36,30,44,34,48,54,54,57,51,52,47,55,41,54,56,43,43,59,59,66,50,37,27
"08-03-2010",25,20,16,12,12,19,32,42,36,42,54,61,68,69,67,57,64,57,56,72,61,49,39,55
"09-03-2010",63,58,47,57,52,71,84,90,84,79,78,81,84,83,74,74,76,32,36,51,65,51,54,48
"10-03-2010",44,27,23,30,29,36,51,63,57,55,48,45,49,52,54,50,57,54,51,61,68,58,48,45
"11-03-2010",45,41,45,50,47,59,74,77,73,76,71,84,85,80,82,87,90,89,96,104,109,110,104,94
"12-03-2010",99,94,86,86,93,93,95,105,107,111,109,104,98,105,104,106,102,108,108,114,111,103,109,100
"13-03-2010",96,97,102,88,98,95,94,88,88,98,102,93,111,112,114,120,124,111,125,124,124,77,49,91
"14-03-2010",68,78,49,46,36,43,58,48,56,54,32,41,56,55,52,33,51,52,74,84,82,92,79,77
"15-03-2010",65,67,59,49,54,68,101,110,90,93,95,88,88,81,95,87,86,94,94,104,109,104,92,89
"16-03-2010",87,84,77,70,71,81,105,109,108,95,98,98,87,110,87,39,29,33,52,83,102,115,106,103
"17-03-2010",94,86,82,83,87,86,107,133,128,121,98,91,86,82,88,89,79,78,74,87,108,92,73,64
"18-03-2010",42,45,34,42,37,61,71,88,77,64,60,64,74,84,82,94,97,104,109,109,101,104,105,88
"19-03-2010",95,92,83,85,65,71,85,111,123,132,124,115,145,135,125,121,105,119,67,106,113,110,105,107
"20-03-2010",97,96,94,84,69,67,81,90,112,112,119,106,114,112,109,116,128,132,146,147,140,145,141,134
"21-03-2010",120,124,124,110,85,86,91,83,102,99,105,100,94,97,103,103,107,111,128,138,138,125,105,98
"22-03-2010",74,77,76,71,69,73,87,100,121,155,142,124,119,111,121,134,146,141,136,138,128,122,105,114
"23-03-2010",106,99,97,82,91,68,81,102,127,124,123,130,126,132,142,149,144,60,60,81,98,118,108,110
"24-03-2010",102,102,94,90,85,83,88,100,103,92,-9999,-9999,108,99,104,98,99,106,93,95,91,89,85,82
"25-03-2010",61,64,45,61,56,63,55,72,63,44,49,66,45,33,31,40,48,68,76,78,72,51,51,58
"26-03-2010",66,71,63,44,60,63,82,80,93,99,82,30,31,62,85,85,68,77,87,84,75,74,73,70
"27-03-2010",71,86,83,72,75,79,80,89,98,107,123,110,106,101,108,105,109,114,122,122,120,117,110,107
"28-03-2010",102,99,96,89,83,81,72,60,55,67,69,64,61,59,55,59,68,72,86,104,95,96,95,84
"29-03-2010",74,75,63,67,74,93,105,-9999,100,95,93,92,89,96,91,96,89,33,76,100,94,106,101,93
"30-03-2010",87,84,79,77,76,80,75,78,97,125,122,118,105,105,104,102,100,92,88,102,106,108,92,87
"31-03-2010",83,98,76,68,44,50,75,53,51,63,74,74,76,77,73,68,81,97,98,89,103,97,94,85
"01-04-2010",86,85,71,65,60,83,86,90,100,96,97,92,99,102,96,94,99,94,100,105,103,110,107,96
"02-04-2010",96,88,83,73,68,71,81,75,75,84,87,82,88,89,89,71,73,83,98,106,102,91,89,92
"03-04-2010",74,82,80,68,63,70,80,76,73,90,87,82,81,82,78,81,90,28,66,94,101,92,89,83
"04-04-2010",74,67,66,64,53,45,43,29,30,36,45,46,39,38,15,11,20,12,14,30,67,72,70,56
"05-04-2010",72,65,77,72,63,67,68,64,69,74,81,77,79,78,70,79,77,79,89,104,112,112,106,85
"06-04-2010",78,62,60,46,54,84,93,106,94,90,81,77,72,80,78,80,87,78,90,67,78,61,62,81
"07-04-2010",77,65,54,60,65,76,83,74,75,81,73,71,72,68,65,68,65,63,74,65,64,57,48,89
"08-04-2010",85,77,78,81,85,90,86,95,97,105,83,56,50,54,61,45,60,40,43,54,74,102,88,99
"09-04-2010",91,77,80,83,81,79,92,67,80,82,67,40,45,38,23,29,36,36,42,54,69,80,75,82
"10-04-2010",63,49,54,53,34,49,59,54,54,52,53,50,41,53,55,39,38,51,50,65,70,63,62,71
"11-04-2010",81,87,83,77,84,91,92,91,83,57,55,60,62,64,39,30,29,41,45,53,58,50,60,72
"12-04-2010",90,50,32,35,37,49,59,78,69,84,79,55,47,76,105,99,33,53,79,78,80,87,85,81
"13-04-2010",75,68,66,63,62,70,78,94,98,100,116,132,120,105,105,111,112,108,113,95,97,90,94,82
"14-04-2010",88,76,75,66,70,82,88,89,81,96,98,92,94,88,84,96,97,102,99,107,108,112,107,90
"15-04-2010",80,63,62,55,66,83,87,101,113,114,88,79,78,80,81,90,90,86,95,96,94,104,102,91
"16-04-2010",87,71,75,76,54,75,85,99,116,-9999,-9999,-9999,115,110,107,104,105,109,112,116,108,113,115,108
"17-04-2010",94,100,91,78,88,92,87,88,97,108,128,128,126,129,124,111,80,47,74,93,92,91,80,73
"18-04-2010",80,56,41,34,58,55,58,51,28,32,44,47,39,29,93,65,28,32,30,50,44,51,72,51
"19-04-2010",63,55,55,46,61,65,69,85,100,102,-9999,-9999,-9999,25,74,91,81,86,81,94,98,69,49,49
"20-04-2010",60,74,64,55,64,79,91,102,97,96,86,80,91,90,94,104,107,99,89,85,94,104,84,79
"21-04-2010",88,85,65,52,56,98,110,98,104,99,79,72,86,83,82,89,77,68,70,87,64,86,92,86
"22-04-2010",86,86,78,74,73,76,85,83,101,122,120,117,115,116,111,132,133,114,120,137,137,143,141,133
"23-04-2010",128,117,109,100,97,86,86,105,127,145,131,123,130,127,132,122,121,100,117,131,119,126,141,142
"24-04-2010",130,127,103,97,92,92,108,115,114,112,136,125,131,136,122,112,119,121,58,138,140,122,86,123
"25-04-2010",120,115,106,105,93,95,105,98,75,73,86,67,66,63,57,53,43,41,45,58,57,57,54,52
"26-04-2010",76,100,98,67,75,67,110,103,104,98,91,86,79,51,49,42,65,67,56,51,76,78,70,60
"27-04-2010",59,50,35,26,18,21,33,56,57,71,54,53,46,39,33,39,36,37,42,43,77,82,62,61
"28-04-2010",36,46,20,19,24,85,106,113,112,112,104,57,46,46,63,59,39,43,50,54,50,53,89,70
"29-04-2010",46,49,80,60,60,81,117,114,111,100,76,77,79,75,79,82,75,63,52,48,53,61,81,83
"30-04-2010",69,53,47,30,73,101,123,132,121,95,66,76,78,72,69,66,63,58,90,59,60,54,39,51
"01-05-2010",30,69,90,93,81,72,97,96,92,107,50,22,24,62,77,96,88,102,112,114,116,118,124,111
"02-05-2010",108,100,93,95,86,87,81,91,103,119,123,124,121,104,114,105,108,114,119,137,148,157,138,132
"03-05-2010",120,113,107,101,101,98,102,124,148,171,164,166,133,130,135,141,141,140,134,139,137,130,120,122
"04-05-2010",121,114,99,87,84,84,93,119,140,168,198,145,139,138,149,157,150,140,145,150,145,144,138,130
"05-05-2010",129,113,102,98,98,90,101,121,151,183,155,148,132,136,135,143,136,140,133,136,141,136,122,116
"06-05-2010",93,78,82,80,81,79,103,99,130,182,171,155,149,156,150,140,137,136,121,128,145,146,139,130
"07-05-2010",129,120,112,101,120,114,127,120,133,141,135,116,108,108,108,124,130,116,116,117,109,120,99,108
"08-05-2010",103,97,93,88,82,79,85,97,102,115,129,137,128,98,78,37,91,104,27,56,117,127,123,120
"09-05-2010",109,106,96,93,91,86,91,104,92,81,88,66,72,70,69,76,96,112,111,126,145,143,137,129
"10-05-2010",120,107,79,97,99,97,104,114,126,145,146,159,155,158,154,144,146,136,133,132,131,128,123,121
"11-05-2010",108,94,98,86,87,86,94,114,147,186,212,177,146,150,159,160,156,161,157,153,154,146,141,129
"12-05-2010",109,113,102,97,94,89,101,134,171,222,205,162,172,165,157,152,146,148,134,134,135,127,125,125
"13-05-2010",114,113,112,104,99,109,113,119,143,145,132,116,118,96,94,101,91,87,112,119,123,124,122,114
"14-05-2010",99,92,79,75,66,68,98,108,103,118,133,126,120,116,114,110,120,113,123,123,124,110,108,97
"15-05-2010",89,83,86,58,38,26,35,29,72,72,69,65,70,76,66,87,87,86,84,90,83,94,88,93
"16-05-2010",92,84,82,76,83,74,82,71,69,64,61,71,77,81,85,81,74,68,63,70,73,82,75,58
"17-05-2010",70,66,45,48,48,87,103,105,99,91,85,84,84,95,104,110,113,113,96,91,97,97,85,92
"18-05-2010",72,65,65,53,59,96,121,117,105,1,95,86,94,95,83,89,90,96,90,95,95,89,97,93
"19-05-2010",77,78,79,69,66,80,91,97,99,93,89,108,104,102,105,92,99,105,106,97,96,96,108,107
"20-05-2010",102,87,77,70,74,81,87,102,98,92,108,79,67,81,81,86,86,75,93,107,108,95,102,85
"21-05-2010",67,49,29,51,57,58,72,76,81,86,103,100,93,92,91,88,99,97,42,40,61,60,39,40
"22-05-2010",33,62,71,64,67,70,79,79,81,72,73,67,68,73,76,47,43,77,81,85,90,98,97,93
"23-05-2010",89,86,77,78,65,58,61,73,89,88,97,92,88,80,84,53,34,54,82,99,110,106,108,92
"24-05-2010",80,66,80,78,73,67,52,67,92,95,103,104,101,97,101,108,86,101,103,113,106,113,107,98
"25-05-2010",100,88,73,59,64,61,62,81,96,101,109,136,124,129,129,125,124,113,116,109,103,100,82,54
"26-05-2010",44,40,38,34,30,28,29,40,50,75,90,98,125,117,118,128,122,124,124,127,125,125,121,110
"27-05-2010",103,95,86,79,77,73,86,108,120,133,153,165,143,152,152,163,166,148,138,133,134,117,125,122
"28-05-2010",117,107,77,48,86,102,101,114,132,146,137,104,117,137,132,130,137,140,149,131,135,129,125,110
"29-05-2010",96,106,107,98,91,95,95,98,113,120,129,132,120,119,120,126,131,150,141,143,142,139,139,133
"30-05-2010",123,110,99,95,87,89,83,91,114,137,144,127,131,137,125,130,126,129,116,100,148,139,129,127
"31-05-2010",121,129,115,111,111,91,109,112,106,122,113,167,155,144,126,112,94,85,99,103,105,116,119,107
"01-06-2010",101,86,85,81,78,96,100,115,115,84,78,89,108,99,111,108,113,121,118,110,94,22,18,33
"02-06-2010",55,23,26,49,60,68,82,68,56,83,106,105,118,127,106,108,106,104,96,90,92,99,102,84
"03-06-2010",76,84,66,55,80,94,100,104,92,84,111,116,113,115,120,116,107,83,88,88,95,100,103,103
"04-06-2010",95,83,68,48,54,74,89,96,95,97,101,111,106,112,105,108,102,90,94,96,98,92,90,86
"05-06-2010",74,56,70,68,66,61,58,68,63,83,79,82,91,106,104,99,105,102,98,93,110,106,102,85
"06-06-2010",59,91,88,91,88,76,80,77,59,64,43,60,64,65,66,57,63,48,39,77,63,79,76,69
"07-06-2010",81,84,79,66,66,87,93,90,91,101,96,70,53,60,98,134,133,128,122,112,112,108,106,97
"08-06-2010",98,99,87,76,74,73,90,101,115,118,132,145,143,138,136,144,138,117,126,126,131,129,117,110
"09-06-2010",117,108,89,80,78,82,88,82,101,113,115,80,86,135,124,109,149,135,157,162,149,138,142,141
"10-06-2010",134,100,87,79,83,87,98,107,118,81,59,51,42,43,51,59,48,41,72,69,72,94,80,94
"11-06-2010",103,85,77,73,74,88,102,119,109,100,93,82,81,77,58,68,56,63,70,59,67,89,87,91
"12-06-2010",96,81,95,94,78,90,86,75,118,62,52,64,38,26,46,43,141,143,145,35,32,57,96,90
"13-06-2010",85,105,101,90,83,76,77,91,112,137,134,128,112,122,118,102,105,103,102,120,122,124,123,118
"14-06-2010",117,108,84,84,82,87,94,109,136,160,195,174,167,172,165,173,183,161,151,155,160,142,124,126
"15-06-2010",127,128,116,107,95,99,99,116,151,163,203,176,208,185,173,158,165,164,166,163,167,156,148,142
"16-06-2010",134,125,116,111,103,97,103,106,145,202,148,146,151,149,138,148,156,136,129,121,127,120,116,103
"17-06-2010",99,112,102,93,92,83,88,111,-9999,-9999,-9999,106,110,126,120,126,91,64,84,49,74,89,99,73
"18-06-2010",68,40,55,56,62,93,97,100,48,66,67,65,77,87,89,43,20,32,55,90,93,67,58,33
"19-06-2010",27,58,79,80,79,87,88,82,35,58,94,115,113,101,104,107,101,103,108,107,101,98,101,102
"20-06-2010",103,97,97,76,69,55,57,79,80,81,88,80,79,87,87,91,57,72,96,90,103,99,107,101
"21-06-2010",97,65,69,52,66,78,103,116,121,119,116,119,114,115,102,90,101,121,117,103,108,100,95,87
"22-06-2010",75,64,53,58,60,77,107,111,103,101,112,109,107,105,105,96,96,85,94,96,89,102,94,67
"23-06-2010",78,69,71,66,68,90,92,101,99,82,91,83,91,86,91,75,69,58,90,90,91,94,95,88
"24-06-2010",70,68,69,70,69,57,61,61,71,78,70,82,98,107,103,98,83,106,98,105,108,117,47,24
"25-06-2010",16,23,53,63,76,83,91,87,74,82,78,84,77,97,121,87,115,127,110,121,133,115,127,112
"26-06-2010",110,114,109,99,84,77,78,94,94,103,108,112,110,106,94,87,89,98,90,81,93,109,114,104
"27-06-2010",98,93,85,76,74,75,72,71,84,79,92,94,107,32,23,69,62,79,89,89,96,99,100,96
"28-06-2010",81,56,31,22,37,68,79,90,84,90,95,103,113,98,114,104,120,130,121,123,157,143,113,87
"29-06-2010",78,70,72,67,67,72,74,83,99,102,107,111,124,124,109,112,116,97,119,117,114,116,119,111
"30-06-2010",100,97,87,77,83,79,76,83,111,126,118,120,128,131,144,51,113,88,110,138,137,130,121,96
"01-07-2010",83,80,79,75,74,60,64,86,114,98,68,100,149,148,127,122,112,107,113,118,123,123,116,112
"02-07-2010",93,85,80,75,67,64,75,92,120,123,93,40,103,162,175,186,167,139,141,131,125,124,118,95
"03-07-2010",72,69,75,67,66,60,78,100,109,95,104,94,78,71,68,41,15,17,25,34,45,86,79,94
"04-07-2010",79,80,76,74,63,59,66,77,52,52,66,57,56,102,92,76,80,106,113,119,112,112,112,108
"05-07-2010",94,74,75,68,72,69,76,101,118,104,106,132,93,93,129,27,18,14,16,35,84,100,82,71
"06-07-2010",72,81,75,73,56,58,88,82,72,63,100,129,144,174,201,185,164,157,138,127,126,111,109,106
"07-07-2010",104,94,78,79,76,75,84,100,120,125,103,87,97,78,95,108,125,118,34,42,81,100,94,82
"08-07-2010",98,75,91,81,89,73,84,91,107,94,72,49,33,74,67,61,85,59,34,45,52,49,59,74
"09-07-2010",67,50,52,50,48,67,67,72,78,74,82,86,88,65,62,47,50,53,62,38,33,83,110,40
"10-07-2010",33,50,36,39,50,40,62,89,101,82,69,79,72,63,75,61,63,51,56,42,34,38,29,18
"11-07-2010",25,29,56,74,80,75,64,38,46,67,39,23,42,29,34,60,35,14,15,17,37,84,88,95
"12-07-2010",125,105,84,75,70,71,74,96,128,128,95,45,56,147,154,166,154,118,144,145,149,144,137,129
"13-07-2010",125,120,108,106,94,98,98,110,122,134,148,165,180,174,131,161,165,147,155,142,155,148,140,133
"14-07-2010",102,117,110,103,99,95,100,107,122,146,156,117,102,106,98,104,98,108,165,142,132,130,121,125
"15-07-2010",120,99,83,86,67,84,98,104,128,116,86,74,74,46,114,100,29,26,36,26,33,56,55,39
"16-07-2010",30,50,48,20,17,29,34,42,58,72,67,69,74,76,55,66,71,66,67,82,82,83,86,70
"17-07-2010",55,60,53,47,40,53,69,60,52,46,38,42,42,35,41,56,68,58,46,43,60,79,65,51
"18-07-2010",41,98,100,103,105,97,106,104,89,60,59,66,62,60,46,38,28,46,58,58,43,32,62,57
"19-07-2010",36,92,75,40,70,91,101,94,87,82,79,81,77,86,72,75,66,74,90,87,88,109,112,101
"20-07-2010",96,87,85,68,49,98,113,110,113,102,70,73,40,49,80,73,63,79,65,86,67,55,87,48
"21-07-2010",62,51,46,36,73,98,107,117,125,114,133,92,135,178,175,185,175,124,151,141,140,142,117,118
"22-07-2010",120,93,85,79,84,87,96,105,126,121,74,88,66,80,73,59,61,62,46,72,89,64,71,85
"23-07-2010",72,103,77,83,66,107,100,101,114,97,77,59,68,95,78,79,82,78,75,81,47,44,58,43
"24-07-2010",54,97,87,93,77,87,101,106,121,119,110,155,179,171,151,121,120,139,136,70,54,73,114,117
"25-07-2010",114,103,87,84,86,97,92,99,100,109,86,83,114,86,81,11,8,12,14,15,33,74,85,73
"26-07-2010",73,44,29,20,33,82,53,83,101,111,124,131,127,98,27,61,115,79,28,79,87,94,88,82
"27-07-2010",81,74,55,49,63,94,87,96,101,109,104,111,105,106,114,123,114,101,114,123,118,114,105,105
"28-07-2010",91,76,66,71,76,95,105,112,111,90,99,97,104,111,98,74,78,70,33,24,52,124,124,117
"29-07-2010",108,100,80,82,66,66,69,103,96,56,73,72,61,33,35,36,34,32,35,54,47,57,43,55
"30-07-2010",73,79,30,41,51,74,109,101,94,84,71,63,54,52,35,31,35,36,48,42,44,46,79,96
"31-07-2010",77,93,85,56,80,90,88,109,97,119,102,105,93,145,129,118,23,20,105,94,93,87,82,84
"01-08-2010",89,88,79,69,70,76,72,76,84,84,103,100,125,133,107,94,85,91,94,92,94,89,87,87
"02-08-2010",85,69,66,62,62,52,61,75,87,103,76,42,42,33,38,35,31,37,23,38,34,46,36,75
"03-08-2010",84,86,83,68,67,82,104,87,114,89,71,64,52,72,69,107,151,144,143,134,113,146,133,123
"04-08-2010",110,104,89,79,84,95,95,122,128,143,167,134,182,138,132,73,22,58,136,127,134,139,126,121
"05-08-2010",71,66,32,60,42,90,103,100,131,120,132,137,153,170,163,188,150,135,119,130,116,104,89,87
"06-08-2010",75,68,65,57,51,64,82,87,86,105,117,118,117,117,123,105,88,77,99,103,109,101,89,84
"07-08-2010",74,67,66,58,55,68,77,76,74,90,96,126,129,109,104,112,114,99,83,94,87,91,96,85
"08-08-2010",67,93,85,77,75,85,82,79,83,92,117,111,117,118,109,91,92,99,105,106,102,106,105,102
"09-08-2010",97,92,83,72,65,63,75,89,112,97,87,38,36,42,39,44,52,123,119,61,53,36,62,73
"10-08-2010",67,82,72,77,73,71,56,70,108,92,38,38,49,50,60,38,46,69,80,79,79,30,28,52
"11-08-2010",90,68,87,80,82,102,108,80,98,105,111,107,90,42,70,106,145,136,47,50,54,48,78,81
"12-08-2010",89,82,69,75,80,85,90,95,113,137,129,143,134,168,177,169,163,156,160,150,136,124,117,114
"13-08-2010",107,111,89,85,83,84,95,109,126,140,157,135,129,164,198,176,160,149,163,144,141,76,111,87
"14-08-2010",84,90,92,67,62,68,65,100,109,57,31,25,19,20,83,127,120,110,82,47,43,46,82,72
"15-08-2010",61,78,94,73,46,36,59,58,54,37,40,46,55,48,49,44,37,34,50,61,55,55,44,68
"16-08-2010",79,78,42,32,44,79,40,73,80,75,40,36,46,56,64,63,44,45,54,61,54,56,53,74
"17-08-2010",76,98,86,80,78,84,76,114,118,148,150,155,148,136,145,141,127,124,132,129,140,131,110,95
"18-08-2010",102,102,97,86,87,103,118,118,128,131,104,72,78,64,126,139,58,18,16,31,56,93,95,92
"19-08-2010",81,38,68,80,78,86,94,83,85,39,-9999,-9999,38,42,40,42,30,34,32,34,40,89,79,53
"20-08-2010",29,50,50,37,48,70,90,49,62,81,79,71,42,37,38,27,19,18,26,34,55,53,41,39
"21-08-2010",25,33,24,19,20,31,41,38,33,35,36,24,30,30,25,41,36,43,50,42,61,68,43,26
"22-08-2010",27,24,24,44,27,38,32,30,35,35,25,31,37,42,36,31,31,30,41,53,62,68,62,32
"23-08-2010",22,23,24,18,25,33,41,59,65,71,70,61,66,49,43,50,51,48,41,58,75,64,47,65
"24-08-2010",45,54,57,47,37,50,46,35,49,86,89,68,52,83,66,79,94,92,96,79,66,91,100,90
"25-08-2010",78,71,75,71,73,65,86,91,110,120,128,144,131,104,160,170,176,175,163,102,136,128,124,112
"26-08-2010",79,80,72,68,85,91,106,113,139,145,82,67,53,32,31,42,27,33,55,70,74,53,33,68
"27-08-2010",76,83,32,22,44,28,44,58,79,78,69,61,50,37,37,67,65,70,71,55,40,35,55,93
"28-08-2010",80,86,79,66,64,75,76,81,92,115,119,140,149,132,137,110,98,111,122,107,119,112,112,108
"29-08-2010",101,100,87,76,73,82,80,83,92,88,107,104,107,106,98,94,90,89,120,113,116,117,110,101
"30-08-2010",87,77,66,64,26,27,68,83,74,67,63,88,117,165,161,152,132,108,84,79,72,67,64,62
"31-08-2010",56,51,46,164,68,79,96,99,111,111,112,105,118,114,99,100,92,78,90,85,105,97,92,72
"01-09-2010",77,59,49,52,58,78,89,84,95,79,81,78,106,96,89,99,111,113,116,45,43,71,93,89
"02-09-2010",85,74,63,69,64,69,61,62,57,59,72,93,111,26,105,112,113,101,96,101,83,67,49,66
"03-09-2010",80,66,57,68,55,59,77,74,78,64,45,59,46,32,46,109,95,41,23,25,44,82,93,79
"04-09-2010",90,90,89,73,68,61,86,82,64,81,66,84,108,133,144,135,122,125,125,134,118,101,52,62
"05-09-2010",75,67,67,52,44,47,56,69,45,34,35,46,56,51,29,26,19,22,28,27,25,25,30,25
"06-09-2010",26,29,36,29,37,48,58,58,59,75,71,57,78,97,94,62,42,43,41,43,40,52,85,74
"07-09-2010",62,73,62,37,54,70,86,90,99,105,111,113,95,61,63,149,158,133,27,48,78,94,89,90
"08-09-2010",92,86,73,70,83,76,78,91,114,135,146,159,172,170,184,173,173,145,104,133,125,120,113,114
"09-09-2010",88,85,79,83,77,73,76,95,120,103,60,85,36,81,175,184,194,165,123,40,66,96,90,82
"10-09-2010",86,85,92,80,86,80,94,110,125,120,132,116,106,117,108,99,37,39,30,32,51,68,77,91
"11-09-2010",82,91,76,53,38,41,26,36,48,37,34,45,46,47,57,44,59,32,69,82,87,80,86,90
"12-09-2010",79,69,71,76,68,83,79,82,72,55,54,59,63,59,53,52,70,78,54,53,38,59,41,36
"13-09-2010",43,52,50,46,49,52,55,80,82,89,104,119,105,92,70,57,74,41,58,40,66,83,83,79
"14-09-2010",73,72,59,62,44,57,77,73,85,69,76,70,51,58,53,47,37,40,49,69,63,82,93,81
"15-09-2010",103,78,85,86,61,90,101,107,99,88,87,86,69,76,69,68,78,71,48,46,46,78,106,98
"16-09-2010",91,92,90,91,82,86,97,118,118,123,112,83,68,46,35,53,46,120,69,44,82,113,112,107
"17-09-2010",102,90,91,87,83,93,91,94,113,123,132,133,136,133,130,133,132,127,126,106,137,116,117,105
"18-09-2010",104,101,98,97,81,72,69,80,98,116,123,144,140,139,138,134,128,140,134,131,132,120,123,110
"19-09-2010",95,91,86,79,73,70,64,62,91,129,129,128,131,121,116,107,105,112,119,116,117,117,108,103
"20-09-2010",93,90,88,76,77,68,72,79,95,145,173,129,174,133,109,58,114,125,136,118,91,87,80,47
"21-09-2010",31,35,21,16,20,40,42,36,39,36,44,47,32,29,32,35,36,37,42,50,45,40,53,38
"22-09-2010",32,26,26,16,36,41,57,58,52,50,45,52,48,44,60,54,40,42,48,57,74,76,77,78
"23-09-2010",78,70,80,69,51,71,91,108,93,87,71,67,75,85,75,79,85,74,79,53,72,98,99,87
"24-09-2010",81,80,63,36,37,37,67,86,82,76,81,55,57,82,95,43,22,22,24,29,25,30,77,71
"25-09-2010",58,46,57,33,16,34,46,60,56,43,27,55,80,80,43,35,36,38,32,40,42,48,58,69
"26-09-2010",51,23,26,37,40,64,62,48,61,58,63,67,72,72,63,64,62,54,92,90,89,86,84,82
"27-09-2010",82,78,73,69,70,72,75,78,82,91,107,101,100,98,97,105,112,111,107,101,107,99,101,96
"28-09-2010",89,85,74,63,57,59,74,86,83,105,116,129,116,113,106,109,94,107,103,97,91,78,78,72
"29-09-2010",67,51,62,63,58,60,65,64,66,83,99,94,81,86,91,77,77,66,79,88,83,89,83,80
"30-09-2010",81,71,64,61,78,79,98,101,78,96,90,90,107,118,118,118,104,26,28,29,41,81,81,79
"01-10-2010",77,69,68,65,64,76,91,72,45,28,46,34,39,72,112,118,131,119,121,121,118,106,96,91
"02-10-2010",84,71,72,68,68,78,77,79,58,57,60,54,69,61,49,55,56,48,51,51,58,43,53,42
"03-10-2010",73,34,25,40,38,41,53,40,57,51,64,71,65,41,23,17,20,13,19,26,57,68,66,58
"04-10-2010",51,42,39,34,42,58,77,86,72,72,67,70,71,76,79,94,76,41,55,89,69,62,62,54
"05-10-2010",35,26,16,19,39,51,54,53,86,86,75,78,63,76,144,162,104,35,38,52,88,96,91,86
"06-10-2010",82,78,73,73,76,76,79,92,105,122,117,121,118,118,127,127,97,55,38,58,94,85,85,74
"07-10-2010",63,47,50,34,27,37,55,66,55,45,35,34,32,36,30,41,32,42,51,56,54,50,43,36
"08-10-2010",31,28,19,17,19,33,41,39,36,31,38,33,37,51,42,56,52,42,52,47,47,39,38,23
"09-10-2010",33,30,23,37,53,64,69,65,77,56,45,54,50,55,68,84,45,24,25,31,40,48,70,74
"10-10-2010",65,66,68,63,57,61,54,70,68,58,42,27,24,29,35,34,43,45,43,64,66,65,68,65
"11-10-2010",68,67,55,54,43,66,75,78,64,56,29,29,26,40,47,62,71,67,78,72,78,90,44,79
"12-10-2010",93,63,56,56,68,75,83,84,80,91,93,99,108,106,79,43,26,24,24,28,32,59,71,64
"13-10-2010",59,55,52,53,52,54,66,74,72,74,83,98,96,98,99,79,105,126,81,87,69,57,63,61
"14-10-2010",58,54,47,34,38,43,45,51,50,36,48,38,22,18,19,22,37,40,61,72,64,58,64,62
"15-10-2010",61,50,54,59,45,49,59,66,70,97,98,92,90,94,106,106,109,105,104,102,106,101,91,78
"16-10-2010",64,65,56,52,51,50,51,61,61,88,93,100,92,92,97,109,109,105,106,101,102,94,89,86
"17-10-2010",84,86,76,79,77,72,60,66,72,86,99,96,100,94,89,97,90,91,93,75,63,52,66,50
"18-10-2010",49,48,35,43,38,46,70,58,41,74,70,69,66,91,70,84,44,47,71,46,68,68,60,54
"19-10-2010",53,53,29,35,35,63,90,100,104,91,-9999,110,95,96,95,109,100,92,90,89,95,100,96,93
"20-10-2010",74,45,41,41,66,79,102,101,104,105,107,101,100,97,102,107,102,103,92,94,98,91,87,83
"21-10-2010",78,67,65,61,56,55,61,73,81,104,115,106,109,107,104,108,116,111,110,108,107,88,80,85
"22-10-2010",82,75,46,29,36,25,42,47,49,44,45,34,46,54,59,64,48,39,42,52,77,59,76,85
"23-10-2010",81,74,75,59,76,48,63,63,78,81,76,54,58,56,66,63,77,68,75,70,89,59,93,84
"24-10-2010",78,74,66,58,64,55,71,71,74,73,90,87,82,67,53,74,125,140,135,130,95,91,77,77
"25-10-2010",74,71,68,68,70,73,87,93,97,113,105,83,93,78,88,80,83,80,84,85,88,53,71,50
"26-10-2010",70,69,43,29,53,61,70,71,73,98,125,130,103,103,97,105,106,106,107,101,88,83,74,58
"27-10-2010",51,49,49,48,44,50,64,64,70,98,110,108,104,100,86,62,66,44,60,63,70,69,59,70
"28-10-2010",72,74,61,51,41,45,48,55,36,48,43,35,33,33,38,41,44,47,44,47,39,37,41,21
"29-10-2010",27,11,11,11,19,19,26,43,52,51,60,55,64,68,65,72,67,69,74,67,60,57,52,47
"30-10-2010",50,54,31,39,55,73,76,84,75,73,87,63,39,65,44,36,40,41,59,93,84,86,87,83
"31-10-2010",78,72,71,63,63,56,62,63,61,72,78,85,92,102,90,92,119,120,127,118,97,88,86,73
"01-11-2010",70,59,58,55,55,54,60,73,92,96,96,97,111,145,160,157,143,109,87,94,87,79,73,66
"02-11-2010",62,64,58,61,65,61,86,91,95,96,95,103,121,133,141,155,158,134,119,108,96,84,87,78
"03-11-2010",71,65,64,64,61,67,76,91,106,134,125,120,113,114,124,129,140,139,121,107,102,99,89,80
"04-11-2010",74,68,68,59,53,58,65,78,90,80,90,107,119,143,149,149,154,149,141,129,99,86,81,74
"05-11-2010",68,74,69,64,69,77,80,96,137,168,180,213,175,131,123,86,103,131,144,132,122,115,108,100
"06-11-2010",80,75,69,65,65,62,66,83,123,162,178,161,155,132,130,131,130,124,120,114,109,102,99,91
"07-11-2010",76,73,68,65,57,59,48,62,81,126,132,116,106,105,110,114,119,125,121,117,106,103,97,81
"08-11-2010",85,75,68,63,65,66,78,82,86,84,102,61,60,50,50,47,61,59,59,60,53,50,55,40
"09-11-2010",36,31,21,21,19,52,79,76,83,77,78,71,69,69,67,59,59,57,55,60,62,64,65,49
"10-11-2010",38,44,40,40,46,50,77,81,78,71,68,78,76,84,69,64,87,90,88,91,92,95,91,82
"11-11-2010",86,81,74,69,68,66,76,92,101,110,93,86,89,96,99,106,106,104,95,95,90,96,89,77
"12-11-2010",76,72,73,75,76,72,74,80,92,99,89,67,69,79,85,85,90,86,77,77,71,68,46,42
"13-11-2010",51,32,41,23,13,24,20,32,44,50,41,25,22,18,20,60,42,42,74,87,58,43,32,27
"14-11-2010",22,21,19,16,26,11,13,16,13,19,19,25,16,30,42,42,40,55,52,61,57,64,37,39
"15-11-2010",53,24,52,50,63,64,70,72,88,96,120,142,122,100,101,105,109,104,91,95,85,88,81,73
"16-11-2010",65,59,59,59,50,49,60,69,89,118,117,134,145,129,124,132,121,117,113,102,84,76,76,75
"17-11-2010",67,56,55,62,46,53,73,84,87,82,66,79,59,58,62,73,59,63,77,73,76,71,60,64
"18-11-2010",51,58,62,63,71,74,74,83,91,102,108,99,102,107,107,109,114,107,91,102,90,92,86,78
"19-11-2010",80,73,73,72,67,64,70,84,101,125,139,-9999,67,96,107,121,112,105,105,106,100,86,84,76
"20-11-2010",75,68,56,56,61,48,47,50,68,104,113,102,126,132,123,124,122,107,102,98,91,86,79,73
"21-11-2010",76,72,66,63,60,52,49,58,72,83,96,100,98,90,97,99,101,96,94,87,86,80,77,71
"22-11-2010",79,68,59,64,70,79,79,89,93,95,108,90,77,83,85,71,59,53,60,55,52,55,42,44
"23-11-2010",27,22,18,19,25,40,56,71,75,72,66,64,69,76,88,92,103,98,90,95,87,90,85,78
"24-11-2010",73,73,69,70,77,84,93,103,100,114,112,102,97,90,92,98,95,104,95,95,96,94,89,94
"25-11-2010",83,75,77,68,73,79,98,93,95,99,104,106,110,102,104,110,108,101,96,96,88,88,88,76
"26-11-2010",82,79,78,81,81,83,104,104,92,95,86,81,75,86,67,61,64,77,77,73,64,54,53,51
"27-11-2010",55,49,33,31,22,43,64,69,76,64,68,67,65,70,56,41,47,60,64,61,60,68,68,59
"28-11-2010",73,68,69,63,58,58,56,60,66,79,85,66,58,54,58,47,47,48,56,54,45,57,44,43
"29-11-2010",40,33,25,23,21,36,42,66,65,66,73,81,72,66,65,70,74,83,88,84,88,86,89,90
"30-11-2010",82,75,70,80,79,90,93,95,103,100,95,91,115,101,108,111,104,93,89,87,76,85,84,61
"01-12-2010",58,41,28,27,32,52,68,80,81,96,87,69,82,72,86,83,75,71,68,73,75,63,73,65
"02-12-2010",67,67,58,54,54,64,78,76,78,71,75,80,73,69,76,76,75,75,60,82,87,86,82,79
"03-12-2010",68,67,66,53,61,73,86,86,81,67,51,52,44,45,42,43,49,52,55,63,63,77,65,50
"04-12-2010",38,30,33,35,58,72,76,79,73,54,51,47,52,42,46,54,58,84,83,73,78,81,78,73
"05-12-2010",64,66,58,76,71,75,75,81,82,69,72,75,76,74,69,64,76,65,73,84,83,88,89,77
"06-12-2010",72,72,66,55,54,65,79,86,91,110,97,95,88,96,99,108,109,105,109,106,103,97,92,87
"07-12-2010",89,84,70,64,65,69,78,88,93,122,124,110,102,107,111,113,117,105,108,111,109,106,101,82
"08-12-2010",82,77,63,58,60,67,74,86,93,113,111,111,122,111,113,112,114,113,111,112,107,103,101,92
"09-12-2010",82,71,66,62,63,61,78,87,83,109,115,112,102,106,103,91,99,97,91,90,93,97,87,76
"10-12-2010",76,70,72,71,59,72,89,93,96,91,81,69,47,45,44,58,64,65,73,74,69,63,53,49
"11-12-2010",37,39,39,32,33,51,63,58,56,65,56,46,46,55,53,68,58,72,74,64,69,64,57,49
"12-12-2010",43,46,60,58,60,52,55,72,77,62,64,57,60,66,69,80,85,90,86,95,108,101,90,83
"13-12-2010",85,75,68,70,66,78,88,88,85,87,84,93,113,115,146,124,114,87,83,86,80,85,71,53
"14-12-2010",45,31,42,32,38,54,52,70,75,67,85,86,97,90,91,98,102,101,102,95,87,79,78,72
"15-12-2010",58,51,48,44,43,54,82,69,63,61,56,64,62,64,60,53,56,61,63,67,62,52,44,30
"16-12-2010",24,26,24,22,35,59,76,71,74,79,83,91,77,72,74,79,65,58,67,72,76,67,66,62
"17-12-2010",59,54,53,60,61,69,119,106,101,89,100,93,100,-9999,-9999,-9999,-9999,-9999,-9999,-9999,-9999,-9999,-9999,-9999
"18-12-2010",-9999,-9999,-9999,-9999,-9999,-9999,-9999,-9999,-9999,-9999,-9999,-9999,-9999,-9999,-9999,-9999,-9999,-9999,-9999,-9999,-9999,-9999,-9999,-9999
"19-12-2010",-9999,-9999,-9999,-9999,-9999,-9999,-9999,-9999,-9999,-9999,-9999,-9999,-9999,-9999,-9999,-9999,-9999,-9999,-9999,-9999,-9999,-9999,-9999,-9999
"20-12-2010",-9999,-9999,-9999,-9999,-9999,-9999,-9999,-9999,-9999,96,84,72,80,75,67,73,72,79,68,79,89,102,97,79
"21-12-2010",77,64,47,34,37,78,87,72,81,76,78,81,74,79,79,80,77,83,90,86,80,76,92,86
"22-12-2010",84,80,69,71,80,84,96,103,104,112,123,110,86,76,92,88,94,96,86,98,100,103,100,91
"23-12-2010",88,81,76,76,71,76,93,95,97,103,110,100,98,95,90,89,101,87,87,85,86,82,69,64
"24-12-2010",50,66,60,54,40,53,74,78,83,74,72,67,61,67,70,52,38,76,69,76,85,72,65,53
"25-12-2010",60,37,25,29,32,46,44,35,35,52,66,72,71,70,78,65,76,82,82,85,84,77,70,59
"26-12-2010",73,77,76,66,63,64,63,59,66,87,85,80,75,78,83,78,60,64,76,88,87,83,80,76
"27-12-2010",76,69,68,63,62,63,66,72,89,89,97,103,102,101,93,86,93,101,86,81,87,73,-9999,66
"28-12-2010",57,55,45,49,30,62,62,79,73,69,67,73,67,67,67,65,63,61,63,65,64,63,51,48
"29-12-2010",35,35,37,28,25,27,45,52,55,53,46,32,56,53,49,45,47,52,73,58,61,48,48,44
"30-12-2010",50,50,42,28,33,31,45,42,47,62,69,62,76,75,80,77,64,69,71,75,71,69,69,73
"31-12-2010",70,71,67,63,61,71,81,89,85,88,86,71,83,66,82,77,62,62,70,84,83,88,83,80
"01-01-2011",73,-9999,-9999,-9999,-9999,-9999,-9999,-9999,-9999,-9999,-9999,-9999,-9999,-9999,-9999,-9999,-9999,-9999,-9999,-9999,-9999,-9999,-9999,-9999
