"01-01-2010",176,43,17,92,168,149,179,175,124,109,28,4,2,1,1,1,1,1,1,4,46,16,3,6
"02-01-2010",6,2,1,1,1,1,1,1,1,1,3,2,2,1,1,1,1,1,1,1,1,1,1,1
"03-01-2010",3,1,3,5,4,11,14,3,1,1,2,1,1,1,1,1,1,1,1,1,1,4,5,2
"04-01-2010",7,9,3,1,1,4,3,12,6,5,10,4,5,5,5,6,5,3,3,5,6,3,2,1
"05-01-2010",2,2,1,1,2,16,42,70,93,106,29,44,12,5,5,4,3,3,3,3,3,3,2,2
"06-01-2010",1,1,1,1,1,2,1,1,1,2,2,2,2,2,2,2,2,1,2,2,3,3,2,2
"07-01-2010",2,1,1,2,2,3,6,12,18,10,7,6,7,6,5,5,4,10,12,51,165,250,253,203
"08-01-2010",108,74,30,48,67,118,243,375,423,361,74,10,7,7,7,5,4,6,6,3,3,3,4,2
"09-01-2010",1,1,1,1,2,3,4,3,3,3,2,2,3,3,2,2,2,1,1,2,2,3,2,2
"10-01-2010",2,2,2,3,4,11,2,3,14,3,2,3,2,2,2,1,1,1,1,2,1,1,1,1
"11-01-2010",4,2,1,1,1,3,5,27,31,12,6,6,7,8,11,9,6,7,6,5,12,3,5,6
"12-01-2010",22,7,2,12,5,31,112,99,263,239,199,151,42,31,11,9,15,51,74,80,110,105,81,80
"13-01-2010",46,41,70,54,35,10,23,98,183,82,11,7,5,7,7,10,12,15,7,6,7,9,3,3
"14-01-2010",2,2,1,1,1,3,3,7,12,8,8,8,8,12,9,10,15,8,7,9,6,5,3,2
"15-01-2010",6,3,6,5,8,14,107,104,151,85,46,22,17,13,11,6,4,4,7,10,5,3,2,2
"16-01-2010",1,1,1,1,1,1,2,1,2,2,2,3,3,4,3,3,2,2,2,3,3,2,1,1
"17-01-2010",1,1,1,1,1,1,1,2,2,3,3,3,4,5,5,3,3,2,4,5,4,3,5,28
"18-01-2010",20,13,24,4,14,96,148,159,147,80,49,27,32,22,12,13,18,17,11,6,4,2,1,4
"19-01-2010",14,4,2,1,1,3,14,38,40,32,17,9,11,10,10,10,6,5,5,18,2,7,2,1
"20-01-2010",1,1,1,1,1,48,20,20,49,25,18,14,10,8,6,5,6,7,8,34,66,94,68,33
"21-01-2010",44,50,45,27,37,52,121,169,251,268,129,10,9,8,8,6,6,4,3,4,7,5,2,2
"22-01-2010",1,1,1,1,1,1,2,8,14,7,17,15,8,8,10,7,8,5,10,5,4,3,2,2
"23-01-2010",1,1,1,1,1,1,2,4,-9999,-9999,-9999,-9999,-9999,-9999,-9999,-9999,-9999,-9999,-9999,-9999,-9999,-9999,2,2
"24-01-2010",1,1,1,1,1,1,1,2,3,3,-9999,-9999,-9999,-9999,5,6,2,2,3,4,4,5,2,1
"25-01-2010",1,1,1,1,1,3,4,22,9,7,7,8,7,6,6,5,5,4,3,4,3,2,1,1
"26-01-2010",1,1,1,1,1,1,2,4,9,9,6,5,7,8,8,9,7,4,3,3,3,2,1,1
"27-01-2010",1,1,1,1,1,2,5,6,8,10,8,6,8,11,16,17,15,9,8,10,15,9,3,4
"28-01-2010",2,2,3,3,12,34,38,97,101,41,87,112,91,45,21,62,67,46,67,101,147,129,141,134
"29-01-2010",131,116,178,167,167,185,237,287,454,362,214,38,14,12,7,8,7,5,6,24,88,81,204,271
"30-01-2010",267,216,165,118,155,151,160,176,303,292,72,5,5,4,3,4,5,12,39,38,181,63,3,12
"31-01-2010",26,3,2,2,5,9,4,11,33,5,4,3,3,3,3,4,1,1,2,1,5,3,4,43
"01-02-2010",102,6,2,3,7,16,16,13,20,12,10,8,8,8,7,5,10,5,50,112,180,72,91,96
"02-02-2010",118,44,4,11,1,6,25,22,7,6,9,11,32,8,6,7,5,4,2,2,3,1,1,1
"03-02-2010",1,1,1,1,1,1,2,6,9,10,11,9,8,7,6,6,5,7,22,77,129,87,116,77
"04-02-2010",105,150,134,138,147,212,342,392,410,240,20,14,8,6,10,5,5,5,16,67,116,118,214,203
"05-02-2010",160,122,110,93,116,104,184,233,402,371,21,15,7,7,7,6,5,4,3,16,35,35,13,15
"06-02-2010",8,2,2,3,5,46,74,54,72,94,21,5,4,3,3,3,3,2,2,2,2,2,2,4
"07-02-2010",4,2,3,3,7,3,4,15,28,17,16,16,3,3,2,2,3,4,7,7,20,9,23,13
"08-02-2010",23,64,31,28,20,13,18,42,99,77,39,21,6,11,9,8,12,14,17,12,7,15,11,6
"09-02-2010",3,2,6,2,7,48,113,112,134,146,43,33,25,10,8,7,10,7,8,24,11,8,4,2
"10-02-2010",1,1,1,1,2,49,214,129,8,6,6,6,6,6,3,3,3,2,2,2,2,2,2,3
"11-02-2010",21,2,5,20,24,20,39,39,30,17,8,7,7,6,7,6,6,4,4,6,10,12,22,24
"12-02-2010",10,4,2,12,10,207,167,208,167,95,8,8,8,8,9,7,6,3,3,4,3,3,3,3
"13-02-2010",9,5,2,35,33,38,3,7,5,4,3,5,3,2,3,2,2,1,2,2,2,3,12,3
"14-02-2010",29,17,9,4,5,7,35,53,44,22,14,9,7,4,2,2,2,3,6,12,26,45,33,12
"15-02-2010",4,2,2,4,2,2,1,1,1,2,1,1,1,1,1,1,1,1,2,7,9,2,14,23
"16-02-2010",24,27,28,48,31,58,129,216,287,259,117,26,8,8,6,6,6,5,5,5,23,35,47,35
"17-02-2010",66,74,47,15,16,22,55,104,154,122,23,9,9,7,5,5,5,5,12,16,34,60,89,97
"18-02-2010",78,67,33,12,40,122,256,286,374,236,21,9,7,8,6,6,7,8,42,40,55,24,21,30
"19-02-2010",2,3,3,2,3,11,115,228,292,217,86,37,10,8,7,7,7,5,4,3,3,3,3,6
"20-02-2010",4,2,1,2,3,43,48,59,184,246,110,10,9,9,4,3,4,2,2,3,2,2,3,6
"21-02-2010",4,2,2,2,1,1,1,1,1,1,1,1,1,2,1,1,1,1,1,1,1,1,1,1
"22-02-2010",2,2,3,4,35,78,121,152,183,83,27,21,13,6,4,5,5,3,3,4,3,10,5,26
"23-02-2010",45,63,46,19,37,92,148,230,178,220,286,215,51,16,7,5,5,4,4,4,4,9,8,5
"24-02-2010",5,47,55,30,31,72,139,142,179,100,15,26,29,8,6,6,6,4,6,25,28,2,1,1
"25-02-2010",1,1,1,1,1,1,10,36,90,22,10,6,5,6,7,11,6,5,5,8,17,10,7,12
"26-02-2010",2,2,2,1,2,51,187,153,50,22,8,7,10,8,7,6,7,4,4,5,7,9,4,6
"27-02-2010",60,82,46,72,54,55,76,90,47,10,8,3,2,2,2,1,1,2,1,1,1,2,1,1
"28-02-2010",1,1,1,1,1,1,9,1,-9999,-9999,-9999,2,1,1,2,1,5,4,4,4,3,3,3,2
"01-03-2010",11,23,26,15,11,169,198,134,105,38,23,21,13,7,6,6,6,4,4,4,5,10,56,71
"02-03-2010",112,137,109,81,60,75,149,286,335,73,30,11,8,6,7,6,4,4,4,6,4,2,16,6
"03-03-2010",6,2,1,1,1,2,13,32,7,5,7,3,3,5,7,5,5,3,2,5,11,4,11,16
"04-03-2010",32,21,4,10,26,16,61,29,100,19,5,5,5,5,4,4,4,4,24,52,55,22,3,6
"05-03-2010",5,5,4,12,46,35,9,7,4,4,4,4,3,4,4,3,2,2,2,2,1,1,1,1
"06-03-2010",2,2,2,2,4,30,99,146,78,10,5,4,2,2,1,2,2,2,1,1,1,1,2,3
"07-03-2010",1,1,1,1,1,1,1,1,2,2,2,2,3,3,3,2,2,2,2,3,2,2,1,1
"08-03-2010",1,1,1,1,1,1,2,2,3,5,5,5,23,34,24,8,14,16,16,4,4,2,1,3
"09-03-2010",10,3,2,2,6,6,60,35,67,22,16,11,5,5,8,9,6,5,3,4,5,3,2,1
"10-03-2010",1,1,1,1,1,1,3,4,7,7,6,7,5,6,7,5,5,4,2,3,3,3,2,1
"11-03-2010",1,1,1,1,1,3,31,59,52,48,22,13,11,6,4,3,4,3,2,2,3,3,4,2
"12-03-2010",14,3,10,25,22,39,106,138,71,11,5,4,4,4,5,4,4,4,2,2,2,2,1,5
"13-03-2010",8,13,2,5,3,8,43,92,73,8,7,12,4,5,4,2,2,3,2,2,2,1,1,2
"14-03-2010",2,1,1,1,1,1,1,1,2,2,2,1,1,1,2,2,1,1,1,1,1,1,1,1
"15-03-2010",1,1,1,1,1,2,3,5,7,11,6,6,6,5,7,5,3,3,2,2,1,5,10,27
"16-03-2010",35,21,35,17,21,43,81,73,24,19,8,5,7,6,5,4,3,2,2,3,30,63,75,54
"17-03-2010",21,28,47,41,42,50,100,263,118,37,6,4,3,4,3,4,3,3,2,2,1,1,1,1
"18-03-2010",1,1,1,1,4,22,10,15,15,9,5,5,3,7,5,5,5,4,3,3,4,6,3,5
"19-03-2010",30,46,22,10,12,65,134,233,225,76,37,41,20,7,6,6,5,4,3,3,5,11,32,60
"20-03-2010",81,44,35,24,40,39,83,128,140,26,9,5,3,2,2,2,3,3,2,3,6,4,3,3
"21-03-2010",45,112,97,51,20,22,24,38,26,10,8,5,4,2,2,2,2,2,2,4,5,12,4,9
"22-03-2010",4,21,20,31,25,73,139,186,176,63,34,20,9,7,5,5,6,3,4,3,3,4,6,3
"23-03-2010",23,44,38,21,42,50,170,170,116,28,16,11,7,7,6,5,7,5,1,2,3,1,1,1
"24-03-2010",1,1,1,1,2,16,77,255,50,9,8,12,9,8,8,5,5,4,3,2,2,5,4,2
"25-03-2010",3,3,2,3,17,10,6,4,4,2,1,1,1,1,1,1,1,1,1,1,2,2,2,1
"26-03-2010",1,1,1,1,2,4,19,9,10,7,3,3,3,5,3,3,3,2,2,2,2,3,2,2
"27-03-2010",2,3,10,2,2,2,21,77,41,12,10,7,3,5,3,2,1,2,2,2,2,2,2,6
"28-03-2010",2,3,9,16,4,14,9,1,1,1,1,1,1,1,1,1,1,1,1,1,1,1,1,1
"29-03-2010",1,1,3,4,3,15,12,-9999,7,5,6,5,4,3,4,4,3,2,3,2,2,3,2,2
"30-03-2010",3,18,32,19,20,61,153,200,235,102,34,17,5,4,4,4,4,3,2,2,2,3,3,3
"31-03-2010",14,42,4,3,1,2,2,3,3,4,-9999,4,4,4,3,3,3,3,5,3,6,9,2,8
"01-04-2010",8,15,5,4,4,77,194,182,100,15,11,9,7,5,4,4,4,4,4,3,6,5,12,47
"02-04-2010",17,23,36,8,21,59,39,58,48,34,19,4,3,5,5,3,1,1,1,2,16,19,4,20
"03-04-2010",6,64,46,24,25,19,56,81,48,11,11,5,3,2,2,2,1,1,1,1,1,2,3,7
"04-04-2010",2,4,6,3,2,2,2,4,6,1,1,1,1,1,1,1,1,1,1,1,1,1,1,1
"05-04-2010",1,1,2,1,1,2,2,6,10,11,4,4,3,4,2,2,1,1,1,1,1,2,7,1
"06-04-2010",1,2,1,1,1,5,39,81,16,3,3,2,2,3,2,1,1,2,1,1,1,1,1,4
"07-04-2010",2,2,2,1,2,31,94,44,13,11,3,3,3,2,3,1,2,2,1,1,1,2,3,7
"08-04-2010",5,10,13,22,17,59,96,178,220,22,7,2,2,2,1,1,1,1,1,1,1,2,3,2
"09-04-2010",2,4,2,3,2,10,45,68,71,3,3,2,2,2,2,2,1,1,1,1,1,1,1,1
"10-04-2010",1,1,1,1,1,2,10,6,2,2,1,1,1,1,1,1,1,1,1,1,1,1,1,2
"11-04-2010",1,1,1,1,1,1,1,1,1,1,1,1,1,1,1,1,1,1,1,1,1,1,1,2
"12-04-2010",2,1,1,2,1,2,17,19,8,11,7,3,3,4,4,3,2,2,2,2,2,4,4,5
"13-04-2010",9,3,2,2,6,8,42,107,60,21,16,15,7,5,3,3,3,3,3,2,2,1,2,2
"14-04-2010",2,8,2,1,2,18,18,7,49,25,4,4,4,3,4,3,3,2,2,2,2,2,2,2
"15-04-2010",2,2,1,2,3,20,131,59,84,16,6,4,4,3,3,3,4,4,2,2,2,3,3,2
"16-04-2010",4,2,1,1,1,22,127,144,114,23,10,10,7,5,4,5,4,3,3,2,1,3,2,2
"17-04-2010",2,2,1,2,15,21,45,144,79,12,10,6,6,5,4,3,3,4,2,1,2,2,2,1
"18-04-2010",1,1,1,1,1,1,2,1,1,1,1,1,1,2,1,1,1,1,1,1,1,1,1,1
"19-04-2010",1,1,1,1,2,2,5,23,10,11,8,5,4,3,3,3,3,2,2,1,2,1,1,1
"20-04-2010",2,6,3,1,11,57,49,21,5,4,4,4,3,4,3,3,2,2,1,1,1,1,1,1
"21-04-2010",1,1,1,1,1,2,3,1,1,3,2,3,3,3,5,4,3,1,2,2,1,13,7,30
"22-04-2010",42,26,39,20,29,67,144,135,109,26,9,7,7,3,4,4,3,2,2,1,2,2,2,9
"23-04-2010",9,2,2,15,37,48,107,218,152,13,7,5,4,3,3,4,3,3,2,2,2,2,2,2
"24-04-2010",2,2,1,1,1,10,7,71,28,7,5,3,2,2,2,1,1,1,4,4,3,2,46,96
"25-04-2010",42,6,3,5,1,25,20,15,2,1,1,1,3,2,1,1,1,1,1,1,1,1,1,1
"26-04-2010",1,4,1,1,1,1,2,2,4,3,3,3,5,4,5,3,1,1,1,1,1,1,1,1
"27-04-2010",1,1,1,1,1,1,1,1,2,2,2,2,3,2,2,2,1,1,1,1,1,1,1,1
"28-04-2010",1,1,2,1,1,1,1,1,2,2,2,3,2,2,2,4,2,2,1,1,1,1,1,1
"29-04-2010",1,2,2,2,1,1,1,2,3,3,2,2,2,2,3,2,1,1,1,1,1,1,1,1
"30-04-2010",2,1,2,1,1,1,3,2,4,3,2,1,1,1,1,1,1,1,2,1,1,1,1,1
"01-05-2010",1,1,2,4,3,4,15,17,7,3,1,1,1,1,1,1,1,1,1,1,1,1,1,3
"02-05-2010",2,2,3,5,2,10,4,16,8,6,4,2,2,1,1,1,1,1,2,2,2,2,2,2
"03-05-2010",3,14,7,7,36,27,52,171,102,42,38,17,4,4,4,4,3,3,2,2,2,2,3,4
"04-05-2010",9,9,10,8,13,26,104,156,115,74,-9999,-9999,7,6,5,4,4,4,3,4,6,10,13,12
"05-05-2010",40,38,34,20,15,40,115,141,89,42,21,14,8,5,4,4,3,2,3,2,3,7,11,40
"06-05-2010",55,22,4,4,3,14,82,94,120,75,17,13,8,4,4,4,4,4,3,3,3,3,3,3
"07-05-2010",2,2,3,3,13,59,112,100,27,13,7,4,3,4,4,4,3,3,2,4,3,5,5,10
"08-05-2010",6,12,20,19,14,9,41,44,42,13,16,7,6,4,4,4,5,4,2,3,4,8,9,29
"09-05-2010",17,7,6,5,3,2,3,12,8,3,2,2,2,2,1,2,3,2,2,2,2,2,2,3
"10-05-2010",3,3,4,5,99,72,59,80,55,37,23,15,9,5,3,4,3,3,3,3,3,3,3,7
"11-05-2010",22,7,5,3,6,21,95,168,160,73,29,10,6,4,5,3,4,2,2,3,3,3,3,3
"12-05-2010",4,15,25,15,23,28,132,199,229,97,34,10,8,5,6,5,4,4,3,3,5,4,3,15
"13-05-2010",4,5,4,5,4,29,167,161,60,13,5,3,5,4,4,3,3,3,2,3,3,4,6,17
"14-05-2010",11,11,3,2,4,3,104,128,37,10,16,8,8,5,4,6,4,4,4,3,3,2,2,3
"15-05-2010",3,5,5,3,3,5,3,10,12,6,6,6,4,3,3,3,3,2,3,3,2,2,2,2
"16-05-2010",2,2,2,1,2,2,2,2,2,2,2,2,2,2,2,2,2,2,2,2,2,2,1,1
"17-05-2010",2,1,1,1,2,3,7,5,5,5,4,4,4,4,4,4,4,3,2,2,2,2,1,1
"18-05-2010",1,1,1,1,1,2,6,3,3,4,4,4,4,4,5,3,3,3,3,2,2,2,2,2
"19-05-2010",2,3,2,3,3,3,4,9,6,3,5,6,5,5,5,4,4,3,3,2,3,2,2,3
"20-05-2010",3,3,7,14,5,18,76,68,7,8,5,4,3,3,4,3,3,3,2,2,2,2,2,2
"21-05-2010",2,2,2,2,2,4,7,15,12,8,11,8,5,5,5,7,6,4,3,2,2,2,2,1
"22-05-2010",1,2,2,2,2,2,2,3,2,2,2,2,2,2,2,1,2,2,1,1,2,1,6,4
"23-05-2010",24,20,18,44,14,34,29,41,25,12,10,4,3,2,2,2,2,2,2,2,3,3,9,18
"24-05-2010",49,53,41,59,54,54,90,93,29,14,17,7,4,3,3,3,4,3,2,2,3,2,2,3
"25-05-2010",3,3,4,3,9,29,76,104,60,30,29,11,6,5,4,4,4,4,3,2,3,2,2,3
"26-05-2010",2,4,6,13,19,34,95,134,53,23,11,6,5,5,4,4,3,3,3,3,3,5,3,3
"27-05-2010",3,13,18,-9999,15,21,72,141,114,24,40,12,5,4,3,3,4,4,3,2,3,3,16,24
"28-05-2010",52,16,11,3,3,14,98,137,89,34,16,7,7,7,6,6,4,4,3,4,4,4,3,3
"29-05-2010",3,3,3,3,14,59,116,134,20,3,9,5,3,3,3,3,2,2,2,2,2,4,3,3
"30-05-2010",4,25,8,15,16,30,20,37,28,10,8,6,5,2,2,3,3,4,3,2,4,4,4,24
"31-05-2010",49,24,4,4,25,26,70,47,64,27,20,21,7,3,4,4,3,3,2,2,2,2,2,2
"01-06-2010",2,2,3,3,5,3,10,9,5,4,4,3,4,4,4,4,3,4,5,3,3,2,2,1
"02-06-2010",1,1,1,2,2,4,6,11,7,6,6,7,5,3,3,4,4,3,2,2,2,2,2,3
"03-06-2010",2,3,2,2,1,2,12,12,7,5,6,8,4,3,3,3,3,3,3,2,2,2,2,5
"04-06-2010",11,2,2,2,12,44,24,25,24,9,4,6,4,4,4,5,4,4,4,3,3,4,2,2
"05-06-2010",2,3,4,3,4,2,6,10,16,17,5,6,6,7,8,6,4,3,3,3,3,3,2,1
"06-06-2010",2,1,2,1,3,2,2,2,1,2,1,1,1,1,2,1,1,1,1,1,2,2,9,2
"07-06-2010",2,3,6,2,2,3,9,29,33,8,5,3,2,4,3,4,3,3,3,3,2,3,3,2
"08-06-2010",2,3,3,4,6,26,130,162,58,39,11,18,5,4,4,3,3,3,2,3,2,3,2,2
"09-06-2010",2,2,3,3,3,6,83,38,30,11,7,4,6,5,10,10,7,3,3,3,3,5,4,12
"10-06-2010",36,27,17,21,11,49,110,150,19,4,3,2,2,2,2,2,2,1,1,1,1,2,2,2
"11-06-2010",2,1,2,2,1,6,66,68,7,3,3,3,2,2,2,2,2,1,1,2,2,2,2,2
"12-06-2010",2,2,3,3,4,6,9,7,3,2,2,1,1,2,1,2,2,2,2,2,4,16,20,34
"13-06-2010",5,8,12,7,5,14,18,25,18,5,6,4,3,2,2,2,2,3,2,2,3,4,3,15
"14-06-2010",11,3,3,9,19,83,108,187,97,23,39,8,4,3,4,3,3,3,3,3,3,3,3,27
"15-06-2010",66,13,4,4,15,37,122,117,60,19,23,7,5,4,3,4,5,4,3,3,3,3,4,16
"16-06-2010",35,4,13,20,29,48,159,229,212,97,21,12,9,4,4,4,4,4,4,3,3,6,5,6
"17-06-2010",56,34,5,5,22,65,113,167,115,56,37,15,11,7,5,5,5,7,6,4,2,3,2,3
"18-06-2010",2,2,2,2,2,8,70,46,4,3,3,2,2,3,4,5,3,3,2,2,3,3,3,2
"19-06-2010",2,3,3,2,3,10,12,18,7,2,5,4,3,3,3,4,3,4,6,3,3,3,3,3
"20-06-2010",4,2,2,2,2,3,3,4,4,7,4,3,3,3,2,2,2,2,2,2,2,2,2,3
"21-06-2010",2,3,3,1,2,4,12,18,9,10,6,4,4,4,3,3,3,3,3,2,2,2,2,2
"22-06-2010",2,1,1,1,1,2,3,6,5,5,5,5,4,4,4,4,3,3,2,2,2,2,2,1
"23-06-2010",1,1,2,2,2,5,10,7,8,5,5,4,5,5,4,3,5,4,2,2,2,3,6,4
"24-06-2010",2,2,2,3,3,5,26,8,-9999,-9999,5,7,5,4,8,6,3,2,2,2,3,3,2,1
"25-06-2010",1,1,3,5,3,35,10,4,4,5,4,6,8,5,4,4,3,2,2,2,2,2,2,2
"26-06-2010",2,2,2,2,1,2,19,23,6,9,8,2,2,2,2,2,2,2,2,1,1,1,5,6
"27-06-2010",5,2,2,2,1,2,8,7,7,13,7,2,1,1,2,2,2,2,1,2,2,2,2,2
"28-06-2010",1,1,16,1,1,2,13,74,30,19,5,7,7,3,5,5,3,3,2,3,17,7,3,3
"29-06-2010",3,2,4,5,7,41,86,37,25,14,10,5,4,3,3,3,3,3,2,3,4,1,2,3
"30-06-2010",2,2,4,4,22,31,116,112,51,29,9,7,4,3,3,4,4,3,3,2,2,2,2,13
"01-07-2010",11,8,16,20,11,37,120,120,27,10,13,16,6,3,4,6,3,2,2,3,2,2,2,3
"02-07-2010",6,10,12,4,4,23,71,51,23,11,5,2,3,3,2,2,2,2,3,3,2,2,2,2
"03-07-2010",3,3,2,2,4,28,45,31,2,1,1,1,1,1,1,2,2,2,1,1,1,1,1,3
"04-07-2010",6,2,2,3,3,6,15,8,2,2,1,1,2,1,2,1,1,1,2,2,2,2,2,2
"05-07-2010",3,2,4,4,9,14,61,107,43,4,2,2,2,3,2,2,2,2,2,1,1,2,2,2
"06-07-2010",2,1,2,1,2,2,2,2,3,2,1,2,3,2,2,2,2,2,2,2,2,2,2,3
"07-07-2010",3,2,3,3,4,12,65,73,13,2,2,1,2,1,2,1,1,2,2,3,2,2,3,5
"08-07-2010",5,3,2,3,2,3,24,27,16,2,1,3,2,3,3,2,2,2,1,1,1,1,1,1
"09-07-2010",1,1,1,1,1,1,1,2,2,2,1,2,2,2,3,1,1,1,1,1,1,2,4,9
"10-07-2010",1,1,1,1,1,1,4,4,7,2,1,1,1,1,1,1,1,1,1,1,1,1,1,1
"11-07-2010",1,1,1,1,2,1,1,2,2,1,1,1,1,1,1,2,1,1,1,1,1,2,3,5
"12-07-2010",4,1,2,3,3,20,58,61,13,5,3,2,1,3,2,2,2,2,2,2,2,2,2,2
"13-07-2010",2,7,4,7,10,38,88,67,23,14,21,8,4,3,3,3,2,2,2,2,2,2,2,4
"14-07-2010",3,3,6,6,6,33,60,88,31,10,9,5,2,2,2,4,3,2,3,3,2,2,2,3
"15-07-2010",3,2,3,3,3,25,110,123,54,6,2,1,1,3,3,3,2,1,1,1,1,1,1,1
"16-07-2010",1,1,1,1,1,1,-9999,-9999,-9999,-9999,-9999,-9999,-9999,1,1,2,1,1,1,1,1,1,1,1
"17-07-2010",1,1,1,1,1,1,2,1,1,1,1,1,1,1,1,1,1,1,1,1,1,1,1,1
"18-07-2010",1,2,2,2,1,1,1,1,1,1,1,1,1,1,1,1,1,1,1,1,1,1,1,1
"19-07-2010",1,1,1,1,1,1,1,2,2,2,1,1,1,1,1,1,2,3,2,2,4,1,1,1
"20-07-2010",1,1,1,1,1,1,2,2,3,2,1,1,1,1,2,1,1,1,1,1,1,1,1,1
"21-07-2010",1,1,2,7,3,5,28,12,7,3,2,3,3,3,2,2,2,2,3,2,2,2,2,2
"22-07-2010",1,2,3,5,3,12,68,102,4,2,2,3,2,2,4,1,1,1,1,1,1,1,6,4
"23-07-2010",3,1,1,1,1,1,1,2,4,2,4,1,1,2,1,2,1,1,1,1,1,1,1,2
"24-07-2010",6,8,5,2,8,22,55,60,32,3,2,3,2,2,2,2,2,2,2,1,1,1,1,2
"25-07-2010",2,2,2,7,8,15,14,11,7,8,1,1,2,1,1,1,1,1,1,1,1,1,1,1
"26-07-2010",2,1,1,1,1,1,2,3,2,2,4,3,3,2,2,2,3,2,1,2,2,3,3,3
"27-07-2010",6,2,1,1,1,1,2,2,5,5,2,2,2,3,3,3,2,2,2,2,2,1,1,1
"28-07-2010",1,1,1,1,1,1,3,3,2,3,2,1,2,1,2,2,2,2,2,1,1,1,1,2
"29-07-2010",2,1,1,1,1,2,2,2,2,1,1,1,1,1,1,1,1,1,1,1,1,1,1,1
"30-07-2010",1,1,1,1,1,1,2,2,2,1,2,1,1,1,1,1,1,1,1,1,1,1,1,1
"31-07-2010",2,2,3,2,2,3,4,4,2,2,2,1,1,1,2,2,2,1,2,2,2,2,2,2
"01-08-2010",3,2,2,2,2,4,3,4,3,4,5,4,2,2,1,2,1,2,2,3,2,2,3,5
"02-08-2010",5,3,40,6,8,41,82,146,10,2,2,2,1,2,1,1,2,1,1,1,1,1,1,2
"03-08-2010",2,3,3,2,4,20,57,105,6,2,2,1,3,1,2,6,2,2,2,2,3,3,3,3
"04-08-2010",4,3,2,2,3,3,16,45,6,11,16,7,4,3,2,2,2,2,2,1,1,2,2,2
"05-08-2010",2,2,1,2,1,2,17,12,7,7,3,3,3,2,2,2,2,1,3,2,2,2,2,2
"06-08-2010",2,2,1,1,2,2,-9999,-9999,-9999,-9999,-9999,-9999,-9999,-9999,-9999,-9999,-9999,-9999,-9999,-9999,-9999,-9999,2,3
"07-08-2010",2,3,2,1,1,2,4,3,3,4,4,5,3,2,2,1,2,1,2,2,2,2,3,2
"08-08-2010",11,20,6,3,2,2,3,11,6,6,8,3,2,1,1,2,2,1,1,1,2,2,2,2
"09-08-2010",2,2,5,5,2,3,8,103,9,2,2,1,1,1,1,1,2,2,2,1,1,1,1,2
"10-08-2010",2,2,6,2,1,2,16,71,11,1,1,1,1,1,1,1,1,1,1,1,1,1,1,2
"11-08-2010",18,21,4,2,1,4,40,4,3,3,1,1,1,1,1,2,2,2,3,2,3,4,8,6
"12-08-2010",3,2,2,2,2,9,50,58,38,4,2,1,2,2,2,1,2,2,2,2,2,3,4,3
"13-08-2010",3,2,3,2,2,5,12,27,32,3,4,2,1,2,2,2,2,2,2,3,4,4,4,4
"14-08-2010",3,3,3,2,1,2,5,8,4,2,1,1,1,1,1,1,1,1,2,1,1,1,1,2
"15-08-2010",5,2,2,3,4,21,34,30,2,1,1,1,1,1,1,1,1,1,1,1,1,1,1,1
"16-08-2010",1,2,1,1,1,2,2,2,2,1,1,1,1,1,1,1,1,1,1,1,1,1,2,2
"17-08-2010",5,3,3,2,3,4,24,76,54,33,9,6,2,2,1,2,3,2,1,2,2,2,1,1
"18-08-2010",4,8,4,3,2,5,25,50,33,4,1,1,1,1,1,1,1,1,1,1,1,1,1,1
"19-08-2010",1,1,2,1,2,3,10,9,9,1,1,1,1,1,1,1,1,1,1,1,1,1,1,1
"20-08-2010",1,1,1,2,2,2,4,17,2,1,1,1,1,1,1,1,1,1,1,1,1,1,1,1
"21-08-2010",1,1,1,1,1,1,1,1,1,1,1,1,1,1,1,1,1,1,1,1,1,1,1,1
"22-08-2010",1,1,1,1,1,1,1,1,1,1,1,1,1,1,1,1,1,1,1,1,1,1,1,1
"23-08-2010",1,1,1,1,1,1,1,2,4,1,1,1,2,1,1,1,1,1,1,2,1,1,1,1
"24-08-2010",1,1,1,1,1,2,1,18,4,2,1,1,1,1,1,1,1,1,1,1,3,5,5,5
"25-08-2010",7,1,3,3,5,18,40,102,104,22,7,4,3,3,2,2,2,2,3,2,3,2,2,2
"26-08-2010",2,2,3,4,8,15,108,177,128,4,2,1,1,1,1,1,1,1,1,1,1,1,1,1
"27-08-2010",1,1,1,1,1,1,1,2,4,1,1,1,1,1,1,1,1,1,1,1,1,1,1,1
"28-08-2010",2,2,2,2,2,3,8,35,31,7,4,4,3,1,1,2,1,1,1,1,2,2,2,1
"29-08-2010",2,9,3,4,4,8,9,29,10,6,5,3,1,1,2,1,2,1,1,2,4,6,21,10
"30-08-2010",11,3,9,4,4,8,3,5,5,3,2,2,4,3,2,2,3,2,2,2,2,2,1,2
"31-08-2010",3,2,2,2,2,1,3,2,8,5,3,3,2,3,2,3,3,2,2,2,2,1,1,1
"01-09-2010",1,1,1,1,1,1,2,2,2,2,4,6,3,4,2,3,2,2,2,2,2,1,2,8
"02-09-2010",2,1,1,1,1,4,3,4,2,2,-9999,2,2,2,2,2,2,2,1,1,1,1,1,1
"03-09-2010",1,2,2,2,2,14,43,77,15,3,2,1,1,1,2,2,2,1,1,1,1,1,1,1
"04-09-2010",1,1,1,1,1,2,1,1,2,1,1,1,1,2,1,1,2,1,1,1,1,1,1,1
"05-09-2010",1,1,1,1,1,1,1,1,1,1,1,1,1,1,1,1,1,1,1,1,1,1,1,1
"06-09-2010",1,1,1,1,1,1,1,2,4,6,7,6,6,4,5,3,1,1,1,1,1,1,1,2
"07-09-2010",9,4,2,6,7,13,45,113,17,6,4,4,1,2,2,2,2,1,1,2,1,2,2,2
"08-09-2010",3,2,2,3,5,26,100,131,137,36,13,14,7,5,2,3,3,2,1,1,2,2,2,2
"09-09-2010",2,4,5,4,3,5,86,158,190,34,4,2,3,3,2,2,1,2,1,1,2,3,12,2
"10-09-2010",2,4,5,2,7,28,59,46,91,34,6,3,3,4,2,2,2,1,1,1,1,1,1,1
"11-09-2010",1,1,1,3,3,6,1,1,1,1,1,1,1,1,1,1,1,2,2,3,14,15,9,17
"12-09-2010",5,9,3,2,1,4,2,1,2,1,1,1,1,1,1,1,1,1,1,1,1,2,1,1
"13-09-2010",1,1,2,5,3,49,46,42,28,8,8,5,5,2,2,2,2,1,1,1,1,1,2,2
"14-09-2010",2,1,2,2,2,15,31,60,60,6,2,3,1,1,1,1,1,1,1,1,1,1,3,10
"15-09-2010",28,9,2,2,21,1,1,2,3,3,4,3,1,2,1,1,1,1,1,1,1,1,3,10
"16-09-2010",36,57,31,7,24,52,85,201,215,13,3,1,1,1,1,1,2,2,1,1,2,15,10,20
"17-09-2010",11,16,47,76,35,64,118,115,217,107,9,9,5,3,2,3,2,3,2,1,2,3,3,33
"18-09-2010",40,39,53,58,39,49,68,108,107,35,18,6,2,3,3,2,2,2,2,2,3,3,4,4
"19-09-2010",10,29,36,10,26,27,33,47,67,35,10,8,12,3,1,2,2,2,2,2,4,3,13,23
"20-09-2010",7,33,41,27,28,65,89,160,189,119,40,17,8,4,4,5,3,2,2,6,2,2,2,1
"21-09-2010",1,1,1,1,1,2,1,1,2,2,2,1,2,2,1,1,1,1,1,1,1,1,1,1
"22-09-2010",1,1,1,1,1,1,1,1,2,1,2,1,1,1,3,1,1,1,1,1,1,1,1,1
"23-09-2010",1,1,1,2,1,1,1,2,3,3,4,3,3,2,2,3,2,2,1,1,2,1,1,1
"24-09-2010",1,1,1,1,2,1,1,8,6,6,3,3,1,3,2,2,3,2,1,1,1,1,1,1
"25-09-2010",2,1,1,1,2,2,3,6,22,10,9,3,3,3,2,2,2,1,1,2,1,1,1,2
"26-09-2010",1,1,1,1,2,2,1,14,4,3,2,2,1,1,1,1,2,1,2,2,2,2,1,2
"27-09-2010",1,3,2,7,16,44,91,146,153,45,8,6,5,3,2,3,3,1,1,2,11,4,16,29
"28-09-2010",20,6,17,28,16,25,63,151,163,101,43,10,7,5,2,4,3,2,3,3,4,3,22,33
"29-09-2010",11,5,12,18,43,35,44,95,132,100,23,5,3,3,3,7,8,3,3,3,3,3,1,1
"30-09-2010",1,1,1,1,1,1,7,5,6,3,3,2,4,3,2,3,2,1,1,2,1,2,2,2
"01-10-2010",1,1,1,1,1,3,13,26,13,2,3,1,2,4,3,3,2,2,1,1,2,1,1,2
"02-10-2010",2,1,1,4,2,4,3,2,2,1,1,1,1,1,1,1,1,1,1,1,1,1,1,1
"03-10-2010",1,1,1,1,6,1,1,4,2,1,1,1,1,1,1,1,1,1,1,1,1,1,1,1
"04-10-2010",1,1,1,1,1,1,2,2,4,5,3,2,2,2,2,4,4,2,1,1,1,1,1,1
"05-10-2010",1,1,1,1,1,1,7,9,17,9,3,2,4,3,4,3,2,2,2,1,2,3,3,5
"06-10-2010",21,13,9,28,40,69,116,225,281,109,17,10,7,5,4,5,4,2,2,1,5,2,9,10
"07-10-2010",9,2,1,1,1,1,1,2,4,3,3,2,2,2,2,2,2,1,1,1,1,1,1,1
"08-10-2010",1,1,1,1,1,1,1,1,2,3,3,3,3,3,3,2,2,1,1,1,1,1,1,1
"09-10-2010",1,1,1,1,1,1,1,10,13,3,2,1,1,1,1,3,2,1,1,1,2,4,6,6
"10-10-2010",3,2,1,1,2,4,6,13,14,12,2,1,2,2,1,1,1,1,2,2,2,2,3,2
"11-10-2010",13,6,5,1,2,6,18,62,57,19,5,5,4,4,6,6,14,5,19,41,67,60,68,89
"12-10-2010",33,3,6,1,2,13,65,144,146,138,169,127,81,10,5,11,9,4,2,4,3,10,14,25
"13-10-2010",18,28,14,3,9,38,80,99,118,123,101,49,44,19,29,22,14,5,12,28,41,7,8,59
"14-10-2010",100,35,10,9,30,60,53,68,114,42,7,6,4,4,3,3,2,2,2,5,28,87,27,41
"15-10-2010",109,105,113,121,116,158,178,287,380,226,22,7,5,6,6,5,4,4,5,5,6,4,26,57
"16-10-2010",37,45,58,34,29,30,55,118,117,72,8,7,3,2,2,2,2,2,2,4,3,16,24,53
"17-10-2010",58,88,93,82,87,85,85,106,79,23,7,3,2,2,2,1,1,1,2,1,2,2,1,1
"18-10-2010",1,1,1,1,1,2,22,40,64,66,97,45,28,16,32,25,20,12,25,14,42,37,60,42
"19-10-2010",3,6,1,1,6,6,20,11,10,13,8,9,6,5,5,5,4,4,2,2,2,6,5,3
"20-10-2010",1,1,1,1,6,7,21,11,7,5,4,4,5,4,4,4,3,8,4,2,3,3,3,10
"21-10-2010",3,1,3,22,34,69,121,225,281,127,20,5,6,5,4,4,4,3,5,12,36,18,87,51
"22-10-2010",10,5,3,1,1,1,2,2,3,4,3,3,3,3,3,3,2,1,1,1,2,1,5,1
"23-10-2010",1,2,2,4,14,58,70,43,33,10,3,1,2,1,1,1,1,1,1,1,1,8,23,60
"24-10-2010",42,21,7,19,4,9,45,43,42,44,5,2,1,1,1,1,2,2,3,9,7,12,19,27
"25-10-2010",23,16,14,9,13,35,67,161,219,252,88,5,4,5,4,4,3,2,2,3,6,16,16,2
"26-10-2010",1,1,1,1,2,15,24,-9999,248,175,108,29,13,22,7,9,6,4,18,33,65,87,106,109
"27-10-2010",64,45,16,24,17,43,145,163,213,167,69,34,8,6,8,7,5,4,2,6,2,1,14,23
"28-10-2010",20,8,6,5,5,8,25,64,75,32,3,2,2,2,1,1,1,1,1,2,1,1,1,1
"29-10-2010",1,1,1,1,1,1,1,2,6,8,5,4,5,7,5,4,2,2,1,1,2,3,3,3
"30-10-2010",1,1,1,2,6,30,57,69,125,77,9,5,2,1,1,1,1,1,1,1,2,18,12,9
"31-10-2010",6,5,14,7,5,8,11,27,32,28,5,2,2,3,2,3,3,2,4,5,29,29,40,49
"01-11-2010",67,-9999,-9999,-9999,-9999,-9999,-9999,-9999,-9999,107,16,6,6,9,7,5,4,5,18,43,27,44,58,18
"02-11-2010",23,18,4,2,4,19,61,111,104,15,5,5,6,8,6,5,5,5,7,19,70,59,54,32
"03-11-2010",54,52,31,11,22,52,62,180,167,95,11,9,5,7,9,8,14,20,-9999,74,58,29,41,38
"04-11-2010",49,20,18,9,3,24,113,177,170,42,7,7,9,9,8,8,5,8,31,72,115,105,131,101
"05-11-2010",107,136,114,120,110,133,258,371,418,277,102,86,59,35,24,7,24,69,72,140,156,216,239,227
"06-11-2010",146,126,99,76,65,79,123,170,240,126,26,14,9,4,2,3,4,6,5,5,26,99,135,171
"07-11-2010",141,86,61,38,25,40,44,77,94,53,22,8,5,3,2,2,2,2,2,2,21,66,12,55
"08-11-2010",45,33,19,9,17,39,108,77,12,17,15,3,3,4,4,3,2,2,1,2,1,2,1,1
"09-11-2010",1,1,1,1,1,4,5,3,4,4,4,4,4,3,4,3,3,2,1,2,2,2,1,1
"10-11-2010",1,1,1,1,6,4,3,4,7,4,5,4,4,4,4,3,3,4,2,2,3,3,2,4
"11-11-2010",2,2,24,20,27,58,133,273,177,22,6,4,5,5,4,5,4,24,36,38,78,44,61,66
"12-11-2010",85,81,21,16,2,37,64,144,183,109,36,3,11,23,75,67,94,60,53,62,33,55,64,3
"13-11-2010",13,7,1,1,1,1,1,2,3,4,3,3,3,2,2,2,1,2,6,3,3,1,1,1
"14-11-2010",1,1,1,1,1,1,1,1,2,2,2,2,1,1,1,1,1,1,4,6,6,7,14,12
"15-11-2010",3,11,17,17,20,31,75,111,113,76,99,28,18,7,6,6,9,32,38,60,107,69,50,66
"16-11-2010",58,59,37,40,16,42,101,184,174,102,23,14,9,5,4,4,4,3,3,9,50,44,59,85
"17-11-2010",83,66,58,59,45,80,137,223,237,39,6,3,4,3,4,2,4,19,41,78,113,108,106,177
"18-11-2010",155,129,98,81,71,161,141,190,230,26,10,8,8,5,4,6,18,50,197,140,153,179,226,181
"19-11-2010",142,97,68,58,55,101,168,276,284,135,15,7,5,5,5,5,6,10,8,7,15,84,86,77
"20-11-2010",87,65,81,54,43,49,61,147,165,150,33,20,9,6,5,5,10,10,21,21,68,90,111,116
"21-11-2010",78,117,118,87,86,69,69,82,95,47,14,11,5,2,2,2,3,4,15,53,114,125,143,127
"22-11-2010",102,89,88,87,87,111,163,228,162,59,22,6,-9999,-9999,-9999,-9999,-9999,-9999,-9999,-9999,-9999,-9999,-9999,-9999
"23-11-2010",1,1,1,1,2,2,5,11,8,6,5,4,5,6,4,4,5,3,3,2,2,2,2,2
"24-11-2010",2,1,1,2,22,50,124,118,232,137,16,7,5,5,5,4,3,3,2,2,2,2,1,1
"25-11-2010",2,2,1,1,1,11,39,126,161,55,8,7,9,5,6,8,13,11,4,4,23,89,118,117
"26-11-2010",118,66,16,3,10,33,129,11,5,5,4,4,4,4,3,4,3,2,2,2,2,2,1,1
"27-11-2010",1,1,1,1,1,2,3,5,5,4,4,4,3,3,3,2,2,2,1,2,2,2,3,3
"28-11-2010",5,27,53,54,62,87,95,100,120,111,44,3,3,2,3,2,2,2,2,2,2,1,1,1
"29-11-2010",1,1,1,1,1,2,3,6,7,6,7,6,6,5,5,5,5,8,24,13,5,5,2,1
"30-11-2010",2,4,1,1,30,12,107,26,53,36,15,9,6,5,7,9,14,8,13,-9999,19,119,128,10
"01-12-2010",3,1,1,1,1,3,24,45,124,86,14,6,5,6,5,5,5,3,3,3,2,3,4,5
"02-12-2010",48,97,74,28,18,44,33,155,179,99,8,9,7,8,7,9,9,44,2,2,2,15,38,133
"03-12-2010",116,46,46,6,14,37,66,117,102,5,4,4,4,4,4,4,3,3,2,2,2,14,15,2
"04-12-2010",1,1,1,1,3,3,2,3,5,3,3,2,2,2,1,1,2,1,1,1,1,1,1,1
"05-12-2010",2,1,1,1,1,7,1,6,8,3,2,1,1,1,1,1,1,1,1,2,3,12,9,6
"06-12-2010",15,28,3,13,13,31,116,178,176,113,16,10,5,5,4,3,4,16,47,23,23,112,215,194
"07-12-2010",188,155,168,76,44,81,181,270,296,255,59,17,13,7,5,7,12,31,37,54,55,113,228,194
"08-12-2010",131,91,51,49,53,98,176,307,356,195,26,17,12,10,7,6,12,34,27,31,38,51,94,73
"09-12-2010",39,99,53,59,76,87,169,314,386,301,42,10,8,8,9,8,6,8,21,5,3,4,3,2
"10-12-2010",2,5,4,5,11,4,16,35,25,27,9,7,4,4,4,5,3,4,1,1,1,1,1,1
"11-12-2010",1,1,1,1,1,1,1,2,2,3,3,3,4,3,2,2,1,1,1,1,1,1,1,1
"12-12-2010",2,1,1,1,1,1,1,2,4,2,28,1,1,-9999,-9999,-9999,-9999,-9999,-9999,-9999,-9999,-9999,-9999,-9999
"13-12-2010",-9999,-9999,-9999,-9999,-9999,-9999,-9999,-9999,-9999,-9999,-9999,-9999,-9999,-9999,-9999,-9999,-9999,-9999,-9999,-9999,-9999,-9999,-9999,-9999
"14-12-2010",-9999,-9999,-9999,-9999,-9999,-9999,-9999,-9999,-9999,-9999,-9999,-9999,-9999,-9999,-9999,-9999,-9999,-9999,-9999,-9999,-9999,-9999,-9999,-9999
"15-12-2010",-9999,-9999,-9999,-9999,-9999,-9999,-9999,-9999,-9999,-9999,-9999,-9999,-9999,-9999,-9999,-9999,-9999,-9999,-9999,-9999,-9999,-9999,-9999,-9999
"16-12-2010",-9999,-9999,-9999,-9999,-9999,-9999,-9999,-9999,-9999,-9999,-9999,-9999,-9999,32,19,22,15,11,19,21,3,2,2,2
"17-12-2010",1,2,3,8,26,53,149,383,363,100,54,25,29,24,21,13,12,27,35,158,116,63,25,18
"18-12-2010",16,3,3,2,30,31,34,38,82,85,6,4,4,4,4,4,3,3,3,3,2,3,5,7
"19-12-2010",5,3,2,2,3,4,6,12,76,102,61,12,14,39,45,46,76,167,167,193,190,206,189,138
"20-12-2010",121,123,96,102,118,133,192,256,439,363,20,12,10,10,8,5,6,5,4,4,8,32,5,6
"21-12-2010",2,11,2,1,2,4,56,10,14,13,10,7,7,10,6,5,9,9,15,7,6,4,11,5
"22-12-2010",76,120,99,67,82,119,160,312,446,428,141,21,7,12,4,5,6,8,8,9,10,58,123,197
"23-12-2010",240,239,193,148,72,109,203,287,346,273,30,12,7,6,5,6,7,7,7,8,6,5,3,3
"24-12-2010",2,2,2,2,3,3,4,8,8,7,7,5,4,3,3,3,3,2,3,3,4,4,2,2
"25-12-2010",2,1,2,2,3,3,2,1,2,2,3,3,2,2,1,1,2,2,2,3,4,4,6,11
"26-12-2010",74,27,32,36,29,18,8,8,26,31,8,11,3,2,2,2,2,3,4,9,15,15,36,50
"27-12-2010",50,19,19,36,57,73,88,139,211,304,132,29,22,32,44,43,104,102,51,78,119,12,13,20
"28-12-2010",35,35,27,8,4,31,32,51,56,39,22,12,8,12,7,7,7,6,9,7,19,8,34,4
"29-12-2010",15,2,2,1,1,4,8,25,20,13,9,9,9,7,19,5,4,4,6,5,2,2,2,1
"30-12-2010",1,1,1,1,1,2,3,5,3,5,5,3,4,3,3,3,3,4,4,6,10,42,15,35
"31-12-2010",37,11,57,25,5,25,84,138,172,61,16,6,4,4,4,3,7,7,9,36,48,64,97,99
"01-01-2011",56,-9999,-9999,-9999,-9999,-9999,-9999,-9999,-9999,-9999,-9999,-9999,-9999,-9999,-9999,-9999,-9999,-9999,-9999,-9999,-9999,-9999,-9999,-9999
