"01-01-2010",5,5,4,4,5,4,4,4,4,4,13,32,43,50,52,55,62,56,50,33,10,31,42,41
"02-01-2010",43,64,69,71,71,69,79,77,78,72,62,67,68,71,70,69,66,65,60,61,59,57,60,62
"03-01-2010",45,56,41,24,30,27,18,32,53,57,54,61,65,66,70,72,73,79,77,69,68,42,25,28
"04-01-2010",25,23,29,41,34,21,19,13,29,41,45,54,50,52,55,48,42,41,35,25,15,27,40,48
"05-01-2010",33,24,36,34,20,6,4,4,4,4,19,11,39,54,59,61,59,55,51,46,48,50,58,62
"06-01-2010",62,62,63,66,63,54,58,60,62,60,60,63,65,66,66,64,62,59,56,55,44,51,55,53
"07-01-2010",55,53,53,48,49,39,26,16,23,32,42,46,43,45,46,48,42,20,9,4,4,5,5,5
"08-01-2010",5,5,4,4,4,4,4,4,4,4,20,36,43,45,45,51,50,34,37,48,44,46,40,46
"09-01-2010",55,60,63,59,53,37,44,45,53,61,66,71,73,73,76,78,75,73,71,61,54,54,60,58
"10-01-2010",58,57,53,32,35,24,42,41,20,48,60,67,73,76,70,74,74,70,64,60,60,61,64,69
"11-01-2010",40,57,76,79,77,61,38,18,19,40,51,51,50,45,34,34,43,37,31,28,25,35,29,32
"12-01-2010",11,15,20,14,13,4,4,4,4,4,4,5,11,19,34,38,25,7,4,4,4,5,4,4
"13-01-2010",4,4,4,4,4,11,4,4,4,8,27,40,50,46,45,37,26,16,17,18,13,7,13,14
"14-01-2010",21,19,31,28,40,33,27,14,10,21,27,28,27,20,22,18,10,15,14,10,15,12,12,18
"15-01-2010",7,9,6,8,5,7,4,4,4,5,11,18,23,31,27,32,35,30,17,12,20,27,29,36
"16-01-2010",40,43,47,46,44,41,40,41,38,39,40,40,40,38,37,38,43,41,37,36,38,42,45,47
"17-01-2010",47,46,44,45,44,45,43,41,42,44,45,44,43,40,40,37,37,31,22,17,12,14,8,6
"18-01-2010",4,5,9,13,4,4,4,4,4,4,6,11,9,16,23,16,9,6,7,10,18,21,25,17
"19-01-2010",12,26,38,42,31,24,12,6,6,12,20,33,33,33,35,32,33,26,22,14,37,20,32,41
"20-01-2010",37,38,42,45,41,6,9,7,6,14,20,28,38,44,49,52,45,33,16,5,5,5,5,4
"21-01-2010",5,5,5,4,4,4,4,4,5,5,7,42,49,56,46,46,37,46,50,34,18,18,33,37
"22-01-2010",47,62,58,62,64,55,44,12,14,39,20,28,39,32,31,34,32,29,14,23,29,34,41,43
"23-01-2010",45,49,50,50,43,41,30,24,-9999,-9999,-9999,-9999,-9999,-9999,-9999,-9999,-9999,-9999,-9999,-9999,-9999,-9999,36,38
"24-01-2010",45,50,51,52,52,51,45,31,38,39,-9999,-9999,-9999,-9999,-9999,-9999,-9999,-9999,-9999,-9999,-9999,-9999,-9999,-9999
"25-01-2010",-9999,-9999,-9999,-9999,-9999,-9999,-9999,-9999,-9999,-9999,-9999,-9999,-9999,-9999,-9999,-9999,-9999,-9999,-9999,-9999,-9999,-9999,-9999,-9999
"26-01-2010",-9999,-9999,-9999,-9999,-9999,-9999,-9999,-9999,-9999,-9999,-9999,78,51,47,44,41,41,46,45,39,37,40,45,59
"27-01-2010",65,68,67,67,62,46,28,27,29,28,29,31,32,27,17,13,11,20,14,12,7,9,24,16
"28-01-2010",21,19,13,13,4,4,4,4,4,5,5,5,5,8,12,5,5,4,4,4,5,4,5,5
"29-01-2010",5,5,4,4,4,4,4,4,4,4,4,15,32,38,49,46,43,41,26,9,4,4,4,4
"30-01-2010",4,4,4,4,4,4,4,4,4,4,14,45,53,57,66,62,54,21,4,4,4,25,33,10
"31-01-2010",10,53,61,57,43,30,26,12,11,45,56,64,61,64,66,61,67,65,60,61,36,54,39,6
"01-02-2010",4,48,68,54,41,28,24,25,28,44,55,58,55,57,59,58,38,44,14,4,4,3,3,3
"02-02-2010",4,16,27,13,50,22,5,11,30,40,40,39,38,40,48,48,55,49,53,53,28,61,51,52
"03-02-2010",68,69,68,64,61,54,49,44,34,40,45,49,56,65,69,65,59,48,15,4,3,3,4,4
"04-02-2010",4,4,4,4,4,4,4,4,4,5,24,45,57,62,60,65,66,38,9,5,4,5,5,5
"05-02-2010",5,4,4,4,4,4,4,4,4,4,13,25,41,45,46,41,44,44,40,17,4,4,5,5
"06-02-2010",6,19,24,14,11,4,4,4,4,5,31,39,56,63,64,63,63,64,64,57,52,51,52,42
"07-02-2010",41,45,27,22,23,39,24,5,5,11,19,18,58,57,59,64,53,40,24,23,18,14,4,5
"08-02-2010",4,4,4,4,4,5,5,4,4,5,15,27,44,37,38,36,26,17,10,7,16,11,6,7
"09-02-2010",24,22,12,18,7,4,4,4,4,5,12,17,27,44,50,48,33,33,14,5,18,14,31,37
"10-02-2010",36,52,57,56,30,5,4,10,37,44,50,50,54,54,60,61,60,59,58,57,56,57,61,44
"11-02-2010",14,39,20,6,9,15,11,7,21,34,49,57,57,58,60,53,50,51,41,25,19,21,22,13
"12-02-2010",14,37,24,6,5,3,3,3,5,23,57,58,51,46,50,59,60,63,58,44,53,52,38,43
"13-02-2010",22,40,53,12,7,37,64,33,57,74,80,73,82,84,77,80,77,72,66,69,69,44,21,21
"14-02-2010",11,5,7,11,11,7,4,4,5,11,25,35,40,61,77,79,75,51,25,7,5,5,4,7
"15-02-2010",17,44,45,27,25,46,62,62,69,68,75,75,79,79,79,79,94,76,60,33,17,32,15,22
"16-02-2010",13,5,4,4,4,4,4,4,4,4,8,34,58,56,64,65,59,50,41,28,7,4,14,8
"17-02-2010",5,4,4,5,4,5,4,4,5,6,31,51,50,60,59,60,57,41,20,9,4,4,4,4
"18-02-2010",4,4,5,6,4,4,4,4,4,5,29,44,51,53,54,52,46,31,5,6,4,10,7,9
"19-02-2010",32,39,35,37,31,12,4,4,4,5,9,22,46,50,52,48,50,46,50,52,48,45,42,34
"20-02-2010",34,37,41,24,20,8,4,4,4,4,6,25,32,29,40,43,42,64,55,45,53,50,41,38
"21-02-2010",47,51,44,52,67,70,75,76,77,75,75,77,78,79,82,83,81,83,79,74,76,77,76,77
"22-02-2010",60,51,38,36,12,4,4,5,5,9,35,44,60,74,79,77,76,82,70,40,33,15,26,4
"23-02-2010",4,4,4,4,4,4,4,4,4,4,4,4,22,40,62,63,63,63,58,46,43,22,16,20
"24-02-2010",9,4,4,4,4,4,4,4,5,8,28,26,27,57,64,62,58,47,27,6,15,53,65,71
"25-02-2010",71,65,66,65,63,52,13,6,14,31,48,59,63,63,59,53,51,51,40,21,20,29,14,13
"26-02-2010",26,21,24,32,36,5,4,4,11,24,47,57,60,63,67,69,57,69,61,41,29,24,15,6
"27-02-2010",4,4,4,4,4,4,4,4,10,25,50,68,75,82,81,81,74,70,66,61,64,60,58,62
"28-02-2010",67,70,74,74,72,72,30,57,-9999,-9999,-9999,-9999,-9999,-9999,-9999,-9999,-9999,-9999,-9999,-9999,-9999,-9999,-9999,-9999
"01-03-2010",-9999,-9999,-9999,-9999,-9999,-9999,-9999,-9999,-9999,-9999,-9999,-9999,-9999,-9999,-9999,-9999,-9999,-9999,-9999,-9999,-9999,-9999,-9999,-9999
"02-03-2010",-9999,-9999,-9999,-9999,-9999,-9999,-9999,-9999,-9999,-9999,-9999,-9999,-9999,-9999,-9999,-9999,-9999,-9999,-9999,-9999,-9999,-9999,-9999,-9999
"03-03-2010",-9999,-9999,-9999,-9999,-9999,-9999,-9999,-9999,-9999,-9999,-9999,-9999,-9999,-9999,-9999,-9999,-9999,-9999,-9999,-9999,-9999,-9999,-9999,-9999
"04-03-2010",-9999,-9999,-9999,-9999,-9999,-9999,-9999,-9999,-9999,-9999,-9999,-9999,-9999,-9999,-9999,-9999,-9999,-9999,-9999,-9999,-9999,-9999,-9999,-9999
"05-03-2010",-9999,-9999,-9999,-9999,-9999,-9999,-9999,-9999,-9999,-9999,-9999,22,59,62,62,67,68,66,64,65,66,67,65,66
"06-03-2010",47,61,54,32,21,21,3,4,8,44,63,71,74,73,70,69,73,80,81,75,71,70,41,38
"07-03-2010",52,74,74,74,72,68,66,61,51,60,59,61,54,54,47,48,55,56,48,43,44,50,66,71
"08-03-2010",70,73,75,77,75,69,60,51,49,46,39,39,10,14,12,29,18,12,10,26,25,44,52,21
"09-03-2010",17,22,18,16,9,12,5,6,8,25,32,39,54,59,51,47,53,38,45,32,25,35,48,54
"10-03-2010",59,65,72,71,67,58,49,37,37,40,43,45,47,37,39,45,44,45,49,39,32,35,41,48
"11-03-2010",46,45,32,29,34,19,7,5,6,8,22,40,57,73,76,80,75,69,61,64,54,42,43,53
"12-03-2010",33,55,33,10,6,5,4,5,11,53,64,75,81,81,77,81,80,74,78,80,74,66,64,49
"13-03-2010",19,22,44,35,36,14,5,4,8,42,57,52,87,83,85,96,88,86,83,83,76,65,70,54
"14-03-2010",45,47,72,63,60,72,74,73,65,63,77,73,-9999,-9999,-9999,-9999,-9999,-9999,-9999,-9999,-9999,-9999,-9999,-9999
"15-03-2010",-9999,-9999,-9999,-9999,-9999,-9999,-9999,-9999,-9999,-9999,-9999,-9999,-9999,-9999,-9999,-9999,-9999,-9999,-9999,-9999,-9999,-9999,-9999,-9999
"16-03-2010",-9999,-9999,-9999,-9999,-9999,-9999,-9999,-9999,-9999,-9999,-9999,-9999,-9999,75,92,93,94,80,63,41,5,4,5,4
"17-03-2010",5,4,4,4,4,4,4,4,6,29,64,77,87,92,93,93,85,84,75,59,72,75,78,67
"18-03-2010",74,72,75,67,43,10,18,26,30,48,62,70,84,72,83,86,81,82,73,73,54,34,29,21
"19-03-2010",4,4,3,4,4,3,3,4,4,12,28,32,56,80,84,81,83,77,65,39,20,12,4,4
"20-03-2010",4,4,4,3,3,4,4,4,5,34,63,84,100,115,114,116,113,109,113,83,54,38,33,31
"21-03-2010",4,4,4,4,3,4,4,6,20,51,67,84,92,115,117,115,116,113,97,62,33,26,48,36
"22-03-2010",29,6,4,4,4,4,4,4,5,14,29,44,64,76,84,85,74,84,64,54,44,25,17,13
"23-03-2010",4,4,3,4,3,4,4,4,7,26,39,51,67,78,91,94,74,59,77,65,60,67,74,75
"24-03-2010",87,90,88,85,34,11,4,4,16,52,64,56,62,70,65,61,67,65,59,54,54,12,38,47
"25-03-2010",22,41,41,23,14,24,24,40,63,79,83,88,97,98,103,101,99,97,95,86,66,67,64,70
"26-03-2010",85,88,80,85,70,48,16,47,52,62,79,89,93,93,89,88,84,84,79,59,48,45,54,51
"27-03-2010",51,37,19,37,39,26,5,6,17,53,66,80,97,91,98,109,113,106,76,69,66,69,67,42
"28-03-2010",41,29,16,13,46,37,32,77,82,91,93,96,98,101,103,105,105,100,97,90,90,93,88,93
"29-03-2010",80,73,48,60,53,21,26,-9999,50,66,67,70,78,86,84,88,89,93,87,84,75,60,62,41
"30-03-2010",14,5,3,3,4,4,3,4,4,12,32,57,90,97,101,97,95,102,98,91,79,45,29,15
"31-03-2010",10,4,16,32,74,66,71,64,74,75,-9999,79,87,91,95,95,88,80,60,53,26,21,58,23
"01-04-2010",9,12,14,23,15,4,4,4,10,36,51,52,60,75,82,85,87,83,70,58,32,28,12,5
"02-04-2010",5,4,3,5,3,4,4,4,4,9,30,61,63,50,52,62,79,83,90,65,24,11,37,14
"03-04-2010",25,4,4,5,4,3,4,4,8,42,52,77,88,97,106,109,121,113,104,92,72,49,45,21
"04-04-2010",26,10,6,8,13,16,19,27,43,89,101,105,117,135,149,142,131,113,106,99,99,72,77,70
"05-04-2010",68,43,28,43,39,33,30,22,31,45,83,90,102,101,121,121,120,119,117,110,96,68,40,81
"06-04-2010",87,64,88,99,90,47,5,5,28,72,79,83,85,88,89,90,91,88,83,87,63,72,76,35
"07-04-2010",25,29,39,44,34,5,3,8,26,36,57,63,70,80,77,84,85,86,82,79,74,64,49,19
"08-04-2010",14,6,4,4,5,4,3,4,4,28,65,96,99,103,105,107,105,106,107,104,87,41,25,44
"09-04-2010",43,35,46,22,33,12,4,4,14,82,90,101,110,113,111,111,114,116,113,109,101,98,103,111
"10-04-2010",117,114,110,95,82,35,11,39,76,89,99,104,114,115,119,121,121,118,114,104,99,89,86,71
"11-04-2010",82,76,82,95,92,91,85,93,93,103,110,111,115,118,118,119,120,117,114,104,95,86,85,67
"12-04-2010",32,62,83,52,74,58,16,26,38,46,67,88,93,98,106,103,96,85,89,80,67,14,11,7
"13-04-2010",4,15,19,27,11,8,4,4,8,31,48,56,80,94,110,108,107,106,97,91,67,68,55,35
"14-04-2010",43,22,47,49,39,19,7,23,5,37,87,93,97,105,108,111,114,118,115,103,92,89,81,88
"15-04-2010",71,59,61,42,17,6,5,4,9,42,78,87,91,99,99,103,94,87,95,81,71,62,46,35
"16-04-2010",41,60,63,55,43,18,6,6,4,32,64,58,69,79,91,87,82,85,80,70,79,53,58,57
"17-04-2010",48,50,48,27,6,4,4,5,4,26,49,69,79,75,76,79,87,80,76,74,61,45,42,62
"18-04-2010",54,64,67,87,79,74,70,64,72,79,83,85,88,98,113,113,93,88,84,79,74,74,73,71
"19-04-2010",62,69,63,57,35,48,21,7,22,27,57,83,88,88,89,85,83,88,85,79,69,68,66,57
"20-04-2010",37,20,25,40,13,4,6,13,51,68,74,77,86,89,98,100,102,108,115,116,109,105,100,102
"21-04-2010",98,84,99,100,91,68,34,74,80,73,84,79,76,76,68,65,71,73,77,78,58,12,6,6
"22-04-2010",5,5,4,3,3,3,4,3,6,29,58,68,81,108,110,113,112,112,111,106,82,48,44,14
"23-04-2010",9,28,22,6,3,3,4,4,5,51,68,81,98,115,114,108,102,105,103,101,99,91,95,91
"24-04-2010",96,89,104,66,67,22,8,5,30,58,91,107,108,108,115,126,115,119,78,62,56,43,7,4
"25-04-2010",4,7,17,15,35,10,7,17,70,101,111,123,115,132,135,132,135,134,132,130,118,118,117,116
"26-04-2010",91,59,106,105,92,81,78,73,61,76,82,86,88,93,100,98,105,104,102,107,103,106,109,108
"27-04-2010",108,108,112,105,100,94,83,83,78,82,86,90,93,97,101,102,101,100,99,99,98,98,102,99
"28-04-2010",97,81,67,74,79,81,82,80,80,87,87,92,100,104,106,100,104,100,103,97,94,85,88,78
"29-04-2010",68,13,13,18,45,78,77,70,79,88,92,100,102,100,100,105,106,104,101,101,95,86,81,73
"30-04-2010",79,79,71,94,75,85,63,78,75,79,99,103,105,106,106,106,104,101,99,92,85,79,82,88
"01-05-2010",69,71,12,-9999,7,4,1,10,53,87,102,105,114,127,130,129,122,119,112,99,94,86,81,34
"02-05-2010",24,21,12,8,17,3,14,8,35,65,89,111,121,130,137,137,132,128,120,122,105,84,73,44
"03-05-2010",17,3,5,8,3,3,4,6,3,18,26,58,100,106,107,110,110,95,99,95,79,57,29,18
"04-05-2010",6,6,6,5,5,4,3,4,5,11,25,-9999,-9999,88,105,116,108,94,86,66,40,18,4,4
"05-05-2010",3,3,3,3,3,3,3,3,6,17,41,55,77,102,113,106,122,120,104,87,53,22,13,2
"06-05-2010",3,3,26,28,30,16,3,3,3,11,53,61,86,107,116,109,100,96,106,97,83,70,79,65
"07-05-2010",74,70,56,32,6,3,3,3,19,46,64,79,96,97,95,94,97,96,99,76,72,51,50,21
"08-05-2010",23,5,4,4,13,8,3,4,7,21,46,57,75,91,95,107,85,69,82,81,41,24,11,3
"09-05-2010",3,9,6,8,28,33,31,19,56,76,85,84,89,93,97,99,112,125,126,125,129,120,104,74
"10-05-2010",56,39,27,24,2,3,3,3,7,15,37,59,80,135,135,121,112,105,92,81,58,48,31,13
"11-05-2010",3,5,10,14,10,2,2,3,3,10,37,73,100,113,113,127,117,128,122,104,75,41,31,30
"12-05-2010",11,2,2,2,2,2,2,2,2,8,40,77,94,124,111,103,109,103,96,78,35,20,20,7
"13-05-2010",7,6,7,5,14,1,1,1,4,56,88,92,85,87,93,100,98,98,99,78,67,46,16,8
"14-05-2010",18,12,26,43,28,25,4,4,15,41,45,65,71,87,93,87,90,82,80,68,69,76,67,54
"15-05-2010",46,23,23,44,28,11,14,12,13,18,20,31,47,51,54,64,74,75,68,56,65,81,87,80
"16-05-2010",82,82,79,92,88,89,83,83,85,85,83,85,92,105,108,108,101,94,95,91,87,89,91,88
"17-05-2010",85,87,92,92,89,69,52,64,75,79,85,83,88,94,101,103,100,96,96,93,89,86,89,90
"18-05-2010",94,95,93,95,100,88,58,70,73,79,76,73,71,66,66,78,79,80,77,78,69,61,62,45
"19-05-2010",58,38,31,37,36,42,30,27,44,64,66,72,75,75,81,92,88,94,95,93,84,89,73,59
"20-05-2010",55,52,13,12,10,4,3,9,40,55,74,80,87,95,94,96,96,92,91,91,86,77,65,60
"21-05-2010",52,44,37,31,19,12,7,8,16,32,36,51,64,67,64,56,62,70,67,74,68,60,65,71
"22-05-2010",69,55,39,44,58,62,55,54,68,71,72,74,76,82,89,90,89,87,92,84,83,71,18,13
"23-05-2010",7,2,2,2,3,2,3,4,19,33,45,66,80,88,91,86,67,68,76,83,50,30,10,17
"24-05-2010",3,3,3,3,2,2,2,3,12,27,34,58,72,83,88,87,83,91,97,92,76,71,51,36
"25-05-2010",27,24,9,12,4,3,3,3,7,21,29,54,75,90,93,91,92,82,81,75,61,62,53,35
"26-05-2010",35,13,5,4,3,3,3,3,9,24,48,68,84,85,93,102,99,94,88,78,60,34,32,24
"27-05-2010",25,6,2,-9999,2,3,2,2,3,21,25,62,92,109,122,122,109,101,103,90,69,48,22,3
"28-05-2010",2,4,5,24,29,10,2,2,5,22,42,62,73,76,87,95,116,113,105,78,66,56,70,53
"29-05-2010",44,31,24,21,3,2,2,2,24,73,67,86,97,105,109,106,138,136,126,119,103,68,63,61
"30-05-2010",37,9,6,4,3,2,3,3,15,52,57,75,86,117,119,118,106,87,97,98,58,46,21,7
"31-05-2010",2,5,18,11,2,3,2,4,4,13,29,51,89,111,106,101,95,91,94,94,93,79,83,79
"01-06-2010",60,43,32,24,25,47,20,46,66,79,82,88,84,86,87,92,93,79,56,72,55,72,71,69
"02-06-2010",60,62,53,49,28,20,16,20,36,48,57,65,83,111,104,95,86,84,82,82,78,71,75,67
"03-06-2010",63,55,59,56,67,60,26,30,48,58,72,65,91,112,113,98,91,83,74,78,74,61,48,14
"04-06-2010",17,44,54,48,21,3,4,7,15,45,62,68,79,81,86,77,75,71,65,56,57,48,54,40
"05-06-2010",33,23,27,28,25,33,25,16,9,9,23,20,39,45,50,60,74,78,73,74,66,55,53,64
"06-06-2010",62,73,71,67,50,52,54,60,65,65,71,76,78,79,81,82,80,75,76,71,64,47,20,38
"07-06-2010",47,33,20,44,29,23,16,6,19,40,54,66,78,74,98,103,99,102,95,75,75,58,41,55
"08-06-2010",48,27,24,8,7,2,3,2,6,13,44,47,86,101,99,110,116,108,101,88,72,55,55,61
"09-06-2010",58,53,20,14,19,15,4,18,9,33,60,79,71,82,32,34,73,103,106,84,67,34,20,9
"10-06-2010",3,2,2,2,4,2,2,3,17,55,68,73,73,73,80,86,90,94,93,88,81,68,60,57
"11-06-2010",61,71,49,61,70,34,5,6,56,73,81,86,90,96,97,98,101,104,106,106,102,84,70,50
"12-06-2010",45,48,13,13,15,6,14,30,68,95,106,106,99,102,107,119,146,135,124,92,48,8,12,5
"13-06-2010",13,9,2,5,4,2,3,4,18,63,73,90,110,123,111,116,112,98,100,91,64,33,21,10
"14-06-2010",15,25,27,4,4,3,2,2,4,21,25,76,101,116,108,119,131,106,102,105,88,66,35,12
"15-06-2010",2,7,19,10,3,2,2,2,4,28,40,73,122,119,104,93,102,90,108,108,91,56,38,7
"16-06-2010",4,18,5,2,2,2,2,2,1,9,25,47,65,94,86,102,83,81,65,62,54,24,20,10
"17-06-2010",3,3,6,12,3,2,2,2,4,12,18,32,45,61,80,87,96,74,54,54,56,50,58,56
"18-06-2010",71,70,65,63,39,7,3,14,52,70,77,84,86,109,103,68,79,76,70,63,44,48,40,61
"19-06-2010",68,53,30,38,31,21,6,7,44,70,67,84,92,97,98,88,88,80,64,73,64,57,58,46
"20-06-2010",35,71,73,63,52,37,30,41,48,44,58,63,73,84,92,99,85,81,80,85,79,76,63,59
"21-06-2010",65,54,51,68,55,37,22,24,50,58,76,85,92,93,93,94,94,92,81,78,76,74,76,81
"22-06-2010",76,81,86,83,79,74,57,62,71,74,74,74,78,79,82,72,77,84,90,92,83,69,80,81
"23-06-2010",75,74,65,58,42,24,21,33,45,56,62,60,59,64,71,65,55,58,68,64,56,42,25,35
"24-06-2010",36,43,34,26,29,18,5,14,23,-9999,-9999,36,51,54,37,48,57,61,57,55,51,57,49,53
"25-06-2010",58,53,31,12,24,5,15,34,43,46,53,56,59,65,67,76,95,106,98,102,91,81,80,71
"26-06-2010",70,62,65,52,42,30,12,7,31,38,54,76,81,91,93,94,90,97,93,88,84,70,45,33
"27-06-2010",26,39,33,28,26,24,8,12,28,29,48,72,87,83,86,90,81,76,73,62,52,48,44,42
"28-06-2010",35,42,48,67,50,38,11,3,10,23,52,60,49,56,30,46,80,78,75,65,22,18,22,17
"29-06-2010",11,15,7,6,3,2,3,4,14,25,42,69,83,87,90,90,85,84,81,74,58,70,46,23
"30-06-2010",23,23,12,6,3,3,2,2,6,18,43,57,71,81,89,84,76,49,69,71,63,53,33,12
"01-07-2010",3,4,3,2,3,2,3,3,13,38,43,44,95,124,101,76,81,79,80,63,70,65,41,34
"02-07-2010",12,4,3,9,8,3,3,3,14,30,55,74,87,105,141,153,127,108,73,74,59,40,34,28
"03-07-2010",13,13,22,29,16,3,3,22,61,70,76,85,92,97,92,88,90,78,74,77,76,66,52,29
"04-07-2010",13,21,19,14,9,3,3,24,57,71,85,85,100,101,104,107,104,98,96,81,70,66,55,42
"05-07-2010",31,34,11,5,3,3,3,3,12,54,76,91,109,109,116,106,81,79,77,75,67,52,32,40
"06-07-2010",35,42,45,46,37,30,46,56,61,78,91,105,122,141,159,144,126,117,91,81,67,62,54,36
"07-07-2010",24,29,11,13,11,3,3,3,21,57,69,76,82,90,92,97,110,114,71,50,54,48,28,13
"08-07-2010",15,20,36,23,26,18,4,4,27,55,64,62,67,70,76,77,75,74,76,77,77,75,74,72
"09-07-2010",65,61,65,68,62,56,51,46,51,57,66,69,72,76,75,75,75,78,79,74,66,55,29,9
"10-07-2010",53,62,61,58,53,49,28,30,38,60,68,74,71,73,76,81,80,83,78,78,74,69,69,69
"11-07-2010",71,70,56,40,26,35,51,45,55,69,71,70,74,80,82,85,96,88,81,76,69,41,37,19
"12-07-2010",15,47,27,14,11,3,3,3,26,42,65,82,90,116,121,129,137,121,97,91,90,69,61,42
"13-07-2010",35,11,12,6,7,3,2,3,19,29,35,62,97,106,96,106,109,99,102,104,93,75,68,26
"14-07-2010",32,24,8,4,4,2,3,3,16,41,62,78,75,83,93,85,76,120,101,77,73,58,47,33
"15-07-2010",28,31,11,9,9,3,3,3,15,42,67,78,81,104,97,104,102,91,84,79,75,69,58,76
"16-07-2010",78,80,86,83,77,67,-9999,-9999,-9999,-9999,-9999,-9999,-9999,84,87,87,87,85,86,84,87,82,79,77
"17-07-2010",81,79,75,78,80,73,60,68,80,88,89,94,94,97,93,94,93,95,94,92,86,79,75,62
"18-07-2010",64,57,64,33,61,72,71,72,84,88,90,92,93,95,96,98,98,94,91,88,87,86,85,68
"19-07-2010",57,58,67,68,74,74,73,68,68,72,74,81,84,88,85,88,88,88,87,73,63,81,77,84
"20-07-2010",80,87,84,79,76,73,64,62,66,70,79,82,86,93,88,92,92,91,90,88,82,72,64,63
"21-07-2010",57,60,30,9,18,8,3,13,30,66,94,102,122,133,160,160,128,106,87,85,85,75,65,48
"22-07-2010",55,45,22,11,17,6,3,3,44,72,79,77,83,84,80,93,93,92,93,92,87,73,40,37
"23-07-2010",46,73,86,83,95,87,78,62,59,72,67,76,78,79,84,89,92,91,87,82,79,75,72,54
"24-07-2010",38,9,15,24,5,3,3,3,11,70,99,103,142,128,117,110,107,106,104,97,92,79,83,61
"25-07-2010",64,50,44,17,10,4,9,21,33,40,78,103,101,115,105,95,92,96,96,93,77,77,70,59
"26-07-2010",52,62,79,89,77,57,49,50,59,82,66,76,86,94,85,91,84,81,80,65,44,23,16,26
"27-07-2010",17,48,57,51,59,51,35,45,46,56,76,81,80,85,91,95,93,94,89,81,65,68,69,66
"28-07-2010",60,65,54,59,53,50,35,42,60,69,75,86,88,95,93,94,95,93,92,87,85,84,77,60
"29-07-2010",58,59,47,37,38,44,46,48,62,72,78,80,81,81,83,87,88,88,85,82,80,75,75,65
"30-07-2010",56,49,50,70,77,77,61,61,72,81,83,88,90,94,97,98,98,97,91,86,82,78,66,50
"31-07-2010",41,31,16,29,20,15,13,29,69,78,94,116,128,121,118,100,94,89,66,52,47,44,39,43
"01-08-2010",30,34,30,20,22,20,15,21,33,41,56,71,89,104,114,95,84,61,53,38,33,23,16,9
"02-08-2010",8,12,10,4,3,3,3,3,26,50,61,68,70,71,70,68,72,75,68,65,61,55,46,28
"03-08-2010",23,15,14,15,8,4,4,4,29,55,75,79,84,92,100,79,101,96,94,79,65,52,47,31
"04-08-2010",24,25,32,25,15,9,4,8,35,42,39,62,97,98,100,128,127,96,88,100,90,73,57,41
"05-08-2010",44,47,62,45,43,28,4,12,26,47,76,88,92,121,132,134,113,95,71,71,55,42,35,27
"06-08-2010",26,22,29,35,23,23,-9999,-9999,-9999,-9999,-9999,-9999,-9999,-9999,-9999,-9999,-9999,-9999,-9999,-9999,-9999,-9999,45,32
"07-08-2010",41,31,33,41,35,18,9,21,33,42,53,56,68,68,74,88,83,73,57,48,43,41,23,36
"08-08-2010",15,4,6,13,24,24,17,8,20,38,45,75,98,121,121,103,100,95,87,81,65,56,42,34
"09-08-2010",30,24,14,8,12,6,5,3,28,52,73,78,64,67,71,75,80,89,83,70,68,63,54,36
"10-08-2010",34,29,23,24,56,42,18,4,37,68,70,71,73,77,82,84,83,90,83,80,72,73,69,48
"11-08-2010",9,4,17,47,42,27,8,33,47,68,92,99,107,99,102,103,112,110,76,87,51,21,23,19
"12-08-2010",31,43,39,30,23,11,3,3,16,58,89,114,122,125,133,145,137,125,110,86,79,50,40,43
"13-08-2010",44,46,36,29,33,18,4,5,12,64,78,117,133,141,155,160,131,109,101,61,33,33,29,21
"14-08-2010",40,24,26,29,35,24,8,9,33,66,82,88,93,94,115,133,123,105,99,97,89,75,53,35
"15-08-2010",11,20,33,15,7,3,3,9,63,80,88,88,86,89,89,92,92,93,94,93,83,77,76,63
"16-08-2010",63,40,48,58,58,48,27,35,64,79,89,90,91,91,96,99,100,100,98,95,86,70,57,31
"17-08-2010",8,15,13,27,12,8,4,3,4,15,51,76,104,111,117,108,96,96,102,88,68,61,68,69
"18-08-2010",29,19,27,31,40,19,21,4,16,64,96,99,101,108,128,136,124,109,88,86,81,79,73,84
"19-08-2010",67,68,33,53,42,26,8,17,30,95,101,106,109,110,113,149,151,136,105,98,90,79,74,91
"20-08-2010",91,65,52,47,41,29,13,21,71,92,98,94,104,104,104,102,101,96,96,95,89,87,89,92
"21-08-2010",88,90,95,90,79,73,73,78,80,88,95,93,93,92,93,91,91,90,90,88,86,85,85,81
"22-08-2010",80,81,83,80,78,70,73,74,77,78,80,82,85,87,87,85,84,80,81,80,80,77,78,79
"23-08-2010",79,79,79,82,78,71,70,57,65,73,77,77,76,79,79,80,84,81,81,77,74,71,71,62
"24-08-2010",60,74,79,74,58,42,53,30,53,65,74,86,81,82,86,86,89,87,79,76,48,24,31,28
"25-08-2010",16,53,17,10,5,4,3,3,4,26,61,89,114,124,116,129,139,119,89,79,58,63,55,45
"26-08-2010",29,22,11,8,4,4,3,3,5,49,81,91,96,93,95,96,98,97,94,89,87,72,72,68
"27-08-2010",52,51,53,70,80,75,66,46,44,74,77,76,78,78,78,81,82,82,81,80,65,67,60,46
"28-08-2010",40,31,31,16,20,19,8,4,10,47,77,89,99,114,127,106,103,97,96,87,71,62,60,52
"29-08-2010",32,6,15,9,9,5,6,4,14,36,55,72,96,102,97,91,92,91,84,69,43,22,8,8
"30-08-2010",6,21,4,14,20,16,25,19,30,45,56,69,81,110,135,112,82,65,47,42,36,33,34,30
"31-08-2010",29,33,36,39,37,46,29,45,34,57,67,71,79,74,66,66,67,71,67,61,53,58,57,66
"01-09-2010",61,57,59,47,54,53,52,47,54,57,62,67,75,76,83,85,92,94,94,74,66,53,45,28
"02-09-2010",27,48,42,50,45,22,33,25,47,59,-9999,-9999,82,100,105,100,87,87,86,79,77,66,67,55
"03-09-2010",45,28,27,21,16,3,1,1,35,54,67,78,88,94,105,102,92,94,95,87,79,67,64,61
"04-09-2010",64,56,56,47,35,43,66,64,71,85,96,104,117,131,146,125,113,113,104,92,83,78,61,57
"05-09-2010",58,54,59,58,62,57,55,50,57,77,77,83,84,102,93,70,69,69,68,66,62,62,59,56
"06-09-2010",53,63,65,68,69,62,53,40,44,41,33,41,38,44,43,59,65,67,68,62,57,53,34,22
"07-09-2010",3,11,22,4,5,2,2,2,15,45,63,72,91,94,98,114,113,105,89,62,60,44,36,21
"08-09-2010",15,20,16,12,4,1,2,2,1,12,38,55,76,105,156,151,131,112,93,78,73,61,60,39
"09-09-2010",31,10,6,7,9,8,1,2,1,11,65,83,89,119,136,151,163,130,91,71,51,22,14,30
"10-09-2010",19,6,7,7,3,1,1,4,2,17,55,67,73,68,73,78,81,81,61,63,54,51,57,59
"11-09-2010",61,53,46,19,25,18,48,48,51,55,59,66,71,73,70,62,52,41,35,25,6,2,4,4
"12-09-2010",3,2,12,25,33,30,28,36,39,50,56,58,57,56,59,63,63,61,60,51,48,38,51,48
"13-09-2010",44,38,22,7,5,5,2,2,9,26,35,45,61,82,76,55,64,68,62,51,45,49,26,15
"14-09-2010",19,27,15,17,16,3,1,2,3,42,72,75,88,89,88,89,84,84,82,71,64,46,17,3
"15-09-2010",1,2,19,18,8,36,49,39,48,57,60,63,71,72,77,77,79,83,78,78,60,40,15,1
"16-09-2010",1,1,1,2,1,1,1,1,1,23,63,82,88,91,92,93,85,101,85,64,35,2,2,1
"17-09-2010",2,1,1,1,1,1,1,1,1,2,44,52,68,82,86,86,87,75,68,70,46,23,17,1
"18-09-2010",1,1,1,1,1,1,1,1,1,8,22,63,91,80,84,91,87,88,81,60,39,14,17,14
"19-09-2010",2,1,1,1,1,1,1,1,1,11,30,45,44,80,92,96,89,75,62,41,19,13,3,1
"20-09-2010",3,1,1,1,1,1,1,1,1,2,14,24,50,49,55,58,57,60,56,24,26,36,26,41
"21-09-2010",57,53,74,80,70,53,46,43,42,52,57,60,61,63,69,71,73,75,75,75,69,65,67,67
"22-09-2010",61,64,64,62,60,52,50,49,50,57,59,61,65,69,70,74,72,75,74,67,64,65,67,67
"23-09-2010",73,75,60,33,54,45,49,44,55,58,56,62,63,66,68,68,69,66,64,59,51,62,64,65
"24-09-2010",61,59,43,36,28,41,33,11,25,35,50,59,67,62,73,73,62,64,63,60,57,54,39,35
"25-09-2010",33,24,29,36,17,8,9,4,3,4,9,38,43,33,32,34,38,41,37,35,36,32,26,9
"26-09-2010",23,28,31,35,33,33,23,6,23,34,43,45,50,51,54,56,52,53,46,38,33,33,38,25
"27-09-2010",29,19,21,4,3,2,2,2,2,8,33,47,54,61,65,67,70,68,60,41,10,17,8,2
"28-09-2010",3,3,1,1,1,2,2,1,1,1,8,23,37,51,62,54,55,50,39,30,25,22,2,1
"29-09-2010",2,3,1,1,1,1,1,1,1,1,11,32,42,45,45,35,25,30,23,23,28,27,46,39
"30-09-2010",50,45,64,52,30,40,14,29,31,48,56,67,72,80,82,85,92,77,71,55,44,35,30,33
"01-10-2010",36,41,34,39,36,16,5,6,25,56,50,65,64,61,75,81,84,80,80,70,57,42,45,37
"02-10-2010",30,31,39,40,27,13,18,40,46,55,56,54,63,68,74,76,80,78,77,78,75,72,68,64
"03-10-2010",48,63,60,51,26,50,40,24,43,64,71,77,84,83,89,89,88,82,77,74,63,69,64,60
"04-10-2010",68,70,71,70,57,48,40,34,35,41,55,63,68,80,84,87,95,75,62,61,66,62,65,65
"05-10-2010",62,69,66,62,53,47,7,9,9,34,49,63,63,79,94,107,105,71,58,53,33,17,15,7
"06-10-2010",2,1,2,2,1,2,2,2,1,3,31,39,50,64,63,60,53,34,34,30,14,14,3,2
"07-10-2010",9,20,25,43,49,46,41,26,28,35,38,39,40,47,47,49,54,56,54,50,51,52,53,55
"08-10-2010",57,57,57,59,58,49,46,47,50,52,54,53,53,55,55,54,54,55,51,55,54,56,60,57
"09-10-2010",60,60,58,55,51,47,43,17,20,36,52,57,62,59,66,62,67,58,54,42,33,13,5,5
"10-10-2010",10,15,23,29,15,7,4,2,5,12,47,54,46,55,48,45,43,38,31,26,15,17,13,15
"11-10-2010",3,3,7,22,18,16,2,1,2,10,44,47,48,46,33,35,18,19,3,2,2,1,1,1
"12-10-2010",1,8,14,26,20,7,2,2,1,1,2,2,2,19,24,10,16,27,25,17,15,2,2,2
"13-10-2010",2,1,2,3,2,2,3,1,1,2,1,2,3,5,4,6,16,20,5,1,1,3,2,1
"14-10-2010",1,1,1,2,1,1,1,1,1,3,12,21,29,30,32,33,29,28,21,7,1,1,1,1
"15-10-2010",1,1,1,1,1,1,1,1,1,2,13,30,40,44,46,49,53,39,27,21,10,7,2,1
"16-10-2010",2,1,1,1,1,2,2,1,1,4,30,41,57,64,64,66,66,54,38,16,21,10,1,1
"17-10-2010",1,1,1,2,1,1,2,1,1,10,32,56,61,63,69,72,73,72,61,46,35,32,41,30
"18-10-2010",30,35,35,32,24,13,2,2,2,2,2,4,6,6,5,7,6,9,2,3,1,1,1,2
"19-10-2010",4,8,31,32,19,9,2,12,22,23,34,36,41,47,49,51,52,52,51,55,49,17,33,42
"20-10-2010",53,53,60,56,32,24,8,28,35,43,52,56,57,60,57,50,50,38,30,35,26,25,17,13
"21-10-2010",15,22,8,2,2,2,2,2,2,5,24,42,46,51,57,57,54,46,27,10,2,2,2,2
"22-10-2010",5,5,14,37,34,39,27,24,22,27,39,45,44,48,51,52,57,58,57,52,28,34,25,51
"23-10-2010",53,45,45,32,13,2,2,2,3,21,42,50,41,49,45,51,54,56,50,43,38,13,2,2
"24-10-2010",2,2,2,2,5,2,1,2,2,7,47,60,72,79,82,84,85,87,61,20,5,2,1,1
"25-10-2010",1,1,1,2,2,1,2,2,2,2,15,45,48,43,47,52,53,56,58,43,17,17,7,34
"26-10-2010",47,38,44,44,16,5,2,-9999,2,2,3,12,24,18,34,32,38,39,5,2,2,2,1,2
"27-10-2010",1,1,2,1,2,2,1,1,1,1,3,8,29,40,31,28,32,31,26,19,28,38,23,3
"28-10-2010",3,4,4,2,3,2,2,2,2,11,23,26,27,28,30,34,36,35,35,34,37,36,38,35
"29-10-2010",37,40,41,41,37,36,38,30,20,20,31,36,34,37,46,49,52,49,43,39,29,22,14,14
"30-10-2010",16,20,18,9,5,2,2,2,2,7,29,47,61,68,73,71,68,55,42,40,22,3,2,3
"31-10-2010",3,4,3,3,4,2,4,2,3,7,38,58,64,67,73,67,66,63,30,16,2,2,2,2
"01-11-2010",2,-9999,-9999,-9999,-9999,-9999,-9999,-9999,-9999,2,24,43,61,56,63,70,62,25,8,2,2,2,2,2
"02-11-2010",2,2,4,9,8,2,2,2,3,23,42,54,55,53,63,63,52,27,12,9,2,2,2,2
"03-11-2010",2,2,2,2,2,2,2,2,2,4,24,37,46,41,35,37,18,6,-9999,2,2,2,2,2
"04-11-2010",2,2,2,3,6,2,2,2,2,11,34,38,45,46,49,43,48,16,2,2,2,2,2,2
"05-11-2010",2,2,2,2,2,2,2,2,2,1,2,7,13,18,19,34,12,2,2,2,2,2,2,2
"06-11-2010",2,2,2,2,2,2,2,2,2,2,16,35,45,62,71,65,42,10,6,2,2,2,2,2
"07-11-2010",2,2,2,2,2,2,2,2,2,4,15,36,45,52,59,64,62,46,20,18,3,2,4,2
"08-11-2010",2,2,2,2,2,2,2,2,16,13,23,42,41,37,36,39,42,46,46,46,48,51,52,51
"09-11-2010",54,56,58,56,48,35,32,47,46,50,50,54,51,54,55,54,52,54,51,50,49,51,48,48
"10-11-2010",50,52,55,55,36,38,38,37,36,43,43,48,50,55,56,55,51,39,55,47,42,40,36,32
"11-11-2010",44,19,2,1,1,1,1,1,1,21,38,45,47,47,46,43,40,5,1,1,1,1,1,1
"12-11-2010",1,1,1,2,12,2,1,1,1,1,15,26,9,6,1,2,1,1,1,1,1,1,3,10
"13-11-2010",1,13,26,27,31,34,30,26,29,26,32,37,43,48,49,40,40,37,22,31,21,44,48,48
"14-11-2010",47,44,49,53,50,51,49,47,47,48,51,54,56,56,54,54,46,28,11,8,7,6,3,3
"15-11-2010",12,3,4,3,2,2,1,1,1,2,4,17,20,32,35,32,16,3,1,1,1,1,1,1
"16-11-2010",1,1,1,1,1,1,1,1,1,2,15,29,39,53,54,48,35,21,16,6,1,1,2,1
"17-11-2010",1,1,1,1,1,1,1,1,1,19,38,48,47,47,46,36,23,4,1,2,1,2,2,2
"18-11-2010",2,2,2,1,1,1,1,1,1,8,23,31,38,46,51,43,18,2,1,1,1,1,2,1
"19-11-2010",2,1,1,1,1,1,1,1,1,4,26,42,47,49,48,46,34,13,8,4,2,1,1,1
"20-11-2010",1,1,1,1,1,1,1,1,1,1,7,16,30,43,45,39,11,4,1,1,1,1,1,1
"21-11-2010",1,2,1,1,1,1,1,1,1,3,15,24,37,49,53,50,31,9,2,1,1,1,2,1
"22-11-2010",1,1,1,1,1,1,1,1,1,3,13,27,-9999,-9999,-9999,-9999,-9999,-9999,-9999,-9999,-9999,-9999,36,31
"23-11-2010",35,38,39,35,30,27,24,14,22,33,38,42,42,36,44,44,35,41,49,54,57,50,41,46
"24-11-2010",53,50,40,21,8,1,1,3,1,5,25,43,51,53,53,50,51,48,51,49,51,52,55,46
"25-11-2010",32,27,31,27,34,10,1,1,1,9,39,45,39,50,46,29,15,18,17,9,2,1,2,2
"26-11-2010",2,1,14,18,10,1,2,32,43,43,52,50,49,55,54,49,47,51,52,51,50,52,54,54
"27-11-2010",53,53,53,49,44,39,38,29,30,33,39,43,47,49,50,47,43,38,41,43,40,30,29,27
"28-11-2010",11,1,1,1,1,1,1,1,1,1,12,30,35,34,30,38,38,36,35,35,38,37,45,44
"29-11-2010",43,43,43,41,38,33,26,21,24,28,26,31,33,37,37,33,26,11,5,10,18,21,35,33
"30-11-2010",30,26,35,39,17,16,2,9,3,4,10,34,45,47,34,27,17,17,5,-9999,7,1,1,15
"01-12-2010",30,33,35,41,38,26,11,2,2,4,21,32,33,28,30,28,27,32,32,29,28,24,22,11
"02-12-2010",1,2,1,1,2,2,10,1,1,10,22,23,24,20,26,17,20,28,39,41,34,9,2,2
"03-12-2010",1,1,1,9,4,1,1,1,3,36,43,46,47,48,48,47,47,41,41,40,33,16,11,33
"04-12-2010",40,40,46,44,37,37,34,29,31,44,52,54,57,60,61,61,58,46,47,46,47,60,59,55
"05-12-2010",46,50,63,53,54,25,42,25,19,40,49,59,62,63,68,68,61,51,44,25,22,22,18,9
"06-12-2010",4,2,11,4,2,2,2,2,2,5,26,37,45,51,50,53,45,11,2,2,2,2,3,3
"07-12-2010",3,2,3,2,2,2,2,2,2,2,6,22,30,42,48,43,22,4,2,2,2,2,2,2
"08-12-2010",2,2,2,2,2,2,2,2,2,2,15,24,30,34,39,38,21,4,2,2,2,2,2,2
"09-12-2010",2,2,2,2,2,2,2,2,2,2,8,30,33,35,31,27,27,20,8,27,34,28,31,35
"10-12-2010",36,21,18,23,26,30,9,7,9,8,22,26,31,34,37,34,43,42,52,55,55,60,59,63
"11-12-2010",59,52,48,49,49,48,43,42,38,36,37,41,40,42,51,49,52,54,56,54,55,51,53,54
"12-12-2010",51,55,55,55,55,52,45,32,35,54,57,64,65,-9999,-9999,-9999,-9999,-9999,-9999,-9999,-9999,-9999,-9999,-9999
"13-12-2010",-9999,-9999,-9999,-9999,-9999,-9999,-9999,-9999,-9999,-9999,-9999,-9999,-9999,-9999,-9999,-9999,-9999,-9999,-9999,-9999,-9999,-9999,-9999,-9999
"14-12-2010",-9999,-9999,-9999,-9999,-9999,-9999,-9999,-9999,-9999,-9999,-9999,-9999,-9999,-9999,-9999,-9999,-9999,-9999,-9999,-9999,-9999,-9999,-9999,-9999
"15-12-2010",-9999,-9999,-9999,-9999,-9999,-9999,-9999,-9999,-9999,-9999,-9999,-9999,-9999,-9999,-9999,-9999,-9999,-9999,-9999,-9999,-9999,-9999,-9999,-9999
"16-12-2010",-9999,-9999,-9999,-9999,-9999,-9999,-9999,-9999,-9999,-9999,-9999,-9999,-9999,5,6,3,4,5,3,2,16,21,22,22
"17-12-2010",26,25,18,6,1,2,1,1,1,3,3,8,7,11,15,15,13,3,2,2,1,2,2,2
"18-12-2010",14,31,34,34,7,2,2,2,2,11,37,50,52,54,53,49,48,50,46,44,50,51,42,32
"19-12-2010",37,52,59,44,38,35,21,6,3,2,4,11,7,3,3,3,3,2,2,2,3,3,3,2
"20-12-2010",2,2,2,2,2,2,2,1,1,1,9,16,21,22,21,24,22,23,25,22,16,5,9,17
"21-12-2010",23,5,25,38,37,18,3,26,20,28,34,43,43,35,40,42,23,16,10,18,20,16,6,12
"22-12-2010",2,2,1,1,1,1,1,1,1,1,2,20,40,43,49,45,34,22,17,5,2,2,2,2
"23-12-2010",2,2,2,1,1,1,1,1,2,1,6,24,35,40,42,36,27,18,13,13,15,18,23,26
"24-12-2010",30,25,33,33,26,29,23,12,19,23,27,34,40,45,44,43,45,47,42,37,26,28,42,43
"25-12-2010",50,54,54,51,44,40,43,43,44,47,42,46,53,59,64,61,54,33,41,30,25,18,4,3
"26-12-2010",2,2,2,2,2,2,4,3,3,5,25,25,46,53,54,49,45,38,20,11,3,3,2,2
"27-12-2010",2,2,2,2,2,2,2,2,2,1,2,7,10,10,5,2,2,2,2,2,2,5,3,2
"28-12-2010",2,2,2,3,6,2,2,2,2,3,5,9,13,9,14,14,8,6,4,6,2,4,2,6
"29-12-2010",4,15,17,19,20,12,7,3,6,11,18,26,22,24,23,28,27,17,11,18,24,29,28,32
"30-12-2010",30,32,27,30,32,33,22,17,30,25,29,32,33,33,33,33,29,19,16,11,5,2,2,1
"31-12-2010",1,2,1,5,6,1,1,1,1,5,21,36,47,49,50,46,22,14,9,2,2,2,2,2
"01-01-2011",2,-9999,-9999,-9999,-9999,-9999,-9999,-9999,-9999,-9999,-9999,-9999,-9999,-9999,-9999,-9999,-9999,-9999,-9999,-9999,-9999,-9999,-9999,-9999
