"01-01-2012",0.6,0.5,0.5,0.4,0.4,0.4,0.3,0.3,0.3,0.3,0.3,0.3,0.4,0.4,0.4,0.3,0.4,0.4,0.5,0.5,0.6,0.7,0.7,0.6
"02-01-2012",0.5,0.6,0.6,0.4,0.4,0.6,0.8,1.2,0.8,0.6,0.6,0.5,0.3,0.4,0.4,0.4,0.5,0.9,1.6,2.5,3.1,3.2,3.8,4.5
"03-01-2012",4.2,4.3,3.9,2.6,2.4,1.8,2.3,2.7,3.4,3.1,1.3,0.8,0.6,0.7,0.7,0.6,0.8,0.9,1.3,2.1,3.1,3.2,4.1,4.2
"04-01-2012",4.0,4.2,2.9,2.6,1.5,1.3,0.9,1.6,2.0,1.8,0.7,0.7,0.6,0.5,0.6,0.5,0.7,0.9,1.0,1.2,1.7,2.8,4.2,5.1
"05-01-2012",5.5,5.0,4.6,4.1,2.9,1.9,1.8,2.2,2.8,2.4,1.2,0.8,0.7,0.5,0.5,0.5,0.5,0.8,0.9,1.2,2.3,3.4,4.1,4.7
"06-01-2012",4.5,2.1,0.5,0.3,0.3,0.2,0.2,0.3,0.2,0.2,0.2,0.2,0.3,0.3,0.3,0.3,0.3,0.3,0.4,0.3,0.4,0.3,0.3,0.3
"07-01-2012",0.3,0.3,0.3,0.3,0.3,0.4,0.7,1.1,0.9,0.4,0.3,0.3,0.3,0.4,0.4,0.4,0.4,0.4,0.4,0.5,0.7,0.5,0.6,1.0
"08-01-2012",1.1,1.1,1.1,1.0,0.7,0.7,0.4,0.5,0.5,0.6,0.6,0.6,0.6,0.6,0.6,0.5,0.6,0.6,0.8,1.0,1.1,0.8,1.3,1.2
"09-01-2012",1.0,1.2,1.4,1.6,1.6,1.4,1.7,2.1,3.1,2.1,0.9,0.5,0.5,0.4,0.4,0.4,0.5,0.6,0.6,0.6,0.6,0.5,0.5,0.4
"10-01-2012",0.4,0.3,0.3,0.3,0.3,0.3,0.3,0.4,0.5,0.4,0.4,0.4,0.4,0.5,0.4,0.4,0.4,0.4,0.4,0.5,0.7,0.5,0.6,0.4
"11-01-2012",0.4,0.3,0.3,0.3,0.3,0.4,0.5,0.8,0.5,0.4,0.5,0.5,0.5,0.6,0.6,0.5,0.5,0.5,0.4,0.6,0.6,0.5,0.6,0.5
"12-01-2012",0.4,0.3,0.3,0.4,0.3,0.3,0.4,0.4,0.4,0.4,0.4,0.5,0.5,0.4,0.4,0.4,0.4,0.4,0.4,0.5,0.9,1.5,2.1,2.5
"13-01-2012",3.0,2.7,2.4,2.1,1.6,1.6,1.9,2.8,3.8,3.7,1.3,0.7,0.6,0.5,0.4,0.6,0.5,0.6,0.6,0.5,0.8,1.0,1.0,0.7
"14-01-2012",1.0,1.4,1.8,1.7,1.5,1.4,1.9,2.1,2.8,1.8,0.8,0.8,0.5,0.6,0.4,0.6,0.7,0.6,0.5,0.6,0.5,0.5,0.4,0.4
"15-01-2012",0.4,0.4,0.3,0.3,0.3,0.3,0.3,0.3,0.4,0.4,0.5,0.5,0.5,0.4,0.4,0.4,0.4,0.5,0.5,0.6,0.7,1.3,0.9,0.5
"16-01-2012",0.4,0.4,0.3,0.3,0.3,0.3,0.4,0.8,0.5,0.5,0.4,0.3,0.3,0.3,0.3,0.3,0.3,0.4,0.4,0.4,0.4,0.4,0.4,0.4
"17-01-2012",0.4,0.4,0.3,0.3,0.3,0.3,0.3,0.5,0.8,0.7,0.5,0.3,0.4,0.4,0.4,0.4,0.4,0.5,0.6,1.0,1.3,1.5,1.3,1.3
"18-01-2012",1.1,0.8,0.4,0.4,0.3,0.4,0.5,1.0,0.6,0.4,0.4,0.4,0.3,0.3,0.4,0.4,0.4,0.5,0.6,0.8,1.7,3.0,3.9,3.5
"19-01-2012",2.4,2.3,1.5,1.0,0.8,0.9,1.3,2.0,2.3,1.2,0.7,0.5,0.4,0.4,0.5,0.4,0.6,0.8,1.1,2.1,2.9,4.5,5.6,5.5
"20-01-2012",4.6,2.8,1.3,0.7,0.5,0.5,0.7,1.0,1.8,1.0,0.6,0.5,0.4,0.3,0.3,0.3,0.3,0.3,0.4,0.4,0.5,0.6,0.5,0.5
"21-01-2012",0.4,0.6,0.8,1.1,1.2,1.0,1.0,1.0,0.6,0.9,0.5,0.3,0.3,0.4,0.5,0.8,0.6,0.4,0.4,0.4,0.4,0.4,0.4,0.8
"22-01-2012",0.4,0.3,0.3,0.3,0.3,0.4,0.5,0.5,0.8,0.6,0.4,0.4,0.3,0.3,0.3,0.3,0.3,0.5,0.5,1.0,1.6,3.1,5.0,4.2
"23-01-2012",4.3,3.4,2.5,1.9,1.4,1.1,1.3,2.6,4.7,3.0,1.3,1.1,0.7,0.5,0.6,0.7,0.8,1.4,2.4,2.3,3.3,4.0,4.7,4.8
"24-01-2012",4.7,4.2,4.0,2.8,2.4,2.0,1.9,2.2,2.8,3.1,2.4,1.4,1.0,0.9,0.9,0.8,0.8,1.1,1.8,1.8,1.8,1.0,1.7,1.8
"25-01-2012",2.1,1.9,1.2,0.9,0.8,0.9,1.1,1.8,2.5,1.2,0.8,0.5,0.4,0.3,0.4,0.4,0.5,0.6,0.7,1.1,0.6,0.5,0.6,0.6
"26-01-2012",0.6,0.7,0.8,0.9,0.9,0.9,1.3,2.2,2.6,1.1,0.6,0.4,0.4,0.4,0.5,0.5,0.7,0.9,1.2,1.5,2.0,1.7,1.9,1.9
"27-01-2012",1.8,1.8,1.6,0.7,0.4,0.4,0.5,0.6,0.5,0.4,0.4,0.4,0.4,0.4,0.5,0.4,0.4,0.5,0.6,0.6,0.6,0.6,0.6,0.5
"28-01-2012",0.5,0.5,0.4,0.4,0.4,0.4,0.4,0.4,0.4,0.4,0.4,0.5,0.4,0.5,0.5,0.5,0.5,0.5,0.5,0.5,0.5,0.5,0.5,0.4
"29-01-2012",0.4,0.4,0.3,0.3,0.3,0.3,0.3,0.3,0.3,0.3,0.3,0.3,0.3,0.4,0.4,0.4,0.4,0.4,0.5,0.5,0.5,0.6,0.5,0.4
"30-01-2012",0.4,0.3,0.3,0.3,0.3,0.3,0.3,0.3,0.4,0.4,0.4,0.3,0.4,0.4,0.4,0.4,0.4,0.4,0.4,0.4,0.4,0.4,0.4,0.4
"31-01-2012",0.3,0.3,0.3,0.3,0.3,0.3,0.3,0.4,0.4,0.4,0.4,0.4,0.4,0.4,0.4,0.4,0.4,0.4,0.5,0.5,0.5,0.5,0.5,0.4
"01-02-2012",0.4,0.3,0.3,0.3,0.3,0.3,0.3,0.4,0.5,0.5,0.4,0.4,0.4,0.4,0.4,0.4,0.4,0.5,0.6,0.6,0.7,0.6,0.6,0.6
"02-02-2012",0.7,0.7,0.8,0.5,0.5,0.6,0.5,0.6,0.6,0.8,1.0,1.0,0.8,0.7,0.8,0.8,1.1,1.2,1.4,1.1,1.2,1.4,1.1,1.0
"03-02-2012",1.1,0.9,0.8,0.6,0.6,0.6,0.7,0.9,0.9,0.5,0.7,-9999,0.7,0.7,0.6,0.4,0.5,0.6,0.8,0.8,1.6,2.3,1.9,0.9
"04-02-2012",0.7,0.5,0.8,1.0,0.9,0.4,0.4,0.6,0.6,0.5,0.5,0.4,0.4,0.3,0.3,0.3,0.3,0.3,0.4,0.4,0.4,0.5,0.4,0.4
"05-02-2012",0.3,0.3,0.3,0.3,0.3,0.3,0.3,0.3,0.4,0.3,0.3,0.3,0.3,0.3,0.3,0.3,0.3,0.3,0.4,0.4,0.6,0.4,0.6,0.7
"06-02-2012",0.8,0.8,0.4,0.3,0.3,0.3,0.3,0.4,0.4,0.3,0.3,0.3,0.3,0.3,0.3,0.3,0.3,0.3,0.3,-9999,-9999,-9999,-9999,-9999
"07-02-2012",-9999,-9999,-9999,-9999,-9999,-9999,-9999,-9999,-9999,-9999,-9999,-9999,-9999,0.5,0.6,0.6,0.7,0.5,0.6,0.8,0.6,0.6,0.5,0.6
"08-02-2012",0.5,0.3,0.3,0.3,0.2,0.2,0.3,0.3,0.3,0.3,0.3,0.3,0.3,0.3,0.4,0.4,0.4,0.4,0.4,0.4,0.4,0.4,0.4,0.3
"09-02-2012",0.3,0.3,0.3,0.3,0.2,0.3,0.3,0.3,0.3,0.3,0.3,0.3,0.3,0.3,0.3,0.3,0.3,0.4,0.4,0.4,0.5,0.5,0.4,0.4
"10-02-2012",0.4,0.3,0.3,0.3,0.3,0.3,0.3,0.4,0.4,0.4,0.4,0.4,0.4,0.4,0.4,0.4,0.4,0.5,0.5,0.6,0.6,0.7,0.7,0.8
"11-02-2012",0.7,0.5,0.4,0.3,0.3,0.3,0.4,0.5,0.4,0.5,0.4,0.5,0.5,0.6,0.5,0.5,0.4,0.7,1.1,1.3,1.2,1.0,0.7,1.2
"12-02-2012",1.3,1.2,0.8,0.7,0.4,0.3,0.4,0.3,0.4,0.5,0.5,0.5,0.7,0.7,0.5,0.5,0.7,0.8,1.4,1.1,1.4,0.9,0.7,0.6
"13-02-2012",0.6,0.6,0.4,0.4,0.4,0.5,0.9,1.6,2.7,2.3,1.7,1.2,0.6,0.4,0.3,0.3,0.3,0.4,0.5,0.7,0.6,0.7,0.6,0.4
"14-02-2012",0.5,0.6,0.7,0.6,0.6,0.7,1.1,1.6,2.2,0.8,0.6,0.5,0.5,0.5,0.4,0.5,0.4,0.4,0.6,0.9,1.5,1.9,2.2,1.4
"15-02-2012",0.6,0.5,0.4,0.4,0.4,0.5,0.9,1.6,2.0,1.0,0.5,0.5,0.4,0.4,0.4,0.4,0.4,0.4,0.5,0.5,0.5,0.5,0.5,0.4
"16-02-2012",0.4,0.4,0.3,0.3,0.4,0.4,0.6,0.5,0.6,0.5,0.4,0.5,0.5,0.5,0.4,0.4,0.5,0.6,0.4,0.4,0.3,0.3,0.4,0.3
"17-02-2012",0.3,0.4,0.4,0.3,0.3,0.4,0.4,0.5,0.5,0.5,0.5,0.4,0.4,0.4,0.4,0.4,0.5,0.5,0.7,0.8,1.0,1.3,2.1,2.0
"18-02-2012",1.4,1.0,1.1,0.9,1.0,1.2,1.3,1.5,0.8,0.5,0.4,0.4,0.4,0.3,0.3,0.3,0.3,0.5,0.7,1.1,1.4,1.1,0.8,0.5
"19-02-2012",0.5,0.8,1.1,1.2,1.1,1.1,1.7,2.2,0.9,0.6,0.4,0.4,0.4,0.3,0.3,0.3,0.3,0.4,0.5,0.7,1.3,2.1,2.0,1.6
"20-02-2012",1.8,1.9,1.7,1.4,1.1,0.8,0.8,1.3,1.2,0.6,0.5,0.5,0.6,0.6,0.5,0.5,0.5,0.8,1.0,1.0,1.1,1.3,1.7,1.6
"21-02-2012",1.3,0.9,0.8,0.7,0.6,0.7,0.9,1.7,2.1,0.8,0.4,0.3,0.4,0.4,0.4,0.4,0.4,0.5,0.5,0.5,0.5,0.7,0.4,0.4
"22-02-2012",0.4,0.3,0.3,0.3,0.3,0.3,0.3,0.4,0.5,0.4,0.4,0.4,0.4,0.4,0.5,0.4,0.5,0.5,0.6,0.5,0.5,0.5,0.4,0.4
"23-02-2012",0.4,0.4,0.3,0.3,0.3,0.3,0.3,0.4,0.4,0.4,0.4,0.4,0.4,0.4,0.4,0.4,0.4,0.4,0.4,0.6,0.7,1.0,0.6,0.5
"24-02-2012",0.7,1.2,1.3,1.5,1.3,1.4,1.8,2.8,2.6,1.0,0.7,0.5,0.5,0.3,0.3,0.3,0.4,0.5,0.9,1.4,2.1,2.0,0.9,0.7
"25-02-2012",1.1,1.0,0.9,0.8,0.8,0.7,0.7,0.9,0.9,0.6,0.5,0.4,0.4,0.4,0.4,0.4,0.4,0.4,0.7,1.3,2.0,2.5,3.0,2.9
"26-02-2012",2.9,2.8,2.6,2.6,2.2,2.0,1.8,1.6,1.3,0.6,0.4,0.6,0.5,0.3,0.3,0.4,0.4,0.4,0.5,0.6,0.6,0.7,0.9,1.0
"27-02-2012",0.9,1.1,1.0,0.7,0.3,0.3,0.3,0.2,0.2,0.3,0.3,0.3,0.3,0.3,0.3,0.3,0.3,0.3,0.3,0.3,0.3,0.3,0.3,0.3
"28-02-2012",0.2,0.2,0.2,0.2,0.2,0.2,0.3,0.4,0.4,0.3,0.3,0.3,0.3,0.3,0.3,0.3,0.3,0.4,0.4,0.4,0.5,0.4,0.6,0.5
"29-02-2012",0.4,0.4,0.3,0.3,0.3,0.3,0.5,0.8,0.9,0.4,0.5,0.6,0.4,0.4,0.5,0.4,0.3,0.4,0.4,0.5,0.5,0.5,0.5,0.4
"01-03-2012",0.4,0.3,0.3,0.3,0.3,0.3,0.3,0.4,0.4,0.4,0.3,0.3,0.3,0.3,0.4,0.3,0.3,0.4,0.4,0.5,0.5,0.5,0.6,0.8
"02-03-2012",0.8,0.9,1.2,1.2,1.2,1.2,1.4,1.9,1.2,0.8,0.4,0.4,0.4,0.4,0.4,0.4,0.4,0.5,0.6,0.8,1.5,1.9,2.0,1.7
"03-03-2012",2.2,2.6,2.4,1.9,1.1,1.0,1.3,1.8,1.2,0.7,0.5,0.5,0.4,0.3,0.3,0.4,0.4,0.4,0.5,0.7,0.8,1.2,1.7,1.1
"04-03-2012",0.7,0.3,0.3,0.3,0.3,0.3,0.4,0.3,0.3,0.3,0.3,0.3,0.3,0.3,0.3,0.3,0.3,0.4,0.4,0.5,0.6,0.7,1.1,1.6
"05-03-2012",1.7,1.9,1.5,1.5,1.4,1.4,1.3,1.5,1.3,0.8,0.6,0.5,0.5,0.4,0.4,-9999,-9999,-9999,-9999,-9999,-9999,-9999,-9999,-9999
"06-03-2012",-9999,-9999,-9999,-9999,-9999,-9999,-9999,-9999,-9999,-9999,-9999,-9999,-9999,-9999,0.3,0.3,0.3,0.4,0.5,0.5,0.6,0.8,0.8,0.9
"07-03-2012",0.9,0.8,0.5,0.4,0.4,0.4,0.5,0.6,0.6,0.4,0.4,0.4,0.4,0.4,0.5,0.4,0.4,0.5,0.5,0.6,0.6,0.6,0.7,0.6
"08-03-2012",0.5,0.5,0.4,0.4,0.3,0.3,0.4,0.5,0.6,0.6,0.6,0.5,0.3,0.3,0.3,0.3,0.3,0.4,0.5,0.6,0.7,1.0,1.3,2.0
"09-03-2012",2.2,1.9,2.0,1.8,1.4,0.9,0.8,0.9,0.6,0.5,0.4,0.4,0.4,0.3,0.3,0.3,0.4,0.4,0.3,0.3,0.4,0.3,0.4,0.3
"10-03-2012",0.3,0.3,0.3,0.3,0.3,0.3,0.3,0.3,0.3,0.3,0.3,0.3,0.3,0.3,0.3,0.3,0.3,0.3,0.3,0.3,0.3,0.3,0.3,0.3
"11-03-2012",0.3,0.3,0.3,0.3,0.2,0.2,0.2,0.3,0.3,0.3,0.3,0.3,0.3,0.3,0.3,0.3,0.3,0.3,0.4,0.4,0.4,0.6,0.6,0.4
"12-03-2012",0.4,0.3,0.3,0.3,0.3,0.4,0.5,0.6,0.5,0.4,0.4,0.4,0.4,0.4,0.4,0.3,0.3,0.4,0.4,0.4,0.4,0.4,0.3,0.3
"13-03-2012",0.3,0.3,0.3,0.3,0.3,0.3,0.3,0.3,0.3,0.3,0.3,0.3,0.3,0.3,0.3,0.3,0.3,0.3,0.3,0.3,0.3,0.3,0.3,0.3
"14-03-2012",0.3,0.3,0.3,0.3,0.3,0.3,0.3,0.4,0.4,0.3,0.3,0.3,0.3,0.3,0.3,0.3,0.3,0.4,0.5,1.0,1.5,2.3,2.6,2.6
"15-03-2012",2.6,2.2,1.8,1.5,1.2,0.9,1.4,2.0,1.4,0.7,0.4,0.4,0.3,0.3,0.3,0.3,0.3,0.3,0.3,0.4,0.9,1.7,1.9,1.4
"16-03-2012",1.1,0.5,0.3,0.3,0.3,0.3,0.3,0.3,0.3,0.3,0.3,0.3,0.3,0.3,0.3,0.3,0.3,0.4,0.6,0.6,0.7,0.9,1.6,2.0
"17-03-2012",2.3,2.2,2.2,1.8,1.9,2.3,2.1,2.4,1.0,1.0,0.8,0.6,0.5,0.4,0.4,0.3,0.4,0.4,0.4,0.5,0.9,1.4,2.1,2.3
"18-03-2012",2.1,2.4,2.2,2.0,1.9,1.4,1.1,1.4,0.8,0.5,0.5,0.4,0.4,0.3,0.3,0.3,0.3,0.4,0.4,0.5,0.6,0.6,0.9,0.8
"19-03-2012",1.2,1.4,1.3,1.2,1.2,1.1,1.6,1.7,0.9,0.8,0.6,0.6,0.5,0.5,0.4,0.4,0.4,0.4,0.6,0.6,0.7,0.9,1.1,1.3
"20-03-2012",1.4,1.8,1.6,1.1,0.7,0.6,0.8,1.4,1.2,1.0,0.7,0.5,0.8,0.7,0.6,0.6,0.6,0.7,0.8,0.9,0.4,0.3,0.3,0.4
"21-03-2012",0.3,0.3,0.3,0.3,0.3,0.3,0.3,0.4,0.4,0.3,0.3,0.3,0.3,0.3,0.3,0.3,0.5,0.4,0.6,0.8,1.0,1.6,2.2,2.3
"22-03-2012",2.2,1.8,1.6,1.4,1.5,1.2,1.2,0.8,0.5,0.5,0.3,0.3,0.3,0.3,0.3,0.3,0.3,0.3,0.3,0.5,0.8,0.9,0.5,0.4
"23-03-2012",0.3,0.3,0.3,0.3,0.3,0.3,0.3,0.3,0.3,0.3,0.3,0.3,0.3,0.3,0.3,0.3,0.3,0.3,0.3,0.4,0.4,0.5,0.4,0.5
"24-03-2012",0.9,0.9,1.3,1.2,1.2,1.4,1.5,1.7,1.1,0.4,0.3,0.3,0.3,0.3,0.3,0.3,0.3,0.4,0.4,0.6,0.8,0.9,0.8,0.9
"25-03-2012",1.1,1.4,1.5,1.3,1.1,1.3,1.0,1.2,0.8,0.8,0.7,0.4,0.4,0.4,0.3,0.3,0.3,0.3,0.4,0.4,0.8,1.0,1.4,1.4
"26-03-2012",1.3,1.0,1.0,0.9,0.8,1.2,2.3,-9999,2.2,1.1,0.7,0.5,0.4,0.3,0.4,0.3,0.3,0.3,0.3,0.3,0.4,0.5,0.7,0.8
"27-03-2012",1.0,1.2,0.3,0.3,0.3,0.3,0.3,0.3,0.3,0.3,0.3,0.3,0.3,0.3,0.3,0.3,0.3,0.3,0.4,0.5,0.6,0.6,0.9,1.3
"28-03-2012",0.9,0.6,0.7,0.9,0.8,0.7,0.9,1.2,2.0,0.5,0.4,0.3,0.3,0.3,0.3,0.3,0.3,0.3,0.3,0.4,0.4,0.4,0.6,0.7
"29-03-2012",1.0,0.9,0.8,0.8,0.6,0.6,0.7,1.1,2.0,1.1,0.6,0.6,0.5,0.4,0.4,0.3,0.3,0.3,0.4,0.4,0.4,0.5,0.4,0.4
"30-03-2012",0.4,0.3,0.3,0.3,0.3,0.3,0.3,0.4,0.5,0.4,0.4,0.3,0.3,0.3,0.3,0.3,0.3,0.3,0.3,0.3,0.4,0.4,0.3,0.3
"31-03-2012",0.3,0.6,0.5,0.3,0.3,0.4,0.5,0.9,1.1,0.5,0.6,0.5,0.4,0.3,0.3,0.3,0.3,0.3,0.3,0.3,0.3,0.3,0.3,0.4
"01-04-2012",0.5,0.5,0.4,0.4,0.4,0.4,0.4,0.5,0.3,0.3,0.3,0.3,0.3,0.3,0.2,0.2,0.2,0.2,0.3,0.3,0.3,0.3,0.3,0.4
"02-04-2012",0.4,0.4,0.6,0.4,0.2,0.2,0.2,0.3,0.3,0.3,0.2,0.2,0.3,0.3,0.3,0.3,0.3,0.3,0.3,0.3,0.3,0.4,0.5,0.5
"03-04-2012",0.5,0.6,0.7,0.7,0.6,0.8,0.9,1.3,1.5,1.0,0.6,0.5,0.4,0.3,0.3,0.3,0.3,0.3,0.4,0.4,0.5,0.6,0.6,0.4
"04-04-2012",0.4,0.4,0.3,0.3,0.3,0.3,0.5,0.9,1.0,0.4,0.3,0.3,0.3,0.3,0.3,0.3,0.4,0.3,0.3,0.3,0.3,0.4,0.3,0.3
"05-04-2012",0.3,0.2,0.2,0.2,0.3,0.3,0.3,0.5,0.4,0.4,0.3,0.3,0.4,0.5,0.3,0.3,0.3,0.2,0.3,0.3,0.3,0.6,0.5,0.5
"06-04-2012",0.5,0.4,0.5,0.6,0.6,0.7,1.1,1.7,1.8,1.1,0.6,0.6,0.4,0.4,0.3,0.3,0.4,0.3,0.3,0.5,0.6,0.5,0.5,0.6
"07-04-2012",0.5,0.4,0.3,0.3,0.3,0.3,0.4,1.0,0.9,0.4,0.4,0.4,0.3,0.3,0.3,0.3,0.3,0.3,0.3,0.4,0.4,0.7,0.8,0.7
"08-04-2012",1.0,1.1,0.9,0.7,0.5,0.5,0.4,0.3,0.3,0.2,0.2,0.2,0.2,0.2,0.2,0.2,0.2,0.2,0.2,0.2,0.2,0.2,0.2,0.2
"09-04-2012",0.2,0.2,0.2,0.2,0.2,0.2,0.2,0.5,0.4,0.3,0.3,0.3,0.3,0.3,0.4,0.3,0.3,0.3,0.4,0.4,0.3,0.4,0.3,0.3
"10-04-2012",0.2,0.2,0.2,0.2,0.2,0.2,0.2,0.3,0.3,0.3,0.3,0.3,0.3,0.3,0.3,0.3,0.3,0.3,0.3,0.3,0.3,0.3,0.3,0.4
"11-04-2012",0.5,0.3,0.3,0.3,0.4,0.5,0.5,0.9,0.7,0.5,0.5,0.4,0.4,0.4,0.5,0.4,0.4,0.4,0.3,0.4,0.4,0.4,0.4,0.4
"12-04-2012",0.4,0.4,0.4,0.4,0.5,0.5,0.7,0.9,0.9,0.5,0.4,0.5,0.4,0.3,0.3,0.3,0.3,0.3,0.3,0.3,0.4,0.5,0.6,0.6
"13-04-2012",0.6,0.8,0.8,0.9,0.7,0.7,0.7,0.8,0.6,0.3,0.3,0.3,0.3,0.3,0.3,0.2,0.2,0.2,0.3,0.3,0.3,0.3,0.3,0.3
"14-04-2012",0.3,0.3,0.3,0.3,0.2,0.2,0.3,0.3,0.4,0.3,0.2,0.2,0.2,0.2,0.2,0.2,0.2,0.2,0.2,0.2,0.2,0.2,0.2,0.3
"15-04-2012",0.3,0.3,0.3,0.2,0.2,0.3,0.3,0.3,0.3,0.3,0.3,0.3,0.3,0.3,0.2,0.2,0.2,0.2,0.2,0.2,0.2,0.2,0.2,0.2
"16-04-2012",0.3,0.3,0.3,0.4,0.4,0.5,0.3,0.3,0.4,0.2,0.2,0.2,0.2,0.2,0.2,0.2,0.2,0.2,0.2,0.2,0.2,0.3,0.3,0.2
"17-04-2012",0.3,0.4,0.4,0.3,0.3,0.3,0.4,0.5,0.7,0.4,0.5,0.4,0.3,0.3,0.3,0.3,0.2,0.2,0.2,0.2,0.3,0.2,0.2,0.2
"18-04-2012",0.2,0.2,0.2,0.2,0.2,0.2,0.2,0.2,0.2,0.3,0.3,0.3,0.3,0.3,0.3,0.2,0.2,0.3,0.2,0.2,0.3,0.3,0.3,0.3
"19-04-2012",0.2,0.2,0.2,0.2,0.2,0.2,0.3,0.3,0.3,0.3,0.3,0.3,0.3,0.3,0.3,0.3,0.3,0.2,0.2,0.3,0.3,0.6,0.7,0.6
"20-04-2012",0.4,0.3,0.4,0.5,0.5,0.5,0.4,0.6,0.5,0.3,0.3,0.3,0.3,0.3,0.3,0.3,0.2,0.2,0.3,0.3,0.3,0.4,0.6,0.6
"21-04-2012",0.5,0.4,0.3,0.3,0.3,0.3,0.3,0.4,0.3,0.3,0.2,0.2,0.2,0.2,0.2,0.2,0.2,0.2,0.2,0.2,0.2,0.3,0.3,0.3
"22-04-2012",0.3,0.2,0.2,0.2,0.2,0.3,0.4,0.4,0.3,0.3,0.2,0.2,0.2,0.2,0.2,0.2,0.2,0.2,0.2,0.3,0.3,0.3,0.4,0.4
"23-04-2012",0.3,0.4,0.4,0.4,0.4,0.4,0.7,1.2,0.8,0.5,0.5,0.6,0.5,0.4,0.3,0.3,0.3,0.3,0.3,0.3,0.4,0.6,0.7,0.6
"24-04-2012",0.9,0.9,0.9,0.9,0.8,0.8,0.7,1.0,1.2,1.1,1.1,0.9,0.9,0.7,0.6,0.5,0.5,0.4,0.4,0.6,0.7,0.8,0.9,0.9
"25-04-2012",0.7,1.0,0.9,0.8,0.6,0.7,0.8,1.6,1.1,0.8,0.7,0.4,0.3,0.3,0.3,0.2,0.3,0.3,0.3,0.4,0.6,0.5,0.6,0.5
"26-04-2012",0.4,0.6,0.8,0.6,0.6,0.6,0.7,1.4,1.0,0.6,0.4,0.4,0.3,0.3,0.3,0.3,0.3,0.3,0.3,0.4,0.4,0.7,0.8,1.0
"27-04-2012",0.9,1.1,1.1,1.0,0.8,0.7,1.0,1.4,1.1,1.2,0.8,0.5,0.5,0.3,0.3,0.3,0.3,0.3,0.2,0.2,0.3,0.3,0.2,0.2
"28-04-2012",0.2,0.2,0.2,0.2,0.2,0.2,0.2,0.2,0.2,0.2,0.2,0.2,0.2,0.2,0.2,0.2,0.2,0.2,0.3,0.3,0.4,0.3,0.3,0.4
"29-04-2012",0.6,0.6,0.7,0.8,1.0,0.9,0.9,1.0,0.7,0.4,0.3,0.3,0.3,0.2,0.2,0.2,0.2,0.2,0.2,0.2,0.2,0.2,0.3,0.3
"30-04-2012",0.2,0.2,0.2,0.2,0.2,0.2,0.2,0.2,0.3,0.2,0.2,0.2,0.2,0.2,0.2,0.2,0.2,0.2,0.2,0.2,0.3,0.3,0.3,0.4
"01-05-2012",0.6,0.7,0.7,0.9,0.7,0.7,0.7,0.7,0.5,0.3,0.2,0.2,0.2,0.2,0.2,0.2,0.2,0.2,0.2,0.2,0.3,0.2,0.3,0.4
"02-05-2012",0.3,0.6,0.7,0.5,0.4,0.4,0.4,0.5,0.6,0.3,-9999,-9999,-9999,0.2,0.2,0.2,0.2,0.2,0.2,0.3,0.3,0.3,0.6,0.7
"03-05-2012",1.0,1.2,1.3,0.9,0.8,0.6,1.0,2.1,1.2,0.7,0.3,0.2,0.2,0.4,0.3,0.3,0.3,0.3,0.4,0.4,0.5,0.7,0.9,1.2
"04-05-2012",1.3,1.1,0.9,1.2,1.0,0.8,1.1,1.3,1.1,0.9,0.8,0.4,0.3,0.3,0.3,0.3,0.3,0.3,0.3,0.4,0.5,0.6,0.9,1.4
"05-05-2012",0.8,0.4,0.2,0.3,0.3,0.4,0.4,0.4,0.3,0.3,0.3,0.3,0.4,0.3,0.3,0.3,0.2,0.3,0.2,0.3,0.3,0.3,0.5,0.4
"06-05-2012",0.3,0.3,0.3,0.3,0.3,0.4,0.3,0.6,0.4,0.4,0.4,0.3,0.3,0.3,0.3,0.2,0.2,0.2,0.3,0.3,0.4,0.3,0.4,0.8
"07-05-2012",0.8,0.6,0.8,0.9,0.7,0.7,0.8,1.2,0.8,0.7,0.6,0.6,0.6,0.4,0.3,0.3,0.3,0.3,0.4,0.4,0.5,0.6,0.6,0.6
"08-05-2012",0.6,0.6,0.5,0.7,0.6,0.5,0.7,1.3,1.6,0.8,0.4,0.3,0.2,0.3,0.3,0.3,0.2,0.2,0.2,0.3,0.4,0.5,0.8,0.9
"09-05-2012",0.8,0.9,0.9,0.7,0.3,0.3,0.4,0.5,0.4,0.2,0.2,0.3,0.2,0.2,0.2,0.2,0.2,0.2,0.2,0.2,0.2,0.2,0.2,0.2
"10-05-2012",0.2,0.2,0.2,0.2,0.2,0.2,0.2,0.2,0.2,0.2,0.2,0.2,0.2,0.2,0.2,0.2,0.2,0.2,0.2,0.2,0.2,0.2,0.2,0.2
"11-05-2012",0.2,0.2,0.2,0.2,0.2,0.2,0.2,0.2,0.2,0.2,0.2,0.2,0.2,0.2,0.2,0.2,0.2,0.2,0.2,0.2,0.3,0.3,0.3,0.2
"12-05-2012",0.2,0.2,0.2,0.2,0.2,0.2,0.2,0.2,0.2,0.2,0.2,0.2,0.2,0.2,0.2,0.2,0.2,0.2,0.2,0.2,0.3,0.3,0.3,0.2
"13-05-2012",0.2,0.2,0.3,0.3,0.2,0.3,0.3,0.2,0.2,0.2,0.3,0.2,0.2,0.2,0.2,0.2,0.2,0.3,0.3,0.3,0.4,0.6,0.7,0.7
"14-05-2012",0.3,0.3,0.3,0.3,0.4,0.4,0.4,0.7,0.4,0.4,0.3,0.3,0.3,0.3,0.3,0.3,0.3,0.3,0.3,0.3,0.3,0.3,0.3,0.3
"15-05-2012",0.2,0.2,0.2,0.2,0.2,0.2,0.2,0.3,0.3,0.2,0.2,0.2,0.2,0.2,0.2,0.2,0.2,0.2,0.2,0.2,0.3,0.3,0.2,0.2
"16-05-2012",0.2,0.2,0.2,0.2,0.2,0.2,0.3,0.3,0.3,0.3,0.3,-9999,0.3,0.2,0.2,0.2,0.2,0.3,0.3,0.3,0.3,0.3,0.3,0.3
"17-05-2012",0.3,0.3,0.4,0.3,0.2,0.2,0.3,0.3,0.3,0.3,0.3,0.3,0.2,0.3,0.2,0.3,0.3,0.3,0.3,0.3,0.5,0.6,0.3,0.3
"18-05-2012",0.3,0.2,0.2,0.2,0.2,0.2,0.3,0.3,0.3,0.3,0.3,0.3,0.4,0.3,0.3,0.4,0.3,0.3,0.5,0.4,0.4,0.3,0.3,0.3
"19-05-2012",0.4,0.3,0.2,0.2,0.2,0.2,0.3,0.3,0.3,0.3,0.3,0.3,0.3,0.4,0.2,0.2,0.2,0.2,0.2,0.3,0.3,0.4,0.4,0.5
"20-05-2012",0.6,0.8,1.0,1.0,0.9,0.9,0.9,1.0,0.5,0.5,0.4,0.4,0.4,0.3,0.3,0.2,0.2,0.2,0.2,0.3,0.4,0.4,0.7,0.7
"21-05-2012",0.9,0.8,0.6,0.6,0.6,0.5,0.7,0.9,1.2,0.9,0.7,0.6,0.3,0.3,0.4,0.4,0.3,0.3,0.3,0.5,0.5,0.5,0.5,0.6
"22-05-2012",0.8,0.7,0.3,0.3,0.3,0.2,0.4,0.5,0.5,0.6,0.6,0.3,0.3,0.3,0.3,0.2,0.2,0.2,0.2,0.2,0.3,0.3,0.2,0.2
"23-05-2012",0.2,0.2,0.2,0.2,0.2,0.2,0.2,0.3,0.3,0.3,0.2,0.2,0.2,0.2,0.2,0.2,0.3,0.3,0.3,0.3,0.3,0.3,0.3,0.2
"24-05-2012",0.2,0.3,0.3,0.3,0.3,0.3,0.4,0.5,0.4,0.3,0.3,0.3,0.2,0.3,0.3,0.2,0.3,0.3,0.2,0.2,0.2,0.3,0.3,0.4
"25-05-2012",0.3,0.3,0.2,0.2,0.2,0.3,0.4,0.4,0.5,0.4,0.4,0.4,0.3,0.3,0.3,0.3,0.3,0.3,0.3,0.3,0.4,0.4,0.6,0.5
"26-05-2012",0.7,1.1,0.9,1.0,0.9,0.8,0.9,0.8,0.5,0.4,0.3,0.3,0.3,0.3,0.2,0.2,0.2,0.2,0.2,0.2,0.3,0.4,0.3,0.4
"27-05-2012",0.6,0.6,0.5,0.7,0.7,0.6,0.5,0.4,0.3,0.2,0.2,0.3,0.3,0.2,0.2,0.3,0.2,0.2,0.2,0.3,0.3,0.4,0.4,0.4
"28-05-2012",0.4,0.3,0.3,0.2,0.2,0.2,0.2,0.3,0.3,0.3,0.2,0.2,0.2,0.2,0.2,0.3,0.3,0.2,0.3,0.3,0.3,0.3,0.3,0.3
"29-05-2012",0.4,0.3,0.3,0.3,0.3,0.3,0.3,0.4,0.4,0.4,0.3,0.3,0.3,0.3,0.2,0.2,0.2,0.3,0.3,0.3,0.3,0.3,0.4,0.3
"30-05-2012",0.3,0.3,0.4,0.4,0.5,0.4,0.6,0.9,0.5,0.4,0.4,0.4,0.3,0.3,0.3,0.3,0.4,0.3,0.4,0.5,0.5,0.6,0.8,0.9
"31-05-2012",1.0,0.8,0.6,0.6,0.4,0.6,0.5,0.6,0.7,0.4,0.3,0.3,0.3,0.3,0.4,0.3,0.3,0.3,0.3,0.3,0.4,0.5,0.5,0.7
"01-06-2012",0.7,0.7,0.9,0.7,0.7,0.5,0.8,0.9,0.7,0.9,0.8,0.6,0.4,0.4,0.3,0.3,0.3,0.3,0.3,0.4,0.4,0.5,0.7,1.0
"02-06-2012",1.0,1.3,1.3,1.2,1.1,0.9,1.0,0.9,0.6,0.6,0.4,0.5,0.5,0.3,0.3,0.2,0.3,0.3,0.3,0.3,0.3,0.4,0.4,0.7
"03-06-2012",0.8,0.9,0.8,0.9,0.7,0.7,0.5,0.6,0.5,0.4,0.3,0.2,0.2,0.2,0.3,0.3,0.2,0.2,0.3,0.3,0.4,0.4,0.4,0.4
"04-06-2012",0.5,0.7,0.6,0.9,0.8,0.7,0.8,1.0,0.7,0.7,0.5,0.4,0.3,0.2,0.2,0.2,0.2,0.2,0.3,0.3,0.4,0.4,0.4,0.5
"05-06-2012",0.5,0.5,0.5,0.6,0.4,0.4,0.4,0.6,0.5,0.3,0.3,0.3,0.3,0.3,0.3,0.3,0.3,0.2,0.3,0.3,0.3,0.3,0.2,0.2
"06-06-2012",0.2,0.2,0.2,0.2,0.2,0.2,0.2,0.3,0.3,0.2,0.2,0.2,0.2,0.2,0.3,0.3,0.2,0.2,0.3,0.3,0.3,0.4,0.4,0.4
"07-06-2012",0.5,0.5,0.6,0.5,0.5,0.5,0.6,0.6,0.5,0.3,0.2,0.2,0.2,0.2,0.2,0.3,0.2,0.2,0.2,0.3,0.4,0.4,0.4,0.4
"08-06-2012",0.3,0.3,0.4,0.5,0.5,0.5,0.6,0.9,0.8,0.4,0.3,0.2,0.2,0.2,0.2,0.2,0.2,0.2,0.2,0.3,0.3,0.4,0.4,0.3
"09-06-2012",0.3,0.3,0.2,0.3,0.3,0.2,0.2,0.2,0.2,0.2,0.2,0.2,0.2,0.2,0.2,0.2,0.2,0.2,0.2,0.2,0.2,0.2,0.2,0.2
"10-06-2012",0.2,0.2,0.2,0.2,0.2,0.2,0.2,0.2,0.2,0.2,0.2,0.2,0.2,0.2,0.2,0.2,0.2,0.2,0.2,0.2,0.3,0.4,0.4,0.4
"11-06-2012",0.4,0.5,0.4,0.4,0.5,0.5,0.6,0.8,0.6,0.8,0.7,0.3,0.3,0.4,0.3,0.4,0.3,0.3,0.3,0.3,0.4,0.5,0.6,0.7
"12-06-2012",0.7,0.6,0.6,0.5,0.5,0.5,0.6,0.9,0.6,0.5,0.6,0.5,0.6,0.4,0.4,0.3,0.3,0.3,0.3,0.3,0.4,0.5,0.7,0.7
"13-06-2012",0.9,0.8,0.7,0.6,0.6,0.6,0.8,1.2,0.9,0.9,0.6,0.8,0.5,0.4,0.3,0.3,0.3,0.3,0.3,0.4,0.5,0.8,0.7,0.4
"14-06-2012",0.3,0.3,0.2,0.2,0.2,0.3,0.5,0.6,0.5,0.4,0.4,0.3,0.3,0.3,0.2,0.2,0.3,0.2,0.3,0.3,0.3,0.6,0.8,0.8
"15-06-2012",0.9,0.5,0.7,0.8,0.7,0.2,0.2,0.3,0.3,0.2,0.2,0.2,0.2,0.2,0.2,0.2,0.2,0.2,0.2,0.2,0.2,0.3,0.3,0.3
"16-06-2012",0.2,0.2,0.2,0.2,0.2,0.2,0.2,0.2,0.2,0.2,0.2,0.2,0.2,0.2,0.2,0.2,0.2,0.2,0.2,0.2,0.2,0.2,0.2,0.2
"17-06-2012",0.2,0.2,0.2,0.2,0.2,0.2,0.2,0.2,0.2,0.2,0.2,0.2,0.2,0.2,0.2,0.2,0.2,0.2,0.2,0.2,0.2,0.2,0.2,0.2
"18-06-2012",0.2,0.2,0.2,0.2,0.2,0.2,0.2,0.2,0.2,0.2,0.2,0.2,0.3,0.2,0.2,0.2,0.2,0.2,0.2,0.2,0.2,0.2,0.2,0.2
"19-06-2012",0.2,0.2,0.3,0.2,0.2,0.2,0.2,0.3,0.3,0.4,0.3,0.2,0.2,0.2,0.2,0.2,0.2,0.2,0.2,0.2,0.2,0.3,0.2,0.2
"20-06-2012",0.2,0.2,0.2,0.2,0.2,0.2,0.2,0.2,0.2,0.2,0.2,0.2,0.2,0.2,0.2,0.2,0.2,0.2,0.2,0.2,0.2,0.2,0.2,0.2
"21-06-2012",0.2,0.2,0.2,0.2,0.2,0.2,0.2,0.2,0.2,0.2,0.2,0.2,0.2,0.2,0.2,0.2,0.2,0.2,0.2,0.2,0.2,0.2,0.2,0.2
"22-06-2012",0.2,0.2,0.2,0.3,0.3,0.2,0.2,0.2,0.2,0.2,0.2,0.2,0.2,0.2,0.2,0.2,0.2,0.2,0.2,0.2,0.2,0.3,0.3,0.3
"23-06-2012",0.4,0.4,0.3,0.4,0.4,0.2,0.2,0.3,0.2,0.2,0.2,0.2,0.2,0.2,0.2,0.2,0.2,0.2,0.2,0.2,0.2,0.2,0.3,0.3
"24-06-2012",0.3,0.3,0.3,0.2,0.2,0.2,0.3,0.2,0.2,0.2,0.2,0.2,0.2,0.2,0.2,0.2,0.2,0.2,0.2,0.2,0.2,0.3,0.2,0.2
"25-06-2012",0.2,0.2,0.2,0.2,0.2,0.2,0.2,0.3,0.3,0.2,0.2,0.2,0.2,0.2,0.2,0.2,0.2,0.2,0.2,0.3,0.3,0.4,0.4,0.5
"26-06-2012",0.5,0.5,0.5,0.5,0.5,0.4,0.7,0.6,0.7,0.7,0.6,0.5,0.5,0.4,0.3,0.3,0.3,0.3,0.3,0.3,0.3,0.3,0.3,0.5
"27-06-2012",0.6,0.6,0.5,0.7,0.3,0.2,0.3,0.4,0.3,0.2,0.2,0.2,0.2,0.2,0.2,0.2,0.2,0.2,0.2,0.2,0.2,0.2,0.2,0.2
"28-06-2012",0.2,0.2,0.2,0.2,0.2,0.2,0.2,0.2,0.2,0.2,0.2,0.2,0.2,0.2,0.2,0.2,0.2,0.2,0.2,0.2,0.2,0.2,0.2,0.2
"29-06-2012",0.2,0.2,0.3,0.2,0.2,0.2,0.3,0.2,0.2,0.2,0.2,0.2,0.2,0.2,0.2,0.2,0.2,0.2,0.2,0.2,0.2,0.2,0.2,0.2
"30-06-2012",0.2,0.2,0.2,0.2,0.2,0.2,0.2,0.2,0.2,0.2,0.2,0.2,0.2,0.2,0.2,0.2,0.2,0.2,0.2,0.2,0.2,0.2,0.2,0.2
"01-07-2012",0.2,0.2,0.2,0.2,0.2,0.2,0.2,0.2,0.2,0.2,0.2,0.2,0.2,0.2,0.2,0.2,0.2,0.2,0.2,0.2,0.2,0.2,0.2,0.2
"02-07-2012",0.2,0.2,0.2,0.2,0.2,0.2,0.2,0.2,0.2,0.2,0.2,0.2,0.2,0.2,0.2,0.2,0.2,0.2,0.2,0.2,0.2,0.2,0.2,0.2
"03-07-2012",0.2,0.2,0.2,0.2,0.2,0.2,0.2,0.2,0.2,0.2,-9999,0.2,0.2,0.2,0.2,0.2,0.2,0.2,0.2,0.2,0.2,0.2,0.3,0.3
"04-07-2012",0.3,0.3,0.3,0.3,0.2,0.2,0.4,0.5,0.3,0.2,0.2,0.2,0.2,0.2,0.2,0.2,0.2,0.2,0.3,0.3,0.4,0.6,0.7,0.8
"05-07-2012",0.6,0.6,0.5,0.6,0.6,0.5,0.6,0.9,0.8,0.6,0.3,0.3,0.2,0.2,0.2,0.2,0.2,0.2,0.2,0.3,0.4,0.5,0.6,1.0
"06-07-2012",1.0,0.8,1.2,1.0,0.6,0.7,1.0,1.5,1.4,0.6,0.4,0.3,0.3,0.3,0.3,0.3,0.3,0.3,0.3,0.3,0.3,0.4,0.5,0.7
"07-07-2012",0.7,0.7,0.8,0.7,0.8,0.8,0.8,0.9,0.5,0.3,0.3,0.3,0.2,0.2,0.2,0.3,0.2,0.2,0.3,0.3,0.4,0.4,0.6,0.7
"08-07-2012",0.7,0.8,0.8,0.9,1.0,1.2,1.1,0.8,0.5,0.3,0.3,0.2,0.2,0.2,0.2,0.3,0.3,0.2,0.3,0.3,0.3,0.3,0.4,0.5
"09-07-2012",0.4,0.4,0.4,0.4,0.4,0.3,0.4,0.4,0.4,0.3,0.3,0.3,0.3,0.3,0.3,0.3,0.3,0.3,0.3,0.3,0.3,0.3,0.3,0.3
"10-07-2012",0.3,0.3,0.3,0.3,0.3,0.3,0.3,0.4,0.3,0.3,0.3,0.3,0.3,0.3,0.3,0.3,0.3,0.3,0.3,0.4,0.4,0.4,0.6,0.6
"11-07-2012",0.9,0.6,0.5,0.5,0.5,0.3,0.3,0.4,0.4,0.3,0.3,0.3,0.2,0.3,0.3,0.3,0.3,0.3,0.3,0.4,0.4,0.5,0.5,0.7
"12-07-2012",0.6,0.8,0.8,0.9,0.8,0.7,0.7,1.0,0.7,0.9,0.8,0.6,0.5,0.4,0.4,0.3,0.3,0.3,0.3,0.3,0.5,0.6,0.7,0.8
"13-07-2012",1.2,1.0,1.1,1.2,1.0,0.9,1.1,1.5,1.2,0.9,0.5,0.4,0.3,0.3,0.3,0.3,0.3,0.3,0.3,0.3,0.3,0.4,0.6,0.7
"14-07-2012",0.7,0.5,0.5,0.5,0.5,0.7,0.7,0.4,0.3,0.3,0.3,0.3,0.2,0.2,0.2,0.3,0.2,0.2,0.2,0.2,0.2,0.3,0.3,0.3
"15-07-2012",0.4,0.4,0.3,0.4,0.4,0.3,0.3,0.3,0.2,0.2,0.2,0.2,0.2,0.2,0.2,0.2,0.2,0.2,0.2,0.2,0.2,0.4,0.5,0.7
"16-07-2012",0.8,0.8,0.9,0.7,0.5,0.5,0.8,1.4,1.0,1.0,1.0,0.7,0.6,0.5,0.5,0.4,0.3,0.4,0.4,0.5,0.5,0.6,0.7,0.8
"17-07-2012",0.8,0.8,0.3,0.3,0.3,0.2,0.2,0.3,0.3,0.3,0.2,0.2,0.2,0.2,0.2,0.2,0.2,0.2,0.2,0.2,0.3,0.3,0.3,0.2
"18-07-2012",0.2,0.2,0.2,0.2,0.2,0.2,0.2,0.3,0.2,0.2,0.2,0.2,0.2,0.2,0.2,0.2,0.2,0.2,0.2,0.2,0.3,0.3,0.2,0.3
"19-07-2012",0.2,0.2,0.2,0.2,0.2,0.2,0.2,0.3,0.2,0.2,0.2,0.2,0.2,0.2,0.2,0.2,0.2,0.2,0.2,0.2,0.2,0.3,0.3,0.3
"20-07-2012",0.3,0.2,0.2,0.2,0.3,0.3,0.4,0.4,0.3,0.2,0.2,0.2,0.2,0.2,0.2,0.2,0.2,0.2,0.2,0.2,0.2,0.3,0.3,0.3
"21-07-2012",0.3,0.5,0.9,0.8,0.6,0.6,0.8,0.8,0.5,0.3,0.3,0.2,0.2,0.2,0.2,0.2,0.2,0.2,0.2,0.2,0.2,0.3,0.3,0.2
"22-07-2012",0.2,0.3,0.3,0.3,0.4,0.7,0.8,0.9,0.5,0.3,0.2,0.2,0.2,0.2,0.2,0.2,0.2,0.2,0.2,0.2,0.2,0.2,0.2,0.2
"23-07-2012",0.3,0.3,0.2,0.2,0.2,0.2,0.2,0.2,0.2,0.2,0.2,0.2,0.2,0.2,0.2,0.2,0.2,0.2,0.2,0.2,0.3,0.3,0.2,0.2
"24-07-2012",0.2,0.2,0.2,0.2,0.2,0.2,0.2,0.3,0.3,0.3,0.3,0.2,0.2,0.2,0.3,0.3,0.3,0.3,0.3,0.3,0.4,0.4,0.4,0.4
"25-07-2012",0.4,0.4,0.4,0.4,0.3,0.4,0.4,0.5,0.4,0.4,0.4,0.4,0.4,0.4,0.4,0.3,0.3,0.3,0.3,0.3,0.4,0.4,0.5,0.5
"26-07-2012",0.5,0.5,0.3,0.3,0.3,0.3,0.4,0.6,0.5,0.5,0.4,0.4,0.4,0.4,0.4,0.3,0.3,0.3,0.3,0.3,0.4,0.4,0.5,0.4
"27-07-2012",0.4,0.4,0.4,0.4,0.5,0.5,0.7,0.8,0.5,0.4,0.4,0.3,0.3,0.3,0.3,0.3,0.2,0.2,0.2,0.2,0.3,0.3,0.5,1.0
"28-07-2012",0.9,1.2,0.6,0.4,0.3,0.3,0.3,0.3,0.3,0.3,0.2,0.2,0.2,0.2,0.2,0.2,0.2,0.2,0.2,0.2,0.2,0.3,0.3,0.3
"29-07-2012",0.4,0.5,0.6,0.6,0.5,0.5,0.6,0.7,0.4,0.3,0.3,0.2,0.2,0.2,0.2,0.2,0.2,0.2,0.2,0.2,0.3,0.3,0.4,0.4
"30-07-2012",0.5,0.5,0.7,0.7,0.7,0.6,0.8,1.0,0.8,0.5,0.3,0.3,0.3,0.2,0.3,0.3,0.3,0.2,0.2,0.3,0.3,0.3,0.3,0.3
"31-07-2012",0.5,0.6,0.7,0.4,0.3,0.3,0.3,0.3,0.3,0.3,0.3,0.3,0.2,0.2,0.3,0.2,0.2,0.3,0.2,0.3,0.3,0.3,0.3,0.3
"01-08-2012",0.3,0.3,0.2,0.2,0.2,0.2,0.2,0.3,0.3,0.3,0.3,0.3,0.3,0.2,0.2,0.2,0.2,0.2,0.2,0.3,0.3,0.3,0.3,0.3
"02-08-2012",0.3,0.2,0.2,0.2,0.2,0.2,0.3,0.3,0.4,0.3,0.3,0.2,0.2,0.2,0.2,0.2,0.2,0.2,0.3,0.3,0.4,0.4,0.4,0.5
"03-08-2012",0.8,0.9,0.9,1.0,0.9,0.8,0.8,0.9,0.5,0.3,0.3,0.3,0.3,0.3,0.3,0.2,0.3,0.3,0.2,0.3,0.4,0.4,0.5,0.6
"04-08-2012",0.6,0.7,0.8,0.8,0.9,0.7,0.7,0.9,0.8,0.7,0.6,0.3,0.3,0.3,0.3,0.3,0.2,0.2,0.2,0.3,0.3,0.4,0.5,0.5
"05-08-2012",0.6,0.7,0.8,0.9,1.0,0.9,0.8,0.7,0.7,0.4,0.3,0.2,0.2,0.2,0.2,0.2,0.2,0.2,0.2,0.2,0.3,0.3,0.3,0.4
"06-08-2012",0.6,0.6,0.6,0.5,0.4,0.3,0.5,0.7,0.7,0.4,0.3,0.3,0.3,0.3,0.3,0.3,0.3,0.2,0.3,0.3,0.3,0.3,0.3,0.3
"07-08-2012",0.3,0.3,0.3,0.2,0.2,0.2,0.3,0.3,0.4,0.3,0.3,0.3,0.3,0.3,0.3,0.3,0.2,0.2,0.3,0.3,0.3,0.3,0.4,0.4
"08-08-2012",0.4,0.3,0.4,0.3,0.3,0.4,0.5,1.0,1.0,0.4,0.3,0.3,0.3,0.3,0.2,0.2,0.2,0.2,0.2,0.3,0.4,0.5,0.5,0.6
"09-08-2012",0.9,0.6,0.6,0.4,0.3,0.3,0.5,0.5,0.4,0.3,0.3,0.3,0.3,0.3,0.3,0.3,0.2,0.3,0.3,0.3,0.3,0.3,0.3,0.3
"10-08-2012",0.3,0.3,0.2,0.2,0.2,0.2,0.2,0.3,0.2,0.3,0.3,0.3,0.3,0.3,0.3,0.2,0.2,0.2,0.2,0.2,0.2,0.2,0.3,0.3
"11-08-2012",0.2,0.2,0.2,0.2,0.2,0.2,0.2,0.3,0.3,0.3,0.3,0.3,0.3,0.3,0.3,0.3,0.2,0.2,0.2,0.2,0.3,0.2,0.3,0.3
"12-08-2012",0.3,0.3,0.3,0.3,0.3,0.3,0.3,0.3,0.3,0.3,0.3,0.2,0.2,0.2,0.2,0.2,0.2,0.2,0.2,0.2,0.2,0.3,0.3,0.3
"13-08-2012",0.3,0.3,0.4,0.4,0.3,0.3,0.4,0.4,0.4,0.3,0.4,0.4,0.3,0.3,0.3,0.3,0.3,0.2,0.2,0.3,0.3,0.3,0.3,0.4
"14-08-2012",0.4,0.5,0.5,0.4,0.4,0.5,0.7,0.8,0.7,0.4,0.3,0.4,0.3,0.3,0.3,0.3,0.3,0.2,0.2,0.3,0.3,0.4,0.4,0.6
"15-08-2012",0.6,0.7,0.7,0.6,0.7,0.6,0.6,0.6,0.5,0.3,0.2,0.2,0.2,0.3,0.2,0.2,0.2,0.2,0.2,0.2,0.3,0.3,0.3,0.4
"16-08-2012",0.4,0.5,0.6,0.6,0.6,0.5,0.6,0.9,0.7,0.5,0.3,0.3,0.3,0.2,0.2,0.3,0.2,0.2,0.2,0.3,0.3,0.4,0.3,0.3
"17-08-2012",0.3,0.4,0.5,0.5,0.4,0.4,0.5,0.8,0.6,0.3,0.3,0.3,0.2,0.2,0.2,0.2,0.2,0.2,0.2,0.3,0.2,0.2,0.2,0.2
"18-08-2012",0.3,0.3,0.3,0.2,0.2,0.2,0.2,0.2,0.2,0.2,0.2,0.2,0.2,0.2,0.2,0.2,0.2,0.2,0.2,0.2,0.2,0.2,0.3,0.3
"19-08-2012",0.2,0.2,0.2,0.2,0.2,0.2,0.2,0.2,0.2,0.2,0.2,0.2,0.2,0.2,0.2,0.2,0.2,0.2,0.2,0.2,0.2,0.2,0.3,0.2
"20-08-2012",0.2,0.2,0.2,0.2,0.2,0.2,0.2,0.2,0.2,0.2,0.2,0.2,0.2,0.2,0.2,0.2,0.2,0.2,0.2,0.3,0.3,0.3,0.3,0.2
"21-08-2012",0.2,0.2,0.2,0.2,0.2,0.2,0.2,0.3,0.3,0.2,0.2,0.2,0.2,0.2,0.2,0.2,0.2,0.2,0.2,0.2,0.2,0.3,0.3,0.4
"22-08-2012",0.3,0.2,0.2,0.3,0.2,0.2,0.2,0.2,0.2,0.3,0.2,0.2,0.2,0.2,0.2,0.2,0.2,0.2,0.2,0.2,0.2,0.4,0.4,0.4
"23-08-2012",0.3,0.3,0.2,0.2,0.2,0.2,0.3,0.4,0.4,0.4,0.3,0.2,0.2,0.2,0.2,0.2,0.2,0.2,0.2,0.3,0.3,0.5,0.5,0.5
"24-08-2012",0.4,0.4,0.3,0.3,0.2,0.3,0.4,0.4,0.3,0.3,0.2,0.2,0.2,0.2,0.2,0.2,0.2,0.2,0.2,0.2,0.2,0.3,0.3,0.2
"25-08-2012",0.3,0.3,0.3,0.3,0.4,0.5,0.6,0.8,0.7,0.4,0.3,0.3,0.3,0.2,0.2,0.2,0.2,0.2,0.2,0.3,0.3,0.4,0.5,0.4
"26-08-2012",0.6,0.7,0.7,1.0,1.1,1.2,1.1,1.0,0.6,0.4,0.3,0.2,0.2,0.2,0.2,0.2,0.2,0.2,0.2,0.3,0.4,0.4,0.4,0.4
"27-08-2012",0.5,0.5,0.5,0.4,0.5,0.5,0.6,1.0,0.9,0.6,0.5,0.5,0.4,0.4,0.3,0.3,0.3,0.3,0.3,0.3,0.5,0.5,0.5,0.5
"28-08-2012",0.3,0.3,0.2,0.2,0.2,0.2,0.2,0.2,0.2,0.2,0.2,0.2,0.2,0.2,0.2,0.2,0.2,0.2,0.2,0.2,0.3,0.3,0.3,0.4
"29-08-2012",0.3,0.3,0.3,0.3,0.2,0.2,0.2,0.3,0.3,0.2,0.2,0.2,0.2,0.3,0.3,0.2,0.2,0.2,0.2,0.3,0.3,0.3,0.3,0.3
"30-08-2012",0.2,0.2,0.2,0.2,0.2,0.2,0.2,0.3,0.3,0.3,0.3,0.3,0.2,0.3,0.2,0.2,0.2,0.2,0.2,0.3,0.3,0.3,0.3,0.3
"31-08-2012",0.3,0.3,0.3,0.3,0.3,0.3,0.3,0.3,0.3,0.3,0.3,0.3,0.3,0.3,0.2,0.2,0.2,0.2,0.2,0.2,0.3,0.3,0.3,0.3
"01-09-2012",0.2,0.2,0.2,0.2,0.2,0.2,0.2,0.2,0.2,0.2,0.2,0.2,0.2,0.2,0.2,0.2,0.2,0.2,0.2,0.2,0.2,0.2,0.2,0.2
"02-09-2012",0.2,0.2,0.2,0.2,0.2,0.2,0.2,0.2,0.2,0.2,0.2,0.2,0.2,0.2,0.2,0.2,0.2,0.2,0.2,0.2,0.2,0.2,0.2,0.3
"03-09-2012",0.3,0.3,0.3,0.3,0.3,0.4,0.5,0.4,0.3,0.3,0.2,0.2,0.2,0.2,0.2,0.2,0.2,0.2,0.2,0.2,0.3,0.3,0.2,0.2
"04-09-2012",0.2,0.3,0.2,0.2,0.3,0.3,0.3,0.7,0.6,0.4,0.3,0.3,0.3,0.3,0.3,0.3,0.2,0.3,0.3,0.4,0.6,0.7,0.6,0.6
"05-09-2012",1.1,1.0,0.9,0.9,0.7,0.6,0.4,0.4,0.3,0.3,0.3,0.3,0.3,0.4,0.4,0.3,0.3,0.3,0.4,0.4,0.4,0.4,0.4,0.4
"06-09-2012",0.5,0.5,0.4,0.4,0.5,0.5,0.5,0.6,0.6,0.4,0.4,0.5,0.5,0.4,0.4,0.3,0.3,0.3,0.4,0.4,0.5,0.6,0.6,0.6
"07-09-2012",0.4,0.4,0.4,0.4,0.3,0.3,0.3,0.5,0.6,0.4,0.3,0.3,0.3,0.3,0.3,0.3,0.3,0.3,0.3,0.3,0.3,0.3,0.3,0.3
"08-09-2012",0.3,0.3,0.3,0.3,0.3,0.3,0.3,0.3,0.3,0.3,0.3,0.3,0.3,0.3,0.3,0.3,0.3,0.3,0.3,0.3,0.3,0.3,0.3,0.3
"09-09-2012",0.3,0.3,0.3,0.3,0.2,0.2,0.2,0.2,0.2,0.3,0.3,0.3,0.3,0.3,0.3,0.3,0.3,0.3,0.3,0.3,0.3,0.4,0.4,0.3
"10-09-2012",0.3,0.3,0.3,0.2,0.2,0.2,0.3,0.3,0.3,0.3,0.3,0.3,0.2,0.2,0.2,0.2,0.2,0.2,0.2,0.2,0.3,0.3,0.2,0.2
"11-09-2012",0.2,0.2,0.2,0.2,0.2,0.2,0.2,0.3,0.2,0.2,0.2,0.2,0.2,0.2,0.2,0.2,0.2,0.2,0.2,0.3,0.3,0.3,0.3,0.3
"12-09-2012",0.4,0.3,0.3,0.3,0.3,0.3,0.4,0.4,0.4,0.3,0.3,0.3,0.2,0.2,0.3,0.3,0.3,0.3,0.3,0.3,0.4,0.4,0.5,0.5
"13-09-2012",0.8,0.8,0.8,0.8,0.8,0.7,0.9,1.1,1.1,0.6,0.6,0.6,0.4,0.4,0.4,0.3,0.3,0.3,0.3,0.4,0.4,0.4,0.4,0.4
"14-09-2012",0.3,0.3,0.3,0.3,0.3,0.3,0.3,0.4,0.4,0.4,0.3,0.3,0.3,0.3,0.3,0.4,0.3,0.3,0.3,0.3,0.4,0.4,0.3,0.3
"15-09-2012",0.3,0.3,0.3,0.2,0.3,0.4,0.5,0.8,1.0,0.6,0.4,0.3,0.4,0.3,0.2,0.2,0.2,0.2,0.2,0.2,0.2,0.3,0.3,0.3
"16-09-2012",0.2,0.2,0.3,0.2,0.2,0.2,0.2,0.3,0.3,0.3,0.3,0.4,0.4,0.4,0.3,0.3,0.2,0.2,0.2,0.2,0.3,0.4,0.6,0.9
"17-09-2012",0.8,1.2,1.2,1.1,0.9,0.8,0.9,1.1,1.4,0.8,0.6,0.5,0.4,0.3,0.4,0.3,0.3,0.3,0.4,0.5,0.6,0.8,0.9,0.8
"18-09-2012",1.0,1.1,0.9,0.7,0.8,0.6,0.9,1.0,1.4,0.9,0.5,0.4,0.3,0.3,0.4,0.3,0.3,0.4,0.3,0.3,0.4,0.3,0.4,0.4
"19-09-2012",0.3,0.3,0.3,0.3,0.3,0.4,0.4,0.4,0.5,0.3,0.3,0.3,0.2,0.3,0.3,0.4,0.3,0.3,0.3,0.4,0.4,0.5,0.6,1.0
"20-09-2012",1.1,1.2,1.5,1.3,1.2,1.1,1.2,1.6,1.3,0.6,0.7,0.6,0.4,0.3,0.3,0.3,0.3,0.3,0.3,0.3,0.5,0.5,0.5,0.8
"21-09-2012",0.7,0.6,0.7,0.4,0.3,0.4,0.3,0.3,0.3,0.3,0.3,0.3,0.2,0.2,0.3,0.3,0.3,0.3,0.3,0.3,0.3,0.3,0.3,0.3
"22-09-2012",0.3,0.3,0.2,0.2,0.2,0.2,0.2,0.2,0.2,0.2,0.2,0.2,0.3,0.3,0.3,0.3,0.3,0.3,0.3,0.3,0.3,0.4,0.7,0.8
"23-09-2012",0.8,0.9,1.2,1.1,1.2,1.1,0.8,0.7,0.5,0.5,0.4,0.3,0.3,0.3,0.2,0.2,0.3,0.3,0.3,0.4,0.4,0.5,0.6,0.8
"24-09-2012",1.0,0.9,0.9,0.6,0.5,0.5,0.8,1.3,1.5,1.3,0.7,0.5,0.5,0.7,0.6,0.6,0.5,0.5,0.5,0.7,0.6,0.7,1.1,1.4
"25-09-2012",1.3,1.6,1.5,1.3,1.1,0.9,0.9,1.6,2.0,1.2,1.0,0.8,1.0,0.5,0.5,0.5,0.5,0.5,0.6,0.7,0.7,0.8,1.6,1.3
"26-09-2012",1.6,1.8,1.6,1.6,1.3,1.1,1.2,1.8,2.7,2.1,1.2,0.7,0.6,0.5,0.4,0.4,0.3,0.3,0.3,0.4,0.6,0.6,0.6,1.1
"27-09-2012",1.2,1.1,1.0,0.9,0.8,0.9,1.1,1.7,2.4,1.5,0.8,0.6,0.5,0.4,0.3,0.3,0.3,0.3,0.4,0.6,0.7,0.8,1.0,1.2
"28-09-2012",1.5,1.9,1.9,1.7,1.4,1.0,1.3,1.9,2.0,1.1,0.5,0.4,0.3,0.3,0.3,0.3,0.3,0.3,0.3,0.3,0.4,0.4,0.3,0.4
"29-09-2012",0.7,0.4,0.3,0.3,0.3,0.4,0.4,0.4,0.3,0.3,0.2,0.2,0.2,0.2,0.2,0.2,0.2,0.2,0.2,0.2,0.3,0.2,0.2,0.2
"30-09-2012",0.2,0.2,0.3,0.2,0.2,0.3,0.2,0.2,0.3,0.3,0.3,0.2,0.2,0.2,0.2,0.2,0.2,0.2,0.2,0.3,0.3,0.4,0.6,0.8
"01-10-2012",0.4,0.6,0.8,0.8,0.6,0.6,1.0,1.4,2.0,1.3,-9999,-9999,-9999,0.2,0.3,0.3,0.3,0.3,0.4,0.5,0.6,0.6,0.5,0.5
"02-10-2012",0.5,0.5,0.6,0.6,0.5,0.5,0.6,1.0,1.2,1.2,1.1,0.6,0.5,0.5,0.5,0.5,0.4,0.4,0.5,0.5,0.5,0.7,0.8,0.9
"03-10-2012",0.9,1.0,0.9,0.7,0.4,0.5,0.6,0.7,1.1,0.6,0.5,0.4,0.4,0.3,0.3,0.3,0.3,0.3,0.4,0.4,0.5,0.4,0.5,0.6
"04-10-2012",0.5,0.3,0.3,0.3,0.3,0.3,0.6,0.9,1.3,0.7,0.4,0.3,0.3,0.3,0.3,0.4,0.4,0.3,0.3,0.4,0.4,0.5,0.9,0.9
"05-10-2012",1.0,1.1,1.0,0.7,0.6,0.7,1.0,1.0,1.2,1.1,0.5,0.4,0.3,0.3,0.3,0.3,0.3,0.3,0.4,0.4,0.5,0.9,0.8,0.9
"06-10-2012",0.6,0.5,0.5,0.4,0.3,0.3,0.4,0.5,0.3,0.3,0.3,0.2,0.2,0.2,0.2,0.2,0.2,0.2,0.3,0.3,0.3,0.3,0.3,0.4
"07-10-2012",0.8,0.6,0.8,0.9,0.8,1.0,1.4,1.5,1.1,0.7,0.5,0.4,0.3,0.3,0.3,0.3,0.3,0.3,0.3,0.3,0.4,0.6,0.8,1.1
"08-10-2012",0.5,0.3,0.3,0.3,0.2,0.3,0.4,0.6,0.8,1.1,0.6,0.6,0.6,0.5,0.4,0.4,0.4,0.4,0.4,0.3,0.3,0.3,0.3,0.3
"09-10-2012",0.4,0.6,0.4,0.2,0.2,0.2,0.2,0.3,0.3,0.3,0.3,0.3,0.3,0.3,0.3,0.3,0.3,0.3,0.3,0.4,0.4,0.4,0.4,0.4
"10-10-2012",0.4,0.4,0.3,0.3,0.3,0.3,0.3,0.5,0.5,0.4,0.4,0.4,0.4,0.4,0.4,0.4,0.3,0.4,0.4,0.4,0.4,0.5,0.4,0.4
"11-10-2012",0.4,0.3,0.3,0.3,0.2,0.3,0.3,0.6,0.9,0.5,0.4,0.3,0.3,0.3,0.4,0.4,0.4,0.4,0.4,0.4,0.4,0.4,0.6,0.7
"12-10-2012",0.9,1.1,1.2,1.1,1.0,0.9,0.9,1.2,1.4,1.0,0.5,0.4,0.3,0.3,0.3,0.3,0.3,0.3,0.3,0.4,0.5,0.7,0.7,0.8
"13-10-2012",0.9,1.0,1.0,0.9,0.9,0.9,1.0,1.0,1.3,0.8,0.5,0.3,0.3,0.3,0.2,0.3,0.3,0.2,0.3,0.4,0.4,0.6,0.5,0.5
"14-10-2012",0.9,1.1,1.3,1.3,1.1,1.0,1.0,0.8,0.9,0.9,0.5,0.4,0.3,0.2,0.2,0.2,0.2,0.2,0.3,0.3,0.2,0.3,0.3,0.3
"15-10-2012",0.3,0.3,0.4,0.4,0.4,0.4,0.7,1.4,1.6,0.8,0.3,0.3,0.2,0.2,0.3,0.3,0.3,0.4,0.4,0.6,0.8,0.6,0.5,0.8
"16-10-2012",1.3,1.5,1.1,0.8,0.8,0.7,0.8,1.1,2.0,1.2,0.5,0.3,0.3,0.3,0.3,0.3,0.4,0.4,0.4,0.5,0.7,1.0,1.2,0.9
"17-10-2012",0.8,1.1,1.1,0.8,0.8,0.8,0.9,1.3,1.6,1.1,0.9,0.9,0.8,0.7,0.7,0.5,0.4,0.4,0.5,0.8,0.8,0.7,0.8,1.1
"18-10-2012",1.2,1.2,0.8,0.5,0.3,0.4,0.2,0.3,0.3,0.3,0.2,0.2,0.2,0.2,0.2,0.2,0.2,0.2,0.2,0.3,0.2,0.2,0.2,0.2
"19-10-2012",0.3,0.2,0.2,0.2,0.2,0.2,0.2,0.3,0.5,0.4,0.3,0.2,0.2,0.2,0.2,0.2,0.2,0.3,0.3,0.3,0.3,0.3,0.3,0.2
"20-10-2012",0.2,0.2,0.2,0.2,0.3,0.3,0.3,0.3,0.3,0.4,0.2,0.2,0.2,0.2,0.2,0.2,0.2,0.3,0.3,0.4,0.4,0.3,0.3,0.3
"21-10-2012",0.3,0.3,0.3,0.3,0.3,0.3,0.3,0.3,0.3,0.3,0.3,0.2,0.2,0.2,0.2,0.2,0.2,0.2,0.2,0.3,0.3,0.3,0.3,0.3
"22-10-2012",0.3,0.3,0.2,0.2,0.2,0.2,0.3,0.6,0.5,0.4,0.4,0.3,0.3,0.3,0.3,0.3,0.4,0.5,0.6,0.8,0.9,0.9,1.2,1.1
"23-10-2012",0.8,0.3,0.2,0.2,0.2,0.3,0.4,0.6,0.9,1.0,0.7,0.4,0.4,0.3,0.3,0.3,0.3,0.4,0.4,0.5,0.4,0.4,0.5,0.5
"24-10-2012",0.3,0.3,0.3,0.2,0.2,0.2,0.2,0.3,0.4,0.4,0.3,0.3,0.3,0.3,0.3,0.3,0.3,0.3,0.5,0.4,0.4,0.3,0.3,0.3
"25-10-2012",0.3,0.3,0.2,0.2,0.2,0.2,0.3,0.6,1.2,0.7,0.3,0.3,0.3,0.3,0.3,0.3,0.3,0.3,0.4,0.6,0.8,1.0,1.4,1.7
"26-10-2012",1.5,1.4,1.4,1.3,0.9,1.0,0.8,1.3,2.1,2.1,1.1,1.0,0.7,0.7,0.5,0.4,0.4,0.4,0.5,0.6,1.2,2.1,2.4,1.9
"27-10-2012",1.8,2.0,2.2,1.7,1.4,1.8,1.8,1.5,1.6,1.0,0.7,0.5,0.4,0.3,0.3,0.3,0.2,0.2,0.2,0.2,0.2,0.3,0.2,0.2
"28-10-2012",0.2,0.2,0.2,0.2,0.2,0.2,0.2,0.2,0.2,0.2,0.2,0.2,0.2,0.2,0.2,0.2,0.2,0.2,0.2,0.3,0.3,0.3,0.3,0.3
"29-10-2012",0.2,0.2,0.2,0.2,0.2,0.2,0.2,0.3,0.5,0.4,0.3,0.3,0.2,0.3,0.4,0.5,0.5,0.6,0.7,0.7,0.4,0.4,0.3,0.3
"30-10-2012",0.2,0.2,0.2,0.2,0.2,0.2,0.3,0.4,0.4,0.3,0.3,0.3,0.3,0.3,0.3,0.3,0.3,0.6,0.8,1.0,1.1,1.0,1.0,1.2
"31-10-2012",1.2,1.0,1.0,1.0,0.9,0.6,0.7,1.2,1.4,0.8,0.5,0.5,0.4,0.4,0.4,0.4,0.4,0.4,0.5,0.5,0.8,1.1,0.9,0.7
"01-11-2012",0.5,0.5,0.6,0.5,0.4,0.4,0.4,0.5,0.5,0.4,0.4,0.3,0.3,0.3,0.3,0.4,0.4,0.4,0.5,0.6,0.5,0.4,0.3,0.3
"02-11-2012",0.3,0.4,0.6,0.7,0.6,0.7,0.8,1.1,1.2,0.6,0.4,0.6,0.4,0.3,0.3,0.3,0.3,0.4,0.4,0.4,0.4,0.4,0.5,0.7
"03-11-2012",1.1,1.3,1.3,1.4,1.2,1.5,1.7,1.6,1.3,0.7,0.4,0.4,0.4,0.3,-9999,-9999,-9999,-9999,-9999,-9999,-9999,-9999,-9999,-9999
"04-11-2012",-9999,-9999,-9999,-9999,-9999,-9999,-9999,-9999,-9999,-9999,-9999,-9999,-9999,-9999,-9999,-9999,-9999,-9999,-9999,-9999,-9999,-9999,-9999,-9999
"05-11-2012",-9999,-9999,-9999,-9999,-9999,-9999,-9999,-9999,-9999,-9999,-9999,-9999,-9999,-9999,-9999,-9999,-9999,-9999,-9999,-9999,-9999,-9999,-9999,-9999
"06-11-2012",-9999,-9999,-9999,-9999,-9999,-9999,-9999,-9999,-9999,-9999,-9999,-9999,-9999,-9999,-9999,-9999,-9999,-9999,-9999,-9999,-9999,-9999,-9999,-9999
"07-11-2012",-9999,-9999,-9999,-9999,-9999,-9999,-9999,-9999,-9999,-9999,-9999,-9999,0.4,0.3,0.3,0.3,0.3,0.3,0.4,0.6,0.5,0.3,0.3,0.2
"08-11-2012",0.2,0.2,0.2,0.2,0.2,0.2,0.2,0.3,0.3,0.3,0.3,0.3,0.3,0.3,0.2,0.3,0.3,0.3,0.3,0.3,0.3,0.4,0.3,0.3
"09-11-2012",0.3,0.2,0.3,0.3,0.3,0.3,0.6,0.9,0.7,0.5,0.3,0.3,0.4,0.3,0.4,0.4,0.5,0.6,0.8,0.8,0.8,0.5,0.9,1.1
"10-11-2012",1.2,1.1,0.8,0.7,0.5,0.3,0.3,0.4,0.3,0.3,0.3,0.3,0.3,0.3,0.3,0.3,0.3,0.3,0.4,0.4,0.4,0.5,0.6,0.5
"11-11-2012",0.5,0.6,0.3,0.3,0.3,0.5,0.6,0.3,0.3,0.3,0.2,0.2,0.2,0.2,0.2,0.2,0.3,0.3,0.5,0.4,0.4,0.6,0.4,0.4
"12-11-2012",0.3,0.3,0.3,0.3,0.2,0.2,0.2,0.3,0.4,0.3,0.3,0.2,0.3,0.3,0.3,0.3,0.3,0.3,0.4,0.4,0.4,0.5,0.6,0.6
"13-11-2012",0.6,0.4,0.4,0.3,0.3,0.3,0.5,1.1,1.8,1.3,0.9,0.4,0.3,0.4,0.4,0.4,0.4,0.5,0.7,1.0,2.4,3.1,3.3,3.5
"14-11-2012",2.7,2.3,2.3,1.5,0.6,0.3,0.3,0.3,0.3,0.3,0.3,0.3,0.3,0.2,0.2,0.3,0.3,0.3,0.3,0.3,0.3,0.3,0.3,0.3
"15-11-2012",0.3,0.3,0.2,0.2,0.2,0.2,0.2,0.3,0.3,0.3,0.3,0.3,0.3,0.3,0.3,0.3,0.3,0.3,0.3,0.4,0.4,0.5,0.4,0.5
"16-11-2012",0.4,0.4,0.6,0.7,0.5,0.5,0.5,0.6,1.1,0.9,0.8,0.7,0.4,0.4,0.3,0.3,0.3,0.4,0.4,0.4,0.4,0.4,0.4,0.3
"17-11-2012",0.3,0.3,0.3,0.3,0.3,0.3,0.3,0.3,0.3,0.3,0.3,0.3,0.3,0.3,0.3,0.3,0.3,0.3,0.3,0.3,0.4,0.4,0.3,0.3
"18-11-2012",0.3,0.3,0.3,0.3,0.2,0.2,0.2,0.2,0.2,0.2,0.3,0.3,0.3,0.3,0.3,0.3,0.3,0.3,0.4,0.4,0.4,0.4,0.4,0.4
"19-11-2012",0.3,0.6,1.1,0.3,0.3,0.3,0.3,0.4,0.4,0.3,0.3,0.3,0.3,0.3,0.3,0.4,0.4,0.5,0.7,0.8,0.9,0.8,0.6,0.5
"20-11-2012",0.6,0.5,0.5,0.3,0.4,0.3,0.4,0.6,0.6,0.5,0.7,0.5,0.3,0.3,0.3,0.3,0.4,0.6,0.6,0.7,0.7,0.6,0.8,0.9
"21-11-2012",1.1,1.1,1.2,0.6,0.5,0.5,0.6,0.9,0.7,0.8,0.6,0.6,0.7,0.5,0.4,0.4,0.4,0.5,0.5,0.5,0.4,0.4,0.3,0.3
"22-11-2012",0.3,0.3,0.3,0.2,0.2,0.2,0.2,0.2,0.3,0.2,0.2,0.2,0.2,0.3,0.3,0.3,0.3,0.4,0.4,0.4,0.3,0.4,0.3,0.3
"23-11-2012",0.3,0.3,0.2,0.2,0.2,0.2,0.2,0.3,0.3,0.3,0.3,0.3,0.3,0.3,0.3,0.3,0.4,0.4,0.4,0.5,0.5,0.5,0.6,0.6
"24-11-2012",0.7,1.1,1.0,0.5,0.5,0.5,0.5,0.6,0.5,0.5,0.4,0.4,0.3,0.3,0.3,0.3,0.3,0.3,0.4,0.4,0.4,0.4,0.4,0.3
"25-11-2012",0.4,0.4,0.3,0.3,0.2,0.2,0.2,0.3,0.3,0.3,0.2,0.2,0.2,0.3,0.3,0.3,0.3,0.3,0.4,0.5,0.8,1.4,1.3,1.3
"26-11-2012",1.1,0.7,0.5,0.3,0.3,0.3,0.3,0.4,0.6,0.4,0.3,0.3,0.3,0.3,0.3,0.3,0.4,0.4,0.7,1.4,1.5,1.3,1.6,1.6
"27-11-2012",1.5,1.2,0.9,0.5,0.4,0.4,0.4,0.6,0.7,0.5,0.4,0.7,0.4,0.4,0.4,0.4,0.5,0.7,0.9,1.1,1.1,1.2,1.0,1.5
"28-11-2012",1.9,2.0,1.9,1.9,1.8,1.5,1.7,2.1,2.5,1.3,0.5,0.3,0.3,0.3,0.3,0.4,0.4,0.4,0.4,0.4,0.4,0.3,0.3,0.3
"29-11-2012",0.2,0.2,0.2,0.2,0.2,0.2,0.2,0.3,0.3,-9999,-9999,0.2,0.2,0.3,0.3,0.3,0.2,0.3,0.3,0.3,0.3,0.2,0.3,0.2
"30-11-2012",0.2,0.2,0.2,0.2,0.2,0.2,0.3,0.4,0.6,0.6,0.4,0.3,0.3,0.3,0.3,0.3,0.3,0.4,0.4,0.4,0.3,0.3,0.3,0.4
"01-12-2012",0.5,0.5,0.5,0.4,0.4,0.4,0.3,0.4,0.4,0.5,0.6,0.5,0.4,0.5,0.5,0.3,0.5,1.0,0.9,1.1,2.0,3.2,4.1,4.4
"02-12-2012",3.8,3.4,3.4,2.1,2.2,1.6,1.7,1.1,1.1,0.5,0.4,0.3,0.3,0.3,0.4,0.3,0.3,0.3,0.3,0.3,0.3,0.4,0.7,0.5
"03-12-2012",0.5,0.5,0.2,0.2,0.2,0.2,0.5,1.2,1.4,1.0,0.5,0.4,0.3,0.3,0.3,0.3,0.3,0.3,0.3,0.3,0.3,0.3,0.3,0.3
"04-12-2012",0.3,0.3,0.3,0.3,0.3,0.3,0.3,0.4,0.4,0.3,0.3,0.3,0.3,0.3,0.3,0.3,0.6,1.3,2.4,3.0,3.3,3.9,4.7,4.5
"05-12-2012",3.9,4.3,3.5,1.9,1.5,1.7,1.2,2.2,3.1,2.8,1.2,0.4,0.4,0.4,0.4,0.5,0.6,0.7,0.7,0.7,0.6,0.5,0.7,0.8
"06-12-2012",0.6,0.3,0.5,0.6,0.7,0.7,1.0,0.7,0.7,0.7,0.3,0.3,0.3,0.3,0.3,0.3,0.4,0.7,1.1,1.4,1.5,2.5,2.9,3.0
"07-12-2012",2.7,0.4,0.4,0.3,0.3,0.3,0.4,1.1,1.1,0.7,0.5,0.3,0.3,0.3,0.3,0.3,0.4,0.7,1.4,2.6,2.1,1.1,1.3,1.8
"08-12-2012",3.1,3.0,2.5,2.0,1.7,1.2,1.4,1.8,1.5,1.4,0.8,0.8,0.6,0.3,0.3,0.4,0.3,0.4,0.4,0.4,0.4,0.3,0.3,0.3
"09-12-2012",0.3,0.2,0.2,0.2,0.2,0.2,0.4,0.7,1.2,1.0,0.6,0.5,0.4,0.6,0.7,0.5,0.7,0.5,0.7,1.0,1.6,3.5,4.2,1.7
"10-12-2012",1.1,1.7,1.7,1.8,1.4,0.9,0.4,0.5,1.1,0.6,0.5,0.4,0.4,0.4,0.4,0.4,0.5,1.0,1.9,2.8,3.1,2.3,3.4,4.8
"11-12-2012",4.7,3.8,2.0,1.4,1.2,1.2,1.4,2.2,3.6,3.2,1.3,0.7,0.4,0.4,0.3,0.3,0.5,0.5,0.6,0.6,0.6,0.5,0.5,0.6
"12-12-2012",0.4,0.6,0.3,0.3,0.4,0.5,0.8,1.8,2.7,0.9,0.5,0.4,0.4,0.4,0.5,0.5,0.5,0.7,0.7,0.7,0.8,0.6,0.6,0.5
"13-12-2012",0.4,0.4,0.3,0.3,0.3,0.4,0.4,0.6,0.6,0.4,0.4,0.3,0.3,0.3,0.3,0.4,0.5,0.7,1.0,1.1,1.3,2.1,2.6,3.3
"14-12-2012",3.2,1.1,0.8,0.8,0.7,0.4,0.4,0.6,1.2,1.0,0.5,0.4,0.3,0.3,0.3,0.4,0.4,0.6,0.7,0.8,1.8,2.3,2.3,2.1
"15-12-2012",1.3,1.4,1.6,1.3,1.0,0.4,0.6,0.4,0.6,0.5,0.5,0.4,0.4,0.8,0.9,0.7,0.6,0.8,1.6,2.8,3.9,5.3,6.0,6.4
"16-12-2012",6.1,5.7,5.7,5.5,4.8,4.7,3.7,3.5,3.3,2.1,0.5,0.7,0.6,0.5,0.6,0.9,1.2,2.1,2.9,4.1,5.8,6.4,7.3,7.3
"17-12-2012",6.4,6.3,5.1,3.7,3.1,1.8,1.7,2.0,2.7,2.3,0.7,0.7,0.4,0.4,0.4,0.5,0.6,1.3,1.2,0.6,0.7,1.4,0.9,1.1
"18-12-2012",1.2,0.7,0.6,0.4,0.4,0.4,0.5,0.7,0.8,0.6,0.5,0.5,0.5,0.8,0.5,0.4,0.6,0.7,1.1,1.0,0.9,0.7,0.7,0.8
"19-12-2012",0.7,0.6,0.6,0.6,0.5,0.6,0.8,1.6,2.1,1.0,0.7,0.6,0.5,0.4,0.4,0.4,0.4,0.5,0.5,0.5,0.5,0.5,0.5,0.4
"20-12-2012",0.4,0.3,0.3,0.3,0.3,0.3,0.3,0.4,0.4,0.4,0.5,0.4,0.4,0.4,0.4,0.5,0.6,0.7,1.0,0.6,0.7,0.9,0.8,0.7
"21-12-2012",0.7,0.6,0.7,0.7,0.8,0.7,1.0,1.4,2.3,1.3,0.7,0.5,0.5,0.6,0.5,0.6,0.7,0.7,0.9,1.0,1.0,1.2,1.4,1.4
"22-12-2012",1.2,0.7,0.5,0.4,0.4,0.4,0.4,0.4,0.4,0.4,0.5,0.5,0.5,0.5,0.5,0.4,0.5,0.5,0.5,0.5,0.5,0.5,0.4,0.4
"23-12-2012",0.4,0.4,0.4,0.3,0.3,0.3,0.3,0.3,0.3,0.3,0.3,0.3,0.3,0.3,0.3,0.4,0.4,0.4,0.4,0.4,0.5,0.4,0.4,0.4
"24-12-2012",0.4,0.8,0.5,0.4,0.4,0.4,0.6,0.8,1.0,1.1,0.6,0.4,0.4,0.4,0.4,0.5,0.6,0.7,0.9,1.7,2.7,3.7,4.8,5.6
"25-12-2012",5.6,5.7,4.5,4.6,4.3,4.1,3.1,2.2,2.6,2.1,0.9,0.6,0.5,0.7,0.8,0.9,0.7,1.1,2.3,3.5,5.1,6.2,7.1,6.3
"26-12-2012",6.7,6.9,5.2,3.7,2.7,2.5,2.5,2.0,1.6,0.9,0.6,0.6,0.5,0.6,0.7,0.6,0.7,0.9,1.6,2.3,4.0,4.6,2.6,2.1
"27-12-2012",1.9,2.3,2.1,2.0,1.5,1.0,0.8,1.5,2.0,1.7,1.1,0.9,0.9,0.5,0.5,0.5,0.7,0.7,1.1,2.0,3.8,4.0,3.2,3.2
"28-12-2012",3.2,2.6,2.4,2.2,1.9,1.7,1.8,2.6,2.7,2.6,1.0,0.5,0.6,0.5,0.4,0.4,0.5,0.8,1.3,2.7,3.5,3.5,4.7,3.3
"29-12-2012",3.2,1.3,0.5,0.4,0.4,0.4,0.5,0.6,0.3,0.4,0.5,0.4,0.8,-9999,-9999,-9999,-9999,-9999,-9999,-9999,-9999,-9999,-9999,-9999
"30-12-2012",-9999,-9999,-9999,-9999,-9999,-9999,-9999,-9999,-9999,-9999,-9999,-9999,-9999,-9999,-9999,-9999,-9999,-9999,-9999,-9999,-9999,-9999,-9999,-9999
"31-12-2012",-9999,-9999,-9999,-9999,-9999,-9999,-9999,-9999,-9999,-9999,0.5,0.4,0.4,0.4,0.4,0.4,0.5,0.5,0.5,0.5,0.5,0.7,0.7,0.6
