"01-01-2014",23,17,25,37,39,36,36,29,25,26,33,29,27,26,30,31,29,11,10,8,6,8,5,12
"02-01-2014",16,13,5,14,21,16,9,19,19,26,33,46,51,51,40,46,46,30,9,7,4,5,5,5
"03-01-2014",4,4,3,4,4,3,3,3,4,7,29,43,57,52,45,46,33,5,4,4,4,4,4,5
"04-01-2014",4,4,4,12,23,11,4,4,4,13,33,53,55,63,62,63,44,23,6,5,5,5,5,5
"05-01-2014",5,4,4,4,4,4,4,4,4,5,15,36,51,57,55,59,47,25,12,5,5,4,4,4
"06-01-2014",4,4,4,5,9,30,46,48,49,54,57,56,59,61,55,53,48,27,6,5,8,15,14,27
"07-01-2014",35,35,41,42,40,40,38,25,29,43,49,59,62,63,62,60,59,51,37,26,19,6,9,15
"08-01-2014",5,4,4,4,3,38,51,26,39,46,49,51,53,61,65,63,59,57,57,56,60,61,62,63
"09-01-2014",65,51,26,59,63,15,3,4,5,9,22,80,67,71,72,68,62,12,4,4,4,4,4,5
"10-01-2014",4,4,4,4,4,3,4,3,4,5,12,28,47,40,38,39,34,20,17,27,19,6,5,5
"11-01-2014",4,4,4,4,3,5,12,15,15,22,28,47,50,40,47,46,47,39,25,14,6,11,7,4
"12-01-2014",4,3,4,4,3,4,4,5,6,15,39,42,53,61,65,66,45,24,9,4,4,5,5,4
"13-01-2014",4,4,14,24,29,25,12,5,7,13,25,39,39,44,45,32,16,10,10,7,8,6,18,22
"14-01-2014",24,29,34,37,40,29,8,11,18,21,30,45,53,58,47,47,39,27,16,16,20,19,13,9
"15-01-2014",24,38,41,41,42,30,14,7,7,12,20,47,54,57,53,46,40,45,45,43,46,40,41,-9999
"16-01-2014",-9999,-9999,-9999,-9999,-9999,-9999,-9999,-9999,-9999,-9999,-9999,-9999,-9999,-9999,-9999,-9999,-9999,-9999,-9999,-9999,-9999,-9999,-9999,-9999
"17-01-2014",-9999,-9999,-9999,-9999,-9999,-9999,-9999,-9999,-9999,-9999,-9999,-9999,-9999,-9999,-9999,-9999,-9999,-9999,-9999,-9999,-9999,-9999,-9999,-9999
"18-01-2014",-9999,-9999,-9999,-9999,-9999,-9999,-9999,-9999,-9999,-9999,-9999,-9999,-9999,-9999,-9999,-9999,-9999,-9999,-9999,-9999,-9999,-9999,-9999,-9999
"19-01-2014",-9999,-9999,-9999,-9999,-9999,-9999,-9999,-9999,-9999,-9999,-9999,-9999,-9999,-9999,-9999,-9999,-9999,-9999,-9999,-9999,-9999,-9999,-9999,-9999
"20-01-2014",-9999,-9999,-9999,-9999,-9999,-9999,-9999,-9999,-9999,-9999,-9999,-9999,-9999,-9999,-9999,-9999,-9999,-9999,-9999,-9999,-9999,-9999,-9999,-9999
"21-01-2014",-9999,-9999,-9999,-9999,-9999,-9999,-9999,-9999,-9999,-9999,-9999,-9999,-9999,70,75,69,65,56,53,62,60,60,58,44
"22-01-2014",37,34,42,72,70,48,32,18,13,25,62,67,72,74,73,66,68,67,63,55,24,10,13,8
"23-01-2014",3,11,7,6,1,1,1,2,2,27,57,63,68,72,75,76,69,50,20,8,26,40,37,36
"24-01-2014",54,47,32,17,18,7,1,1,1,4,10,15,25,20,44,50,55,42,42,49,62,67,70,75
"25-01-2014",57,49,48,43,65,71,51,50,55,64,68,71,67,66,60,67,60,29,22,31,24,23,27,45
"26-01-2014",52,48,50,64,63,67,77,76,64,59,52,57,51,52,57,51,49,47,44,38,32,28,42,46
"27-01-2014",49,52,50,49,51,46,47,34,31,34,43,48,51,57,58,53,39,31,12,8,13,6,6,10
"28-01-2014",16,27,26,30,35,32,18,6,6,6,5,7,23,30,38,23,8,4,4,5,5,4,5,15
"29-01-2014",18,39,26,37,36,28,63,46,33,62,64,74,76,80,76,75,69,47,36,38,32,22,10,6
"30-01-2014",5,10,24,11,15,9,4,3,7,14,16,49,51,58,61,57,52,34,4,8,5,4,5,13
"31-01-2014",22,32,55,49,46,44,45,42,43,48,52,55,59,64,67,65,61,58,54,52,52,52,55,58
"01-02-2014",61,62,63,64,60,59,57,57,58,56,56,51,46,49,50,47,49,45,36,31,36,43,47,49
"02-02-2014",50,58,61,56,63,63,61,63,59,59,57,56,55,57,58,60,56,55,45,49,57,65,67,66
"03-02-2014",66,67,69,70,69,68,65,60,58,62,66,70,72,74,76,72,73,72,66,66,65,69,68,72
"04-02-2014",74,75,75,77,76,51,34,19,33,48,55,58,60,67,66,63,62,40,36,19,15,42,45,55
"05-02-2014",57,59,58,58,55,56,48,36,32,50,57,56,59,62,59,56,53,45,36,23,19,20,27,34
"06-02-2014",36,37,43,48,33,8,19,25,27,21,26,41,55,62,63,61,47,36,17,13,28,30,46,61
"07-02-2014",71,75,77,77,74,68,57,41,51,57,60,68,74,75,73,58,66,58,39,23,6,5,6,7
"08-02-2014",7,6,5,5,4,5,4,4,5,17,41,68,76,78,79,77,79,74,66,57,40,18,16,8
"09-02-2014",6,5,5,5,5,6,34,36,24,15,59,63,74,79,78,75,66,62,57,54,61,50,57,45
"10-02-2014",68,80,74,45,24,10,4,5,8,15,39,63,69,77,79,74,52,35,10,5,5,7,6,5
"11-02-2014",5,4,4,4,4,4,4,4,5,20,37,64,74,78,78,75,71,62,52,31,9,5,5,5
"12-02-2014",9,4,7,14,33,37,4,5,17,50,60,67,71,74,78,79,73,66,64,59,68,65,60,39
"13-02-2014",7,48,35,37,40,30,8,8,29,47,47,66,80,85,77,63,66,62,50,33,10,5,5,5
"14-02-2014",10,11,18,34,24,30,54,41,47,48,68,81,83,84,85,80,68,68,49,28,23,8,6,6
"15-02-2014",12,54,39,28,29,60,68,67,68,71,75,79,81,79,77,75,72,67,56,44,41,34,37,44
"16-02-2014",25,9,10,21,16,23,15,10,22,43,41,56,70,81,78,81,83,69,47,28,6,7,6,6
"17-02-2014",6,5,4,4,4,4,4,5,8,19,31,46,45,50,66,75,80,65,51,34,40,18,5,5
"18-02-2014",5,4,4,4,4,4,4,4,6,24,45,36,40,53,64,66,44,44,27,8,4,5,5,4
"19-02-2014",4,4,4,4,4,4,4,5,5,7,19,44,52,58,60,56,57,56,39,21,18,31,11,4
"20-02-2014",37,60,63,64,61,62,54,46,37,50,54,64,66,70,64,67,65,59,43,27,22,25,8,11
"21-02-2014",18,43,13,22,44,39,18,8,10,25,53,58,52,52,50,48,45,37,38,31,13,14,10,28
"22-02-2014",30,28,37,29,26,30,41,29,38,44,64,64,48,66,65,71,68,63,54,33,35,25,33,54
"23-02-2014",53,50,56,40,33,29,24,51,56,51,75,71,73,79,80,85,74,69,65,61,60,62,58,50
"24-02-2014",58,61,53,52,57,58,55,53,58,64,68,66,67,69,69,67,67,66,62,63,59,57,59,66
"25-02-2014",63,65,64,65,63,54,37,30,41,48,52,59,52,55,62,64,61,43,31,18,22,28,30,38
"26-02-2014",41,46,45,42,49,40,28,27,30,52,60,58,43,45,57,60,57,60,57,49,35,20,9,7
"27-02-2014",6,5,5,7,13,5,4,5,10,32,35,38,44,64,71,79,82,78,71,54,28,10,5,8
"28-02-2014",10,12,12,19,17,5,5,5,5,21,51,44,55,62,63,63,60,52,42,37,60,63,59,71
"01-03-2014",72,71,59,36,33,25,15,5,8,13,14,41,57,56,64,63,61,48,29,33,33,31,31,22
"02-03-2014",31,38,46,51,59,69,35,34,47,72,84,87,95,96,97,94,90,88,70,59,47,12,7,5
"03-03-2014",17,65,79,82,86,87,85,85,83,78,73,70,64,66,66,64,64,64,49,36,23,23,8,6
"04-03-2014",16,55,74,76,67,47,58,48,57,62,76,81,84,88,80,74,66,68,66,66,41,43,66,66
"05-03-2014",55,50,58,67,34,18,5,7,11,17,42,71,72,76,80,74,75,68,58,22,7,8,8,7
"06-03-2014",6,6,6,5,10,10,5,6,17,47,69,83,84,90,88,89,90,83,70,69,71,34,26,28
"07-03-2014",30,45,64,60,49,40,19,25,31,50,61,84,91,95,80,74,69,61,63,63,52,42,35,20
"08-03-2014",41,55,49,42,67,70,70,65,64,72,76,77,78,78,72,69,68,67,60,56,49,48,57,62
"09-03-2014",73,69,70,65,65,62,61,74,74,73,74,72,72,76,73,72,74,72,73,79,79,77,82,78
"10-03-2014",77,77,78,78,75,68,58,47,51,56,61,69,73,74,71,74,74,68,66,65,64,64,63,65
"11-03-2014",69,71,70,64,61,69,55,48,58,62,67,73,75,82,82,83,84,80,71,68,72,72,74,76
"12-03-2014",84,93,95,91,81,81,78,71,73,74,81,88,99,106,110,114,115,114,104,86,67,33,9,14
"13-03-2014",44,42,38,59,45,36,40,47,70,91,93,96,100,100,102,100,103,101,86,65,66,57,61,54
"14-03-2014",60,55,48,46,76,57,9,27,32,59,84,98,108,105,101,102,101,96,85,68,61,41,14,7
"15-03-2014",9,28,27,38,46,38,24,22,32,59,82,89,114,115,125,118,115,122,105,89,86,64,65,64
"16-03-2014",39,25,15,7,21,25,20,18,46,73,90,103,106,115,119,109,104,96,87,68,48,46,23,7
"17-03-2014",13,29,25,24,31,20,12,13,17,26,67,87,86,86,87,87,86,84,73,33,47,15,9,5
"18-03-2014",6,19,12,15,14,19,6,8,19,36,43,48,69,91,88,94,88,81,71,32,6,6,5,5
"19-03-2014",5,5,7,18,12,5,5,7,17,33,50,77,90,99,111,112,102,97,84,47,37,27,82,88
"20-03-2014",93,9,25,26,21,39,54,53,76,82,90,92,94,92,92,87,85,82,81,75,66,54,51,30
"21-03-2014",18,17,29,48,40,16,17,60,81,88,89,93,95,98,100,99,95,91,89,80,65,55,20,8
"22-03-2014",8,20,20,24,20,22,10,28,58,62,65,83,99,105,120,123,120,114,106,99,85,67,49,43
"23-03-2014",31,37,18,18,28,29,14,23,50,59,71,77,96,109,115,115,117,108,97,91,82,58,55,38
"24-03-2014",12,26,8,14,16,16,7,8,23,39,43,66,81,79,88,94,88,92,87,65,46,38,22,30
"25-03-2014",58,76,88,95,94,94,86,92,93,96,97,98,99,101,102,101,100,96,87,74,84,77,67,79
"26-03-2014",91,92,91,88,84,68,32,47,52,71,80,92,98,103,98,95,91,87,75,64,63,70,60,53
"27-03-2014",70,77,83,81,80,49,17,18,58,70,80,93,97,97,90,87,78,71,72,65,25,33,52,63
"28-03-2014",73,76,70,51,80,79,76,79,81,90,93,106,103,102,109,107,100,85,78,76,70,63,71,60
"29-03-2014",51,62,83,87,72,66,63,73,80,91,90,88,87,100,101,101,100,95,89,83,84,74,82,81
"30-03-2014",61,56,78,93,95,92,95,95,97,96,97,98,99,100,101,101,100,96,91,92,83,86,67,66
"31-03-2014",61,62,69,58,44,15,17,45,62,-9999,81,92,99,84,99,111,107,104,99,90,75,59,62,58
"01-04-2014",57,56,52,36,42,37,13,7,15,51,53,56,64,75,96,107,109,104,99,100,84,68,49,40
"02-04-2014",49,28,10,8,12,14,5,6,11,25,35,48,67,79,92,99,100,97,88,81,63,48,19,20
"03-04-2014",8,9,10,7,20,8,6,7,17,47,55,73,89,101,119,125,128,119,119,97,78,64,60,42
"04-04-2014",62,77,60,36,23,19,5,8,71,78,91,97,106,111,110,107,100,100,97,88,81,82,89,90
"05-04-2014",93,92,91,93,91,87,77,59,39,42,53,77,87,94,95,92,91,91,89,79,72,72,75,73
"06-04-2014",73,68,67,66,67,69,63,61,73,93,97,104,102,101,104,91,86,79,74,-9999,-9999,-9999,-9999,-9999
"07-04-2014",-9999,-9999,-9999,-9999,-9999,-9999,-9999,-9999,-9999,-9999,-9999,-9999,84,76,77,85,80,55,51,63,76,75,80,79
"08-04-2014",82,69,32,31,22,33,21,9,29,58,83,92,95,101,92,85,101,93,83,58,46,23,31,19
"09-04-2014",5,5,10,17,21,12,4,3,15,36,35,52,73,81,92,98,98,107,106,94,80,53,31,60
"10-04-2014",88,92,95,99,96,86,48,11,17,73,93,92,102,106,94,81,98,95,85,80,73,69,88,87
"11-04-2014",92,93,89,85,81,71,63,40,65,83,93,95,94,96,97,103,104,100,96,73,79,74,60,48
"12-04-2014",32,63,80,83,78,64,64,26,37,58,75,99,98,100,105,106,113,114,109,100,93,86,77,56
"13-04-2014",38,38,50,41,32,26,23,26,46,97,96,100,109,106,108,105,101,109,97,83,62,46,34,19
"14-04-2014",28,21,26,26,40,41,40,36,45,80,95,99,106,110,108,103,100,104,100,93,63,48,57,55
"15-04-2014",61,71,38,20,22,16,3,4,14,45,67,82,91,103,111,111,111,105,102,90,70,52,41,87
"16-04-2014",90,75,60,31,38,10,5,5,6,61,84,94,92,83,81,82,81,78,76,65,82,67,86,79
"17-04-2014",57,73,78,73,75,86,67,79,82,86,85,88,85,68,64,61,85,97,94,87,66,65,92,98
"18-04-2014",99,102,96,92,76,65,47,46,61,79,86,94,99,102,100,94,96,96,93,90,74,79,72,73
"19-04-2014",79,80,77,83,82,72,49,58,73,78,87,91,97,103,99,103,107,104,100,96,93,90,89,85
"20-04-2014",75,62,67,61,29,27,25,28,70,102,107,110,115,114,111,114,113,114,104,98,91,81,81,58
"21-04-2014",75,56,77,77,83,94,83,74,85,94,85,81,87,83,87,97,104,101,97,83,33,36,42,55
"22-04-2014",75,78,69,46,39,40,23,12,32,57,80,80,87,79,94,105,113,79,76,82,51,38,13,12
"23-04-2014",11,22,22,15,12,6,5,5,7,8,32,77,92,91,92,93,94,97,91,83,80,81,85,93
"24-04-2014",84,80,80,70,76,71,39,37,46,34,74,86,95,91,94,94,91,91,85,79,79,78,75,76
"25-04-2014",84,80,79,73,76,63,54,67,74,80,82,88,90,93,96,97,94,90,82,76,50,50,35,30
"26-04-2014",35,33,28,50,56,46,37,34,39,58,77,79,100,99,96,90,96,99,91,82,70,57,40,54
"27-04-2014",63,64,61,60,74,71,66,78,79,74,76,78,76,97,107,98,90,82,93,82,74,68,59,48
"28-04-2014",49,54,29,23,23,11,5,8,32,56,91,97,100,97,92,95,98,105,102,98,89,94,99,99
"29-04-2014",98,98,98,97,93,85,71,65,74,87,92,95,91,96,103,101,98,93,98,92,87,74,89,92
"30-04-2014",82,80,81,86,93,83,69,77,81,92,102,102,104,101,105,106,107,105,100,91,90,88,87,90
"01-05-2014",93,96,95,92,93,96,69,65,90,79,84,107,106,109,113,117,119,118,115,103,89,79,77,72
"02-05-2014",90,83,85,81,71,62,23,16,28,55,84,94,93,94,103,102,104,105,99,90,87,79,77,79
"03-05-2014",72,75,68,71,72,45,31,42,46,73,90,94,98,97,98,99,92,87,80,68,66,66,65,55
"04-05-2014",69,74,69,64,56,51,44,39,56,72,98,102,105,106,109,106,103,98,99,89,72,69,76,58
"05-05-2014",63,69,78,83,71,64,56,71,77,87,79,92,99,109,108,93,83,89,87,72,62,54,46,46
"06-05-2014",51,61,68,52,52,66,33,32,43,74,85,91,93,86,83,83,85,84,81,77,70,65,61,60
"07-05-2014",64,72,77,80,78,64,72,75,78,83,87,92,94,95,98,97,99,97,95,90,85,89,59,67
"08-05-2014",50,70,96,92,86,73,48,73,84,94,96,100,104,111,109,104,113,108,105,103,99,98,91,78
"09-05-2014",85,97,105,104,109,104,102,98,96,102,105,108,106,107,110,110,110,110,105,96,90,85,81,88
"10-05-2014",90,86,95,92,73,55,34,30,55,68,85,98,97,98,109,121,121,119,113,101,92,81,69,41
"11-05-2014",20,37,22,20,38,38,24,30,53,50,58,79,101,110,112,109,120,115,113,108,94,79,74,64
"12-05-2014",55,32,16,22,11,5,5,14,60,101,113,117,118,120,105,107,116,112,103,92,107,97,96,97
"13-05-2014",86,63,46,45,48,58,25,51,36,38,65,86,82,97,103,108,99,103,100,92,56,34,37,63
"14-05-2014",45,51,43,25,17,26,6,16,53,57,84,94,103,108,105,106,105,100,106,104,107,107,106,112
"15-05-2014",116,104,93,103,102,101,94,93,95,98,100,102,102,101,102,103,106,109,109,107,95,99,98,95
"16-05-2014",99,101,102,101,107,83,79,92,96,103,108,111,115,119,114,112,116,113,112,107,91,95,97,96
"17-05-2014",98,91,108,100,94,98,83,83,104,112,116,120,119,122,124,121,121,120,115,107,106,106,102,96
"18-05-2014",92,91,89,88,88,70,59,64,66,95,102,108,112,113,115,114,119,116,111,107,99,90,83,79
"19-05-2014",60,31,33,29,44,29,12,11,16,25,60,59,75,89,96,101,93,94,76,51,78,95,101,105
"20-05-2014",96,99,89,67,62,26,10,18,27,51,83,105,119,91,117,151,143,118,98,99,95,94,76,73
"21-05-2014",72,58,57,101,73,60,98,109,110,116,115,115,116,117,120,118,118,118,117,115,112,115,111,97
"22-05-2014",113,112,107,109,120,117,110,107,105,111,116,115,112,106,103,98,100,102,98,92,87,79,76,77
"23-05-2014",77,72,84,82,76,89,60,67,85,89,98,101,102,105,114,127,127,121,102,68,47,34,38,29
"24-05-2014",23,23,39,38,45,34,17,21,33,49,72,99,116,123,127,122,113,107,109,105,99,86,75,87
"25-05-2014",89,85,73,46,30,33,42,51,65,84,91,113,141,142,140,142,143,132,108,107,104,94,64,51
"26-05-2014",65,84,89,65,38,34,38,43,44,52,129,-9999,-9999,101,115,108,106,104,99,91,81,56,32,29
"27-05-2014",14,27,55,75,87,79,62,43,51,54,44,56,90,91,111,120,117,108,91,83,77,63,62,76
"28-05-2014",69,67,75,76,61,43,33,35,24,53,82,94,101,106,108,95,93,84,79,78,67,53,23,64
"29-05-2014",44,59,44,54,57,19,6,14,34,23,64,88,80,81,81,71,64,65,67,62,71,79,79,76
"30-05-2014",87,93,98,100,89,87,84,87,90,94,94,96,96,93,92,88,90,87,80,90,89,75,78,81
"31-05-2014",84,87,86,83,82,75,70,77,84,86,91,94,93,93,96,99,91,96,95,91,95,93,94,92
"01-06-2014",88,80,78,73,86,71,75,79,89,89,93,95,100,100,98,95,94,93,90,87,75,71,74,72
"02-06-2014",76,78,73,74,73,70,69,71,73,85,88,92,93,96,97,98,100,97,97,93,93,88,76,79
"03-06-2014",82,77,63,67,63,40,38,46,59,64,60,69,78,78,83,87,93,92,89,89,90,87,86,89
"04-06-2014",82,71,62,61,59,50,54,66,69,68,65,73,74,73,70,77,77,77,75,72,69,61,44,45
"05-06-2014",38,49,32,26,38,36,22,19,35,58,78,85,87,92,93,81,90,85,77,71,60,49,49,37
"06-06-2014",22,18,10,19,13,3,7,57,69,84,93,96,97,99,101,105,103,99,85,85,77,77,37,39
"07-06-2014",44,30,33,32,34,22,17,37,43,84,101,102,99,101,97,82,82,99,100,63,86,74,56,36
"08-06-2014",16,11,25,34,35,23,22,30,69,94,96,90,97,102,102,103,99,99,98,96,89,86,86,84
"09-06-2014",87,86,93,91,87,86,81,78,85,90,94,99,102,104,104,101,104,104,104,101,94,91,87,93
"10-06-2014",92,90,89,89,86,82,77,84,82,90,96,99,109,108,105,105,108,110,110,104,101,83,89,79
"11-06-2014",85,91,90,88,89,86,60,78,82,92,99,99,99,99,100,97,99,97,86,80,64,41,8,9
"12-06-2014",8,32,49,53,50,54,72,74,73,73,91,93,96,97,97,96,93,98,93,95,82,72,65,62
"13-06-2014",71,65,73,71,69,70,61,62,65,91,96,98,97,98,99,104,138,138,121,92,62,25,31,39
"14-06-2014",33,42,32,33,20,20,16,37,61,79,77,98,134,133,138,135,130,116,111,114,93,91,82,47
"15-06-2014",56,57,55,49,38,22,33,49,58,48,56,81,92,107,108,106,105,84,81,67,65,52,52,49
"16-06-2014",51,30,35,35,21,12,5,13,50,63,83,92,106,116,112,101,104,93,88,86,80,84,73,71
"17-06-2014",68,52,45,28,20,15,5,11,34,50,65,80,88,103,101,84,73,84,95,84,64,54,56,48
"18-06-2014",45,47,17,13,14,4,18,32,43,48,58,68,76,79,78,74,81,81,78,74,65,38,23,46
"19-06-2014",38,31,16,7,5,2,3,10,26,37,61,84,92,96,99,94,97,93,93,94,92,89,82,82
"20-06-2014",82,88,88,89,93,85,79,87,91,96,96,97,97,98,95,89,91,90,90,84,77,52,70,72
"21-06-2014",66,59,63,41,33,24,24,36,48,65,87,87,96,100,100,114,115,101,99,99,92,94,85,78
"22-06-2014",73,73,71,59,47,49,46,66,80,96,104,111,119,126,106,100,101,106,106,101,86,83,75,56
"23-06-2014",52,47,34,39,39,45,26,44,60,79,96,99,97,106,128,129,138,135,94,89,76,73,68,64
"24-06-2014",57,41,45,50,53,41,26,29,53,83,95,97,113,135,155,169,149,127,118,105,94,88,83,68
"25-06-2014",53,37,28,22,34,64,53,33,44,59,83,96,105,102,93,110,120,109,102,91,78,67,69,61
"26-06-2014",51,35,36,17,15,20,5,6,15,40,78,81,84,83,80,77,76,71,57,49,41,37,17,25
"27-06-2014",23,23,14,10,6,8,3,3,5,18,43,55,89,96,97,91,83,81,71,56,35,17,7,44
"28-06-2014",58,74,89,86,86,88,84,87,86,89,91,93,93,92,92,92,94,98,95,93,84,92,92,92
"29-06-2014",91,89,83,84,87,85,84,83,86,88,91,93,95,96,96,95,97,96,96,94,87,82,83,79
"30-06-2014",68,72,65,77,73,61,48,45,57,81,97,106,112,112,120,139,128,114,88,88,75,79,72,70
"01-07-2014",71,66,64,74,47,30,20,29,34,64,96,104,111,116,115,108,111,109,102,85,81,72,69,70
"02-07-2014",71,65,40,38,67,66,68,56,80,93,96,97,101,104,108,106,103,99,96,89,82,76,81,72
"03-07-2014",70,64,62,62,54,40,21,41,69,90,105,118,111,104,103,101,101,101,98,96,89,90,84,69
"04-07-2014",75,74,96,85,83,84,77,87,89,97,101,105,109,109,108,104,103,101,96,99,97,92,84,81
"05-07-2014",83,83,88,92,94,93,86,87,90,92,94,96,97,98,100,101,103,103,104,105,104,98,98,74
"06-07-2014",83,82,63,55,53,53,45,59,77,101,101,101,102,104,118,146,114,102,99,95,92,82,57,50
"07-07-2014",52,39,34,43,50,56,30,30,49,80,105,125,126,112,107,125,134,98,96,94,88,80,78,79
"08-07-2014",75,71,55,49,44,44,38,54,68,87,106,106,113,126,162,141,143,113,111,105,95,92,83,84
"09-07-2014",84,77,74,61,60,39,40,48,62,72,79,97,97,92,95,92,88,83,82,79,75,75,69,68
"10-07-2014",71,72,76,77,76,61,57,52,52,62,77,89,93,94,98,101,96,91,86,77,52,33,66,66
"11-07-2014",68,65,65,67,63,42,35,47,65,64,83,87,100,96,92,97,91,84,82,78,72,78,75,77
"12-07-2014",77,79,83,78,69,78,83,82,83,88,97,98,100,100,98,97,97,97,96,92,92,84,80,68
"13-07-2014",63,79,77,74,64,45,47,47,54,63,83,109,120,119,117,114,105,104,106,97,75,69,77,77
"14-07-2014",77,69,75,75,73,68,69,68,71,82,83,104,113,110,101,105,105,113,100,95,94,80,68,64
"15-07-2014",62,72,75,72,64,56,42,49,54,71,81,88,89,88,82,88,92,90,83,75,78,69,59,65
"16-07-2014",78,78,84,79,85,73,70,78,82,88,98,106,107,104,93,91,94,102,106,99,95,82,82,80
"17-07-2014",66,70,82,62,55,53,48,68,81,88,98,110,112,83,79,104,110,111,110,118,108,95,83,70
"18-07-2014",50,32,38,49,40,30,28,16,45,61,99,121,141,123,137,130,154,146,124,109,103,81,66,51
"19-07-2014",40,35,44,45,36,24,35,40,49,83,108,122,130,106,90,91,90,77,82,88,68,54,50,40
"20-07-2014",43,38,38,47,46,50,64,78,85,87,90,91,90,89,88,90,93,93,94,90,87,74,67,67
"21-07-2014",70,71,73,77,77,82,63,33,80,84,99,94,95,97,99,132,139,129,102,87,82,79,69,49
"22-07-2014",59,51,35,45,51,47,21,17,41,41,86,99,111,116,118,102,99,98,92,87,89,77,67,62
"23-07-2014",56,48,65,68,69,58,53,70,76,84,91,96,97,98,98,86,86,89,83,74,78,78,79,80
"24-07-2014",71,68,75,63,71,58,41,29,41,68,71,92,99,121,123,106,109,104,99,91,86,81,72,68
"25-07-2014",56,51,45,51,33,22,25,34,46,85,93,100,99,96,96,99,126,109,88,81,79,74,74,54
"26-07-2014",53,53,52,74,85,68,47,73,87,91,96,97,96,97,97,99,101,99,99,96,88,85,81,79
"27-07-2014",81,61,54,39,48,46,53,64,73,80,103,128,115,118,122,126,116,109,104,102,100,86,77,69
"28-07-2014",72,73,63,51,42,26,9,14,24,29,36,71,88,107,113,108,105,98,89,79,59,55,61,45
"29-07-2014",76,81,81,83,79,59,15,27,46,60,78,91,110,116,107,106,114,107,104,93,78,78,69,74
"30-07-2014",67,71,59,54,44,35,33,25,52,72,98,98,129,148,124,123,119,99,94,88,95,84,72,69
"31-07-2014",70,64,70,59,61,29,5,14,39,62,76,93,97,98,99,106,106,106,98,91,78,58,65,65
"01-08-2014",72,74,80,80,84,82,64,64,75,84,91,90,94,94,96,100,102,100,87,93,94,95,93,95
"02-08-2014",93,86,88,87,88,76,83,84,86,90,95,103,108,111,108,102,99,103,100,95,85,83,81,77
"03-08-2014",59,62,83,90,86,86,83,90,93,96,96,99,101,116,129,128,122,125,120,107,105,91,84,79
"04-08-2014",69,74,53,66,63,38,33,25,35,47,67,77,101,110,115,106,124,123,116,113,95,84,72,79
"05-08-2014",70,52,52,42,45,70,36,74,38,84,95,94,93,93,95,99,100,95,91,86,79,79,59,62
"06-08-2014",39,30,35,48,60,39,24,19,39,45,72,118,145,139,131,154,113,90,100,94,82,66,69,73
"07-08-2014",81,80,67,84,95,92,93,76,62,79,91,99,104,106,110,110,110,111,113,118,111,100,100,83
"08-08-2014",75,40,42,41,64,66,60,50,60,95,117,127,119,104,114,130,140,136,115,111,116,106,95,91
"09-08-2014",70,52,58,64,52,39,29,34,57,99,108,115,125,131,132,131,128,129,111,104,84,89,76,75
"10-08-2014",56,45,52,47,45,52,59,63,68,96,116,117,113,112,113,116,116,117,117,115,108,97,76,79
"11-08-2014",64,74,73,72,83,64,84,102,110,115,121,120,120,122,120,118,116,114,112,109,91,90,86,82
"12-08-2014",85,71,80,77,73,70,37,50,86,96,114,115,117,114,112,116,152,147,115,102,93,83,80,74
"13-08-2014",73,69,65,62,55,53,89,90,87,105,105,107,104,103,103,103,102,100,97,93,80,80,78,73
"14-08-2014",78,65,72,56,71,94,99,92,98,104,107,118,118,113,111,140,144,134,119,69,85,88,86,82
"15-08-2014",72,73,48,40,45,45,35,42,58,74,82,94,114,119,125,136,131,141,141,123,105,83,87,90
"16-08-2014",89,79,84,89,96,97,88,74,80,84,94,107,105,105,109,113,108,106,103,87,80,81,65,76
"17-08-2014",71,75,70,73,72,64,44,47,73,84,88,91,94,95,95,98,98,103,99,93,92,99,95,91
"18-08-2014",87,84,78,78,74,71,70,69,70,75,80,80,83,83,85,85,88,87,86,85,78,77,76,78
"19-08-2014",71,68,77,75,81,75,70,73,80,83,88,91,94,96,97,98,101,100,100,94,86,81,80,76
"20-08-2014",75,73,77,74,57,56,60,55,69,90,97,98,-9999,126,147,144,141,138,128,104,86,87,87,80
"21-08-2014",79,70,67,53,45,34,19,26,39,61,86,98,92,121,126,136,136,126,107,95,94,82,60,38
"22-08-2014",50,45,22,25,25,22,12,15,29,35,44,69,123,128,126,116,110,110,102,84,75,72,79,73
"23-08-2014",46,27,21,28,27,25,8,19,37,56,75,89,108,129,134,134,107,98,100,77,78,59,28,33
"24-08-2014",41,40,50,32,20,24,16,25,41,59,58,61,99,107,111,113,100,92,92,73,52,40,33,36
"25-08-2014",37,70,62,55,43,15,5,6,11,50,92,101,113,125,129,146,102,94,87,87,87,84,87,89
"26-08-2014",91,90,89,86,82,76,71,67,73,84,88,96,102,99,99,102,114,107,93,85,79,74,72,57
"27-08-2014",49,45,44,50,52,30,17,18,39,77,80,82,84,112,160,152,140,124,107,88,75,72,70,58
"28-08-2014",48,60,39,39,35,17,7,9,29,71,93,117,109,124,146,160,138,96,93,88,88,91,110,109
"29-08-2014",106,100,92,89,86,84,74,69,76,79,83,83,85,85,86,88,90,93,96,96,95,95,93,93
"30-08-2014",94,91,89,86,83,72,74,71,76,89,95,94,93,95,93,92,93,93,92,91,89,86,81,81
"31-08-2014",82,80,89,91,90,88,89,87,87,88,91,93,94,95,95,95,94,93,91,80,74,67,68,72
"01-09-2014",85,86,86,64,61,46,46,17,50,61,81,100,99,128,132,111,101,101,100,95,85,83,84,83
"02-09-2014",74,80,78,68,49,40,30,30,44,53,72,70,57,52,66,68,66,65,59,53,45,56,57,65
"03-09-2014",66,69,83,83,82,72,54,41,63,47,64,85,92,93,92,90,86,81,77,78,80,77,65,68
"04-09-2014",77,84,72,63,54,84,70,55,67,80,95,95,108,100,96,93,96,97,88,76,65,64,67,68
"05-09-2014",66,62,69,75,64,69,66,30,35,58,75,87,98,105,96,104,107,96,88,83,72,69,61,44
"06-09-2014",38,33,59,70,63,48,45,40,49,69,82,90,97,92,88,103,113,89,85,73,67,58,49,32
"07-09-2014",29,34,41,41,55,34,31,28,44,57,80,87,91,86,81,80,80,81,76,72,65,59,51,49
"08-09-2014",71,77,76,68,75,59,55,52,57,69,78,84,86,93,95,94,94,86,80,76,69,63,60,64
"09-09-2014",37,27,33,46,54,47,26,22,38,65,85,93,95,99,103,83,60,54,42,49,46,43,27,13
"10-09-2014",13,8,15,21,18,12,5,5,17,54,-9999,102,120,126,115,114,94,98,93,88,73,39,20,18
"11-09-2014",30,42,57,50,49,44,24,10,18,42,72,110,130,126,138,160,147,132,124,104,93,91,75,60
"12-09-2014",51,16,32,45,49,23,6,6,20,39,50,86,97,100,97,98,92,99,99,83,69,64,60,53
"13-09-2014",42,33,26,36,35,26,25,40,30,41,67,89,114,140,142,138,131,121,112,106,97,91,87,74
"14-09-2014",68,75,72,93,71,79,80,74,79,90,103,112,120,133,129,114,112,107,101,96,84,81,78,41
"15-09-2014",35,43,38,35,39,30,13,11,39,60,82,100,107,106,76,81,79,86,79,70,48,30,25,15
"16-09-2014",20,26,33,33,35,34,38,29,30,51,69,87,92,97,86,83,82,62,48,30,29,19,20,45
"17-09-2014",61,61,52,49,28,18,8,8,13,63,78,82,89,91,83,88,91,92,82,76,79,78,79,82
"18-09-2014",84,19,-9999,-9999,-9999,-9999,-9999,-9999,-9999,-9999,-9999,-9999,-9999,-9999,-9999,-9999,-9999,-9999,-9999,-9999,-9999,-9999,-9999,-9999
"19-09-2014",-9999,-9999,-9999,-9999,-9999,-9999,-9999,-9999,-9999,-9999,-9999,-9999,-9999,-9999,-9999,-9999,-9999,-9999,-9999,-9999,-9999,-9999,-9999,-9999
"20-09-2014",-9999,-9999,-9999,-9999,-9999,-9999,-9999,-9999,-9999,-9999,-9999,-9999,-9999,-9999,-9999,-9999,-9999,-9999,-9999,-9999,-9999,-9999,-9999,-9999
"21-09-2014",-9999,-9999,-9999,-9999,-9999,-9999,-9999,-9999,-9999,-9999,-9999,-9999,-9999,-9999,-9999,-9999,-9999,-9999,-9999,-9999,-9999,-9999,-9999,-9999
"22-09-2014",-9999,-9999,-9999,-9999,-9999,-9999,-9999,-9999,-9999,-9999,-9999,-9999,-9999,-9999,-9999,-9999,-9999,-9999,-9999,-9999,-9999,-9999,-9999,-9999
"23-09-2014",-9999,-9999,-9999,-9999,-9999,-9999,-9999,-9999,-9999,-9999,-9999,-9999,-9999,-9999,-9999,-9999,-9999,-9999,-9999,-9999,-9999,-9999,-9999,-9999
"24-09-2014",-9999,-9999,-9999,-9999,-9999,-9999,-9999,-9999,-9999,-9999,-9999,-9999,-9999,81,92,103,93,86,83,78,68,58,61,70
"25-09-2014",31,36,40,37,38,34,42,15,21,54,64,77,76,90,96,91,83,68,67,63,64,60,59,74
"26-09-2014",60,51,47,42,34,31,19,12,28,50,49,58,67,75,81,81,84,80,77,75,74,73,78,77
"27-09-2014",76,74,70,65,65,70,68,61,66,69,72,77,75,74,78,77,78,78,78,81,77,79,77,65
"28-09-2014",64,67,68,67,72,65,68,67,67,67,66,70,72,73,78,78,81,82,80,72,74,61,22,45
"29-09-2014",50,53,69,72,71,66,64,62,65,69,70,73,74,75,77,77,79,78,74,68,65,68,66,73
"30-09-2014",73,76,72,72,74,68,59,49,40,62,75,81,87,91,92,98,94,87,79,71,67,47,38,32
"01-10-2014",28,26,40,29,18,47,25,12,19,50,62,75,88,86,87,93,88,84,71,47,55,54,61,59
"02-10-2014",56,62,57,58,52,42,45,79,81,86,87,89,-9999,98,101,101,101,101,94,82,92,95,90,91
"03-10-2014",90,86,84,76,54,42,14,-9999,29,72,75,78,78,80,79,81,85,84,81,78,75,77,77,77
"04-10-2014",80,74,74,73,81,79,74,68,68,74,76,76,78,79,81,84,87,83,80,84,81,78,72,81
"05-10-2014",84,91,89,60,48,46,41,13,57,77,85,87,90,91,94,95,89,87,77,66,59,61,66,66
"06-10-2014",72,83,86,80,71,59,54,41,29,37,64,83,95,90,89,83,77,78,69,42,39,51,52,53
"07-10-2014",63,61,37,49,62,46,24,9,14,25,49,68,76,76,74,62,58,44,37,15,17,9,6,6
"08-10-2014",7,11,10,25,29,18,12,8,11,14,35,55,69,63,80,82,83,71,68,52,46,22,37,32
"09-10-2014",31,65,73,59,46,34,17,10,15,51,71,77,81,84,84,85,82,81,75,60,37,30,37,37
"10-10-2014",52,58,70,84,73,59,75,46,47,75,78,82,88,90,90,91,90,88,84,67,42,44,42,50
"11-10-2014",82,86,85,92,91,92,89,86,79,81,84,87,90,93,96,97,98,91,87,78,66,52,47,52
"12-10-2014",59,66,67,54,50,50,29,35,35,57,83,97,104,115,118,117,120,115,94,62,55,48,53,44
"13-10-2014",38,29,27,44,48,24,9,6,13,32,48,73,87,79,80,119,116,101,86,78,58,38,12,23
"14-10-2014",28,17,28,39,41,39,33,33,23,42,72,90,106,116,99,104,124,116,104,87,73,45,38,21
"15-10-2014",12,8,19,32,27,12,6,6,7,17,37,57,46,60,79,97,90,84,70,61,62,44,25,34
"16-10-2014",34,14,9,13,7,6,6,6,6,8,24,31,32,38,35,36,48,54,56,48,61,59,61,60
"17-10-2014",37,45,61,67,69,65,68,50,48,52,53,65,65,68,65,72,69,72,56,65,44,57,58,53
"18-10-2014",58,70,67,61,31,23,9,6,11,15,33,69,82,86,87,84,87,89,90,93,84,83,85,87
"19-10-2014",85,79,74,72,69,72,75,74,73,74,75,79,85,85,87,89,88,86,84,82,84,84,86,86
"20-10-2014",84,92,93,89,75,49,64,44,41,77,85,94,94,94,97,97,96,94,70,53,55,53,45,32
"21-10-2014",26,20,35,32,40,31,21,9,12,25,62,70,67,80,88,92,94,100,97,65,42,22,10,12
"22-10-2014",17,9,13,15,25,8,6,6,7,20,52,70,95,100,98,95,93,82,64,65,61,63,81,90
"23-10-2014",84,88,88,85,81,75,72,70,70,73,78,66,65,82,82,79,77,81,82,75,71,68,66,64
"24-10-2014",39,24,31,35,34,37,14,12,-9999,-9999,-9999,-9999,-9999,-9999,-9999,-9999,-9999,-9999,-9999,-9999,-9999,-9999,-9999,-9999
"25-10-2014",-9999,-9999,-9999,-9999,-9999,-9999,-9999,-9999,-9999,-9999,-9999,-9999,-9999,-9999,-9999,-9999,-9999,-9999,-9999,-9999,-9999,-9999,-9999,-9999
"26-10-2014",-9999,-9999,-9999,-9999,-9999,-9999,-9999,-9999,-9999,-9999,-9999,-9999,-9999,-9999,-9999,-9999,-9999,-9999,-9999,-9999,-9999,-9999,-9999,-9999
"27-10-2014",-9999,-9999,-9999,-9999,-9999,-9999,-9999,-9999,-9999,-9999,-9999,-9999,49,48,43,48,53,54,54,52,51,51,54,53
"28-10-2014",54,57,60,56,55,57,61,58,55,56,54,52,55,57,57,55,54,45,42,34,37,39,21,19
"29-10-2014",17,8,13,19,24,21,14,5,11,22,38,43,42,41,35,38,33,27,27,24,35,27,32,35
"30-10-2014",34,42,28,27,23,5,4,4,5,9,36,57,65,71,68,60,59,47,38,17,18,18,23,28
"31-10-2014",32,35,37,34,24,17,10,14,8,24,56,60,60,62,62,59,57,56,58,62,57,57,66,71
"01-11-2014",69,70,62,72,74,75,68,75,75,77,81,82,85,82,84,83,82,78,72,66,64,50,22,51
"02-11-2014",26,48,58,67,68,71,68,57,64,72,73,74,78,82,82,81,81,77,76,60,58,60,58,66
"03-11-2014",70,52,48,77,70,74,46,25,50,62,73,69,75,75,76,74,62,52,46,46,44,39,37,46
"04-11-2014",41,33,71,69,50,44,31,18,25,44,65,75,79,80,68,70,67,39,23,27,24,23,24,10
"05-11-2014",9,10,7,10,22,9,5,6,8,18,46,56,81,82,82,74,72,65,56,60,51,17,17,23
"06-11-2014",63,72,66,66,67,35,8,6,28,50,78,82,76,78,79,76,69,54,39,20,13,6,7,6
"07-11-2014",5,5,8,16,13,14,26,21,27,36,68,77,75,60,59,59,41,16,40,65,62,60,62,66
"08-11-2014",62,77,85,83,73,56,33,29,29,37,34,53,53,33,47,55,60,43,54,43,43,50,31,42
"09-11-2014",47,58,34,15,35,29,10,9,30,52,73,89,89,95,95,88,72,59,54,34,23,7,7,5
"10-11-2014",6,8,10,23,11,6,6,6,9,20,56,70,87,74,70,61,49,36,40,47,49,44,31,41
"11-11-2014",50,45,30,35,52,54,50,35,25,45,69,76,79,83,80,74,55,39,36,47,37,31,36,45
"12-11-2014",53,56,69,59,56,60,52,31,32,46,61,68,52,63,48,58,32,24,38,35,28,32,49,51
"13-11-2014",60,60,58,62,58,50,41,15,26,55,60,63,58,64,63,63,58,36,25,15,6,9,11,17
"14-11-2014",21,-9999,-9999,-9999,-9999,-9999,-9999,-9999,-9999,-9999,-9999,-9999,-9999,-9999,-9999,-9999,-9999,-9999,-9999,-9999,-9999,-9999,-9999,-9999
"15-11-2014",-9999,-9999,-9999,-9999,-9999,-9999,-9999,-9999,-9999,-9999,-9999,-9999,-9999,-9999,-9999,-9999,-9999,-9999,-9999,-9999,-9999,-9999,-9999,-9999
"16-11-2014",-9999,-9999,-9999,-9999,-9999,-9999,-9999,-9999,-9999,-9999,-9999,-9999,-9999,-9999,-9999,-9999,-9999,-9999,-9999,-9999,-9999,-9999,-9999,-9999
"17-11-2014",-9999,-9999,-9999,-9999,-9999,-9999,-9999,-9999,-9999,-9999,-9999,-9999,-9999,-9999,-9999,-9999,-9999,-9999,-9999,-9999,-9999,-9999,-9999,-9999
"18-11-2014",-9999,-9999,-9999,-9999,-9999,-9999,-9999,-9999,-9999,-9999,-9999,51,48,34,26,25,15,3,3,4,4,4,3,4
"19-11-2014",7,11,14,13,13,14,3,4,4,14,43,48,47,49,49,46,39,33,22,6,34,42,35,32
"20-11-2014",67,67,66,66,79,72,42,15,36,63,64,74,76,79,80,76,69,45,31,26,15,17,22,51
"21-11-2014",48,55,48,50,48,45,36,26,43,53,57,62,69,73,74,73,69,60,28,34,45,39,34,55
"22-11-2014",65,60,59,55,59,34,36,39,43,52,65,68,76,82,80,76,59,42,35,12,13,15,10,20
"23-11-2014",16,19,45,70,71,68,65,61,60,60,58,55,54,43,36,41,32,29,43,43,41,45,47,48
"24-11-2014",53,53,52,53,32,12,15,13,15,31,40,44,40,42,39,34,36,28,29,23,11,10,8,7
"25-11-2014",6,37,56,62,60,59,58,46,58,66,69,65,65,67,67,65,61,53,46,42,30,22,7,6
"26-11-2014",6,10,6,5,25,15,7,5,15,25,39,49,47,46,42,33,31,30,29,30,35,40,48,52
"27-11-2014",58,59,58,58,56,51,45,34,26,29,32,29,28,24,23,19,16,17,11,9,15,18,25,32
"28-11-2014",36,36,41,43,39,33,24,20,14,18,14,14,17,24,24,14,7,5,6,6,6,6,6,5
"29-11-2014",5,5,5,9,7,7,4,5,4,7,26,37,47,53,51,42,13,6,6,7,7,7,7,7
"30-11-2014",6,5,5,5,5,5,5,6,6,10,18,24,25,29,26,13,7,6,8,8,8,7,7,7
"01-12-2014",6,5,5,9,12,12,12,11,10,15,16,26,31,32,28,22,8,8,9,9,8,8,9,7
"02-12-2014",8,17,22,15,11,9,6,5,5,6,12,33,32,30,30,28,14,30,30,39,19,11,8,31
"03-12-2014",26,31,23,20,22,20,17,7,9,10,18,37,50,54,53,39,26,25,43,51,52,60,63,68
"04-12-2014",65,66,70,58,49,40,20,12,10,20,35,40,47,51,56,52,37,18,10,18,24,29,31,35
"05-12-2014",36,30,29,35,33,30,23,15,15,15,34,43,45,52,54,39,34,17,15,13,10,11,13,25
"06-12-2014",29,24,32,32,33,54,53,42,38,35,57,58,60,69,69,69,59,53,38,16,7,7,7,7
"07-12-2014",6,6,5,5,5,5,6,6,7,11,27,40,45,62,66,52,34,12,12,7,7,7,8,55
"08-12-2014",65,68,73,69,66,54,42,39,41,45,62,71,50,59,54,42,22,8,15,17,24,23,25,35
"09-12-2014",32,30,38,48,44,21,17,40,39,34,47,53,43,53,52,53,41,32,11,15,12,11,7,6
"10-12-2014",8,14,14,23,24,22,14,7,7,9,13,13,14,9,14,18,19,22,23,23,20,22,24,28
"11-12-2014",30,35,38,38,37,24,18,9,6,2,7,9,16,22,11,8,46,25,8,17,23,27,34,33
"12-12-2014",36,23,24,44,36,44,41,64,57,66,54,51,54,51,49,27,42,30,14,20,31,27,34,46
"13-12-2014",38,50,60,63,55,23,33,9,11,12,49,61,65,64,66,63,44,26,21,13,9,15,19,11
"14-12-2014",16,12,9,6,15,41,45,40,34,40,48,57,73,76,80,61,37,7,10,12,12,16,18,17
"15-12-2014",7,6,19,37,42,37,30,19,21,18,21,23,40,38,39,26,17,6,6,6,6,6,6,6
"16-12-2014",6,5,5,5,5,5,5,5,5,5,5,7,26,39,39,31,31,23,15,21,44,54,50,43
"17-12-2014",62,70,66,55,51,58,55,55,51,42,47,46,51,43,63,43,31,8,7,7,7,7,8,7
"18-12-2014",6,7,6,8,8,5,5,6,6,10,22,26,50,52,53,49,33,7,7,7,7,8,7,7
"19-12-2014",6,6,5,6,6,6,6,6,6,10,25,36,49,55,58,48,33,7,7,7,7,7,6,6
"20-12-2014",6,6,6,6,6,6,6,6,6,7,22,46,53,63,68,66,53,17,6,7,8,8,7,6
"21-12-2014",7,6,6,5,5,5,5,4,5,5,17,49,56,60,62,65,59,18,42,62,58,64,69,71
"22-12-2014",72,71,69,69,65,59,62,58,39,51,60,63,68,70,70,69,50,25,7,6,5,6,6,5
"23-12-2014",5,4,4,4,4,4,4,4,4,5,11,13,27,49,52,52,26,7,6,8,7,7,6,6
"24-12-2014",5,5,4,4,4,4,4,4,4,4,9,11,19,25,33,27,18,7,6,7,8,7,7,7
"25-12-2014",6,6,6,5,5,5,5,5,6,7,17,32,42,49,56,58,42,25,34,19,44,45,53,52
"26-12-2014",45,25,14,8,5,7,11,14,13,12,12,9,12,35,50,52,36,8,7,8,9,7,6,6
"27-12-2014",6,7,13,31,18,11,6,6,12,51,52,57,55,53,57,58,51,38,18,13,15,19,19,19
"28-12-2014",27,36,25,26,19,16,13,12,8,10,35,43,44,49,59,54,64,63,63,61,58,54,56,63
"29-12-2014",66,68,71,73,66,65,52,52,22,55,60,67,78,69,68,65,63,56,40,24,12,12,30,39
"30-12-2014",44,49,49,48,46,48,36,36,59,59,49,35,55,56,57,57,54,50,44,42,46,47,46,47
"31-12-2014",45,46,51,53,55,56,58,56,56,57,58,56,51,45,54,54,53,52,51,50,50,49,51,54
