"01-01-2011",73,64,63,61,61,59,57,59,61,74,63,70,72,84,87,77,86,85,84,85,89,84,79,81
"02-01-2011",81,69,69,60,54,56,51,69,72,63,67,76,83,85,80,67,47,83,89,90,93,88,79,70
"03-01-2011",64,58,50,51,59,57,62,77,89,99,80,72,52,66,64,65,66,62,66,73,71,70,76,64
"04-01-2011",69,39,43,45,47,52,68,58,62,67,60,71,70,79,53,50,53,66,61,65,66,71,62,65
"05-01-2011",52,45,50,51,56,61,71,80,76,77,69,70,66,63,61,51,53,65,60,68,72,69,72,68
"06-01-2011",68,63,55,46,57,62,67,67,69,68,67,72,71,47,47,41,46,52,69,70,73,66,62,63
"07-01-2011",64,61,63,59,60,56,97,79,87,86,64,82,102,102,92,78,65,69,77,93,94,89,79,77
"08-01-2011",73,69,65,63,58,61,102,67,79,89,91,95,90,101,111,116,108,104,105,104,112,104,92,85
"09-01-2011",84,81,86,91,67,65,59,58,68,91,86,84,90,101,103,107,104,103,108,108,102,97,87,74
"10-01-2011",73,75,71,66,65,62,67,78,77,83,78,85,82,73,94,118,110,113,116,105,92,88,82,80
"11-01-2011",76,73,71,63,62,65,77,76,-9999,-9999,-9999,94,98,98,104,100,99,96,92,98,80,89,87,83
"12-01-2011",77,70,46,43,51,67,87,89,91,102,100,103,111,94,95,83,82,85,85,86,86,78,79,70
"13-01-2011",66,60,44,45,30,52,78,78,76,79,80,77,44,46,64,52,53,59,69,74,75,67,66,66
"14-01-2011",64,49,63,60,57,48,80,81,81,103,96,103,111,93,81,88,89,81,85,86,73,80,69,71
"15-01-2011",76,78,72,67,69,59,124,90,79,79,109,99,93,94,89,86,109,99,100,100,105,103,93,82
"16-01-2011",81,79,67,41,57,61,58,58,54,59,50,48,44,36,40,38,50,44,42,43,39,41,27,23
"17-01-2011",19,16,14,22,19,24,40,38,36,36,38,40,49,53,45,50,43,59,46,60,73,60,46,47
"18-01-2011",68,59,54,55,61,80,90,98,90,89,91,88,78,88,102,57,53,82,98,108,110,97,91,79
"19-01-2011",74,72,61,64,60,69,78,89,110,134,131,147,129,132,138,130,127,128,129,125,113,115,106,95
"20-01-2011",90,84,73,62,62,68,71,88,101,133,113,103,117,104,105,112,122,123,122,128,109,106,93,90
"21-01-2011",86,83,77,69,65,73,82,96,107,128,127,121,104,103,98,90,91,89,96,80,84,89,70,52
"22-01-2011",56,73,73,51,52,68,76,85,94,91,89,77,84,84,80,76,70,64,75,83,83,81,75,75
"23-01-2011",81,82,81,79,74,79,83,90,103,78,87,89,93,97,95,96,95,82,91,94,95,99,93,88
"24-01-2011",89,83,74,65,67,84,78,90,96,109,102,100,97,99,101,109,101,94,98,91,88,89,87,83
"25-01-2011",70,58,65,57,65,74,88,94,84,103,95,76,78,74,79,79,78,76,82,79,86,87,74,78
"26-01-2011",67,70,58,41,46,63,78,83,95,92,72,77,86,93,99,100,108,112,111,106,112,102,95,103
"27-01-2011",93,81,71,67,74,77,91,100,107,134,117,103,106,97,110,112,63,72,80,80,83,81,45,42
"28-01-2011",32,24,20,18,26,25,36,69,61,43,40,39,39,40,47,57,62,63,72,69,76,56,45,42
"29-01-2011",43,42,38,32,31,34,48,44,42,50,49,50,50,51,46,53,49,64,50,62,69,64,64,49
"30-01-2011",30,39,22,27,31,32,41,39,47,45,44,45,48,52,53,42,48,47,70,75,78,68,50,50
"31-01-2011",41,35,30,33,31,56,79,91,92,80,69,55,66,63,63,67,62,74,79,86,84,78,66,41
"01-02-2011",43,43,36,41,39,59,78,80,76,65,58,51,43,47,51,62,60,59,66,75,74,85,56,59
"02-02-2011",68,54,58,54,62,80,89,81,88,72,59,62,55,60,63,62,56,67,75,77,76,78,61,49
"03-02-2011",34,29,32,37,26,40,62,60,54,57,50,52,55,72,82,62,64,74,53,54,64,59,44,41
"04-02-2011",31,31,40,51,64,74,91,99,97,88,88,89,86,79,77,86,99,98,103,102,101,99,84,78
"05-02-2011",85,88,80,65,68,83,101,90,97,95,87,85,85,99,94,80,98,106,116,119,123,120,111,100
"06-02-2011",90,92,85,73,67,70,76,84,97,111,128,123,123,109,111,126,129,119,121,130,131,136,120,101
"07-02-2011",87,84,82,67,71,78,104,122,157,170,140,60,73,75,100,101,106,117,104,118,118,123,119,117
"08-02-2011",105,100,96,96,90,94,125,131,135,134,93,87,66,50,51,56,66,65,84,128,124,119,108,99
"09-02-2011",88,87,84,77,91,77,90,106,126,161,150,149,167,132,129,125,133,140,141,136,123,122,117,100
"10-02-2011",102,99,69,48,64,99,110,100,95,52,59,62,57,78,83,75,77,56,74,77,81,85,88,86
"11-02-2011",74,64,62,47,78,88,104,107,106,117,107,109,115,113,121,128,135,140,136,139,144,137,132,124
"12-02-2011",111,102,100,95,95,89,93,107,104,104,109,87,88,87,86,101,93,107,114,125,118,109,107,113
"13-02-2011",107,109,92,91,82,83,77,97,94,112,120,115,110,99,106,113,104,125,126,117,104,104,103,93
"14-02-2011",94,87,73,63,68,86,101,101,109,118,112,123,113,107,109,118,119,112,116,89,71,67,83,76
"15-02-2011",61,47,51,57,60,90,102,110,105,103,61,45,54,53,57,57,55,48,48,49,58,54,43,32
"16-02-2011",29,27,27,24,18,32,42,62,57,64,54,68,78,86,88,68,29,38,60,79,89,91,82,72
"17-02-2011",75,73,73,70,71,77,97,109,111,120,98,89,89,85,78,76,88,81,68,75,80,74,64,55
"18-02-2011",57,52,37,31,38,49,100,104,107,97,31,33,36,41,34,35,23,26,25,33,31,70,90,79
"19-02-2011",80,52,26,28,20,40,48,66,61,69,79,90,77,68,76,77,77,83,78,82,75,71,61,62
"20-02-2011",61,57,61,53,53,54,54,67,55,49,62,62,42,36,45,37,38,41,56,54,51,40,39,33
"21-02-2011",30,20,20,36,37,34,40,64,63,45,66,68,74,99,94,73,50,69,72,79,75,54,47,29
"22-02-2011",29,45,51,61,77,91,93,105,105,102,113,105,103,110,107,89,84,103,99,91,86,84,82,70
"23-02-2011",57,44,32,32,45,49,57,55,44,-9999,-9999,57,45,32,41,37,33,42,46,52,49,47,34,25
"24-02-2011",28,20,19,16,15,25,46,46,55,58,45,39,47,51,59,48,64,62,80,71,57,50,38,34
"25-02-2011",29,26,24,20,19,26,42,48,40,39,37,36,43,55,49,39,42,47,56,67,59,46,32,35
"26-02-2011",27,26,21,18,21,27,33,36,39,36,38,32,38,42,44,45,41,44,48,54,47,41,47,37
"27-02-2011",38,31,35,32,33,34,32,36,39,38,43,41,36,45,38,33,35,42,55,64,66,72,74,60
"28-02-2011",57,48,55,53,30,45,100,82,66,66,96,73,67,86,93,74,61,61,78,75,69,74,45,35
"01-03-2011",33,27,36,21,32,55,50,61,66,61,59,58,66,65,57,61,55,51,61,68,64,62,49,48
"02-03-2011",42,31,24,21,23,32,45,56,52,62,59,53,74,75,69,72,70,61,58,64,60,60,46,39
"03-03-2011",31,32,29,25,28,44,48,54,54,48,54,49,54,51,52,63,53,49,47,49,54,40,50,57
"04-03-2011",46,39,41,39,16,28,55,63,58,51,45,52,46,55,54,59,58,54,62,63,67,52,41,41
"05-03-2011",59,42,38,33,32,32,44,59,65,42,62,51,46,54,50,47,44,51,65,75,79,80,76,63
"06-03-2011",69,65,59,62,67,67,69,74,74,77,78,84,83,77,83,87,89,107,107,98,86,69,48,53
"07-03-2011",50,43,42,24,33,45,56,65,47,54,60,64,64,63,55,43,72,75,72,75,70,58,42,24
"08-03-2011",15,14,13,13,12,25,49,50,57,62,58,56,60,58,61,70,69,81,73,95,90,84,65,60
"09-03-2011",66,54,43,27,47,37,85,83,61,61,68,75,76,75,76,79,72,86,111,108,114,111,100,98
"10-03-2011",65,72,75,75,85,96,120,122,105,108,84,81,89,88,89,99,116,115,114,114,122,114,115,106
"11-03-2011",104,105,103,89,87,90,107,134,148,136,128,102,107,89,67,109,106,100,98,126,122,132,123,122
"12-03-2011",114,108,96,94,99,96,91,110,119,138,134,133,116,117,118,122,131,140,145,145,148,138,126,124
"13-03-2011",116,107,102,95,110,92,98,108,121,134,120,104,99,109,105,108,112,122,128,143,120,119,112,111
"14-03-2011",85,94,101,87,78,88,110,120,120,121,118,104,104,110,120,128,132,134,143,141,139,131,113,106
"15-03-2011",94,97,66,65,50,100,120,119,102,112,101,108,111,113,115,124,124,121,126,122,115,118,106,88
"16-03-2011",80,75,84,75,72,82,102,99,119,131,115,118,108,108,109,112,107,118,114,125,132,123,112,110
"17-03-2011",103,96,87,75,85,101,112,116,114,107,97,110,113,107,93,81,88,115,110,106,76,74,84,50
"18-03-2011",53,94,65,80,76,83,99,107,104,113,99,98,98,99,92,106,102,104,110,113,115,114,105,102
"19-03-2011",99,100,96,91,94,85,95,97,93,104,102,87,92,85,92,88,94,106,82,81,82,99,98,97
"20-03-2011",80,74,63,70,52,32,52,43,31,31,35,32,36,30,33,32,35,39,36,47,57,46,41,32
"21-03-2011",23,24,19,16,23,39,60,62,49,-9999,-9999,37,47,44,48,49,50,55,54,59,60,57,41,33
"22-03-2011",30,30,28,20,28,34,62,60,53,50,44,41,40,46,44,50,63,72,74,75,88,81,69,65
"23-03-2011",38,34,38,32,30,39,58,63,70,57,63,50,59,61,73,56,81,74,101,98,91,101,89,84
"24-03-2011",85,72,62,64,76,68,74,83,101,94,68,74,78,82,79,83,88,97,114,122,122,117,125,122
"25-03-2011",116,101,95,93,83,86,82,102,126,132,110,96,91,89,87,96,99,110,124,127,126,140,128,117
"26-03-2011",106,110,119,116,102,94,107,113,104,96,85,88,92,99,96,102,105,102,112,113,112,111,104,88
"27-03-2011",86,86,80,68,70,90,101,88,84,83,80,76,71,65,71,68,77,75,95,90,95,91,78,72
"28-03-2011",76,60,39,44,62,85,90,-9999,102,105,111,106,94,93,96,91,99,99,106,104,114,112,103,100
"29-03-2011",98,93,79,75,77,80,87,95,94,122,123,102,98,101,103,108,103,106,104,105,107,100,93,90
"30-03-2011",85,81,69,65,71,68,85,89,97,93,106,127,112,115,105,92,98,58,34,47,96,90,82,51
"31-03-2011",59,35,31,46,44,33,63,74,72,88,73,52,68,47,41,54,56,55,57,59,59,45,32,21
"01-04-2011",23,28,22,12,15,17,27,43,43,46,46,38,43,40,37,30,48,62,60,51,62,69,56,48
"02-04-2011",43,45,42,62,49,32,52,48,45,50,47,39,31,34,37,51,57,60,83,89,94,93,77,80
"03-04-2011",59,84,75,75,63,72,73,69,69,74,70,66,59,67,61,58,45,45,34,66,97,89,79,59
"04-04-2011",40,36,29,22,46,72,92,98,102,101,100,74,78,73,86,73,90,99,100,114,105,101,97,89
"05-04-2011",86,85,77,72,68,69,72,90,113,130,144,131,113,115,114,116,127,118,119,116,115,110,101,78
"06-04-2011",61,44,54,47,42,32,48,64,62,53,66,70,51,60,52,44,46,44,58,71,54,48,40,35
"07-04-2011",30,28,22,23,25,36,53,59,63,53,65,59,64,59,59,66,61,64,61,78,97,109,106,86
"08-04-2011",87,75,81,76,81,80,91,102,121,139,121,109,112,104,106,119,119,116,123,121,127,123,103,105
"09-04-2011",90,56,81,86,91,87,96,93,115,116,112,96,93,93,93,97,93,101,110,114,111,113,111,92
"10-04-2011",102,91,102,89,74,61,41,40,32,32,36,38,38,34,46,79,84,103,102,105,101,99,96,80
"11-04-2011",72,62,70,71,70,83,103,112,86,75,73,77,81,74,70,73,66,40,23,23,34,32,26,23
"12-04-2011",38,41,46,44,51,64,96,110,107,113,114,97,93,100,93,92,76,79,90,106,109,110,105,97
"13-04-2011",81,61,52,37,52,72,111,117,116,125,101,103,99,89,95,92,109,106,115,118,118,113,102,90
"14-04-2011",64,47,30,27,29,69,91,97,98,97,94,82,84,105,88,94,97,107,97,97,106,60,35,29
"15-04-2011",23,20,20,18,46,81,68,75,102,97,110,91,37,32,41,68,55,34,33,37,71,77,74,90
"16-04-2011",75,75,81,69,65,80,74,92,78,75,68,63,39,54,51,55,61,53,70,53,63,59,48,40
"17-04-2011",43,43,36,41,36,24,33,48,41,48,33,35,33,44,33,37,32,38,34,52,83,88,79,59
"18-04-2011",68,69,63,45,47,65,63,91,94,90,-9999,-9999,109,94,90,85,82,76,93,97,102,99,80,67
"19-04-2011",63,60,60,60,51,66,90,107,99,107,81,82,86,102,93,95,83,63,67,89,93,101,93,73
"20-04-2011",45,45,63,55,48,61,81,103,100,100,93,66,81,93,85,89,83,60,68,70,76,81,87,58
"21-04-2011",41,45,41,49,31,47,94,66,68,55,54,39,41,46,39,39,40,34,43,67,72,81,63,47
"22-04-2011",43,36,54,51,30,41,84,111,98,83,79,25,25,34,32,37,34,37,43,52,41,61,40,27
"23-04-2011",32,42,70,40,39,56,78,42,65,68,47,33,25,30,28,34,28,19,23,33,30,30,24,18
"24-04-2011",19,20,25,26,25,31,36,29,20,26,32,24,24,31,22,31,23,16,21,38,47,78,65,47
"25-04-2011",44,45,29,22,19,13,20,25,31,24,30,25,21,28,17,20,19,18,23,32,51,43,36,29
"26-04-2011",53,59,60,49,32,51,76,69,26,43,47,44,33,48,32,42,-9999,35,38,42,55,51,45,35
"27-04-2011",45,58,31,25,36,59,53,87,76,98,101,77,73,56,57,65,73,55,54,72,60,59,50,35
"28-04-2011",33,33,22,23,26,28,41,51,51,56,43,42,44,49,39,39,35,25,41,69,90,80,82,56
"29-04-2011",51,57,49,37,51,60,79,96,93,88,52,44,33,28,48,59,95,86,99,120,120,112,106,86
"30-04-2011",94,110,100,86,70,56,56,81,101,90,95,67,84,99,89,93,79,67,87,105,104,99,99,80
"01-05-2011",76,99,88,73,67,50,56,74,73,77,71,47,62,60,43,35,61,55,65,91,94,96,80,65
"02-05-2011",73,92,87,69,68,62,71,89,100,100,85,65,75,86,94,114,108,86,93,112,118,112,120,87
"03-05-2011",88,80,93,56,51,70,80,93,93,95,102,76,71,87,91,97,63,53,56,102,104,103,104,77
"04-05-2011",81,80,82,69,73,72,91,119,112,102,105,86,93,114,109,110,116,77,80,106,103,100,99,73
"05-05-2011",64,62,49,59,50,50,55,63,67,85,68,78,67,46,51,45,51,47,57,76,82,64,63,54
"06-05-2011",49,37,52,46,50,45,48,84,77,71,67,57,46,55,59,64,62,55,37,64,59,54,67,42
"07-05-2011",48,63,57,55,42,38,58,57,47,38,60,29,25,42,51,97,127,97,100,126,124,113,124,92
"08-05-2011",90,110,112,99,103,69,63,86,97,103,103,81,79,93,100,86,93,84,84,114,123,112,116,84
"09-05-2011",68,78,76,62,57,43,34,50,45,48,53,53,46,63,63,51,44,39,35,42,35,31,36,23
"10-05-2011",26,31,22,30,41,46,58,88,71,67,54,44,31,29,42,39,43,34,39,37,60,63,51,29
"11-05-2011",19,36,33,16,22,28,31,73,74,62,77,43,38,42,44,63,60,53,58,69,91,90,108,69
"12-05-2011",55,54,56,53,58,75,88,98,92,-9999,-9999,67,39,43,47,67,58,50,64,79,87,68,64,70
"13-05-2011",75,74,79,68,64,60,73,99,108,105,67,58,90,86,83,90,92,82,88,99,127,122,119,116
"14-05-2011",112,104,101,79,77,76,80,97,127,130,137,98,98,120,115,125,138,125,102,124,139,124,125,95
"15-05-2011",90,96,108,93,98,80,72,91,106,111,113,108,102,115,128,109,112,112,101,128,143,133,120,86
"16-05-2011",91,107,107,95,93,88,88,115,157,157,147,130,113,131,143,128,138,127,116,133,125,127,113,77
"17-05-2011",73,71,85,63,69,71,66,91,119,103,109,103,85,92,118,96,89,87,81,105,100,107,107,92
"18-05-2011",66,41,14,14,49,52,43,45,37,33,44,97,70,93,111,109,83,49,83,63,81,105,109,64
"19-05-2011",77,86,66,46,43,60,67,78,77,73,78,107,47,94,68,70,60,61,52,100,109,100,98,90
"20-05-2011",59,75,98,70,74,75,75,108,140,120,121,117,106,96,148,121,140,127,115,127,152,131,132,123
"21-05-2011",88,95,109,86,91,80,70,96,130,114,126,69,29,38,50,31,31,30,23,21,41,46,49,53
"22-05-2011",56,48,36,34,80,85,71,81,93,50,27,34,21,32,34,30,29,28,27,31,52,50,60,69
"23-05-2011",67,43,53,19,17,25,42,69,91,57,51,60,46,39,55,37,39,42,19,30,49,38,42,68
"24-05-2011",44,51,75,37,68,92,78,107,116,78,39,39,33,66,119,118,122,130,92,104,65,111,92,73
"25-05-2011",81,84,98,72,64,80,75,90,107,51,51,55,41,39,45,48,45,65,91,107,118,69,58,46
"26-05-2011",39,39,66,49,63,81,28,51,72,51,42,44,25,32,43,44,31,50,27,53,42,39,37,31
"27-05-2011",14,15,30,28,16,32,44,41,52,50,44,53,86,50,35,52,63,61,57,61,101,88,90,90
"28-05-2011",55,33,87,59,60,68,40,75,96,88,73,66,72,73,81,76,58,113,81,84,113,100,77,98
"29-05-2011",78,77,79,76,55,56,48,58,85,101,91,113,77,82,103,79,82,95,72,87,111,91,80,90
"30-05-2011",61,64,74,69,62,72,65,81,101,111,95,99,44,39,40,97,63,129,95,105,134,118,77,101
"31-05-2011",73,61,74,71,60,76,68,84,120,131,122,131,88,85,84,71,113,132,91,94,124,94,114,117
"01-06-2011",69,65,78,70,58,62,52,69,103,105,108,118,91,85,66,88,94,127,87,92,116,117,96,104
"02-06-2011",73,67,71,64,64,68,57,69,109,109,123,121,106,100,127,137,117,109,90,96,125,120,100,80
"03-06-2011",77,65,75,69,67,70,58,83,102,100,70,125,106,117,149,122,132,129,94,99,121,112,107,102
"04-06-2011",75,58,66,67,57,66,51,55,72,54,52,60,67,96,88,20,18,31,32,51,76,78,78,94
"05-06-2011",73,66,65,56,53,71,44,56,72,69,40,37,38,77,96,86,69,101,74,81,112,119,105,118
"06-06-2011",74,58,72,74,65,73,80,86,98,89,90,84,65,63,159,166,143,146,42,16,23,88,74,86
"07-06-2011",64,61,70,46,34,53,50,57,64,56,82,139,116,118,155,148,149,132,105,95,116,124,95,90
"08-06-2011",73,65,77,77,68,77,79,94,134,149,177,190,122,114,119,126,133,140,117,108,90,126,118,114
"09-06-2011",87,86,89,87,83,89,78,98,130,142,135,144,132,104,129,117,117,120,103,94,108,101,91,94
"10-06-2011",67,47,39,52,57,73,94,87,94,102,81,90,86,84,93,106,85,108,101,80,70,90,74,82
"11-06-2011",81,67,73,78,85,90,82,76,90,92,71,85,94,80,97,96,94,71,82,80,80,122,114,110
"12-06-2011",83,66,77,80,79,92,69,67,65,71,74,80,28,19,41,35,81,79,78,82,99,119,101,88
"13-06-2011",70,56,64,73,54,45,65,63,75,90,58,63,61,44,45,85,98,94,60,54,89,109,87,90
"14-06-2011",91,70,66,69,62,68,69,73,94,123,97,138,128,100,55,94,103,123,121,109,121,114,118,93
"15-06-2011",77,54,59,68,47,39,51,35,68,74,46,43,33,24,47,84,76,74,81,57,70,93,94,93
"16-06-2011",85,52,64,77,70,74,84,63,50,89,90,84,38,44,48,42,103,123,104,73,84,123,95,97
"17-06-2011",97,75,65,78,71,78,76,81,98,136,109,65,46,38,108,149,125,137,128,107,124,152,130,120
"18-06-2011",116,81,77,90,70,71,70,72,107,148,132,128,127,89,76,106,111,117,130,92,92,121,114,112
"19-06-2011",113,78,81,93,77,81,68,65,85,105,111,105,110,82,86,96,80,78,77,64,102,133,123,116
"20-06-2011",110,78,61,79,66,82,79,82,105,129,158,145,158,130,130,162,144,144,130,86,88,130,119,121
"21-06-2011",117,59,49,65,48,41,67,53,48,52,36,53,52,37,35,48,34,32,34,33,37,43,86,53
"22-06-2011",48,44,25,41,45,60,66,54,62,70,-9999,-9999,38,28,31,43,51,48,51,32,42,83,95,71
"23-06-2011",36,53,78,82,61,94,108,93,80,56,77,68,47,42,42,45,38,41,83,67,44,63,66,63
"24-06-2011",97,69,39,50,76,84,100,76,70,75,72,76,64,44,38,57,54,57,64,43,47,46,60,77
"25-06-2011",53,78,71,93,84,79,84,81,113,159,120,49,93,127,137,158,128,38,138,82,96,81,49,67
"26-06-2011",65,30,27,19,16,19,27,27,22,32,40,32,33,33,26,25,21,25,38,40,39,37,34,68
"27-06-2011",38,48,65,78,49,50,86,76,69,89,83,86,55,64,58,88,84,85,98,67,37,52,66,93
"28-06-2011",99,70,73,82,79,83,106,89,101,110,104,88,105,90,75,88,99,96,96,82,93,118,113,72
"29-06-2011",97,86,77,93,84,77,101,86,97,137,135,119,112,97,93,125,105,58,89,106,111,126,129,122
"30-06-2011",82,67,75,79,85,89,102,92,102,121,133,119,115,91,86,104,103,93,110,85,87,111,110,101
"01-07-2011",108,78,82,88,83,83,103,81,100,133,158,152,152,120,119,132,137,128,121,91,32,47,60,69
"02-07-2011",75,68,71,81,62,84,91,86,94,126,133,145,142,104,93,102,104,99,103,88,93,117,122,104
"03-07-2011",117,96,89,103,89,89,92,79,67,88,91,87,84,61,57,67,56,54,63,68,82,100,108,95
"04-07-2011",90,81,74,77,87,90,102,83,81,63,87,93,119,58,81,26,25,89,110,89,83,97,86,78
"05-07-2011",101,82,66,81,81,77,78,81,92,131,169,177,154,125,123,144,141,114,113,88,109,122,133,128
"06-07-2011",124,101,80,77,71,88,92,89,87,115,115,101,87,83,79,86,107,78,94,38,20,19,20,30
"07-07-2011",50,44,44,60,71,44,93,107,97,131,84,54,63,117,27,22,23,20,22,19,37,63,96,94
"08-07-2011",99,64,63,65,89,89,97,81,77,63,80,72,51,50,29,48,47,-9999,39,42,47,56,74,71
"09-07-2011",62,49,36,33,39,29,35,60,53,62,67,63,48,42,28,26,29,32,30,33,27,50,49,50
"10-07-2011",72,44,47,83,96,82,102,101,73,65,58,48,42,56,45,42,36,24,41,31,28,58,54,52
"11-07-2011",36,49,72,70,83,60,56,68,62,66,77,83,69,57,37,38,45,42,56,45,70,64,87,87
"12-07-2011",64,50,40,69,89,89,83,104,55,58,79,79,53,46,44,64,74,61,36,40,60,62,72,75
"13-07-2011",62,50,26,25,30,32,65,66,44,43,51,39,54,56,35,42,46,44,44,65,57,55,59,56
"14-07-2011",44,41,37,27,22,44,94,99,83,102,59,76,92,45,33,34,40,43,49,56,48,46,57,35
"15-07-2011",52,59,31,24,17,77,112,121,117,68,68,81,78,54,33,42,39,46,39,44,37,56,40,55
"16-07-2011",54,33,18,29,80,83,83,93,67,49,71,52,46,37,62,39,68,154,154,139,110,123,145,124
"17-07-2011",107,102,74,78,85,84,84,93,97,126,158,148,144,149,87,100,106,86,130,145,130,140,142,125
"18-07-2011",131,118,96,88,103,107,108,110,93,103,143,151,150,124,102,111,133,32,22,25,40,75,84,93
"19-07-2011",98,71,69,68,79,85,85,105,105,132,149,127,160,160,120,147,143,111,126,120,110,117,137,86
"20-07-2011",101,96,72,75,97,98,100,111,107,123,179,173,118,134,97,100,109,94,89,108,98,-9999,76,85
"21-07-2011",57,56,43,32,35,64,92,95,78,73,93,85,88,92,81,91,93,89,98,79,66,77,82,79
"22-07-2011",75,72,55,48,66,82,103,110,92,101,115,123,110,112,93,102,89,89,76,86,88,91,101,75
"23-07-2011",67,73,58,59,85,100,97,106,96,98,110,143,113,92,86,85,112,100,45,99,80,69,81,157
"24-07-2011",94,67,43,38,79,82,86,98,76,79,108,123,103,105,74,70,57,84,86,95,89,77,100,113
"25-07-2011",104,88,62,47,56,70,97,94,89,84,120,115,100,104,79,76,87,103,94,91,87,86,91,86
"26-07-2011",67,58,49,49,60,84,95,93,84,81,93,112,90,83,62,60,59,49,50,58,58,85,92,77
"27-07-2011",62,54,36,36,57,73,83,94,80,66,91,117,115,122,90,99,100,111,98,92,78,85,92,97
"28-07-2011",92,85,63,49,69,80,82,99,100,73,52,62,49,31,50,79,79,48,24,47,49,49,61,53
"29-07-2011",70,82,68,45,56,98,97,111,113,135,121,133,149,144,99,106,116,136,127,124,104,102,107,102
"30-07-2011",84,80,74,58,65,88,94,100,81,84,93,90,96,94,75,76,41,62,64,59,45,49,43,78
"31-07-2011",67,71,65,44,46,59,68,93,81,84,92,59,84,90,71,61,63,72,62,84,104,80,78,81
"01-08-2011",58,51,47,44,126,94,103,104,92,109,135,145,133,135,100,98,91,104,102,106,105,88,98,97
"02-08-2011",84,59,44,21,33,81,102,103,91,96,100,57,41,74,63,70,22,18,15,17,26,28,72,88
"03-08-2011",69,32,34,28,54,54,76,71,77,67,66,59,30,39,42,36,42,50,43,51,71,60,45,30
"04-08-2011",33,60,50,33,36,46,31,63,91,96,51,44,35,42,29,48,97,99,38,42,48,61,79,89
"05-08-2011",83,69,57,39,63,85,90,107,97,65,27,33,35,37,25,19,29,38,31,44,36,32,26,30
"06-08-2011",37,64,36,24,19,28,48,46,52,34,29,47,46,36,30,39,30,25,29,40,33,26,43,54
"07-08-2011",37,25,30,37,23,47,26,65,67,69,58,38,38,29,27,30,18,21,18,21,28,36,43,41
"08-08-2011",36,33,52,53,60,68,63,98,66,43,39,43,41,43,41,42,42,48,47,47,32,36,49,75
"09-08-2011",68,44,54,60,76,84,94,109,129,126,138,149,135,183,164,164,149,171,161,115,106,87,86,94
"10-08-2011",85,65,64,47,46,138,-9999,120,144,141,152,44,35,26,62,91,65,90,125,134,118,93,85,99
"11-08-2011",42,26,29,15,16,16,21,41,60,65,65,84,68,64,52,50,46,53,63,49,38,42,32,27
"12-08-2011",18,27,33,15,22,60,87,103,88,79,88,98,91,79,86,51,49,100,117,57,24,48,59,53
"13-08-2011",56,71,60,45,59,40,25,35,39,61,45,63,38,30,81,88,64,19,16,21,36,76,80,99
"14-08-2011",97,95,60,54,58,75,84,88,90,75,77,55,20,16,85,72,80,33,15,21,27,52,88,75
"15-08-2011",95,94,71,52,63,71,70,66,69,34,33,45,57,104,97,80,71,98,118,107,108,109,111,89
"16-08-2011",88,89,92,75,76,93,113,114,138,75,50,75,87,65,105,92,23,19,34,34,61,73,81,69
"17-08-2011",82,78,92,69,61,96,113,128,130,81,60,58,34,33,41,36,30,41,41,33,74,74,59,63
"18-08-2011",65,69,39,17,17,33,50,32,37,51,42,46,44,48,31,37,28,32,47,38,89,72,56,77
"19-08-2011",41,25,34,44,34,52,60,74,77,47,50,46,40,63,46,41,37,30,37,51,76,80,84,53
"20-08-2011",50,43,36,36,75,92,102,92,85,63,62,68,46,37,37,45,49,50,44,37,42,90,112,59
"21-08-2011",50,50,48,57,45,39,37,35,46,46,56,48,32,29,27,26,28,31,40,36,49,54,35,25
"22-08-2011",35,41,23,20,20,20,32,41,53,52,53,51,59,79,59,66,58,32,44,50,79,85,63,64
"23-08-2011",58,53,60,65,41,53,93,64,70,83,79,50,54,43,43,40,38,46,45,42,70,76,55,63
"24-08-2011",49,41,44,32,37,49,57,73,65,70,74,69,66,63,52,70,75,75,81,56,89,98,54,29
"25-08-2011",34,42,31,24,30,43,43,63,84,73,53,47,46,38,46,47,42,41,52,56,72,51,35,40
"26-08-2011",27,44,38,49,12,20,37,45,35,52,76,49,39,31,34,30,29,29,46,49,68,74,61,49
"27-08-2011",47,28,34,33,39,49,41,41,70,75,59,42,40,38,38,34,33,28,25,48,61,108,114,117
"28-08-2011",84,114,75,28,43,39,35,43,42,39,43,33,36,34,53,53,42,36,33,42,77,91,104,106
"29-08-2011",90,96,102,64,76,48,61,62,138,102,116,63,112,132,120,131,116,114,128,80,124,146,136,130
"30-08-2011",131,117,106,102,96,108,128,127,154,155,161,156,174,177,180,195,174,175,186,154,155,155,147,137
"31-08-2011",142,121,116,110,97,104,106,116,138,125,125,156,158,161,197,202,137,110,118,112,113,101,91,89
"01-09-2011",-9999,-9999,-9999,-9999,-9999,-9999,-9999,-9999,-9999,-9999,-9999,-9999,-9999,-9999,-9999,-9999,-9999,-9999,-9999,-9999,-9999,-9999,-9999,-9999
"02-09-2011",-9999,-9999,-9999,-9999,-9999,-9999,-9999,-9999,-9999,-9999,-9999,-9999,-9999,-9999,-9999,-9999,-9999,-9999,-9999,-9999,-9999,-9999,-9999,-9999
"03-09-2011",-9999,-9999,-9999,-9999,-9999,-9999,-9999,-9999,-9999,-9999,-9999,-9999,-9999,-9999,-9999,-9999,-9999,-9999,-9999,-9999,-9999,-9999,-9999,-9999
"04-09-2011",-9999,-9999,-9999,-9999,-9999,-9999,-9999,-9999,-9999,-9999,-9999,-9999,-9999,-9999,-9999,-9999,-9999,-9999,-9999,-9999,-9999,-9999,-9999,-9999
"05-09-2011",-9999,-9999,-9999,-9999,-9999,-9999,-9999,-9999,-9999,-9999,-9999,-9999,-9999,-9999,-9999,-9999,-9999,-9999,-9999,-9999,-9999,-9999,-9999,-9999
"06-09-2011",-9999,-9999,-9999,-9999,-9999,-9999,-9999,-9999,-9999,-9999,-9999,-9999,-9999,-9999,-9999,-9999,-9999,-9999,-9999,-9999,-9999,-9999,-9999,-9999
"07-09-2011",-9999,-9999,-9999,-9999,-9999,-9999,-9999,-9999,-9999,-9999,-9999,-9999,-9999,-9999,-9999,-9999,-9999,-9999,-9999,-9999,-9999,-9999,-9999,-9999
"08-09-2011",-9999,-9999,-9999,-9999,-9999,-9999,-9999,-9999,-9999,-9999,-9999,-9999,-9999,47,28,37,31,44,53,38,31,61,76,78
"09-09-2011",73,62,47,42,63,69,81,81,-9999,-9999,-9999,159,151,137,131,138,123,115,114,100,140,133,118,103
"10-09-2011",84,85,90,86,80,80,83,33,35,36,41,73,21,22,23,18,18,14,17,24,25,35,22,35
"11-09-2011",53,70,80,72,53,65,94,89,64,44,39,28,19,25,19,21,16,18,25,35,40,37,42,45
"12-09-2011",20,15,13,50,62,84,96,53,65,36,21,54,58,21,23,23,23,21,25,26,31,50,63,48
"13-09-2011",63,56,41,30,45,61,79,93,77,109,87,59,41,36,34,44,37,40,42,30,30,50,62,39
"14-09-2011",52,54,64,70,66,72,99,119,124,132,87,60,58,42,36,40,46,52,77,43,51,88,86,82
"15-09-2011",83,79,75,76,68,78,90,107,126,-9999,-9999,107,109,79,59,144,177,184,171,140,141,147,115,104
"16-09-2011",118,98,94,95,89,86,105,118,129,124,58,72,85,65,43,47,37,42,54,68,86,91,80,51
"17-09-2011",34,31,25,48,61,93,96,95,52,44,30,39,46,55,50,39,33,26,43,50,50,101,97,76
"18-09-2011",42,34,54,102,85,97,95,77,81,82,70,64,60,62,57,40,32,31,40,91,42,39,53,75
"19-09-2011",87,100,92,60,56,90,103,119,120,135,153,128,144,165,184,143,138,119,121,103,107,126,101,96
"20-09-2011",89,90,75,85,74,89,93,95,104,81,84,107,92,89,79,81,85,76,66,36,32,71,170,47
"21-09-2011",52,73,57,52,55,59,80,87,80,89,92,97,90,94,90,87,99,102,99,95,61,91,89,69
"22-09-2011",64,58,49,43,50,54,77,82,78,61,80,54,38,44,39,62,58,57,58,63,55,63,59,48
"23-09-2011",58,44,40,49,62,75,90,95,94,81,71,73,52,60,65,66,51,41,83,76,77,59,63,102
"24-09-2011",73,85,95,98,105,91,100,114,117,103,127,53,49,86,56,46,45,63,61,43,33,32,79,106
"25-09-2011",108,112,103,87,87,90,93,114,85,55,52,54,39,37,25,31,26,28,46,57,68,65,73,61
"26-09-2011",73,94,38,25,30,47,59,85,94,81,75,69,66,68,69,38,51,53,58,35,48,59,70,51
"27-09-2011",35,44,22,23,25,41,56,52,45,58,69,65,60,48,37,39,48,32,36,50,43,55,82,53
"28-09-2011",25,17,15,13,22,28,40,48,33,26,36,29,23,25,26,33,38,24,24,31,28,46,42,38
"29-09-2011",39,24,14,20,25,24,51,50,59,54,47,59,44,44,29,33,34,39,41,53,52,46,41,85
"30-09-2011",49,72,65,59,81,89,105,130,124,128,82,85,48,50,40,44,40,44,48,41,41,53,64,70
"01-10-2011",55,41,50,53,35,32,41,44,36,27,32,31,27,32,37,56,57,53,61,64,73,72,75,75
"02-10-2011",86,88,81,74,71,64,67,70,49,63,46,53,36,20,19,21,25,23,38,47,73,74,49,27
"03-10-2011",29,25,22,14,22,34,33,67,39,36,42,42,31,32,25,28,34,38,42,69,46,44,53,40
"04-10-2011",41,39,31,71,83,85,100,114,98,109,55,57,42,50,38,41,34,54,65,80,84,97,97,85
"05-10-2011",79,77,80,61,74,81,106,124,92,105,116,76,37,84,125,146,120,22,31,37,57,102,98,86
"06-10-2011",79,78,72,64,70,76,92,104,116,132,140,120,131,139,151,154,175,126,147,152,136,133,120,108
"07-10-2011",91,92,101,88,98,88,85,107,115,137,129,120,115,113,118,108,112,114,122,120,115,110,105,88
"08-10-2011",90,90,86,83,87,81,85,84,77,70,93,75,75,76,61,41,33,34,34,34,33,40,64,51
"09-10-2011",48,41,46,43,45,56,63,74,74,73,84,85,75,74,59,39,30,29,52,70,59,56,42,36
"10-10-2011",22,20,17,33,15,37,43,42,29,47,42,57,45,53,64,55,67,60,61,60,48,41,44,37
"11-10-2011",36,33,26,16,25,43,58,73,72,67,58,60,53,53,55,57,66,72,78,76,79,73,69,62
"12-10-2011",62,70,64,63,66,66,79,90,86,81,83,83,85,92,110,112,81,114,115,111,114,101,101,92
"13-10-2011",83,79,69,75,76,83,94,92,102,128,162,144,161,144,114,114,109,119,122,132,120,107,93,96
"14-10-2011",89,82,73,71,69,57,67,71,75,60,31,36,28,24,28,22,22,25,26,26,28,25,20,20
"15-10-2011",21,15,15,14,19,29,34,36,51,51,45,40,32,35,36,32,32,33,30,37,31,25,32,30
"16-10-2011",23,26,24,29,21,16,19,29,26,38,38,28,28,39,37,33,36,41,46,43,34,38,34,26
"17-10-2011",28,17,21,20,21,36,45,47,35,38,45,38,55,51,69,72,72,72,78,82,84,71,73,80
"18-10-2011",66,67,68,67,65,79,94,92,102,62,-9999,-9999,95,88,80,94,100,103,110,113,110,101,97,89
"19-10-2011",82,79,74,67,67,62,59,56,64,86,84,89,73,69,75,76,82,83,92,92,93,84,80,76
"20-10-2011",63,71,56,49,48,47,66,68,73,107,137,117,99,98,111,113,111,123,117,118,103,85,78,72
"21-10-2011",71,74,73,64,60,66,80,92,93,131,172,176,142,134,150,157,146,144,138,137,127,101,89,91
"22-10-2011",80,75,71,58,62,62,58,75,85,107,110,117,105,85,89,90,100,55,50,80,86,98,90,66
"23-10-2011",69,81,83,67,79,65,34,30,24,26,30,30,25,25,22,22,26,27,28,39,43,37,42,33
"24-10-2011",28,23,22,23,27,26,48,62,54,49,42,46,34,34,36,40,37,36,33,47,45,58,81,64
"25-10-2011",54,60,26,36,39,50,56,70,57,44,44,45,43,39,35,34,32,42,45,46,47,64,66,64
"26-10-2011",42,29,27,19,22,29,42,57,57,47,49,42,33,48,51,45,44,51,55,53,56,53,36,33
"27-10-2011",29,23,28,19,16,24,29,34,37,39,35,40,33,38,36,40,38,37,41,44,53,43,41,37
"28-10-2011",46,40,31,19,16,22,29,28,29,26,22,23,27,27,21,23,24,29,39,41,48,51,49,50
"29-10-2011",45,54,61,41,45,35,28,37,48,48,31,41,35,38,40,33,30,42,54,70,78,79,80,78
"30-10-2011",54,39,34,26,36,26,25,43,44,61,38,37,35,33,36,33,60,29,38,36,47,51,44,34
"31-10-2011",32,43,53,52,50,47,53,76,82,84,55,49,45,36,38,39,46,59,69,73,63,59,61,64
"01-11-2011",52,64,52,56,62,71,90,97,99,51,61,76,82,93,78,129,129,126,122,99,95,87,82,76
"02-11-2011",70,55,57,33,66,74,90,90,106,99,83,44,42,49,48,54,38,43,57,58,80,94,85,94
"03-11-2011",85,75,70,53,75,87,99,80,79,50,49,45,45,53,57,64,52,41,55,52,61,79,74,72
"04-11-2011",71,75,67,56,57,62,77,104,81,59,55,53,36,39,42,41,44,48,39,54,63,50,58,76
"05-11-2011",55,69,72,67,65,64,77,83,83,96,80,35,39,35,57,39,32,44,59,74,83,66,73,68
"06-11-2011",72,71,63,62,63,61,68,69,74,68,67,82,75,77,60,99,91,50,53,64,67,79,82,77
"07-11-2011",73,64,61,51,62,71,86,98,105,80,53,61,52,53,48,44,42,44,44,60,56,51,52,52
"08-11-2011",56,58,51,57,60,66,80,92,74,78,63,40,36,34,44,44,52,51,60,65,50,62,55,58
"09-11-2011",63,59,51,50,53,54,72,73,85,91,87,90,89,106,114,105,107,102,97,104,99,85,84,73
"10-11-2011",64,60,56,52,51,51,72,82,94,115,108,102,104,124,124,120,63,29,45,64,71,63,61,31
"11-11-2011",23,16,22,17,25,24,38,45,49,43,44,39,32,35,37,37,38,39,40,40,32,31,26,23
"12-11-2011",22,23,17,16,21,21,26,32,32,35,32,31,37,33,43,36,42,46,60,60,60,58,49,38
"13-11-2011",30,24,23,20,21,29,29,28,36,33,38,35,33,39,48,46,40,46,46,52,72,46,32,28
"14-11-2011",28,30,23,18,18,39,48,50,64,-9999,-9999,42,49,55,61,65,62,62,46,46,41,42,42,40
"15-11-2011",32,29,34,38,31,48,78,78,71,62,71,69,71,70,72,78,80,74,84,85,82,77,71,66
"16-11-2011",54,57,48,48,61,60,88,93,92,83,86,88,81,83,88,82,85,98,84,84,93,85,91,82
"17-11-2011",73,64,71,74,81,91,109,105,98,99,81,54,56,56,53,58,53,57,64,70,75,74,70,60
"18-11-2011",58,53,56,57,57,65,82,90,73,68,53,55,56,68,68,62,87,93,94,108,103,97,90,92
"19-11-2011",87,81,81,84,78,75,79,88,87,86,103,114,105,78,118,91,55,97,115,114,122,111,100,101
"20-11-2011",87,84,81,77,77,79,82,87,84,95,67,54,42,56,41,37,40,86,93,96,114,114,106,92
"21-11-2011",81,83,72,69,81,80,94,110,125,117,118,108,96,84,127,109,66,73,98,91,110,103,92,86
"22-11-2011",78,71,70,65,68,74,95,115,124,132,75,108,102,133,142,145,164,149,127,127,134,123,108,102
"23-11-2011",91,84,78,71,61,63,82,88,92,67,42,59,91,77,61,62,67,58,57,69,79,71,72,72
"24-11-2011",77,61,44,34,33,42,52,72,62,52,48,54,53,40,43,46,69,63,71,61,63,57,41,39
"25-11-2011",30,30,26,21,19,29,47,48,38,43,40,32,39,43,47,41,44,50,59,68,73,60,45,42
"26-11-2011",44,40,60,59,50,57,84,108,68,57,54,70,58,62,79,78,79,78,76,77,90,95,88,84
"27-11-2011",83,78,78,63,70,71,64,81,72,59,74,74,88,73,75,76,67,81,88,80,105,103,92,87
"28-11-2011",80,74,76,66,64,72,91,97,127,143,137,126,129,144,151,142,137,137,130,143,150,139,126,112
"29-11-2011",96,86,83,77,76,82,130,68,64,50,45,44,50,64,52,49,61,115,80,108,82,91,56,57
"30-11-2011",63,84,72,58,67,85,102,115,120,122,111,119,109,80,45,48,57,91,85,94,102,127,110,93
"01-12-2011",85,73,70,72,72,80,104,111,124,119,147,139,146,153,155,152,153,151,147,165,164,142,132,121
"02-12-2011",100,91,83,80,75,79,100,114,147,164,168,62,61,138,128,138,131,126,127,124,126,124,114,107
"03-12-2011",102,93,80,82,66,73,74,-9999,-9999,-9999,-9999,110,116,107,112,111,116,119,123,117,113,116,111,104
"04-12-2011",99,95,95,86,81,77,75,75,80,99,100,103,101,92,103,100,99,102,105,101,106,96,88,84
"05-12-2011",77,65,59,52,60,60,73,80,78,111,116,-9999,-9999,-9999,105,110,107,105,101,96,96,95,86,90
"06-12-2011",84,69,59,54,70,82,100,105,104,95,79,77,82,77,88,100,97,92,93,91,97,97,89,90
"07-12-2011",82,73,68,66,62,64,77,84,87,107,109,93,79,87,94,102,96,92,97,102,84,78,91,70
"08-12-2011",60,50,56,56,46,77,122,106,96,115,109,96,97,98,105,103,102,110,110,95,67,78,83,72
"09-12-2011",61,49,48,57,40,67,78,89,87,99,84,75,88,102,108,115,100,106,105,108,105,108,106,102
"10-12-2011",94,86,87,86,76,74,77,81,87,99,100,106,105,107,112,111,111,106,108,118,115,114,103,98
"11-12-2011",90,87,80,77,71,69,62,74,83,105,122,117,110,106,108,110,103,104,110,104,105,102,93,85
"12-12-2011",82,68,58,60,47,61,71,76,78,96,105,123,-9999,-9999,-9999,-9999,-9999,-9999,-9999,-9999,-9999,-9999,-9999,-9999
"13-12-2011",-9999,-9999,-9999,-9999,-9999,-9999,-9999,-9999,-9999,-9999,-9999,-9999,-9999,-9999,-9999,-9999,-9999,-9999,-9999,-9999,-9999,-9999,-9999,-9999
"14-12-2011",-9999,-9999,-9999,-9999,-9999,-9999,-9999,-9999,-9999,-9999,-9999,-9999,-9999,-9999,-9999,-9999,-9999,-9999,-9999,-9999,-9999,-9999,-9999,-9999
"15-12-2011",-9999,-9999,-9999,-9999,-9999,-9999,-9999,-9999,-9999,-9999,-9999,111,104,103,102,108,117,115,109,104,102,91,98,101
"16-12-2011",92,86,77,78,76,82,92,91,90,103,77,71,88,85,90,101,103,104,120,114,112,114,111,108
"17-12-2011",102,94,87,89,88,86,80,79,86,88,84,77,73,68,73,72,73,68,73,75,84,93,86,90
"18-12-2011",90,84,81,84,80,74,90,87,84,90,91,98,101,112,82,90,72,48,60,79,59,36,28,35
"19-12-2011",25,24,43,52,52,56,74,74,77,80,76,87,67,77,79,88,86,66,73,61,81,89,88,76
"20-12-2011",69,67,65,65,63,66,78,88,96,100,97,80,78,74,78,91,93,85,83,92,89,90,84,76
"21-12-2011",71,61,57,54,68,87,101,110,110,94,101,93,100,81,86,77,71,66,63,60,60,58,52,46
"22-12-2011",43,36,26,27,28,36,45,43,43,37,38,53,47,48,53,57,88,75,69,76,73,77,76,76
"23-12-2011",67,54,49,38,41,44,61,58,61,74,69,77,68,74,69,56,50,63,65,64,54,42,51,47
"24-12-2011",46,36,42,42,46,42,63,72,58,50,39,49,67,68,67,67,69,55,73,80,65,56,55,39
"25-12-2011",38,32,37,43,41,48,45,46,30,27,22,26,27,31,31,29,32,50,58,72,69,52,50,51
"26-12-2011",35,33,31,33,25,41,35,34,26,27,35,35,38,35,38,40,38,52,63,58,72,57,43,40
"27-12-2011",30,22,20,20,22,36,65,83,95,82,73,57,46,71,74,68,85,83,88,88,89,88,78,77
"28-12-2011",69,64,63,78,69,75,77,82,86,98,109,96,94,54,59,61,77,88,87,93,91,98,85,80
"29-12-2011",71,95,68,64,70,65,88,93,102,102,107,103,114,117,115,122,123,131,125,135,126,117,110,100
"30-12-2011",94,88,81,83,78,78,86,94,112,109,105,102,115,130,118,106,59,63,71,79,76,106,96,92
"31-12-2011",77,77,74,66,70,66,69,74,84,93,99,89,95,67,61,56,72,71,76,83,82,85,78,66
