"01-01-2011",43,34,38,33,32,30,30,33,34,40,46,41,34,33,28,24,28,32,42,46,46,46,49,47
"02-01-2011",46,45,38,37,36,40,37,42,34,36,44,40,43,47,48,43,36,45,48,52,52,49,45,40
"03-01-2011",36,31,29,30,31,34,34,40,47,57,48,46,45,45,42,37,40,40,41,45,43,41,39,39
"04-01-2011",39,34,30,25,30,34,39,38,40,40,41,37,41,34,40,35,34,39,40,38,40,40,39,35
"05-01-2011",33,33,28,28,25,37,38,36,40,42,31,29,27,29,34,36,37,39,40,40,40,39,38,38
"06-01-2011",36,34,28,32,34,33,34,40,36,31,28,27,27,29,28,32,33,35,39,41,42,41,36,33
"07-01-2011",35,34,33,32,31,34,39,41,43,41,41,34,40,36,31,38,42,42,46,46,45,44,43,40
"08-01-2011",38,37,37,36,32,34,32,35,37,52,48,34,28,37,38,42,42,45,49,50,55,54,49,47
"09-01-2011",47,43,43,37,31,30,29,32,38,54,43,37,41,36,32,37,33,43,48,53,49,48,44,43
"10-01-2011",43,43,37,33,35,38,39,43,47,45,45,37,41,45,37,47,49,51,52,51,48,48,43,43
"11-01-2011",41,44,40,35,35,35,35,38,40,48,48,43,40,27,24,33,35,37,35,40,49,48,47,44
"12-01-2011",39,39,29,34,37,44,45,49,52,50,48,49,33,30,41,41,46,49,47,47,45,45,44,42
"13-01-2011",34,35,32,27,20,34,41,43,42,45,34,39,37,32,26,35,37,35,33,33,35,39,39,38
"14-01-2011",34,39,36,34,33,37,39,39,41,57,53,46,53,44,47,41,42,43,41,43,46,45,43,42
"15-01-2011",42,40,37,35,36,34,36,43,49,49,47,42,33,29,27,29,29,37,42,48,49,48,43,44
"16-01-2011",42,40,27,13,28,38,35,36,33,35,26,18,23,23,19,22,26,21,23,23,23,20,14,12
"17-01-2011",11,8,8,9,9,14,20,24,25,24,24,28,22,28,28,28,32,34,34,39,41,39,31,34
"18-01-2011",30,22,20,26,25,32,40,43,41,39,42,29,31,30,31,45,49,48,48,53,52,53,48,42
"19-01-2011",38,34,32,32,33,33,38,43,46,62,66,63,50,50,43,43,48,52,56,52,53,57,52,48
"20-01-2011",46,41,31,31,33,34,36,37,41,58,55,42,42,27,24,31,39,47,46,53,56,55,54,52
"21-01-2011",46,46,39,37,32,35,40,46,51,62,62,42,37,34,38,36,35,44,41,39,42,46,41,35
"22-01-2011",28,35,37,33,41,39,39,42,42,45,31,20,20,21,20,27,25,35,39,42,38,25,30,29
"23-01-2011",25,23,20,25,28,30,36,43,39,38,32,21,25,24,26,23,30,32,38,43,46,45,44,42
"24-01-2011",44,38,28,38,35,33,37,45,41,50,47,41,27,26,34,33,46,46,44,41,40,39,39,34
"25-01-2011",27,25,32,33,20,32,39,38,41,43,42,33,32,34,30,27,31,32,39,41,39,42,35,34
"26-01-2011",25,31,21,21,24,37,42,45,45,42,33,30,34,28,29,30,38,42,44,47,47,47,48,44
"27-01-2011",43,40,35,35,36,38,36,39,43,57,48,37,30,32,31,38,46,45,53,54,53,49,46,46
"28-01-2011",36,26,22,23,27,32,32,35,43,37,34,35,34,33,32,34,28,37,38,42,43,33,29,28
"29-01-2011",22,22,19,13,13,18,19,23,24,26,25,25,26,27,28,26,26,32,32,35,38,36,35,30
"30-01-2011",23,21,19,18,20,21,26,27,30,28,26,31,25,26,26,26,27,35,38,41,41,39,30,30
"31-01-2011",22,16,16,15,18,31,40,43,42,41,34,36,32,34,40,38,40,39,44,48,48,47,39,31
"01-02-2011",27,24,18,15,19,29,39,40,39,39,37,26,26,31,41,36,35,33,41,45,44,50,33,37
"02-02-2011",27,28,16,17,20,30,46,59,49,41,38,36,35,36,33,34,47,49,48,51,54,46,37,43
"03-02-2011",32,34,39,24,36,40,46,47,50,39,35,36,46,47,47,44,39,39,44,45,42,35,26,20
"04-02-2011",26,34,24,20,20,33,42,41,41,40,36,28,28,35,37,31,34,38,44,49,48,45,53,40
"05-02-2011",22,20,19,19,26,33,38,40,40,32,26,26,28,30,32,33,31,40,49,52,54,65,48,46
"06-02-2011",39,51,59,38,31,30,31,36,53,67,59,51,37,30,42,48,48,49,56,60,64,61,49,43
"07-02-2011",38,41,33,31,32,53,53,44,54,85,73,51,55,44,31,32,30,54,67,74,67,66,64,65
"08-02-2011",59,59,55,59,49,56,81,72,59,73,48,46,44,46,52,45,48,53,58,56,63,60,56,53
"09-02-2011",45,44,41,48,40,42,55,47,46,70,63,72,68,45,39,38,44,48,61,66,64,75,85,78
"10-02-2011",54,49,44,38,41,53,53,53,53,43,54,48,39,49,48,41,36,48,69,67,54,50,46,43
"11-02-2011",36,40,28,24,39,48,49,60,55,52,37,33,40,35,36,33,39,48,51,55,60,59,58,58
"12-02-2011",47,32,36,37,40,48,54,51,45,39,31,22,16,20,25,24,25,28,35,46,52,58,47,50
"13-02-2011",50,51,45,37,36,37,41,37,45,50,54,52,33,26,20,21,30,33,40,56,58,55,54,50
"14-02-2011",46,40,33,33,38,46,51,46,56,52,38,48,34,34,30,32,37,37,37,40,46,46,39,31
"15-02-2011",30,27,22,26,31,41,44,51,49,43,38,33,31,29,32,31,28,34,34,30,32,31,23,18
"16-02-2011",14,13,12,11,13,26,32,42,40,36,30,24,25,24,31,34,41,42,47,50,47,44,39,39
"17-02-2011",35,35,32,35,38,41,46,50,50,57,33,26,23,25,30,33,32,38,42,43,36,35,26,24
"18-02-2011",24,14,14,25,31,43,50,56,58,48,41,37,29,30,25,30,36,33,31,29,24,30,41,36
"19-02-2011",37,35,29,30,29,33,36,49,45,44,39,38,31,23,24,24,22,23,27,33,29,28,21,21
"20-02-2011",16,14,16,14,18,26,25,33,33,37,28,31,25,29,28,25,28,32,34,37,38,34,30,31
"21-02-2011",22,18,16,16,19,28,34,40,41,39,31,31,31,31,25,30,33,48,49,41,41,36,35,24
"22-02-2011",17,14,11,14,19,34,41,43,48,45,42,41,37,32,34,41,34,33,43,49,47,47,43,41
"23-02-2011",31,24,14,15,18,28,38,39,31,28,27,15,15,18,19,15,21,23,28,30,31,25,20,18
"24-02-2011",14,13,11,10,12,22,32,37,40,42,46,39,38,42,45,36,41,42,47,44,36,32,27,19
"25-02-2011",17,14,12,11,10,16,24,27,27,27,30,28,27,28,29,28,29,30,32,35,34,30,24,22
"26-02-2011",19,15,14,12,12,18,20,21,21,23,22,21,25,29,29,27,26,26,29,31,31,31,30,23
"27-02-2011",22,17,21,17,16,18,18,22,23,23,28,26,25,27,24,21,26,26,33,39,37,30,29,25
"28-02-2011",25,17,18,16,24,36,36,40,42,40,40,33,40,37,31,35,36,40,40,40,40,39,32,29
"01-03-2011",21,18,16,13,15,28,34,38,38,33,34,34,35,37,35,33,35,30,36,35,32,35,30,25
"02-03-2011",22,15,12,11,12,23,28,33,34,35,37,37,37,40,38,41,37,38,36,38,35,35,27,19
"03-03-2011",18,15,15,12,11,23,27,31,36,33,31,34,35,36,33,35,35,34,33,32,33,28,28,31
"04-03-2011",28,19,18,13,15,25,33,39,35,32,34,32,34,36,38,31,26,29,38,41,41,35,26,20
"05-03-2011",15,13,15,12,15,20,21,30,29,29,30,27,27,25,29,29,26,29,34,41,44,40,41,41
"06-03-2011",33,34,28,27,29,34,35,38,38,39,37,30,31,27,22,19,23,26,46,47,44,39,28,24
"07-03-2011",24,20,19,13,10,17,17,19,21,17,18,19,19,25,22,24,22,25,27,29,31,24,20,15
"08-03-2011",12,10,10,9,10,17,21,26,26,24,27,26,28,26,25,22,25,28,30,43,41,38,29,24
"09-03-2011",20,19,15,13,11,29,35,35,24,26,22,23,24,27,25,24,25,27,43,47,52,54,47,42
"10-03-2011",40,32,24,28,41,47,50,51,45,38,27,23,27,25,25,29,27,35,46,58,59,59,56,54
"11-03-2011",54,53,48,45,41,45,50,62,66,61,48,33,40,36,40,37,37,45,57,64,65,63,60,59
"12-03-2011",54,48,46,44,42,38,40,49,61,57,46,43,25,22,25,25,27,28,39,49,60,67,64,63
"13-03-2011",61,56,55,47,53,42,51,54,65,51,35,23,21,19,19,17,17,21,31,41,53,63,63,60
"14-03-2011",59,57,53,48,42,43,52,56,56,60,36,24,23,21,27,28,24,24,37,41,53,58,59,56
"15-03-2011",48,25,16,16,28,43,52,55,47,-9999,-9999,-9999,-9999,26,31,25,24,21,27,38,34,35,54,38
"16-03-2011",31,21,38,42,43,45,46,51,46,42,30,30,31,29,35,29,30,25,30,36,41,63,59,56
"17-03-2011",58,53,48,49,49,52,52,50,54,54,56,56,42,36,39,40,43,48,53,53,39,38,33,31
"18-03-2011",30,27,46,44,42,46,48,51,52,55,26,21,25,29,22,24,20,23,30,38,51,53,54,50
"19-03-2011",48,50,46,43,43,42,48,46,42,32,29,19,21,19,18,20,25,27,36,47,52,49,47,46
"20-03-2011",37,36,38,29,29,23,25,25,21,19,20,22,21,21,21,20,20,22,26,30,30,26,20,15
"21-03-2011",14,10,9,9,9,19,26,33,30,34,32,27,29,29,28,27,26,26,28,29,28,24,19,15
"22-03-2011",11,10,10,9,10,22,28,31,27,29,30,29,30,27,27,32,27,27,31,42,43,37,30,35
"23-03-2011",23,14,13,12,14,29,36,38,34,32,38,32,30,26,27,28,22,24,32,43,46,48,29,31
"24-03-2011",21,17,13,15,19,29,33,45,36,32,29,21,23,23,19,21,23,25,38,51,65,64,64,61
"25-03-2011",62,55,48,53,38,37,40,50,68,56,33,23,20,17,15,18,15,17,28,28,40,46,61,63
"26-03-2011",52,57,55,49,53,52,49,35,29,23,14,17,18,19,18,20,19,22,25,29,23,32,42,42
"27-03-2011",23,13,14,11,14,14,25,30,25,18,13,10,10,45,12,16,17,19,23,28,21,25,24,19
"28-03-2011",19,22,23,25,40,44,42,-9999,47,45,42,26,25,24,24,20,23,20,21,22,31,30,31,41
"29-03-2011",51,49,41,38,40,38,40,44,50,51,52,30,28,33,35,29,29,23,25,30,37,50,51,49
"30-03-2011",46,45,25,25,38,39,40,43,49,51,49,47,41,35,27,20,21,26,39,45,45,39,44,40
"31-03-2011",26,26,20,16,21,30,38,47,47,43,44,42,35,42,38,35,34,31,33,30,32,28,24,16
"01-04-2011",17,15,12,10,11,16,22,29,30,32,30,26,28,26,27,27,25,30,34,35,40,38,41,29
"02-04-2011",18,16,8,22,19,21,19,31,31,27,27,25,24,23,25,27,23,28,26,31,33,35,43,41
"03-04-2011",33,27,20,19,14,17,18,33,26,21,18,18,14,16,13,13,20,16,24,26,26,30,35,33
"04-04-2011",21,15,11,10,17,31,39,45,39,40,32,30,18,26,31,30,26,27,30,29,29,24,23,23
"05-04-2011",19,20,34,35,31,32,34,37,44,57,57,36,27,26,23,25,25,23,28,35,36,42,31,31
"06-04-2011",32,23,14,15,16,23,38,44,40,39,34,24,31,26,24,26,24,23,22,30,28,25,19,17
"07-04-2011",12,9,8,9,9,17,28,36,36,31,22,20,21,26,19,16,19,16,24,32,36,35,34,26
"08-04-2011",29,29,46,47,45,42,46,49,62,61,45,37,33,25,21,30,23,25,19,30,38,48,48,41
"09-04-2011",35,34,27,30,49,48,50,51,54,46,39,22,17,21,16,15,18,16,18,29,41,37,18,37
"10-04-2011",39,45,54,53,39,20,12,11,11,11,15,21,22,23,24,19,14,14,13,20,30,35,35,30
"11-04-2011",21,21,19,19,27,40,43,46,29,27,21,16,20,19,16,18,20,28,28,28,28,30,23,16
"12-04-2011",15,14,15,11,12,33,39,50,45,30,29,24,18,18,22,20,22,24,23,27,33,32,24,26
"13-04-2011",38,34,31,25,31,42,49,46,44,43,25,23,22,19,16,16,16,22,23,32,36,31,20,14
"14-04-2011",12,8,7,7,9,17,30,32,27,27,22,19,23,19,20,19,19,27,31,32,24,34,40,30
"15-04-2011",27,20,17,20,20,33,50,53,55,49,43,34,40,44,31,24,21,39,39,42,45,49,38,34
"16-04-2011",37,34,27,33,26,32,34,35,42,36,29,29,31,25,27,21,24,33,28,29,34,33,26,23
"17-04-2011",19,17,20,16,14,16,20,19,25,27,26,24,23,25,24,23,24,20,25,31,33,27,31,26
"18-04-2011",20,21,14,23,20,26,40,44,42,37,33,35,28,20,22,19,21,25,22,21,27,23,24,20
"19-04-2011",12,9,7,8,9,21,28,37,33,29,20,23,22,24,23,25,23,36,38,44,44,45,46,43
"20-04-2011",33,27,22,27,31,44,48,50,51,50,45,35,30,22,25,28,27,29,30,35,47,47,48,45
"21-04-2011",31,16,12,17,20,28,40,36,32,25,24,24,21,22,23,21,21,21,23,32,38,33,30,26
"22-04-2011",23,13,10,16,21,26,40,39,29,22,20,20,21,21,21,18,18,19,19,24,21,22,20,20
"23-04-2011",18,15,10,18,23,37,46,41,23,21,16,20,16,17,14,14,14,12,14,15,17,16,16,12
"24-04-2011",13,13,11,8,10,18,17,11,11,12,14,13,13,10,11,7,11,10,15,15,21,34,30,23
"25-04-2011",16,16,12,7,9,12,11,12,12,12,11,12,12,13,13,9,13,12,12,15,20,17,16,15
"26-04-2011",14,13,12,10,13,20,37,29,22,23,23,23,25,25,20,19,19,19,22,21,23,31,28,26
"27-04-2011",27,13,14,10,13,31,34,46,51,41,43,37,35,39,35,39,34,33,34,32,34,30,27,24
"28-04-2011",20,14,10,9,12,21,28,32,35,30,35,25,28,29,26,25,29,26,30,33,33,31,31,30
"29-04-2011",31,24,23,24,25,36,42,43,39,37,33,27,31,29,21,20,26,21,23,31,34,41,38,34
"30-04-2011",36,40,31,33,36,31,28,33,43,39,33,21,24,20,14,14,14,16,24,22,25,24,29,26
"01-05-2011",27,25,17,17,15,25,31,33,34,32,27,24,22,21,20,14,11,11,12,13,19,27,34,42
"02-05-2011",41,48,39,32,28,39,42,44,45,41,34,30,22,21,22,17,17,20,18,20,24,33,32,33
"03-05-2011",28,31,31,17,22,40,38,47,44,48,47,21,16,18,16,22,22,18,17,18,25,36,41,42
"04-05-2011",38,30,20,22,23,34,46,42,33,30,25,28,35,33,29,30,24,28,25,24,34,33,32,31
"05-05-2011",27,27,22,22,28,32,38,43,45,29,44,29,35,42,38,33,35,32,19,22,26,37,33,23
"06-05-2011",16,18,15,11,11,31,34,36,27,27,21,25,22,20,19,23,18,16,24,27,32,34,36,38
"07-05-2011",32,27,25,26,29,31,36,29,27,25,27,25,22,22,23,19,18,15,21,20,28,26,23,25
"08-05-2011",24,21,26,29,40,41,38,42,41,34,25,24,16,18,13,13,14,15,20,21,30,41,43,41
"09-05-2011",43,39,40,24,17,33,33,35,38,35,34,31,31,24,23,30,28,26,27,27,26,25,20,20
"10-05-2011",13,13,10,8,8,21,28,29,27,30,24,24,24,22,25,23,21,21,31,38,40,25,20,18
"11-05-2011",15,11,13,15,15,23,29,43,23,31,20,29,25,29,29,24,21,22,18,19,22,18,19,13
"12-05-2011",9,8,11,12,9,27,35,40,24,19,23,27,40,38,41,30,23,16,13,21,22,42,42,38
"13-05-2011",42,44,36,40,33,38,48,52,31,36,35,37,26,31,37,28,18,27,25,22,38,57,58,58
"14-05-2011",54,48,48,43,48,45,48,46,58,53,40,23,17,19,17,17,19,16,21,30,40,51,56,59
"15-05-2011",53,47,47,47,46,46,45,48,42,44,28,36,20,18,16,12,14,13,15,18,29,45,58,61
"16-05-2011",57,54,51,50,47,49,51,57,56,68,35,27,31,27,25,24,23,26,20,29,42,32,35,32
"17-05-2011",29,23,21,18,20,38,39,44,41,40,28,20,17,21,20,19,19,15,14,14,23,27,30,26
"18-05-2011",28,30,16,13,14,28,41,45,43,39,27,29,36,27,18,24,21,23,19,33,38,40,41,37
"19-05-2011",26,28,33,25,19,33,47,49,47,46,44,-9999,-9999,52,51,47,39,43,40,30,40,38,36,31
"20-05-2011",37,42,43,45,41,43,52,51,49,48,48,36,27,43,34,35,32,31,34,39,41,50,43,58
"21-05-2011",64,54,57,55,51,45,49,55,61,52,44,36,43,38,26,22,21,23,23,23,26,35,38,33
"22-05-2011",37,37,29,29,31,46,46,44,33,20,16,21,19,22,18,20,18,20,21,28,31,36,32,28
"23-05-2011",32,30,26,16,13,24,42,47,39,37,33,33,27,30,25,28,24,25,23,29,32,31,26,24
"24-05-2011",20,24,24,21,22,39,54,51,49,36,34,39,37,39,25,26,25,26,26,29,35,46,46,52
"25-05-2011",49,42,42,30,34,36,48,54,49,42,31,33,36,40,33,27,30,30,31,45,51,33,29,29
"26-05-2011",22,13,19,19,25,41,41,42,38,35,38,28,34,39,49,45,35,33,33,41,43,34,30,26
"27-05-2011",18,16,17,14,19,27,40,47,38,36,44,47,42,34,33,29,38,45,32,34,31,28,31,30
"28-05-2011",22,32,30,34,41,43,45,46,28,28,30,32,24,21,19,21,27,19,22,23,31,31,35,36
"29-05-2011",37,42,47,41,34,34,37,40,45,37,25,30,20,19,19,19,18,19,21,24,27,42,48,48
"30-05-2011",45,42,38,39,35,40,44,50,48,49,43,31,33,36,43,35,45,43,30,41,43,50,58,56
"31-05-2011",58,44,44,42,41,42,48,52,59,58,48,36,22,21,35,41,37,25,20,21,28,43,42,49
"01-06-2011",50,47,44,42,39,38,43,47,49,45,45,37,29,30,35,67,36,-9999,-9999,-9999,-9999,-9999,-9999,-9999
"02-06-2011",-9999,-9999,-9999,-9999,-9999,-9999,-9999,-9999,-9999,-9999,-9999,-9999,-9999,-9999,27,29,23,22,23,28,40,35,35,42
"03-06-2011",34,40,41,38,40,42,43,51,57,46,41,55,51,35,32,36,38,32,33,33,32,32,40,37
"04-06-2011",30,41,67,28,22,30,34,34,33,29,22,22,25,18,21,27,26,35,39,37,29,40,43,30
"05-06-2011",34,32,39,35,36,36,38,38,32,22,27,25,21,18,16,16,15,16,19,26,40,43,44,48
"06-06-2011",53,33,39,45,35,48,63,65,53,39,32,43,37,34,36,30,26,27,38,35,36,38,41,37
"07-06-2011",35,39,38,25,24,46,51,44,54,55,47,39,31,34,31,32,34,28,23,33,40,46,50,52
"08-06-2011",48,46,41,39,39,44,53,60,67,71,72,63,42,36,28,35,41,51,32,29,43,49,61,59
"09-06-2011",51,49,50,55,48,55,60,62,63,63,54,52,34,29,32,28,32,29,28,31,48,47,34,19
"10-06-2011",13,13,9,8,16,22,43,45,38,26,23,18,21,30,30,27,24,26,34,29,27,33,35,40
"11-06-2011",26,24,30,29,21,27,30,35,26,22,17,20,17,17,16,16,14,18,14,16,20,19,20,21
"12-06-2011",15,14,16,18,13,18,21,18,16,11,12,18,17,21,31,29,28,25,29,33,40,36,37,38
"13-06-2011",39,32,21,16,13,31,43,33,30,21,17,15,19,21,21,19,17,14,14,21,28,28,34,30
"14-06-2011",35,42,29,29,35,40,43,53,59,48,51,73,30,33,35,42,55,38,27,38,46,56,54,56
"15-06-2011",57,43,41,39,38,31,40,41,43,46,44,30,36,29,21,23,20,17,20,27,23,22,22,19
"16-06-2011",19,15,12,10,13,24,32,44,47,35,32,36,39,30,36,36,30,34,31,42,48,57,61,57
"17-06-2011",50,45,43,41,45,49,51,59,54,48,49,36,48,37,34,35,26,26,25,37,45,49,50,46
"18-06-2011",55,58,51,47,42,45,49,53,62,61,46,36,23,21,21,18,19,25,24,24,33,37,37,34
"19-06-2011",37,43,47,47,43,46,41,49,40,28,37,26,20,18,16,14,11,12,22,20,17,31,36,36
"20-06-2011",30,29,22,17,23,-9999,-9999,-9999,-9999,-9999,-9999,-9999,-9999,-9999,-9999,-9999,-9999,-9999,-9999,-9999,-9999,-9999,-9999,-9999
"21-06-2011",-9999,-9999,-9999,-9999,-9999,-9999,-9999,-9999,-9999,-9999,-9999,-9999,-9999,-9999,-9999,-9999,-9999,-9999,-9999,-9999,-9999,-9999,-9999,-9999
"22-06-2011",-9999,-9999,-9999,-9999,-9999,-9999,-9999,-9999,-9999,-9999,-9999,-9999,-9999,-9999,-9999,-9999,-9999,-9999,-9999,-9999,-9999,-9999,-9999,-9999
"23-06-2011",-9999,-9999,-9999,-9999,-9999,-9999,-9999,-9999,-9999,-9999,-9999,-9999,-9999,-9999,-9999,-9999,-9999,-9999,-9999,-9999,-9999,-9999,-9999,-9999
"24-06-2011",-9999,-9999,-9999,-9999,-9999,-9999,-9999,-9999,-9999,-9999,-9999,-9999,-9999,-9999,-9999,-9999,-9999,-9999,-9999,-9999,-9999,-9999,-9999,-9999
"25-06-2011",-9999,-9999,-9999,-9999,-9999,-9999,-9999,-9999,-9999,-9999,-9999,-9999,-9999,-9999,-9999,-9999,-9999,-9999,-9999,-9999,-9999,-9999,-9999,-9999
"26-06-2011",-9999,-9999,-9999,-9999,-9999,-9999,-9999,-9999,-9999,-9999,-9999,-9999,-9999,-9999,-9999,-9999,-9999,-9999,-9999,-9999,-9999,-9999,-9999,-9999
"27-06-2011",-9999,-9999,-9999,-9999,-9999,-9999,-9999,-9999,-9999,-9999,-9999,-9999,-9999,-9999,-9999,-9999,-9999,-9999,-9999,-9999,-9999,-9999,-9999,-9999
"28-06-2011",-9999,-9999,-9999,-9999,-9999,-9999,-9999,-9999,-9999,-9999,-9999,-9999,-9999,-9999,-9999,-9999,-9999,-9999,-9999,-9999,-9999,-9999,-9999,-9999
"29-06-2011",-9999,-9999,-9999,-9999,-9999,-9999,-9999,-9999,-9999,-9999,-9999,-9999,-9999,-9999,-9999,-9999,-9999,-9999,-9999,-9999,-9999,-9999,-9999,-9999
"30-06-2011",-9999,-9999,-9999,-9999,-9999,-9999,-9999,-9999,-9999,-9999,34,29,27,19,21,18,17,15,14,16,19,27,36,31
"01-07-2011",31,38,33,23,29,46,47,50,60,59,52,47,31,28,26,27,23,25,30,33,34,42,30,23
"02-07-2011",25,25,32,36,38,44,42,49,46,37,31,22,21,18,16,15,16,11,13,14,16,18,25,30
"03-07-2011",22,14,16,16,22,25,33,36,30,23,13,15,13,12,13,13,13,11,15,13,20,24,-9999,-9999
"04-07-2011",-9999,-9999,-9999,-9999,-9999,-9999,-9999,-9999,40,40,45,26,34,33,27,26,26,22,20,25,29,44,35,25
"05-07-2011",41,32,23,16,25,38,44,45,47,44,53,51,26,27,21,23,17,19,17,21,19,22,28,34
"06-07-2011",31,24,18,21,26,35,43,54,49,40,21,18,19,22,20,21,21,25,28,27,24,25,30,20
"07-07-2011",14,17,19,22,25,44,39,54,41,43,40,40,38,35,38,38,34,33,33,31,35,36,27,29
"08-07-2011",31,39,44,38,39,43,51,56,53,39,34,36,35,35,28,29,29,24,27,28,34,30,35,30
"09-07-2011",25,23,23,18,26,30,45,44,35,22,15,18,22,23,20,19,17,20,19,19,22,29,32,25
"10-07-2011",23,31,33,35,33,34,33,18,13,14,15,18,16,16,11,7,12,14,14,18,25,34,32,27
"11-07-2011",27,30,28,27,34,50,35,36,30,29,28,27,36,33,27,32,30,28,27,29,24,28,32,34
"12-07-2011",22,12,12,11,13,33,46,45,30,25,24,-9999,36,32,30,22,21,26,26,29,31,34,31,25
"13-07-2011",25,22,15,13,16,27,34,48,45,40,41,40,37,35,33,31,30,28,30,22,31,29,30,24
"14-07-2011",19,20,20,15,18,35,51,51,37,31,50,36,33,38,34,30,27,29,29,33,33,29,29,26
"15-07-2011",23,28,19,16,13,30,44,45,47,46,36,42,38,36,35,31,28,32,33,32,30,35,32,29
"16-07-2011",35,22,21,18,16,25,34,34,42,29,21,26,27,28,23,21,25,20,22,37,44,36,41,49
"17-07-2011",41,31,35,32,32,43,32,41,54,37,27,25,23,21,17,14,15,14,17,22,35,32,33,33
"18-07-2011",31,41,31,29,37,39,50,52,44,47,52,45,43,44,22,22,23,27,24,26,31,23,27,41
"19-07-2011",37,28,28,29,32,37,47,49,56,49,47,50,30,32,21,23,21,23,32,29,36,27,26,37
"20-07-2011",28,26,33,34,44,52,54,62,66,60,65,40,34,26,26,24,17,20,21,27,38,31,31,26
"21-07-2011",18,12,12,8,11,22,37,40,26,23,22,25,24,22,19,21,23,21,23,25,25,29,28,22
"22-07-2011",20,18,17,18,19,32,38,35,31,32,30,25,22,21,22,25,20,22,21,26,23,18,19,17
"23-07-2011",20,19,18,21,32,41,42,43,44,39,31,23,21,22,18,15,15,14,18,21,26,31,22,30
"24-07-2011",23,28,26,31,35,42,43,49,46,32,27,26,25,21,13,13,11,14,11,16,17,21,24,34
"25-07-2011",20,21,14,11,14,23,32,28,29,23,38,23,18,21,22,22,17,18,18,21,20,26,23,16
"26-07-2011",15,13,11,15,14,26,29,30,24,23,22,26,18,19,17,12,10,19,14,19,26,34,24,19
"27-07-2011",12,10,12,10,15,25,29,30,36,30,37,32,29,28,19,25,19,17,20,26,28,28,36,26
"28-07-2011",25,25,25,27,31,42,45,53,63,38,29,21,31,33,29,25,24,27,34,25,27,30,30,24
"29-07-2011",30,32,36,31,38,48,50,54,57,62,56,41,25,26,25,24,25,23,25,21,29,28,24,22
"30-07-2011",17,17,13,17,15,25,25,31,26,23,24,17,23,18,14,16,19,19,18,17,19,23,28,29
"31-07-2011",18,18,19,14,16,20,23,34,35,39,24,22,18,18,13,11,10,11,11,14,13,29,30,22
"01-08-2011",18,15,16,21,14,35,45,51,48,51,56,42,34,30,23,19,16,19,22,26,35,31,37,39
"02-08-2011",29,24,16,11,17,33,35,36,34,29,26,25,26,27,31,30,32,31,27,31,29,29,26,29
"03-08-2011",31,24,17,13,12,31,35,38,29,19,26,28,23,22,23,25,21,23,20,20,19,29,28,25
"04-08-2011",17,18,13,14,11,26,37,42,31,33,29,30,27,27,27,25,20,25,27,25,27,27,35,33
"05-08-2011",33,28,27,29,31,43,45,45,44,28,38,33,33,31,28,28,28,25,27,25,31,24,25,22
"06-08-2011",19,17,19,14,14,22,28,29,22,23,22,22,18,21,21,20,22,21,18,20,24,27,28,25
"07-08-2011",28,22,18,16,13,19,30,23,19,18,15,20,18,16,17,16,17,18,18,20,24,26,26,25
"08-08-2011",25,21,23,29,29,46,50,47,35,30,35,35,38,35,29,29,32,32,31,33,31,29,26,31
"09-08-2011",25,23,28,24,22,45,48,54,53,41,36,31,33,26,25,22,22,29,22,30,29,35,27,44
"10-08-2011",47,28,35,38,36,37,47,60,59,55,43,36,37,36,33,32,30,29,22,44,54,31,28,28
"11-08-2011",17,14,12,8,8,13,22,27,26,19,19,16,14,15,17,13,13,17,18,21,24,23,21,18
"12-08-2011",13,12,10,10,11,22,22,30,35,26,20,19,19,23,18,25,25,17,23,23,24,25,25,20
"13-08-2011",21,26,29,27,28,29,29,27,22,25,21,17,18,22,20,15,17,19,23,21,22,23,31,31
"14-08-2011",23,29,29,26,30,26,31,35,36,21,16,15,17,21,15,14,14,19,22,25,28,27,29,32
"15-08-2011",31,32,36,28,26,33,39,36,29,18,17,16,19,13,14,11,12,12,21,29,27,25,23,33
"16-08-2011",34,33,33,46,43,45,49,53,49,37,23,23,21,24,21,19,25,26,25,27,29,28,29,33
"17-08-2011",37,36,39,41,36,40,39,43,35,27,21,18,24,20,17,20,19,24,22,21,22,22,37,33
"18-08-2011",30,27,18,12,8,11,17,24,20,24,25,20,24,23,19,20,19,18,23,21,19,23,23,15
"19-08-2011",12,12,8,11,14,23,29,33,19,18,26,25,22,19,21,21,17,19,21,23,23,20,18,20
"20-08-2011",13,10,13,10,21,18,25,24,15,11,11,11,15,15,14,12,10,13,19,19,20,22,27,32
"21-08-2011",19,12,11,14,14,19,19,13,14,12,8,12,14,14,11,12,11,15,18,22,16,16,17,16
"22-08-2011",14,8,8,11,13,20,18,23,23,23,25,24,24,18,22,16,16,21,20,19,20,24,27,22
"23-08-2011",11,14,13,11,11,21,32,19,20,18,18,22,24,23,21,21,21,23,23,23,26,28,29,25
"24-08-2011",12,9,10,11,7,11,13,21,23,16,16,19,26,18,20,15,19,20,17,22,17,17,20,18
"25-08-2011",20,18,11,8,9,17,23,35,30,29,24,22,21,24,23,23,23,22,25,25,25,26,21,17
"26-08-2011",15,11,10,11,8,16,20,32,37,33,17,23,29,24,23,20,20,18,19,15,19,14,16,12
"27-08-2011",11,9,8,10,13,20,22,19,22,20,17,22,20,20,18,17,17,17,19,19,22,22,22,25
"28-08-2011",19,14,13,14,14,20,32,18,18,16,14,16,17,15,14,12,13,18,16,18,20,27,18,19
"29-08-2011",13,10,15,18,22,25,29,49,35,34,29,38,24,24,26,19,21,19,22,37,33,35,32,33
"30-08-2011",31,29,36,39,31,37,51,53,54,41,35,38,37,24,25,27,25,21,17,23,21,28,32,33
"31-08-2011",31,27,35,38,29,41,50,52,60,46,51,56,41,32,26,25,26,26,33,33,30,36,36,32
"01-09-2011",36,26,23,26,31,39,50,56,60,62,60,59,46,36,30,31,28,35,41,41,41,44,40,56
"02-09-2011",63,61,54,58,53,56,59,63,69,69,69,68,43,37,30,37,29,34,42,43,62,66,59,65
"03-09-2011",62,62,59,60,53,55,54,57,63,51,30,39,32,30,22,29,30,29,24,29,27,31,36,48
"04-09-2011",31,26,27,21,13,16,14,13,19,17,20,19,17,16,16,16,15,17,18,21,29,35,30,22
"05-09-2011",16,25,29,27,21,37,34,39,33,34,32,27,39,37,33,32,30,25,32,35,40,39,46,48
"06-09-2011",44,40,42,46,51,48,50,59,63,47,40,37,42,34,29,31,48,42,44,37,37,37,36,30
"07-09-2011",20,13,12,12,16,33,42,46,42,33,29,33,29,30,26,27,37,20,20,23,33,32,31,33
"08-09-2011",30,17,11,10,14,28,37,30,24,22,21,20,20,22,22,26,26,22,27,26,36,35,38,46
"09-09-2011",26,19,12,19,38,45,48,52,62,60,63,62,45,31,29,29,28,28,35,32,43,44,46,50
"10-09-2011",59,59,55,49,53,54,57,37,24,23,22,16,25,24,21,19,19,16,16,24,26,26,30,31
"11-09-2011",23,17,24,20,31,34,31,34,35,20,18,18,18,21,19,17,17,19,29,36,35,32,28,21
"12-09-2011",19,17,13,25,35,42,51,43,43,33,27,23,29,26,26,28,29,27,25,29,26,25,25,28
"13-09-2011",23,17,21,29,33,47,52,56,51,37,30,31,29,30,26,19,23,22,24,30,28,36,34,41
"14-09-2011",40,40,40,41,42,45,63,60,65,56,50,35,38,37,34,32,43,40,44,39,40,48,40,48
"15-09-2011",47,52,53,50,44,53,58,67,68,70,52,33,23,33,40,32,33,31,43,50,60,50,43,38
"16-09-2011",49,53,53,48,50,57,63,68,55,47,36,24,27,31,33,33,27,30,32,29,31,29,30,32
"17-09-2011",20,12,12,16,27,45,48,52,52,33,24,28,27,25,24,26,25,25,27,34,37,45,51,39
"18-09-2011",28,28,33,35,29,28,22,53,28,17,16,19,16,14,16,14,16,18,21,21,31,37,40,46
"19-09-2011",50,45,30,41,39,46,51,55,58,51,60,51,43,41,38,28,23,25,22,38,30,25,38,41
"20-09-2011",39,32,32,33,35,43,49,52,53,61,52,32,29,28,36,43,37,35,54,54,56,42,27,19
"21-09-2011",19,17,20,16,18,36,40,42,37,40,26,24,28,27,24,24,26,32,32,34,36,33,24,19
"22-09-2011",12,10,7,7,8,10,19,33,29,20,22,19,19,16,17,-9999,12,13,13,13,15,17,17,13
"23-09-2011",11,9,9,8,10,34,42,38,36,34,30,28,35,35,31,35,30,31,34,39,48,51,43,49
"24-09-2011",48,43,47,58,49,62,62,63,58,49,33,29,26,22,22,27,22,28,28,35,32,29,36,43
"25-09-2011",40,50,54,55,56,59,62,53,39,20,17,18,21,20,20,14,16,21,20,27,17,26,21,15
"26-09-2011",20,21,14,11,11,27,34,50,29,20,26,19,20,19,18,32,29,26,25,27,28,24,19,15
"27-09-2011",14,10,7,10,11,26,32,35,26,16,14,16,18,21,22,19,22,24,25,26,20,24,26,25
"28-09-2011",16,10,8,9,9,20,25,34,28,19,15,17,16,14,20,20,16,16,17,19,19,15,12,8
"29-09-2011",6,6,6,5,9,20,27,36,40,27,21,18,17,18,20,20,22,28,16,24,29,30,38,37
"30-09-2011",40,29,33,36,26,55,60,60,59,57,32,25,21,24,24,24,27,27,26,24,25,27,29,22
"01-10-2011",19,17,11,10,12,15,22,24,22,21,19,18,18,16,20,14,19,18,18,17,21,25,30,26
"02-10-2011",25,22,21,20,18,32,31,34,37,23,15,19,22,20,18,16,17,17,26,25,23,32,31,22
"03-10-2011",16,10,7,10,12,30,38,45,34,31,30,29,24,23,16,22,23,27,27,30,34,33,32,24
"04-10-2011",18,20,19,18,29,44,36,45,48,38,37,27,31,29,28,33,30,34,37,38,34,34,45,38
"05-10-2011",37,45,43,44,47,46,53,50,47,50,45,32,32,28,31,23,26,33,34,46,51,47,42,36
"06-10-2011",37,36,38,38,38,42,45,51,59,65,47,36,29,38,33,28,32,36,34,27,25,30,46,52
"07-10-2011",59,58,56,51,54,48,47,57,62,67,47,39,31,26,29,30,26,26,25,32,40,47,42,28
"08-10-2011",28,22,24,20,25,34,54,52,51,39,25,17,16,18,16,16,19,16,23,17,16,19,15,15
"09-10-2011",9,10,8,8,9,20,22,18,17,18,19,16,17,14,13,14,14,17,19,31,35,37,36,34
"10-10-2011",24,14,12,9,12,18,31,33,26,25,28,25,26,34,25,22,19,19,19,19,13,12,11,10
"11-10-2011",9,8,6,5,6,17,19,23,21,21,19,17,20,16,18,17,21,21,24,31,30,28,28,32
"12-10-2011",29,24,22,18,22,31,36,34,29,28,28,23,23,21,34,31,30,35,46,60,57,58,55,53
"13-10-2011",51,47,40,42,44,45,48,46,61,73,66,63,50,30,23,23,34,27,29,32,40,47,45,50
"14-10-2011",52,46,43,44,41,43,40,45,47,42,27,18,25,20,25,22,21,20,17,17,16,15,12,11
"15-10-2011",11,9,7,7,10,14,19,20,20,27,21,21,20,21,22,21,22,24,21,20,19,19,16,15
"16-10-2011",13,11,12,11,11,11,12,13,14,16,23,20,15,16,21,24,24,19,20,20,18,16,15,14
"17-10-2011",11,8,7,7,7,14,23,27,28,27,22,26,21,25,23,26,24,20,21,26,27,22,26,24
"18-10-2011",25,18,20,22,22,32,35,39,39,35,39,35,33,21,21,23,24,31,30,42,50,50,47,45
"19-10-2011",46,45,43,45,46,37,33,34,37,48,32,25,16,18,19,16,17,13,18,44,49,48,48,49
"20-10-2011",37,39,35,32,32,34,33,39,42,63,76,38,23,25,27,28,24,25,41,63,63,51,52,49
"21-10-2011",47,47,42,40,42,41,48,46,53,73,75,49,38,34,43,39,39,36,37,52,64,60,53,55
"22-10-2011",50,50,52,38,34,33,34,40,48,61,54,44,29,32,31,29,29,43,41,47,53,43,47,36
"23-10-2011",37,35,23,45,44,35,14,8,11,8,7,11,7,9,7,5,2,6,12,16,14,14,11,7
"24-10-2011",-9999,-9999,-9999,-9999,-9999,-9999,-9999,-9999,-9999,-9999,-9999,-9999,-9999,-9999,-9999,-9999,-9999,-9999,-9999,-9999,-9999,-9999,-9999,-9999
"25-10-2011",-9999,-9999,-9999,-9999,-9999,-9999,-9999,-9999,-9999,-9999,-9999,-9999,-9999,-9999,-9999,-9999,-9999,-9999,-9999,-9999,-9999,-9999,-9999,-9999
"26-10-2011",-9999,-9999,-9999,-9999,-9999,-9999,-9999,-9999,-9999,-9999,-9999,-9999,-9999,-9999,-9999,-9999,-9999,-9999,-9999,-9999,-9999,-9999,-9999,-9999
"27-10-2011",-9999,-9999,-9999,-9999,-9999,-9999,-9999,-9999,-9999,-9999,-9999,-9999,-9999,-9999,-9999,-9999,-9999,-9999,-9999,-9999,-9999,-9999,-9999,-9999
"28-10-2011",-9999,-9999,-9999,-9999,-9999,-9999,-9999,-9999,-9999,-9999,-9999,-9999,-9999,-9999,-9999,-9999,-9999,-9999,-9999,-9999,-9999,-9999,-9999,-9999
"29-10-2011",-9999,-9999,-9999,-9999,-9999,-9999,-9999,-9999,-9999,-9999,-9999,-9999,-9999,-9999,-9999,-9999,-9999,-9999,-9999,-9999,-9999,-9999,-9999,-9999
"30-10-2011",-9999,-9999,-9999,-9999,-9999,-9999,-9999,-9999,-9999,-9999,-9999,-9999,-9999,-9999,-9999,-9999,-9999,-9999,-9999,-9999,-9999,-9999,-9999,-9999
"31-10-2011",-9999,-9999,-9999,-9999,-9999,-9999,-9999,-9999,-9999,-9999,-9999,-9999,-9999,-9999,-9999,-9999,-9999,-9999,-9999,-9999,-9999,-9999,-9999,-9999
"01-11-2011",-9999,-9999,-9999,-9999,-9999,-9999,-9999,-9999,-9999,-9999,-9999,-9999,-9999,-9999,-9999,-9999,-9999,-9999,-9999,-9999,-9999,-9999,-9999,-9999
"02-11-2011",-9999,-9999,-9999,-9999,-9999,-9999,-9999,-9999,-9999,-9999,-9999,-9999,-9999,-9999,-9999,-9999,-9999,-9999,-9999,-9999,-9999,-9999,-9999,-9999
"03-11-2011",-9999,-9999,-9999,-9999,-9999,-9999,-9999,-9999,-9999,-9999,-9999,-9999,-9999,-9999,-9999,-9999,-9999,-9999,-9999,-9999,-9999,-9999,-9999,-9999
"04-11-2011",-9999,-9999,-9999,-9999,-9999,-9999,-9999,-9999,-9999,-9999,-9999,-9999,-9999,-9999,-9999,-9999,-9999,-9999,-9999,-9999,-9999,-9999,-9999,-9999
"05-11-2011",-9999,-9999,-9999,-9999,-9999,-9999,-9999,-9999,-9999,-9999,-9999,-9999,-9999,-9999,-9999,-9999,-9999,-9999,-9999,-9999,-9999,-9999,-9999,-9999
"06-11-2011",-9999,-9999,-9999,-9999,-9999,-9999,-9999,-9999,-9999,-9999,-9999,-9999,-9999,-9999,-9999,-9999,-9999,-9999,-9999,-9999,-9999,-9999,-9999,-9999
"07-11-2011",-9999,-9999,-9999,-9999,-9999,-9999,-9999,-9999,-9999,-9999,-9999,-9999,-9999,-9999,-9999,-9999,-9999,-9999,-9999,-9999,-9999,-9999,-9999,-9999
"08-11-2011",-9999,-9999,-9999,-9999,-9999,-9999,-9999,-9999,-9999,-9999,-9999,-9999,-9999,-9999,-9999,-9999,-9999,-9999,-9999,-9999,-9999,-9999,-9999,-9999
"09-11-2011",-9999,-9999,-9999,-9999,-9999,-9999,-9999,-9999,-9999,-9999,-9999,-9999,-9999,-9999,-9999,-9999,-9999,-9999,-9999,-9999,-9999,-9999,-9999,-9999
"10-11-2011",-9999,-9999,-9999,-9999,-9999,-9999,-9999,-9999,-9999,-9999,-9999,-9999,-9999,-9999,-9999,-9999,-9999,-9999,-9999,-9999,-9999,-9999,-9999,-9999
"11-11-2011",-9999,-9999,-9999,-9999,-9999,-9999,-9999,-9999,-9999,-9999,-9999,-9999,-9999,-9999,-9999,-9999,-9999,-9999,-9999,-9999,-9999,-9999,-9999,-9999
"12-11-2011",-9999,-9999,-9999,-9999,-9999,-9999,-9999,-9999,-9999,-9999,-9999,-9999,-9999,-9999,-9999,-9999,-9999,-9999,-9999,-9999,-9999,-9999,-9999,-9999
"13-11-2011",-9999,-9999,-9999,-9999,-9999,-9999,-9999,-9999,-9999,-9999,-9999,-9999,-9999,-9999,-9999,-9999,-9999,-9999,-9999,-9999,-9999,-9999,-9999,-9999
"14-11-2011",-9999,-9999,-9999,-9999,-9999,-9999,-9999,-9999,-9999,-9999,-9999,-9999,-9999,-9999,-9999,-9999,-9999,-9999,-9999,-9999,-9999,-9999,-9999,-9999
"15-11-2011",-9999,-9999,-9999,-9999,-9999,-9999,-9999,-9999,-9999,-9999,-9999,-9999,-9999,-9999,-9999,-9999,-9999,-9999,-9999,-9999,-9999,-9999,-9999,-9999
"16-11-2011",-9999,-9999,-9999,-9999,-9999,-9999,-9999,-9999,-9999,-9999,-9999,-9999,-9999,-9999,-9999,-9999,-9999,-9999,-9999,-9999,-9999,-9999,-9999,-9999
"17-11-2011",-9999,-9999,-9999,-9999,-9999,-9999,-9999,-9999,-9999,-9999,-9999,-9999,-9999,-9999,-9999,-9999,-9999,-9999,-9999,-9999,-9999,-9999,-9999,-9999
"18-11-2011",-9999,-9999,-9999,-9999,-9999,-9999,-9999,-9999,-9999,-9999,-9999,-9999,-9999,-9999,-9999,-9999,-9999,-9999,-9999,-9999,-9999,-9999,-9999,-9999
"19-11-2011",-9999,-9999,-9999,-9999,-9999,-9999,-9999,-9999,-9999,-9999,-9999,-9999,-9999,-9999,-9999,-9999,-9999,-9999,-9999,-9999,-9999,-9999,-9999,-9999
"20-11-2011",-9999,-9999,-9999,-9999,-9999,-9999,-9999,-9999,-9999,-9999,-9999,-9999,-9999,-9999,-9999,-9999,-9999,-9999,-9999,-9999,-9999,-9999,-9999,-9999
"21-11-2011",-9999,-9999,-9999,-9999,-9999,-9999,-9999,-9999,-9999,-9999,-9999,-9999,-9999,-9999,-9999,45,45,50,51,51,55,51,46,44
"22-11-2011",42,40,37,36,35,38,41,50,58,64,47,34,38,51,38,46,51,59,55,63,65,64,58,54
"23-11-2011",51,48,45,38,33,39,46,51,51,48,43,37,43,36,42,40,43,40,41,42,43,42,41,35
"24-11-2011",35,27,16,14,14,26,32,39,37,36,29,34,32,31,29,33,35,35,39,38,37,30,19,18
"25-11-2011",14,12,10,8,11,22,27,33,33,27,29,27,33,28,31,31,31,31,36,39,36,35,30,30
"26-11-2011",27,30,30,31,38,40,44,41,37,30,29,29,29,27,27,27,25,33,40,40,41,38,37,39
"27-11-2011",32,30,37,39,38,40,38,40,36,29,24,21,24,20,17,17,28,32,44,48,49,51,46,48
"28-11-2011",46,43,45,35,37,38,45,50,58,67,53,48,51,56,52,50,48,54,59,65,73,69,68,65
"29-11-2011",55,53,45,42,41,46,47,45,41,38,39,35,39,34,39,39,43,49,49,50,45,41,44,37
"30-11-2011",37,33,39,43,42,45,49,54,58,63,51,38,43,47,48,46,51,47,52,53,55,55,52,47
"01-12-2011",46,39,40,44,40,42,44,44,54,67,68,50,64,48,45,49,56,66,76,78,81,72,68,63
"02-12-2011",61,54,53,47,48,51,55,57,71,89,77,73,43,41,43,45,52,56,60,72,79,79,73,70
"03-12-2011",65,62,59,56,49,55,57,46,54,74,59,42,36,30,32,34,35,47,54,61,64,64,66,67
"04-12-2011",64,60,60,53,58,56,51,60,56,58,41,30,26,26,29,30,35,37,49,59,64,66,62,62
"05-12-2011",60,50,45,41,43,52,54,55,65,76,59,32,32,28,29,32,36,41,41,40,41,34,34,30
"06-12-2011",23,15,13,11,15,31,38,44,47,26,20,18,19,24,28,30,34,28,26,32,44,45,47,46
"07-12-2011",49,45,42,39,39,72,49,47,57,51,44,29,30,37,34,42,44,44,43,41,34,32,30,34
"08-12-2011",34,23,17,15,17,35,45,48,49,50,43,27,28,27,26,27,27,43,50,50,34,37,34,28
"09-12-2011",16,13,12,18,19,28,40,41,41,33,28,30,34,35,31,32,37,39,43,48,55,56,56,55
"10-12-2011",51,50,50,47,41,43,41,44,49,47,36,32,28,29,31,36,41,44,50,53,62,64,64,60
"11-12-2011",59,58,59,52,45,49,48,49,54,70,70,41,31,30,31,34,40,53,57,57,59,64,61,59
"12-12-2011",56,48,45,42,35,44,50,49,53,73,56,45,36,31,31,31,38,47,55,54,56,57,56,61
"13-12-2011",54,52,41,37,36,48,55,39,-9999,-9999,-9999,-9999,-9999,-9999,-9999,-9999,-9999,-9999,-9999,-9999,-9999,-9999,-9999,-9999
"14-12-2011",-9999,-9999,-9999,-9999,-9999,-9999,-9999,-9999,-9999,-9999,-9999,-9999,-9999,-9999,-9999,-9999,-9999,-9999,-9999,-9999,-9999,-9999,-9999,-9999
"15-12-2011",-9999,-9999,-9999,-9999,-9999,-9999,-9999,-9999,-9999,-9999,-9999,-9999,-9999,-9999,-9999,-9999,-9999,-9999,-9999,-9999,-9999,-9999,-9999,-9999
"16-12-2011",-9999,-9999,-9999,-9999,-9999,-9999,-9999,-9999,-9999,-9999,-9999,-9999,-9999,-9999,-9999,-9999,-9999,-9999,-9999,-9999,-9999,-9999,-9999,-9999
"17-12-2011",-9999,-9999,-9999,-9999,-9999,-9999,-9999,-9999,-9999,-9999,-9999,-9999,-9999,-9999,-9999,-9999,-9999,-9999,-9999,-9999,-9999,-9999,-9999,-9999
"18-12-2011",-9999,-9999,-9999,-9999,-9999,-9999,-9999,-9999,-9999,-9999,-9999,-9999,-9999,-9999,-9999,-9999,-9999,-9999,-9999,-9999,-9999,-9999,-9999,-9999
"19-12-2011",-9999,-9999,-9999,-9999,-9999,-9999,-9999,-9999,-9999,-9999,-9999,-9999,-9999,-9999,-9999,-9999,-9999,-9999,-9999,-9999,-9999,-9999,-9999,-9999
"20-12-2011",-9999,-9999,-9999,-9999,-9999,-9999,-9999,-9999,-9999,-9999,-9999,-9999,-9999,-9999,-9999,-9999,-9999,-9999,-9999,-9999,-9999,-9999,-9999,-9999
"21-12-2011",-9999,-9999,-9999,-9999,-9999,-9999,-9999,-9999,-9999,-9999,-9999,-9999,-9999,-9999,-9999,-9999,-9999,-9999,-9999,-9999,-9999,-9999,-9999,-9999
"22-12-2011",-9999,-9999,-9999,-9999,-9999,-9999,-9999,-9999,-9999,-9999,-9999,-9999,-9999,68,66,69,71,61,60,59,57,55,53,36
"23-12-2011",23,15,11,9,14,25,32,33,34,36,38,38,40,48,48,56,49,38,49,53,51,47,38,35
"24-12-2011",19,17,19,20,20,28,40,44,41,37,35,35,28,25,29,39,44,51,56,58,58,50,44,42
"25-12-2011",31,29,34,32,29,39,44,39,32,25,24,22,25,27,29,23,27,33,56,61,62,41,34,35
"26-12-2011",23,19,17,12,18,23,24,26,22,20,21,19,25,25,26,26,28,34,46,48,51,48,37,27
"27-12-2011",19,19,13,12,15,34,37,49,55,50,45,45,45,53,46,44,48,51,56,55,53,51,51,49
"28-12-2011",47,45,39,41,43,46,35,33,40,55,62,56,53,57,57,56,55,55,58,61,63,58,54,47
"29-12-2011",43,41,48,39,40,42,39,44,49,65,58,52,69,66,64,63,66,71,75,64,51,48,44,50
"30-12-2011",47,53,57,46,37,43,47,47,49,71,74,71,76,66,57,59,67,68,68,69,69,65,54,52
"31-12-2011",48,46,40,36,20,12,21,15,26,48,68,49,46,48,38,24,29,42,50,42,48,48,52,34
