"01-01-2012",49,47,47,47,47,45,47,47,44,43,42,44,47,50,56,56,56,54,44,33,34,43,42,45
"02-01-2012",46,47,44,44,42,39,33,29,30,28,48,48,51,55,59,55,44,20,21,9,6,11,11,20
"03-01-2012",16,16,8,7,4,3,4,3,5,11,17,26,53,59,62,60,39,14,18,14,12,7,8,11
"04-01-2012",14,15,10,7,9,9,11,8,8,14,21,28,36,49,58,58,33,7,11,4,3,3,3,3
"05-01-2012",3,3,3,5,5,8,4,4,7,9,22,30,35,38,43,48,56,55,52,49,46,42,38,48
"06-01-2012",45,51,59,61,63,68,67,66,68,65,64,65,66,62,59,60,65,64,67,65,58,52,49,49
"07-01-2012",41,44,38,41,37,42,44,45,42,41,42,41,41,40,35,26,29,29,30,23,23,22,24,27
"08-01-2012",30,31,32,32,33,35,34,32,31,36,36,35,35,36,38,40,40,22,14,17,25,25,16,25
"09-01-2012",30,23,25,20,20,21,16,14,9,13,26,40,46,48,50,47,39,26,13,18,13,16,18,37
"10-01-2012",29,42,38,40,40,34,30,19,14,25,27,30,30,31,39,38,48,45,36,31,39,48,52,52
"11-01-2012",53,47,46,38,33,31,29,37,37,37,41,35,38,40,42,38,36,31,46,38,37,32,31,22
"12-01-2012",34,44,46,44,45,45,42,36,19,16,16,35,39,45,46,47,36,35,31,17,28,29,33,30
"13-01-2012",32,32,29,35,35,35,22,11,10,8,27,49,48,53,59,52,34,11,8,16,19,16,10,15
"14-01-2012",15,25,29,24,16,10,12,22,23,28,35,29,34,43,43,46,45,44,40,41,46,47,42,46
"15-01-2012",46,47,45,46,45,44,44,41,41,40,42,42,43,42,47,48,43,37,34,26,29,24,29,27
"16-01-2012",44,48,41,42,42,33,37,31,31,38,39,45,50,51,49,44,37,28,22,10,10,26,34,35
"17-01-2012",39,38,39,37,32,34,26,32,35,38,45,42,42,47,49,47,40,21,17,13,17,20,23,26
"18-01-2012",25,23,25,24,22,23,19,15,17,32,46,47,48,50,52,49,45,33,22,18,25,26,30,34
"19-01-2012",38,39,40,41,39,30,24,19,20,36,42,49,51,53,55,57,45,16,19,7,5,10,3,2
"20-01-2012",3,2,3,3,5,3,3,2,4,6,9,40,61,63,66,64,66,63,56,53,59,64,64,65
"21-01-2012",65,68,61,58,63,52,56,49,52,57,58,61,57,49,47,46,41,45,40,45,55,56,51,49
"22-01-2012",46,47,48,44,39,45,46,36,27,31,34,49,-9999,45,64,61,59,51,44,36,37,26,33,34
"23-01-2012",27,21,11,4,2,2,3,4,4,5,13,27,36,46,46,48,39,8,5,7,11,13,4,9
"24-01-2012",12,6,5,9,11,12,5,5,5,9,10,10,10,9,7,12,13,8,6,5,7,13,18,16
"25-01-2012",24,28,16,12,10,4,4,4,6,14,40,55,60,62,65,69,67,60,61,60,55,50,50,43
"26-01-2012",45,37,35,24,12,14,9,13,11,22,34,41,35,42,46,46,46,43,33,26,19,35,45,45
"27-01-2012",39,37,34,29,30,31,31,35,33,35,39,39,44,39,44,44,44,41,29,41,37,33,31,29
"28-01-2012",28,24,23,26,27,29,35,31,29,31,33,40,32,38,36,36,39,36,35,32,32,30,31,32
"29-01-2012",37,40,50,48,47,46,36,32,19,27,39,42,49,53,57,59,60,59,57,56,58,59,59,63
"30-01-2012",64,64,64,62,64,61,55,50,53,52,51,52,54,55,55,55,54,52,53,54,55,58,57,59
"31-01-2012",61,62,60,59,57,53,47,45,45,46,51,54,54,57,55,55,49,48,47,49,50,50,52,56
"01-02-2012",57,56,59,59,52,55,36,38,40,41,49,51,49,50,51,52,48,40,33,47,46,42,37,38
"02-02-2012",33,25,28,27,27,28,26,20,21,21,20,20,35,47,49,47,48,50,49,47,46,47,47,45
"03-02-2012",41,37,36,30,28,24,19,17,10,16,25,22,25,19,41,42,33,25,11,5,5,6,5,5
"04-02-2012",5,6,9,10,8,5,5,6,7,14,49,65,69,68,70,68,66,68,68,72,74,74,74,75
"05-02-2012",75,76,75,72,71,71,70,63,67,69,69,69,69,68,68,69,70,73,68,68,69,67,66,64
"06-02-2012",64,60,53,29,25,20,13,21,42,68,68,67,67,69,67,63,63,63,62,64,56,49,45,57
"07-02-2012",61,57,58,54,54,58,60,54,57,60,60,59,57,53,47,47,43,40,41,44,50,50,44,49
"08-02-2012",53,53,52,50,50,48,43,39,39,40,42,43,45,42,47,47,48,48,47,48,49,50,51,52
"09-02-2012",52,52,51,52,51,49,45,41,41,41,45,48,48,48,48,49,49,42,43,41,45,45,44,44
"10-02-2012",45,46,41,41,40,42,36,35,36,39,38,42,36,43,46,41,45,44,37,30,25,16,15,23
"11-02-2012",35,35,36,29,43,40,28,23,16,22,19,40,48,49,53,57,51,40,42,37,36,27,23,17
"12-02-2012",22,20,22,21,31,29,29,26,27,35,35,43,48,51,59,63,64,46,30,12,8,11,11,17
"13-02-2012",20,16,6,6,10,6,4,5,5,5,8,46,61,70,72,73,75,60,57,60,43,68,63,56
"14-02-2012",59,60,56,57,50,34,30,14,16,22,46,57,61,52,61,60,66,67,42,43,26,33,39,32
"15-02-2012",27,23,39,21,34,25,12,12,14,23,38,47,63,75,79,78,76,77,73,66,63,66,59,58
"16-02-2012",56,36,35,54,48,38,47,33,21,21,45,56,58,67,66,60,57,60,65,60,59,48,55,52
"17-02-2012",58,57,57,54,47,47,45,36,48,53,56,58,57,57,58,61,59,51,32,24,35,42,50,46
"18-02-2012",47,48,51,47,47,45,42,43,49,57,59,56,59,61,60,61,55,51,33,15,28,26,38,33
"19-02-2012",34,35,31,33,40,27,23,28,26,24,53,63,65,67,68,70,71,56,42,46,48,15,5,9
"20-02-2012",5,15,4,3,3,4,3,4,4,15,34,49,59,63,57,49,27,37,26,9,8,6,7,6
"21-02-2012",9,7,4,4,5,7,4,4,6,30,55,69,74,78,81,85,83,79,52,35,32,37,49,49
"22-02-2012",30,51,64,56,51,16,14,21,31,27,38,48,59,59,57,58,44,25,28,30,37,35,40,42
"23-02-2012",44,52,56,56,59,61,55,47,46,49,57,55,58,61,64,65,63,61,51,45,43,43,45,50
"24-02-2012",52,46,44,34,29,34,30,25,28,30,54,60,61,64,67,67,67,63,44,28,23,29,21,44
"25-02-2012",36,39,43,37,44,33,38,25,21,42,50,58,59,64,61,60,57,56,52,46,45,47,46,37
"26-02-2012",44,48,50,44,42,37,38,32,32,42,52,54,55,60,63,63,61,58,54,52,46,40,39,32
"27-02-2012",48,59,59,59,61,53,55,51,51,50,48,54,59,59,60,59,61,60,61,61,60,61,62,63
"28-02-2012",61,60,60,58,56,56,54,50,51,55,53,55,55,55,55,55,57,55,53,48,49,54,55,54
"29-02-2012",54,49,49,49,47,41,37,31,22,23,8,31,44,34,35,38,34,38,53,46,43,47,56,47
"01-03-2012",56,53,46,48,51,49,46,34,31,27,26,24,41,42,45,51,57,50,30,40,34,37,41,41
"02-03-2012",43,40,46,43,41,30,25,23,37,52,61,62,66,65,65,66,67,59,35,31,38,36,35,34
"03-03-2012",37,46,40,27,11,21,30,32,42,52,59,63,65,65,66,67,67,63,57,50,37,29,33,39
"04-03-2012",53,53,49,35,38,21,14,13,24,52,60,63,66,67,68,69,66,64,60,52,39,22,8,5
"05-03-2012",5,6,5,4,5,4,5,6,5,5,9,14,27,43,59,63,62,37,47,48,49,43,37,42
"06-03-2012",39,44,47,43,41,49,38,27,32,44,47,47,58,63,65,63,67,64,61,57,58,40,23,32
"07-03-2012",26,21,16,17,20,17,15,7,10,31,48,64,64,66,70,71,71,71,69,67,65,58,45,36
"08-03-2012",27,33,26,23,22,12,11,17,18,32,22,49,58,60,66,70,68,62,51,39,23,25,43,38
"09-03-2012",27,27,11,7,11,7,5,6,13,36,49,58,65,62,51,52,53,50,49,58,62,63,63,64
"10-03-2012",63,63,58,60,59,61,61,56,59,61,61,61,61,63,62,63,63,62,60,57,46,48,50,47
"11-03-2012",46,60,59,65,66,58,61,59,59,59,59,58,55,56,57,58,54,52,47,50,51,43,50,46
"12-03-2012",50,49,48,48,47,43,41,30,32,45,50,53,-9999,48,48,49,45,48,38,47,55,47,51,59
"13-03-2012",64,65,64,62,63,60,55,51,54,52,55,57,54,55,58,58,55,54,53,55,59,59,57,56
"14-03-2012",56,54,54,54,50,44,31,33,38,35,50,59,61,63,64,64,62,59,41,31,29,30,29,34
"15-03-2012",18,29,37,24,14,23,27,16,17,40,56,60,59,61,63,64,62,55,44,34,28,27,36,33
"16-03-2012",21,49,53,29,35,35,15,16,24,38,47,55,56,57,60,62,62,54,45,32,18,12,18,17
"17-03-2012",8,10,6,5,3,5,5,5,9,35,56,66,73,76,80,84,90,78,55,41,33,18,8,14
"18-03-2012",10,7,20,15,10,13,11,12,23,40,49,61,70,77,84,83,77,69,59,48,42,23,11,11
"19-03-2012",6,13,16,12,6,5,4,7,19,41,52,59,68,71,77,79,84,72,44,14,27,35,23,21
"20-03-2012",24,25,26,25,11,8,8,9,19,36,45,-9999,-9999,87,94,95,97,88,77,38,41,46,50,34
"21-03-2012",26,14,24,37,20,12,11,17,27,45,81,85,100,107,107,102,102,86,66,48,46,50,52,51
"22-03-2012",51,33,30,26,33,30,7,21,34,57,85,96,98,94,93,97,100,96,61,41,47,57,47,49
"23-03-2012",49,46,33,32,22,24,12,22,37,58,70,83,88,92,93,91,87,75,54,37,42,23,43,48
"24-03-2012",43,27,39,37,37,31,22,35,40,53,81,91,90,85,87,85,82,79,70,48,36,28,37,31
"25-03-2012",30,38,35,43,38,24,28,29,42,55,73,75,80,82,83,83,82,78,67,46,49,47,37,29
"26-03-2012",26,41,28,9,26,13,21,-9999,21,46,74,80,78,85,88,89,89,89,84,65,53,50,49,45
"27-03-2012",37,45,35,46,45,56,44,43,41,54,55,58,61,61,60,64,65,65,62,47,31,23,21,30
"28-03-2012",28,22,23,20,20,16,10,12,15,61,68,70,73,73,72,74,73,71,68,62,58,47,34,38
"29-03-2012",25,13,18,19,6,4,10,14,10,22,49,69,76,85,90,89,86,84,78,69,66,64,65,67
"30-03-2012",62,59,54,61,60,51,45,41,38,54,61,66,70,75,71,69,71,71,72,73,70,64,58,51
"31-03-2012",48,42,43,30,36,29,30,33,35,38,47,58,64,66,73,78,79,77,71,66,59,62,63,55
"01-04-2012",51,53,46,54,54,47,48,39,55,62,64,63,65,66,67,69,70,68,66,66,65,65,59,54
"02-04-2012",53,55,55,55,54,49,36,40,41,45,47,48,49,52,55,57,58,57,57,55,56,52,41,29
"03-04-2012",28,26,23,15,15,11,5,5,12,28,50,73,72,76,79,79,77,72,66,65,60,59,54,56
"04-04-2012",46,45,41,33,27,15,27,18,8,29,53,56,64,64,70,73,70,71,72,64,43,45,41,34
"05-04-2012",30,26,41,32,15,17,13,14,27,57,61,66,55,44,63,66,65,65,64,60,54,35,24,23
"06-04-2012",20,20,27,30,30,21,18,13,12,21,45,52,61,65,69,70,71,71,69,66,63,48,60,58
"07-04-2012",57,56,52,50,50,50,49,45,42,44,54,61,64,65,65,66,72,75,61,56,54,42,37,19
"08-04-2012",35,39,53,56,62,61,60,61,60,58,58,60,59,59,61,62,63,62,61,64,65,64,63,64
"09-04-2012",63,64,62,58,54,45,40,25,28,57,60,65,57,54,50,46,50,50,54,50,44,46,50,45
"10-04-2012",43,51,49,51,48,43,43,40,43,45,46,50,51,52,55,53,53,53,51,48,51,51,43,42
"11-04-2012",41,37,34,31,28,19,14,15,24,33,55,58,57,60,60,61,61,62,62,57,54,53,53,51
"12-04-2012",49,46,37,31,35,23,5,16,14,34,50,54,61,67,72,77,82,78,70,62,53,47,37,34
"13-04-2012",11,8,7,7,6,9,10,6,11,50,69,74,76,72,71,67,65,62,57,55,57,58,64,69
"14-04-2012",65,62,63,65,59,55,54,47,45,50,54,58,63,66,68,67,66,66,60,60,57,57,56,54
"15-04-2012",53,51,50,53,53,52,51,51,57,59,58,59,59,59,59,59,60,60,58,58,57,57,57,56
"16-04-2012",56,55,54,47,46,43,48,46,46,47,51,54,56,56,57,58,59,60,60,61,61,56,53,53
"17-04-2012",48,56,59,51,44,57,53,43,44,46,49,52,54,60,60,59,58,59,57,58,60,60,59,57
"18-04-2012",59,59,61,59,57,57,49,33,45,50,50,51,50,52,50,48,48,56,59,60,60,59,57,57
"19-04-2012",58,58,58,58,46,40,55,56,58,60,58,60,60,60,58,58,58,59,58,57,53,52,44,47
"20-04-2012",44,38,51,53,50,44,35,37,53,60,59,63,65,65,67,68,68,67,64,60,56,47,53,54
"21-04-2012",56,56,58,57,55,52,53,56,57,59,58,58,58,58,58,58,58,58,58,59,56,51,49,49
"22-04-2012",47,47,43,36,40,37,31,29,34,51,57,60,60,63,64,65,66,66,65,62,57,55,53,52
"23-04-2012",52,52,51,49,43,42,43,41,45,46,53,54,59,61,61,64,69,70,68,58,64,58,48,38
"24-04-2012",43,36,35,34,26,26,14,10,38,40,34,48,44,63,68,69,74,74,69,63,58,49,58,61
"25-04-2012",53,31,25,25,23,12,11,8,16,44,78,83,82,82,84,81,82,77,73,67,60,55,55,60
"26-04-2012",51,46,46,46,47,45,42,40,42,54,64,66,69,70,72,72,73,73,72,66,41,38,52,51
"27-04-2012",44,47,43,38,29,30,13,21,35,40,66,79,81,81,84,87,80,75,75,74,71,72,68,61
"28-04-2012",61,65,57,55,54,44,44,37,49,60,67,69,69,68,68,70,70,70,68,66,60,48,47,38
"29-04-2012",42,39,43,45,42,43,42,46,54,63,74,78,79,80,82,80,79,77,76,73,65,61,62,58
"30-04-2012",58,57,55,59,56,47,45,45,56,66,72,73,74,75,76,77,76,76,74,68,54,47,56,58
"01-05-2012",58,43,45,52,44,45,48,53,54,59,69,74,78,80,82,81,81,82,81,77,64,58,55,58
"02-05-2012",52,53,51,51,48,43,44,44,40,56,73,79,77,74,76,73,69,69,68,64,52,40,51,54
"03-05-2012",56,55,43,22,21,30,24,23,50,52,73,94,96,95,95,95,94,91,95,95,84,68,57,54
"04-05-2012",60,63,60,46,35,52,57,48,56,53,60,72,86,90,89,89,84,90,89,84,91,71,58,46
"05-05-2012",65,61,58,55,56,56,53,55,58,61,66,69,75,80,82,83,85,92,83,76,75,77,75,76
"06-05-2012",79,74,69,67,61,60,54,62,62,61,66,71,73,77,78,76,78,79,79,79,79,68,56,46
"07-05-2012",37,22,58,59,57,54,45,41,51,57,64,71,77,74,78,79,80,83,84,80,80,54,33,33
"08-05-2012",42,45,41,46,33,35,45,37,44,52,67,73,78,76,77,72,67,60,55,58,49,36,32,37
"09-05-2012",44,44,45,39,33,40,31,29,50,72,78,85,85,85,86,85,82,82,81,76,71,56,40,55
"10-05-2012",58,60,55,54,53,36,46,47,54,62,64,66,67,67,68,69,71,71,70,66,64,60,64,65
"11-05-2012",71,69,70,66,63,60,53,47,44,53,61,61,62,62,62,63,64,64,67,64,60,47,31,31
"12-05-2012",36,38,49,51,61,55,55,55,57,58,63,69,71,72,74,76,76,76,76,72,67,66,73,70
"13-05-2012",74,58,56,56,52,46,43,32,45,60,63,71,75,77,79,79,78,78,77,71,49,64,59,57
"14-05-2012",61,38,38,35,32,27,25,26,42,71,76,75,75,76,76,76,78,81,81,77,78,70,55,58
"15-05-2012",49,40,43,62,76,72,68,66,67,71,70,69,68,69,70,69,69,69,66,63,61,60,59,58
"16-05-2012",57,55,52,49,42,38,42,40,46,54,56,57,60,62,62,62,63,63,64,63,60,62,59,59
"17-05-2012",58,61,61,55,55,47,44,56,66,69,67,68,70,69,70,69,69,70,62,60,50,43,39,39
"18-05-2012",52,49,50,47,43,40,37,38,37,41,40,38,40,41,42,50,50,53,47,48,47,53,50,47
"19-05-2012",41,42,49,48,48,49,46,45,40,40,39,45,46,50,55,59,61,62,59,58,48,40,18,13
"20-05-2012",19,20,10,22,20,17,18,17,39,60,55,67,74,76,76,82,89,87,83,77,65,55,43,37
"21-05-2012",27,24,23,18,20,20,13,17,6,12,46,53,65,67,65,67,68,70,68,63,63,73,77,63
"22-05-2012",46,49,41,35,22,18,20,23,31,49,65,83,81,78,80,78,77,76,74,73,60,60,66,67
"23-05-2012",62,62,62,58,58,54,47,43,55,63,63,62,63,62,62,64,64,64,64,63,59,61,60,57
"24-05-2012",52,51,46,45,41,32,22,13,30,44,57,64,65,63,64,58,61,63,64,59,50,41,36,38
"25-05-2012",32,34,36,30,23,21,18,16,31,48,44,54,59,58,66,63,70,68,67,62,58,39,25,14
"26-05-2012",7,9,11,29,13,10,11,30,47,64,67,74,80,87,95,90,80,77,73,75,74,76,71,67
"27-05-2012",55,41,32,28,22,21,25,13,46,67,70,72,73,76,78,73,79,72,60,55,63,53,42,51
"28-05-2012",54,47,43,48,50,47,40,52,54,57,65,64,66,65,68,65,65,66,68,68,73,71,60,33
"29-05-2012",30,65,65,64,62,59,50,50,58,62,62,63,60,64,66,63,69,69,68,61,65,53,48,53
"30-05-2012",50,54,53,52,45,43,37,36,54,53,57,63,66,68,64,63,67,65,59,52,50,44,37,31
"31-05-2012",30,22,31,32,22,24,19,16,36,60,62,69,70,69,68,68,70,70,71,68,65,53,40,38
"01-06-2012",40,32,28,33,34,21,12,25,34,49,61,75,75,74,76,80,96,99,96,86,77,70,44,41
"02-06-2012",22,17,31,40,44,44,47,54,71,65,66,76,79,84,82,89,95,96,90,83,79,70,73,56
"03-06-2012",43,43,47,50,48,44,42,44,62,68,71,82,84,85,85,86,87,88,87,85,85,63,48,52
"04-06-2012",33,36,36,35,50,62,62,64,53,65,69,82,85,87,89,95,107,106,93,89,76,74,76,77
"05-06-2012",65,56,53,55,62,67,63,58,62,67,76,75,71,77,77,84,87,79,72,69,67,64,67,63
"06-06-2012",61,62,55,55,53,43,49,52,55,61,63,63,64,65,64,65,68,70,70,65,71,71,66,62
"07-06-2012",35,35,39,50,55,59,48,52,57,63,68,69,72,74,77,80,81,80,78,73,69,70,58,41
"08-06-2012",42,37,37,32,27,11,15,32,47,66,78,85,82,80,81,83,83,82,82,78,70,57,34,43
"09-06-2012",48,46,45,41,37,18,27,40,46,62,78,81,82,82,85,88,90,88,88,83,73,59,44,44
"10-06-2012",54,50,52,43,45,41,37,47,61,86,90,89,84,82,81,83,82,84,82,79,63,44,37,39
"11-06-2012",36,37,35,24,25,23,26,22,36,43,72,89,88,82,86,99,128,126,115,100,74,61,57,37
"12-06-2012",40,22,44,57,71,69,64,63,59,67,79,89,83,81,79,76,77,89,99,87,82,50,44,40
"13-06-2012",35,25,36,61,66,62,55,54,55,59,66,88,88,90,78,74,78,82,82,74,74,71,73,77
"14-06-2012",73,71,72,72,72,66,63,59,66,80,84,86,88,87,92,94,95,97,97,93,85,54,52,64
"15-06-2012",58,65,60,48,33,40,46,51,76,82,81,78,78,78,80,80,81,81,78,76,75,68,68,64
"16-06-2012",61,62,28,78,81,77,76,74,75,79,81,81,81,82,83,83,83,83,85,85,86,85,84,82
"17-06-2012",80,82,81,80,73,66,64,77,76,77,78,80,82,83,83,82,83,84,85,82,73,72,71,73
"18-06-2012",67,68,65,62,62,63,53,61,73,77,77,77,79,79,81,80,82,83,82,81,71,68,64,66
"19-06-2012",72,67,71,72,57,59,54,60,67,70,72,72,72,72,73,71,72,73,74,73,71,64,70,72
"20-06-2012",72,74,74,74,72,70,67,69,71,72,73,72,73,75,75,75,76,75,76,74,71,71,71,69
"21-06-2012",73,71,60,54,58,47,47,59,67,71,69,70,71,71,72,74,74,76,76,76,67,57,52,49
"22-06-2012",53,52,42,39,53,20,21,47,61,72,74,76,79,80,78,80,83,83,83,82,77,65,58,46
"23-06-2012",55,59,52,25,19,4,23,25,61,82,82,83,84,83,81,80,81,82,81,82,74,65,53,57
"24-06-2012",64,27,30,49,47,33,28,49,55,87,91,91,89,88,87,84,83,84,83,87,73,59,58,87
"25-06-2012",89,82,74,71,67,51,50,57,66,69,71,73,77,77,75,76,76,77,78,73,70,58,51,37
"26-06-2012",37,38,40,21,22,21,30,43,51,56,72,92,102,94,95,99,98,96,93,90,89,83,64,47
"27-06-2012",46,68,52,64,57,55,64,67,80,78,84,88,83,84,87,88,91,90,87,86,85,84,84,85
"28-06-2012",87,77,63,58,55,52,39,43,82,89,91,91,90,90,90,89,89,89,88,86,82,75,64,61
"29-06-2012",66,54,55,47,49,35,27,47,63,88,91,90,89,89,89,88,87,87,86,87,82,70,66,58
"30-06-2012",52,62,54,54,63,50,27,25,93,91,89,91,88,86,83,82,82,79,78,76,75,78,82,84
"01-07-2012",70,57,61,53,41,65,78,75,76,77,79,80,81,82,84,85,85,84,83,83,80,79,79,68
"02-07-2012",82,85,86,85,80,78,74,73,73,74,77,78,78,76,77,78,77,78,78,77,74,70,73,75
"03-07-2012",67,54,54,62,57,68,66,71,76,74,76,78,79,79,78,78,77,78,77,75,72,70,61,58
"04-07-2012",59,62,59,53,43,40,41,45,60,73,80,80,79,79,78,78,78,77,77,76,64,53,51,54
"05-07-2012",55,54,52,45,42,38,25,36,48,57,80,90,88,90,89,86,87,86,86,87,73,60,56,56
"06-07-2012",63,63,59,52,57,59,57,52,67,65,90,100,96,96,95,97,95,97,95,91,86,83,69,57
"07-07-2012",59,60,53,55,58,57,44,50,73,97,109,106,103,104,102,100,99,100,97,94,84,75,53,73
"08-07-2012",72,63,70,62,62,54,52,59,70,89,98,98,99,101,100,101,101,101,101,98,89,75,68,63
"09-07-2012",68,63,64,61,59,37,27,53,69,85,106,104,105,106,105,102,100,100,98,98,92,70,63,65
"10-07-2012",69,61,57,59,43,33,36,38,59,65,93,105,105,105,104,104,102,100,98,94,88,79,65,73
"11-07-2012",73,63,72,51,64,62,32,60,82,87,106,104,105,104,101,102,100,100,100,104,90,72,51,71
"12-07-2012",69,66,70,68,53,50,31,60,63,-9999,-9999,-9999,108,111,104,103,108,110,110,106,93,69,88,67
"13-07-2012",63,32,35,36,38,33,17,23,62,94,109,112,121,124,125,127,128,118,112,103,104,96,78,51
"14-07-2012",57,62,58,61,58,48,36,53,76,109,116,117,119,121,118,119,118,116,111,107,101,95,72,62
"15-07-2012",74,52,62,64,56,60,59,69,91,104,118,113,111,110,110,109,107,105,107,103,92,73,53,58
"16-07-2012",63,62,55,51,56,50,50,54,71,76,116,131,112,115,121,122,114,112,109,105,101,93,71,67
"17-07-2012",67,63,78,100,97,87,73,74,88,90,94,98,99,100,100,99,100,98,100,100,101,96,93,83
"18-07-2012",83,82,82,79,75,79,73,83,82,83,87,88,86,89,90,90,92,92,95,90,92,89,89,74
"19-07-2012",69,67,75,65,66,47,38,55,81,84,86,87,87,88,90,89,87,88,88,89,88,83,71,73
"20-07-2012",75,70,68,58,50,68,53,62,78,88,91,90,88,89,89,89,89,88,84,83,75,67,63,54
"21-07-2012",56,55,60,49,49,37,47,44,70,91,94,88,85,83,80,78,75,73,69,68,63,52,44,43
"22-07-2012",52,43,39,53,53,42,31,37,52,78,90,88,86,88,88,85,82,77,75,73,64,49,37,45
"23-07-2012",48,49,48,45,27,21,37,71,86,85,87,86,86,89,92,89,87,88,91,92,89,87,81,70
"24-07-2012",80,78,76,72,72,73,71,74,79,93,101,99,102,102,101,100,100,99,94,90,88,82,74,61
"25-07-2012",57,56,62,60,61,62,49,46,77,91,98,101,104,102,100,100,104,108,106,93,87,86,73,83
"26-07-2012",85,85,77,70,70,77,75,76,88,91,94,100,95,100,101,99,100,105,101,98,88,82,83,77
"27-07-2012",87,84,84,78,74,76,66,68,71,96,93,93,91,97,96,91,92,85,85,76,69,56,64,62
"28-07-2012",69,65,51,46,42,51,48,58,82,98,94,99,104,103,101,99,97,96,96,95,86,78,68,74
"29-07-2012",76,76,75,58,71,68,55,77,90,96,97,97,100,103,101,101,100,99,96,94,83,71,59,50
"30-07-2012",67,53,58,49,54,54,25,43,67,73,94,102,99,99,97,96,95,96,94,92,85,65,55,67
"31-07-2012",60,64,52,44,57,42,39,45,79,97,92,90,93,97,98,99,99,99,96,94,94,89,77,63
"01-08-2012",74,61,41,63,54,63,30,24,62,94,92,89,90,90,93,94,91,91,91,86,90,83,75,79
"02-08-2012",72,66,68,69,69,68,65,66,78,87,91,93,93,93,94,95,95,95,96,93,89,80,76,72
"03-08-2012",72,72,60,58,62,64,58,48,72,91,97,99,99,102,103,100,99,97,96,93,74,57,70,65
"04-08-2012",75,66,73,71,65,60,59,79,86,80,97,105,106,109,109,109,110,105,101,98,81,66,58,76
"05-08-2012",66,75,84,79,66,57,59,69,75,92,98,97,102,104,104,102,101,101,99,95,89,72,66,71
"06-08-2012",65,67,69,53,49,34,32,29,46,72,102,109,110,109,110,107,106,105,103,99,97,80,62,74
"07-08-2012",73,80,75,61,40,35,40,53,58,88,116,117,113,111,110,112,109,108,105,103,93,91,74,69
"08-08-2012",74,71,60,55,44,42,46,42,54,77,111,112,106,106,106,94,91,91,89,85,81,55,48,39
"09-08-2012",47,55,45,27,25,22,15,19,29,76,112,116,123,105,106,104,105,107,103,100,93,90,78,50
"10-08-2012",64,71,71,65,61,66,73,80,91,97,98,100,102,102,99,97,96,99,97,89,80,75,69,73
"11-08-2012",72,74,77,80,79,80,81,81,85,91,95,96,97,97,98,99,99,96,92,90,80,76,65,59
"12-08-2012",67,64,52,55,54,57,58,60,70,80,90,95,98,97,97,97,94,98,97,96,95,89,84,82
"13-08-2012",69,58,38,44,36,27,31,22,49,82,101,107,102,110,111,116,113,100,92,91,88,81,56,51
"14-08-2012",57,36,36,38,40,44,22,33,50,76,101,107,109,106,104,104,105,105,102,99,93,86,91,77
"15-08-2012",67,62,60,64,60,64,63,65,67,80,89,93,92,96,98,98,95,95,93,90,88,82,64,50
"16-08-2012",49,55,50,56,60,68,64,56,57,79,96,95,92,92,91,93,95,95,94,90,81,65,45,47
"17-08-2012",42,54,61,41,56,61,58,38,63,82,104,105,106,106,104,103,108,104,102,95,86,88,76,67
"18-08-2012",72,76,68,64,66,71,65,64,75,98,92,91,91,93,91,89,87,85,83,81,77,73,75,77
"19-08-2012",67,52,58,69,48,50,54,65,80,83,85,81,79,80,80,80,80,79,76,73,71,68,72,63
"20-08-2012",38,37,57,46,43,40,27,62,74,75,75,72,72,71,70,70,68,68,67,67,64,67,63,63
"21-08-2012",74,56,52,55,43,53,39,31,56,78,76,75,72,72,70,71,74,74,73,73,69,62,56,53
"22-08-2012",54,56,57,57,58,52,49,48,54,68,77,77,75,75,75,76,74,73,72,68,60,51,49,54
"23-08-2012",54,51,42,39,35,36,31,28,36,62,87,94,93,93,94,90,87,88,85,76,50,53,57,56
"24-08-2012",59,55,51,46,44,39,34,36,40,72,85,98,95,94,94,91,87,89,88,78,66,56,51,48
"25-08-2012",56,53,51,39,30,38,35,36,61,72,93,94,94,94,93,92,91,88,85,81,68,59,58,63
"26-08-2012",59,61,61,50,51,54,52,45,63,74,90,86,84,84,82,80,80,81,81,74,51,42,49,39
"27-08-2012",37,48,26,14,11,29,33,36,56,78,96,107,109,110,114,109,111,115,119,113,104,99,91,82
"28-08-2012",80,79,78,76,77,75,72,71,74,74,76,76,78,79,80,79,78,78,78,73,64,66,64,68
"29-08-2012",56,59,57,58,52,42,34,35,51,74,84,86,86,85,83,83,82,78,77,70,64,46,49,54
"30-08-2012",54,47,50,47,41,45,50,45,52,79,89,87,85,80,75,74,72,74,72,67,63,61,50,47
"31-08-2012",47,48,44,42,36,28,14,58,70,85,86,82,83,85,84,83,82,82,80,74,64,56,54,52
"01-09-2012",60,62,61,53,60,52,59,59,63,75,75,77,79,78,77,77,74,75,76,72,67,57,50,62
"02-09-2012",64,60,60,68,64,68,68,68,69,75,74,74,74,74,75,75,73,72,72,68,66,61,55,60
"03-09-2012",62,62,62,61,61,56,59,61,63,78,82,81,80,79,77,73,74,72,72,68,68,49,49,50
"04-09-2012",43,56,39,50,50,24,54,56,58,86,87,86,86,83,79,78,75,73,69,64,59,48,46,51
"05-09-2012",43,37,39,39,39,38,20,37,44,69,80,95,95,91,95,94,94,89,84,81,75,67,61,57
"06-09-2012",54,53,47,25,27,21,29,28,27,56,91,104,114,119,112,110,107,104,102,97,86,78,71,71
"07-09-2012",86,79,70,68,55,64,61,63,70,92,96,97,98,102,101,103,104,101,101,101,93,88,80,64
"08-09-2012",74,76,58,86,84,79,79,78,82,84,85,86,85,87,85,85,86,87,87,83,83,72,65,79
"09-09-2012",60,51,61,66,76,76,73,67,64,81,84,86,86,87,88,87,86,84,79,80,75,58,61,55
"10-09-2012",55,54,52,36,22,12,42,40,15,76,86,83,83,83,80,75,77,77,75,69,68,67,43,47
"11-09-2012",45,48,38,56,48,27,14,17,58,74,73,73,74,76,77,76,76,75,73,70,60,54,55,59
"12-09-2012",58,62,60,59,60,52,51,51,48,61,67,69,69,71,71,71,73,74,70,65,58,53,60,49
"13-09-2012",34,20,30,35,33,19,23,13,18,49,90,98,104,110,123,108,105,104,98,94,89,90,85,72
"14-09-2012",50,36,43,31,39,40,35,29,61,63,81,89,94,100,93,86,89,95,86,76,85,67,53,58
"15-09-2012",50,40,43,29,34,29,18,25,59,64,78,82,77,80,79,84,84,82,74,71,76,65,62,50
"16-09-2012",59,58,60,53,54,46,48,44,43,45,50,60,61,68,73,67,68,70,65,46,42,38,43,44
"17-09-2012",37,40,47,46,54,50,51,46,55,60,65,77,82,84,88,89,90,86,85,81,71,56,55,49
"18-09-2012",44,50,53,50,48,48,45,48,55,67,74,77,78,80,79,80,81,80,77,70,65,48,49,46
"19-09-2012",46,48,46,47,49,47,45,40,43,60,72,79,82,83,85,86,87,84,80,75,61,64,41,23
"20-09-2012",23,24,17,18,25,31,29,32,38,76,83,88,88,88,88,87,85,83,82,71,62,70,64,63
"21-09-2012",61,53,52,49,40,44,50,51,55,58,58,61,63,65,67,68,70,68,66,61,59,45,46,41
"22-09-2012",45,44,44,37,39,37,35,36,45,56,64,69,70,72,73,74,72,70,69,68,62,37,44,38
"23-09-2012",28,37,34,36,34,34,33,29,28,53,76,78,80,77,79,79,77,77,74,63,37,35,49,50
"24-09-2012",41,43,36,35,18,20,29,24,27,44,67,69,85,86,83,80,79,79,76,62,58,55,38,41
"25-09-2012",23,23,31,45,49,57,39,15,27,63,66,74,91,91,85,90,97,103,99,78,69,82,62,37
"26-09-2012",54,67,72,72,68,65,61,59,55,53,65,77,78,74,71,70,73,71,68,63,52,41,45,40
"27-09-2012",39,37,26,27,18,18,22,24,27,47,65,78,80,81,83,84,83,82,79,71,56,44,57,61
"28-09-2012",54,48,47,38,37,31,21,21,30,61,93,110,108,106,106,106,104,101,91,77,72,67,65,58
"29-09-2012",68,24,48,63,36,29,41,46,59,80,88,91,89,84,85,81,81,79,80,67,58,63,64,63
"30-09-2012",67,67,57,53,50,51,39,31,46,57,87,89,85,83,80,75,71,73,71,66,54,56,57,51
"01-10-2012",49,39,46,44,50,38,24,15,20,60,72,73,76,77,77,75,74,72,68,54,37,48,39,37
"02-10-2012",34,32,46,42,33,43,31,26,33,46,56,84,91,92,90,90,91,90,91,85,78,64,58,52
"03-10-2012",44,46,48,32,33,29,30,34,27,40,70,77,82,76,71,71,75,76,74,63,59,53,45,32
"04-10-2012",50,48,57,59,55,58,55,44,38,48,48,39,53,66,86,82,85,90,85,75,63,49,55,55
"05-10-2012",52,49,41,38,39,24,27,27,39,52,70,87,92,88,87,88,87,86,85,67,51,55,55,56
"06-10-2012",50,38,53,46,42,43,35,46,47,53,87,86,82,81,84,84,85,83,81,82,70,65,67,63
"07-10-2012",60,59,56,51,46,42,46,42,37,53,69,83,86,84,87,84,81,78,72,59,62,65,61,73
"08-10-2012",67,69,60,42,38,39,31,28,31,64,75,74,74,70,76,75,74,74,72,66,69,63,43,54
"09-10-2012",66,65,65,55,49,50,47,39,34,41,56,64,68,70,69,71,70,69,68,69,69,66,63,57
"10-10-2012",47,43,41,37,36,36,35,27,30,37,64,75,74,75,75,73,74,77,75,70,62,67,63,52
"11-10-2012",45,46,44,39,38,30,19,30,32,49,67,74,75,77,76,74,75,76,69,73,65,43,42,42
"12-10-2012",38,37,27,26,16,13,11,11,11,21,55,83,94,94,91,92,90,86,82,76,76,76,64,62
"13-10-2012",42,34,25,19,17,19,18,27,40,58,72,73,73,75,83,74,73,74,72,67,63,73,59,51
"14-10-2012",60,53,48,32,24,50,50,48,60,54,46,60,65,70,69,70,71,71,69,67,63,52,48,50
"15-10-2012",47,45,42,38,24,18,15,13,17,24,48,70,71,67,71,72,73,68,67,60,46,35,21,18
"16-10-2012",17,16,16,14,15,14,14,14,17,27,38,51,69,83,88,93,98,86,68,66,56,40,41,32
"17-10-2012",26,32,36,21,27,30,21,24,34,42,58,63,73,77,68,65,65,67,61,35,19,18,27,20
"18-10-2012",21,30,26,22,26,15,13,15,19,34,57,74,79,83,85,83,85,88,87,89,86,77,67,58
"19-10-2012",58,58,62,62,63,62,62,60,59,65,71,77,79,81,81,81,80,80,77,63,48,58,54,56
"20-10-2012",57,60,60,53,54,50,43,35,30,47,69,80,79,80,80,82,80,80,71,69,62,52,47,49
"21-10-2012",41,41,47,47,43,39,22,56,60,64,63,64,64,67,67,69,69,66,67,65,61,57,56,54
"22-10-2012",61,57,62,59,52,53,45,28,44,45,49,50,40,49,53,55,59,51,53,42,39,46,39,40
"23-10-2012",37,45,48,44,49,52,54,48,46,51,50,43,50,54,56,56,46,46,43,41,50,46,55,51
"24-10-2012",54,54,51,50,50,43,48,36,36,34,41,53,45,47,48,55,58,55,56,53,43,53,47,51
"25-10-2012",51,50,49,44,46,45,38,40,40,51,56,55,57,65,66,67,65,59,43,38,35,34,25,25
"26-10-2012",31,27,24,26,24,20,17,14,17,30,36,45,57,66,80,80,78,72,41,44,58,55,33,11
"27-10-2012",11,11,12,13,17,12,16,18,16,21,47,83,87,84,85,84,85,85,84,79,77,77,75,73
"28-10-2012",73,74,76,75,77,75,76,75,74,72,73,71,72,72,73,71,68,69,68,68,69,67,66,65
"29-10-2012",61,63,60,60,60,61,58,47,47,43,45,45,54,55,61,55,53,63,47,48,65,56,51,59
"30-10-2012",57,53,57,63,65,63,62,55,48,52,57,56,57,58,55,55,54,47,45,39,22,31,42,26
"31-10-2012",35,44,37,30,32,32,27,29,31,41,52,55,60,62,63,61,48,25,34,29,31,14,12,18
"01-11-2012",20,17,13,13,14,14,13,13,31,56,64,80,80,80,78,65,70,67,76,78,45,41,28,28
"02-11-2012",15,17,24,15,13,20,18,22,21,38,54,66,71,72,76,78,73,69,63,52,33,49,52,50
"03-11-2012",43,47,39,38,33,29,35,36,40,51,59,68,75,76,77,76,68,35,36,22,30,34,35,22
"04-11-2012",26,32,32,31,30,23,25,28,28,49,55,62,75,82,85,83,75,46,42,47,51,56,42,35
"05-11-2012",30,33,28,26,19,21,18,13,17,26,72,80,82,82,80,77,73,66,70,71,72,70,66,68
"06-11-2012",69,64,65,62,67,67,59,63,63,69,67,68,67,68,65,66,62,60,64,58,52,56,57,47
"07-11-2012",47,46,39,40,37,27,26,19,22,22,32,50,56,64,60,56,44,32,35,22,35,48,65,63
"08-11-2012",64,56,53,62,56,51,55,50,50,50,50,51,49,50,48,49,48,53,42,48,42,42,50,50
"09-11-2012",46,40,44,50,45,45,42,43,45,50,52,56,59,59,59,60,48,32,31,32,29,27,35,36
"10-11-2012",41,46,47,48,31,38,42,45,45,47,51,59,62,63,62,61,60,56,46,30,30,32,38,30
"11-11-2012",27,35,46,42,41,36,38,17,26,50,57,61,63,62,63,60,52,44,36,30,24,32,29,31
"12-11-2012",32,35,37,33,13,15,13,24,33,49,56,60,68,68,66,59,44,35,32,31,39,48,49,43
"13-11-2012",49,50,52,52,47,48,48,49,47,52,60,65,67,71,71,68,62,49,34,28,38,25,28,32
"14-11-2012",48,52,43,44,44,44,49,47,36,46,59,66,67,67,65,66,63,60,53,44,39,39,33,39
"15-11-2012",38,39,44,37,42,33,24,31,23,44,56,59,62,62,57,53,44,47,40,38,46,47,48,47
"16-11-2012",47,48,48,47,47,46,43,44,43,41,43,40,42,44,50,52,50,44,39,39,38,32,23,31
"17-11-2012",36,42,40,37,41,42,44,43,33,29,38,42,46,48,48,57,65,62,65,44,44,60,59,46
"18-11-2012",51,51,61,69,68,55,33,33,41,54,60,66,69,70,67,67,63,50,41,34,29,25,39,42
"19-11-2012",43,41,41,38,31,16,21,27,33,54,66,69,61,58,60,66,42,19,24,49,40,39,23,31
"20-11-2012",32,27,23,18,33,42,25,17,20,34,40,46,52,64,71,69,54,21,25,18,17,22,16,15
"21-11-2012",16,16,20,26,30,28,28,23,25,32,34,45,52,46,47,48,39,40,33,30,34,43,50,57
"22-11-2012",57,56,50,58,58,54,51,43,43,55,57,53,57,58,49,39,50,46,39,44,50,44,49,52
"23-11-2012",55,51,58,59,35,33,25,27,18,27,36,54,64,58,54,51,47,43,32,29,25,33,31,28
"24-11-2012",28,36,39,43,44,42,40,40,41,43,44,42,48,58,58,56,53,46,43,40,35,50,52,54
"25-11-2012",51,45,41,36,41,37,20,14,22,34,59,62,67,66,70,72,52,47,37,22,19,23,24,20
"26-11-2012",19,21,21,17,11,14,16,16,24,34,56,63,68,68,70,69,48,34,20,18,22,24,17,14
"27-11-2012",13,15,22,17,17,16,14,13,14,15,26,39,62,67,66,69,54,49,19,11,11,11,11,10
"28-11-2012",10,11,10,10,11,11,12,13,17,17,21,54,69,76,81,78,79,70,79,69,75,79,83,85
"29-11-2012",89,90,83,89,89,87,85,86,85,83,83,84,86,85,86,83,82,79,80,79,69,69,71,73
"30-11-2012",75,75,75,74,70,64,62,40,37,69,72,72,77,77,77,78,72,67,69,69,69,75,71,73
"01-12-2012",72,72,72,68,62,54,47,23,31,39,47,61,66,68,67,69,66,54,44,45,41,34,54,49
"02-12-2012",33,42,44,46,37,31,18,17,24,19,39,60,66,71,59,55,46,81,80,76,68,67,65,76
"03-12-2012",74,70,59,78,77,69,69,73,71,71,69,68,70,69,66,67,65,66,70,71,71,68,62,56
"04-12-2012",54,53,49,45,49,44,42,41,42,45,51,52,54,54,55,52,47,29,16,12,12,11,13,11
"05-12-2012",11,16,11,16,12,14,13,14,16,30,49,78,72,76,72,75,72,70,77,78,75,67,73,67
"06-12-2012",63,49,46,50,30,18,12,13,17,48,76,73,73,72,77,76,69,64,62,64,60,59,66,74
"07-12-2012",72,71,73,67,60,59,55,49,54,56,54,55,59,61,60,59,41,27,24,20,18,15,21,20
"08-12-2012",23,32,42,38,35,33,15,12,15,19,22,39,38,75,74,77,78,75,71,79,83,86,86,87
"09-12-2012",88,85,85,84,79,71,61,44,50,61,68,67,71,67,68,68,64,58,57,40,40,40,33,39
"10-12-2012",41,47,38,42,46,54,46,39,37,40,50,51,55,60,61,60,48,35,27,17,24,30,17,18
"11-12-2012",26,19,18,12,13,12,13,12,17,48,76,74,78,80,79,77,70,73,77,80,79,81,78,77
"12-12-2012",73,65,65,62,47,31,33,26,30,27,46,66,68,68,70,66,53,48,39,40,46,49,47,42
"13-12-2012",39,39,34,39,35,33,31,30,24,34,53,57,56,64,69,65,37,21,22,20,12,22,18,28
"14-12-2012",34,33,37,34,26,18,20,22,25,29,39,51,-9999,53,57,54,38,15,16,18,23,17,13,12
"15-12-2012",23,27,25,22,19,9,6,5,8,16,24,47,58,65,63,55,29,11,8,8,5,5,5,5
"16-12-2012",5,5,6,5,5,5,5,5,5,9,9,11,24,24,25,17,12,7,7,7,6,5,6,5
"17-12-2012",5,6,5,5,5,6,5,5,7,7,12,22,26,35,42,29,10,6,6,11,10,26,37,42
"18-12-2012",43,44,46,45,44,41,31,27,21,21,26,33,49,51,50,42,34,32,37,43,37,33,38,50
"19-12-2012",44,42,41,41,37,37,34,24,25,29,36,27,38,39,42,39,40,37,38,34,37,34,34,43
"20-12-2012",50,53,53,55,52,53,46,41,40,33,29,32,34,38,38,38,30,27,24,29,27,40,39,39
"21-12-2012",41,41,44,41,38,38,31,26,24,29,35,44,49,48,49,43,25,13,7,8,7,6,7,8
"22-12-2012",9,11,7,7,6,8,9,8,8,11,30,42,45,46,42,43,43,47,43,46,50,53,55,55
"23-12-2012",55,55,57,60,59,60,59,57,53,55,53,51,51,54,52,54,50,48,42,47,51,54,55,53
"24-12-2012",47,50,43,41,46,48,42,34,39,38,46,52,57,58,60,58,45,29,18,14,24,25,26,28
"25-12-2012",23,22,24,24,23,23,15,15,18,19,34,53,57,62,60,56,51,27,18,12,7,5,13,6
"26-12-2012",5,15,11,12,5,6,8,4,5,7,18,29,41,45,47,51,21,8,15,9,15,12,16,13
"27-12-2012",16,8,5,6,4,4,4,5,5,6,8,20,49,54,57,54,24,10,8,6,6,13,11,11
"28-12-2012",5,5,5,5,5,5,5,5,6,6,16,33,42,51,54,57,43,25,10,25,19,11,6,5
"29-12-2012",5,8,8,5,5,5,6,9,8,9,8,9,19,41,30,34,31,27,35,35,30,31,43,57
"30-12-2012",49,39,37,41,41,44,40,36,40,41,39,38,38,38,41,40,44,41,43,43,47,46,45,46
"31-12-2012",47,47,48,46,48,47,45,41,41,50,44,39,40,42,40,43,38,34,37,38,39,40,40,43
