"01-01-2011",5,5,3,1,1,1,1,1,1,15,33,42,49,50,43,41,36,23,18,11,3,2,5,8
"02-01-2011",4,4,4,29,43,45,45,45,47,51,33,28,26,35,42,37,35,40,31,14,4,3,3,3
"03-01-2011",3,1,1,1,1,1,1,1,1,3,10,23,37,36,31,29,29,25,33,36,33,30,12,20
"04-01-2011",32,33,46,49,50,48,43,37,39,35,40,39,41,49,50,46,44,37,44,44,37,35,32,35
"05-01-2011",34,42,46,49,45,38,32,17,9,34,49,57,58,64,58,52,43,39,38,33,32,34,31,21
"06-01-2011",29,45,37,38,28,22,1,1,6,30,48,53,63,62,61,58,52,44,40,37,32,31,26,6
"07-01-2011",2,1,1,10,4,1,1,1,1,2,32,49,58,55,40,41,36,31,11,2,1,2,2,1
"08-01-2011",1,1,1,1,1,1,1,1,1,3,14,47,53,60,66,55,36,15,2,2,2,2,3,2
"09-01-2011",3,3,3,2,1,1,1,1,1,1,13,31,47,54,56,53,48,31,14,2,1,2,3,2
"10-01-2011",2,2,1,1,2,2,1,1,1,12,23,29,41,42,45,40,22,19,2,2,1,1,1,1
"11-01-2011",2,10,19,17,19,14,15,12,7,19,31,35,33,30,30,29,32,23,16,13,15,4,2,6
"12-01-2011",10,17,29,35,30,24,8,4,6,27,34,34,45,36,26,16,8,1,1,1,2,2,2,1
"13-01-2011",19,18,16,20,49,36,31,24,32,37,46,49,47,42,37,35,29,18,6,3,3,2,27,42
"14-01-2011",35,47,52,47,46,26,5,1,1,3,7,22,24,26,23,40,39,42,23,24,30,15,18,1
"15-01-2011",1,1,1,1,1,1,1,1,1,2,20,35,44,51,55,50,44,19,3,1,1,2,5,5
"16-01-2011",2,1,11,49,51,46,48,51,55,61,61,61,53,49,55,53,47,45,41,43,46,46,48,51
"17-01-2011",50,48,45,44,43,42,43,39,37,41,46,51,54,55,56,58,59,55,54,44,40,41,51,55
"18-01-2011",60,54,49,40,24,14,1,-9999,-9999,-9999,-9999,-9999,-9999,-9999,-9999,-9999,-9999,-9999,-9999,-9999,-9999,-9999,-9999,-9999
"19-01-2011",-9999,-9999,-9999,-9999,-9999,-9999,-9999,-9999,-9999,-9999,-9999,-9999,-9999,-9999,-9999,-9999,-9999,-9999,-9999,-9999,-9999,-9999,-9999,-9999
"20-01-2011",-9999,-9999,-9999,-9999,-9999,-9999,-9999,-9999,-9999,-9999,-9999,-9999,-9999,66,71,71,58,13,10,3,2,3,3,2
"21-01-2011",1,1,1,1,1,1,1,1,1,4,15,46,59,57,52,39,26,14,3,22,25,4,26,36
"22-01-2011",39,35,20,32,23,5,1,1,2,21,37,54,69,69,69,68,67,61,57,47,49,39,45,44
"23-01-2011",48,50,44,41,44,57,51,47,17,20,59,69,73,73,62,51,56,52,35,33,23,3,2,2
"24-01-2011",2,1,1,1,1,1,1,1,1,2,32,52,47,46,44,23,5,2,2,16,21,22,12,6
"25-01-2011",22,7,1,1,1,1,1,1,1,2,6,38,46,46,58,57,57,57,55,52,46,38,32,15
"26-01-2011",20,43,52,60,63,55,19,3,5,34,67,68,70,74,72,69,66,31,12,3,4,4,3,2
"27-01-2011",1,1,1,1,1,1,1,1,1,11,46,58,63,68,65,62,63,50,34,3,6,4,12,7
"28-01-2011",18,33,46,54,66,72,63,50,43,60,58,58,58,60,62,67,67,66,65,68,66,65,62,58
"29-01-2011",56,60,63,70,69,70,69,70,68,61,62,62,64,67,66,66,66,60,61,59,56,55,61,58
"30-01-2011",61,59,63,66,67,71,70,67,63,66,68,71,72,72,72,68,66,62,54,55,41,55,56,45
"31-01-2011",60,66,64,66,67,61,41,19,31,51,63,69,59,54,49,67,65,64,61,51,58,47,41,63
"01-02-2011",63,77,78,77,76,72,67,59,64,69,71,77,82,82,84,84,82,78,75,69,64,59,68,78
"02-02-2011",78,77,83,77,80,81,66,62,59,66,72,75,78,79,76,73,73,67,70,72,78,75,76,70
"03-02-2011",81,78,73,73,74,67,62,59,59,56,55,54,57,54,52,56,63,65,72,79,80,79,79,67
"04-02-2011",68,77,83,84,86,86,82,76,71,70,73,70,75,78,74,77,77,78,80,83,83,83,85,88
"05-02-2011",90,89,85,71,54,32,32,12,23,55,72,79,85,86,86,83,78,64,17,11,14,18,20,14
"06-02-2011",7,5,3,1,1,1,1,1,1,5,25,36,52,68,77,68,47,17,3,1,3,4,4,3
"07-02-2011",2,2,1,1,1,1,1,1,1,14,56,70,77,86,88,90,88,80,52,28,8,2,2,2
"08-02-2011",1,5,43,58,47,32,23,38,58,72,78,80,80,81,81,82,80,69,62,62,11,3,3,2
"09-02-2011",1,1,1,1,1,1,1,1,1,5,26,33,66,77,85,80,62,56,37,4,2,2,2,34
"10-02-2011",5,8,83,81,84,83,70,35,55,69,95,94,83,88,90,87,87,84,75,82,83,83,62,49
"11-02-2011",41,51,55,39,24,11,6,12,31,69,82,80,84,87,90,85,80,56,11,36,29,7,4,4
"12-02-2011",9,19,40,38,46,40,30,24,25,67,77,89,94,98,98,99,98,96,73,61,45,32,5,3
"13-02-2011",3,3,2,2,1,1,1,1,2,13,40,68,83,94,97,101,95,83,59,36,17,4,3,3
"14-02-2011",2,2,2,3,2,1,1,1,2,18,58,77,74,81,79,76,63,57,58,56,53,44,43,54
"15-02-2011",47,60,65,63,51,58,46,50,32,56,67,67,76,79,79,78,78,79,75,75,70,68,72,74
"16-02-2011",76,77,73,73,75,72,69,63,65,73,74,73,79,81,78,71,63,59,59,56,57,57,58,60
"17-02-2011",67,66,57,54,50,33,20,9,7,28,65,81,82,81,78,74,77,69,65,65,68,68,71,79
"18-02-2011",69,43,46,47,32,18,59,69,52,58,77,75,73,78,74,73,73,70,68,72,76,82,58,54
"19-02-2011",32,58,58,54,65,69,60,50,55,57,66,72,78,88,96,98,98,93,80,67,73,68,58,65
"20-02-2011",57,66,65,57,64,62,62,44,51,52,59,56,60,60,56,58,57,49,45,36,40,49,48,43
"21-02-2011",50,48,46,41,37,34,30,17,23,40,48,52,53,51,50,50,57,42,30,30,45,53,43,56
"22-02-2011",50,79,80,69,65,60,34,9,7,18,44,49,53,67,70,68,72,71,51,27,19,24,16,9
"23-02-2011",26,50,59,50,39,42,46,37,46,52,58,64,68,65,68,70,67,68,65,72,71,68,71,71
"24-02-2011",66,64,63,60,56,49,50,39,46,52,67,50,37,3,1,1,1,1,1,1,1,1,1,1
"25-02-2011",1,1,1,1,1,1,1,1,1,1,1,1,1,1,1,1,1,1,1,1,1,1,1,1
"26-02-2011",1,1,1,1,1,1,1,1,1,1,1,1,1,1,1,1,1,1,1,1,1,1,1,1
"27-02-2011",1,1,1,1,1,1,1,1,1,1,1,1,-9999,-9999,-9999,-9999,-9999,-9999,-9999,-9999,-9999,-9999,-9999,-9999
"28-02-2011",-9999,-9999,-9999,-9999,-9999,-9999,-9999,-9999,-9999,-9999,-9999,-9999,-9999,-9999,-9999,-9999,-9999,-9999,-9999,-9999,-9999,-9999,-9999,-9999
"01-03-2011",-9999,-9999,-9999,-9999,-9999,-9999,-9999,-9999,-9999,-9999,-9999,-9999,-9999,-9999,-9999,-9999,-9999,-9999,-9999,-9999,-9999,-9999,-9999,-9999
"02-03-2011",-9999,-9999,-9999,-9999,-9999,-9999,-9999,-9999,-9999,-9999,-9999,-9999,-9999,-9999,-9999,-9999,-9999,-9999,-9999,-9999,-9999,-9999,-9999,-9999
"03-03-2011",-9999,-9999,-9999,-9999,-9999,-9999,-9999,-9999,-9999,-9999,-9999,-9999,-9999,-9999,48,43,41,44,46,46,46,53,58,59
"04-03-2011",62,63,67,69,69,66,63,62,68,69,72,73,72,74,73,72,74,77,73,77,73,67,79,85
"05-03-2011",84,83,78,78,77,76,75,73,73,71,72,76,79,78,79,80,78,74,71,70,49,37,33,39
"06-03-2011",36,53,49,45,34,33,33,19,24,36,42,44,58,71,78,79,76,61,46,38,34,43,52,63
"07-03-2011",72,77,72,76,80,80,84,84,82,81,79,79,81,83,79,76,72,68,61,65,67,61,71,76
"08-03-2011",78,79,77,79,81,81,78,75,75,76,70,72,74,76,77,81,78,74,78,77,69,68,74,75
"09-03-2011",69,79,82,78,80,74,67,77,61,75,81,83,87,88,90,90,90,85,71,47,40,25,17,34
"10-03-2011",39,31,10,10,6,7,8,6,35,55,82,88,90,95,94,97,98,92,69,26,11,10,6,5
"11-03-2011",5,4,3,2,2,2,2,2,3,20,54,82,88,97,101,105,106,85,52,13,4,3,4,4
"12-03-2011",4,3,3,3,2,2,2,2,4,32,71,83,84,98,106,108,111,94,65,27,4,5,4,4
"13-03-2011",3,3,2,2,1,2,1,2,11,80,82,104,115,119,117,121,114,107,95,51,24,5,3,3
"14-03-2011",3,2,2,2,2,1,2,2,3,44,73,91,95,99,102,102,96,92,76,34,12,3,3,2
"15-03-2011",3,2,2,2,5,4,2,3,29,57,77,88,100,103,107,105,100,96,86,73,69,42,28,10
"16-03-2011",3,2,2,3,2,2,2,2,18,56,82,88,93,97,98,98,94,93,67,39,23,9,3,3
"17-03-2011",3,2,7,14,15,7,5,6,4,8,12,30,59,48,65,61,55,46,9,3,3,13,47,35
"18-03-2011",38,25,24,19,7,4,2,3,3,23,64,81,89,95,96,97,93,84,62,33,21,3,3,2
"19-03-2011",2,4,11,13,38,44,9,9,48,67,81,94,101,102,104,94,89,82,75,63,31,24,27,65
"20-03-2011",33,46,45,39,56,78,74,74,72,73,74,75,79,74,70,67,61,61,61,67,70,70,70,70
"21-03-2011",75,80,83,84,83,83,78,77,92,86,88,86,84,78,78,77,78,77,78,82,81,83,84,85
"22-03-2011",86,88,84,81,79,78,74,73,77,81,83,90,93,94,94,93,91,89,85,80,80,78,78,83
"23-03-2011",82,84,86,85,84,79,66,62,77,78,86,90,92,93,93,94,93,93,89,85,73,65,34,25
"24-03-2011",36,45,46,46,43,75,69,65,70,80,84,92,95,100,106,108,109,105,92,55,23,10,13,12
"25-03-2011",10,9,6,4,4,4,3,4,18,61,85,101,114,120,128,133,120,117,98,70,64,49,13,5
"26-03-2011",3,3,2,3,4,12,11,38,76,89,101,108,107,110,114,114,114,108,97,84,66,48,44,73
"27-03-2011",79,79,80,84,91,86,72,81,86,92,98,102,99,95,90,94,94,92,84,81,79,68,47,47
"28-03-2011",67,56,51,48,34,11,5,-9999,14,48,53,64,82,89,92,94,94,88,84,71,53,38,20,10
"29-03-2011",4,3,3,3,2,2,2,3,3,9,35,57,65,68,73,77,77,80,80,64,40,20,12,4
"30-03-2011",3,2,2,2,2,2,2,3,3,25,-9999,-9999,76,82,85,86,82,82,84,78,65,58,53,45
"31-03-2011",56,58,56,56,49,49,44,20,17,40,50,50,45,42,40,43,58,54,53,60,67,68,70,67
"01-04-2011",54,57,57,60,62,57,49,45,54,61,66,58,63,64,66,69,72,76,76,77,79,80,84,80
"02-04-2011",79,79,77,80,82,83,81,79,80,75,68,75,78,79,80,79,82,81,84,80,75,70,69,82
"03-04-2011",77,59,51,40,42,24,7,5,30,73,86,93,95,96,98,97,97,93,89,79,58,48,45,70
"04-04-2011",78,75,76,75,76,74,61,37,38,42,68,85,94,96,98,101,101,102,100,59,41,52,47,35
"05-04-2011",29,10,7,5,5,8,5,5,17,38,60,76,82,90,95,94,87,82,75,61,38,26,37,33
"06-04-2011",45,88,89,79,74,81,78,68,76,76,78,84,84,85,88,90,90,88,83,78,80,81,85,83
"07-04-2011",81,81,80,78,77,78,74,66,65,77,83,87,90,92,95,96,99,98,98,92,86,74,36,40
"08-04-2011",32,11,8,14,7,6,4,5,5,18,51,69,84,102,109,111,111,108,100,92,72,56,45,54
"09-04-2011",69,79,75,46,33,9,5,5,7,45,80,94,109,113,119,116,112,109,104,91,60,53,66,77
"10-04-2011",66,30,10,5,87,106,106,105,104,104,102,101,103,104,107,114,121,101,99,98,94,93,94,80
"11-04-2011",66,64,54,51,61,95,93,86,85,89,97,101,102,104,108,110,107,105,104,100,95,94,91,86
"12-04-2011",86,84,83,71,60,43,8,5,21,68,75,86,93,106,109,107,107,104,99,88,77,81,74,82
"13-04-2011",70,77,78,80,75,72,47,29,52,61,81,96,101,104,104,104,103,101,98,88,58,75,89,96
"14-04-2011",98,103,106,105,104,98,88,85,81,92,93,95,98,101,104,104,105,106,96,93,88,90,91,93
"15-04-2011",95,96,84,80,79,71,51,48,51,73,85,90,95,98,103,103,104,103,100,100,97,90,75,62
"16-04-2011",67,67,74,70,57,55,75,42,51,87,87,91,96,91,89,92,88,88,83,77,82,83,82,84
"17-04-2011",83,85,84,84,84,85,81,83,80,80,77,77,80,81,85,85,84,83,82,75,78,65,61,30
"18-04-2011",27,35,81,87,94,92,94,86,84,85,81,82,82,89,91,92,93,92,94,92,87,82,84,89
"19-04-2011",91,93,93,95,89,85,77,63,69,72,79,83,83,93,95,90,92,86,85,75,66,48,36,69
"20-04-2011",71,76,78,52,57,53,34,8,24,55,79,86,86,88,90,89,87,93,91,85,65,57,77,79
"21-04-2011",90,92,98,99,92,94,83,92,93,96,101,105,107,106,103,104,106,106,107,104,99,99,100,98
"22-04-2011",100,101,101,95,95,84,90,94,98,104,105,107,107,108,108,108,108,107,106,106,105,107,98,102
"23-04-2011",100,101,101,96,85,61,45,45,88,95,98,97,97,99,100,101,102,104,105,105,103,101,99,97
"24-04-2011",100,98,97,93,95,96,94,91,95,101,103,103,104,104,104,106,107,101,100,96,99,102,103,100
"25-04-2011",99,98,95,105,100,99,95,90,93,93,93,93,95,95,95,95,94,95,94,96,92,93,93,92
"26-04-2011",91,85,85,85,86,83,76,70,70,72,77,78,80,83,83,84,83,81,80,80,77,56,51,73
"27-04-2011",79,73,72,79,77,75,70,60,60,50,40,56,68,76,70,62,65,68,69,66,69,71,75,76
"28-04-2011",79,79,80,84,85,84,76,71,76,78,82,78,83,78,76,78,81,81,80,73,69,60,37,71
"29-04-2011",77,69,45,26,37,24,20,38,37,65,83,85,84,85,91,91,87,87,111,106,65,41,47,56
"30-04-2011",36,21,15,11,7,7,6,8,35,44,66,82,100,102,101,101,101,98,88,80,76,65,64,66
"01-05-2011",76,70,54,44,47,29,55,62,46,62,69,81,90,97,99,99,98,97,97,93,84,76,62,28
"02-05-2011",11,11,11,9,10,10,8,9,19,48,72,79,89,92,96,99,102,94,89,86,81,62,52,66
"03-05-2011",43,27,30,34,33,21,14,11,20,49,54,66,88,92,92,92,91,93,94,88,71,62,47,37
"04-05-2011",29,42,33,24,53,55,69,60,62,73,87,79,84,78,94,98,98,101,101,91,83,60,43,33
"05-05-2011",60,62,59,56,57,45,31,57,73,44,60,66,66,-9999,-9999,-9999,-9999,-9999,-9999,-9999,-9999,-9999,-9999,-9999
"06-05-2011",-9999,-9999,-9999,-9999,-9999,-9999,-9999,-9999,-9999,-9999,-9999,-9999,-9999,-9999,-9999,-9999,-9999,-9999,-9999,-9999,-9999,-9999,-9999,-9999
"07-05-2011",-9999,-9999,-9999,-9999,-9999,-9999,-9999,-9999,-9999,-9999,-9999,-9999,-9999,-9999,-9999,-9999,-9999,-9999,-9999,-9999,-9999,-9999,-9999,-9999
"08-05-2011",-9999,-9999,-9999,-9999,-9999,-9999,-9999,-9999,-9999,-9999,-9999,-9999,-9999,-9999,-9999,-9999,-9999,-9999,-9999,-9999,-9999,-9999,-9999,-9999
"09-05-2011",-9999,-9999,-9999,-9999,-9999,-9999,-9999,-9999,-9999,-9999,94,109,108,109,109,110,108,104,104,97,98,99,100,102
"10-05-2011",104,103,102,100,95,90,90,84,82,77,84,85,85,85,88,91,93,96,95,94,90,90,88,88
"11-05-2011",91,93,96,96,96,100,97,90,92,97,102,105,108,110,112,113,114,113,112,107,104,103,107,104
"12-05-2011",104,106,102,101,96,95,96,89,84,84,88,93,81,81,79,86,86,89,88,85,74,58,49,54
"13-05-2011",29,31,24,41,42,19,8,36,71,91,98,102,102,104,106,109,109,110,110,106,96,69,62,74
"14-05-2011",41,20,18,8,7,6,6,8,26,82,94,109,128,135,139,134,125,121,118,105,75,58,31,15
"15-05-2011",20,22,31,28,41,19,13,21,55,82,102,128,134,132,139,149,136,24,125,118,104,80,76,46
"16-05-2011",17,11,23,16,12,8,7,8,21,60,94,118,127,129,137,131,126,123,113,104,91,87,93,92
"17-05-2011",92,96,94,82,52,29,12,14,44,63,86,-9999,107,113,113,105,105,103,101,100,91,78,73,71
"18-05-2011",63,81,85,84,76,57,42,39,72,83,88,95,101,103,106,105,105,105,103,99,94,85,72,85
"19-05-2011",79,42,48,52,70,46,58,39,61,44,63,63,74,78,72,75,81,76,85,77,57,36,20,6
"20-05-2011",7,9,8,13,26,26,27,15,54,68,94,105,108,106,104,110,113,111,101,101,77,66,28,10
"21-05-2011",9,6,5,5,5,13,18,8,46,81,99,112,112,114,119,118,117,114,114,114,112,102,88,80
"22-05-2011",68,79,102,94,94,99,73,54,98,105,103,104,108,110,113,111,107,108,107,106,103,99,102,107
"23-05-2011",107,99,108,108,109,107,96,89,97,102,105,106,103,100,100,102,101,103,101,98,96,97,101,97
"24-05-2011",95,98,94,83,100,99,93,85,84,98,101,102,102,108,106,104,113,112,115,96,88,69,39,45
"25-05-2011",50,56,45,46,49,62,70,41,76,98,100,101,103,105,105,101,102,100,86,82,78,71,90,93
"26-05-2011",102,104,98,96,100,97,89,83,88,91,94,102,103,99,70,78,90,90,96,77,79,91,104,97
"27-05-2011",84,88,102,105,103,101,85,83,83,82,85,87,97,103,100,95,77,71,78,68,38,45,65,55
"28-05-2011",57,67,59,36,27,28,36,79,45,71,94,97,98,102,109,109,103,100,100,99,88,61,44,40
"29-05-2011",40,25,17,11,14,13,14,23,64,93,103,103,106,110,100,100,98,105,96,96,84,63,31,19
"30-05-2011",50,36,48,39,70,60,52,16,53,82,99,102,102,103,103,100,98,108,104,93,80,75,63,42
"31-05-2011",32,22,26,23,15,18,13,14,32,71,96,97,104,96,74,65,77,83,90,94,65,52,19,10
"01-06-2011",10,9,9,10,9,9,8,12,42,67,79,104,120,90,71,88,102,109,110,98,82,70,46,15
"02-06-2011",12,11,11,10,10,10,10,10,23,36,74,101,107,105,102,107,128,129,114,103,88,66,74,59
"03-06-2011",33,38,28,22,18,14,14,20,34,78,99,108,112,111,105,104,96,107,116,100,91,89,63,54
"04-06-2011",38,22,61,85,86,75,73,75,85,93,95,100,118,147,81,62,48,33,35,30,23,18,14,9
"05-06-2011",9,9,9,9,11,13,14,43,61,88,98,100,109,113,108,104,107,112,109,101,92,68,38,30
"06-06-2011",15,14,13,13,20,15,12,11,40,96,114,119,119,125,123,123,124,138,115,108,103,97,61,63
"07-06-2011",62,61,48,41,35,23,28,41,86,94,110,122,151,179,148,153,111,113,117,114,92,68,64,60
"08-06-2011",53,49,29,23,23,22,18,26,52,69,93,107,126,116,115,115,117,99,81,81,68,37,16,14
"09-06-2011",16,19,20,19,15,15,13,16,32,49,88,101,112,119,137,117,93,95,101,89,74,78,68,91
"10-06-2011",93,94,97,99,99,98,85,81,90,99,101,105,110,112,116,115,106,109,108,105,108,97,94,85
"11-06-2011",84,58,59,95,88,91,83,79,100,108,114,122,128,137,129,124,125,125,125,122,117,111,108,108
"12-06-2011",-9999,-9999,-9999,-9999,-9999,-9999,-9999,-9999,-9999,-9999,-9999,-9999,-9999,-9999,-9999,-9999,-9999,-9999,-9999,-9999,-9999,-9999,-9999,-9999
"13-06-2011",-9999,-9999,-9999,-9999,-9999,-9999,-9999,-9999,-9999,-9999,-9999,-9999,-9999,-9999,-9999,-9999,-9999,-9999,-9999,-9999,-9999,-9999,-9999,-9999
"14-06-2011",-9999,-9999,-9999,-9999,-9999,-9999,-9999,-9999,-9999,-9999,-9999,-9999,-9999,-9999,-9999,-9999,-9999,-9999,-9999,-9999,-9999,-9999,-9999,-9999
"15-06-2011",-9999,-9999,-9999,-9999,-9999,-9999,-9999,-9999,-9999,-9999,-9999,-9999,-9999,-9999,-9999,-9999,-9999,-9999,-9999,-9999,-9999,-9999,-9999,-9999
"16-06-2011",-9999,-9999,-9999,-9999,-9999,-9999,-9999,-9999,-9999,-9999,-9999,-9999,-9999,-9999,-9999,-9999,-9999,-9999,-9999,-9999,-9999,-9999,-9999,-9999
"17-06-2011",-9999,-9999,-9999,-9999,-9999,-9999,-9999,-9999,-9999,-9999,-9999,-9999,-9999,-9999,-9999,-9999,-9999,-9999,-9999,-9999,-9999,-9999,-9999,-9999
"18-06-2011",-9999,-9999,-9999,-9999,-9999,-9999,-9999,-9999,-9999,-9999,-9999,-9999,-9999,-9999,-9999,-9999,-9999,-9999,-9999,-9999,-9999,-9999,-9999,-9999
"19-06-2011",-9999,-9999,-9999,-9999,-9999,-9999,-9999,-9999,-9999,-9999,-9999,-9999,-9999,-9999,-9999,-9999,-9999,-9999,-9999,-9999,-9999,-9999,-9999,-9999
"20-06-2011",-9999,-9999,-9999,-9999,-9999,-9999,-9999,-9999,-9999,-9999,-9999,-9999,-9999,-9999,-9999,-9999,-9999,-9999,-9999,-9999,-9999,-9999,-9999,-9999
"21-06-2011",-9999,-9999,-9999,-9999,-9999,-9999,-9999,-9999,-9999,-9999,-9999,-9999,-9999,-9999,-9999,-9999,-9999,-9999,-9999,-9999,-9999,-9999,-9999,-9999
"22-06-2011",-9999,-9999,-9999,-9999,-9999,-9999,-9999,-9999,-9999,-9999,-9999,-9999,-9999,-9999,-9999,-9999,-9999,-9999,-9999,-9999,-9999,-9999,-9999,-9999
"23-06-2011",-9999,-9999,-9999,-9999,-9999,-9999,-9999,-9999,-9999,-9999,-9999,-9999,-9999,-9999,-9999,-9999,-9999,-9999,-9999,-9999,-9999,-9999,-9999,-9999
"24-06-2011",-9999,-9999,-9999,-9999,-9999,-9999,75,70,85,88,92,96,95,96,97,97,99,98,97,93,79,76,63,66
"25-06-2011",62,40,27,10,11,7,5,6,35,78,98,104,104,101,108,107,104,101,97,91,72,75,74,99
"26-06-2011",94,81,71,75,75,75,80,76,81,82,88,91,93,94,96,99,101,101,102,102,101,97,97,96
"27-06-2011",96,96,90,91,89,85,84,82,85,89,90,93,90,95,97,101,103,105,104,103,99,91,70,50
"28-06-2011",40,31,41,42,38,26,6,24,58,86,96,103,108,117,120,120,121,119,117,119,107,83,84,66
"29-06-2011",49,29,26,22,26,20,7,18,32,56,83,101,113,117,111,104,101,99,98,94,88,76,61,43
"30-06-2011",13,7,10,10,10,6,5,7,41,68,74,98,123,119,118,115,114,106,104,96,84,73,64,50
"01-07-2011",49,27,40,45,17,7,15,13,38,63,90,114,130,149,144,132,119,114,111,105,102,99,97,97
"02-07-2011",82,62,36,33,23,20,30,40,79,91,107,113,125,123,114,116,115,111,108,104,100,91,94,83
"03-07-2011",79,87,103,102,77,53,43,50,70,85,108,111,112,109,105,108,119,117,112,107,96,76,70,63
"04-07-2011",62,58,52,51,50,41,22,27,53,93,107,128,132,101,102,98,97,100,97,97,90,77,71,61
"05-07-2011",51,36,38,37,20,15,11,14,39,64,111,125,139,161,164,167,152,127,116,111,103,98,95,78
"06-07-2011",70,74,78,79,71,40,14,32,55,75,96,100,105,105,106,110,118,130,136,127,122,122,115,104
"07-07-2011",75,68,59,32,38,93,90,91,92,102,110,117,114,110,105,101,102,101,100,98,94,87,92,78
"08-07-2011",57,53,30,50,83,71,54,64,89,102,109,115,115,115,117,118,119,119,116,113,107,106,102,104
"09-07-2011",104,109,120,120,113,114,113,110,113,116,116,113,109,107,105,105,107,109,108,107,106,99,84,79
"10-07-2011",95,111,111,111,115,116,113,113,115,116,116,115,117,117,116,113,112,115,115,117,113,105,99,103
"11-07-2011",107,113,120,120,118,114,102,100,106,112,115,118,119,120,119,117,117,120,120,121,106,95,102,107
"12-07-2011",111,116,116,118,113,112,105,101,109,110,111,109,112,110,109,111,112,112,112,112,106,95,93,87
"13-07-2011",99,96,102,104,103,100,97,92,99,103,105,108,111,111,113,118,119,119,116,115,111,103,96,94
"14-07-2011",106,110,111,109,106,100,85,86,93,106,111,116,117,119,118,120,120,117,114,109,106,103,107,102
"15-07-2011",98,99,103,106,106,94,82,86,94,104,109,117,120,117,120,118,120,117,116,112,111,100,100,101
"16-07-2011",101,96,104,102,101,92,84,87,102,112,117,122,126,134,131,127,127,129,124,121,107,82,77,63
"17-07-2011",37,23,22,21,23,28,23,39,75,117,151,173,211,184,188,195,182,165,161,147,125,97,84,79
"18-07-2011",81,98,95,67,69,58,24,30,52,95,132,161,172,189,158,132,133,121,113,115,109,96,88,77
"19-07-2011",-9999,-9999,-9999,-9999,-9999,-9999,-9999,-9999,-9999,-9999,-9999,-9999,-9999,-9999,-9999,-9999,-9999,-9999,-9999,-9999,-9999,-9999,-9999,-9999
"20-07-2011",-9999,-9999,-9999,-9999,-9999,-9999,-9999,-9999,-9999,-9999,-9999,-9999,-9999,-9999,-9999,-9999,-9999,-9999,-9999,-9999,-9999,-9999,-9999,-9999
"21-07-2011",-9999,-9999,-9999,-9999,-9999,-9999,-9999,-9999,-9999,-9999,-9999,-9999,-9999,-9999,-9999,-9999,-9999,-9999,-9999,-9999,-9999,-9999,-9999,-9999
"22-07-2011",-9999,-9999,-9999,-9999,-9999,-9999,-9999,-9999,-9999,-9999,-9999,-9999,-9999,-9999,-9999,-9999,-9999,-9999,-9999,-9999,-9999,-9999,-9999,-9999
"23-07-2011",-9999,-9999,-9999,-9999,-9999,-9999,-9999,-9999,-9999,-9999,-9999,-9999,-9999,-9999,-9999,-9999,-9999,-9999,-9999,-9999,-9999,-9999,-9999,-9999
"24-07-2011",-9999,-9999,-9999,-9999,-9999,-9999,-9999,-9999,-9999,-9999,-9999,-9999,-9999,-9999,-9999,-9999,-9999,-9999,-9999,-9999,-9999,-9999,-9999,-9999
"25-07-2011",-9999,-9999,-9999,-9999,-9999,-9999,-9999,-9999,-9999,-9999,-9999,-9999,-9999,-9999,-9999,-9999,-9999,-9999,-9999,-9999,-9999,-9999,-9999,-9999
"26-07-2011",-9999,-9999,-9999,-9999,-9999,-9999,-9999,-9999,-9999,-9999,-9999,-9999,-9999,-9999,-9999,-9999,-9999,-9999,-9999,-9999,-9999,-9999,-9999,-9999
"27-07-2011",-9999,-9999,-9999,-9999,-9999,-9999,-9999,-9999,-9999,-9999,-9999,-9999,-9999,-9999,-9999,-9999,-9999,-9999,-9999,-9999,-9999,-9999,-9999,-9999
"28-07-2011",-9999,-9999,-9999,-9999,-9999,-9999,-9999,-9999,-9999,-9999,-9999,-9999,-9999,-9999,-9999,-9999,-9999,-9999,-9999,-9999,-9999,-9999,-9999,-9999
"29-07-2011",-9999,-9999,-9999,-9999,-9999,-9999,-9999,-9999,-9999,-9999,-9999,-9999,-9999,-9999,-9999,-9999,-9999,-9999,-9999,-9999,-9999,-9999,-9999,-9999
"30-07-2011",-9999,-9999,-9999,-9999,-9999,-9999,-9999,-9999,-9999,-9999,-9999,-9999,-9999,-9999,-9999,-9999,-9999,-9999,-9999,-9999,-9999,-9999,-9999,-9999
"31-07-2011",-9999,-9999,-9999,-9999,-9999,-9999,-9999,-9999,-9999,-9999,-9999,-9999,-9999,-9999,-9999,-9999,-9999,-9999,-9999,-9999,-9999,-9999,-9999,-9999
"01-08-2011",-9999,-9999,-9999,-9999,-9999,-9999,-9999,-9999,-9999,-9999,-9999,-9999,-9999,-9999,-9999,-9999,-9999,-9999,-9999,-9999,-9999,-9999,-9999,-9999
"02-08-2011",-9999,-9999,-9999,-9999,-9999,-9999,-9999,-9999,-9999,-9999,-9999,-9999,-9999,-9999,-9999,-9999,-9999,-9999,-9999,-9999,-9999,-9999,-9999,-9999
"03-08-2011",-9999,-9999,-9999,-9999,-9999,-9999,-9999,-9999,-9999,-9999,-9999,-9999,-9999,101,111,118,120,123,118,115,112,106,106,101
"04-08-2011",100,103,107,106,81,96,102,91,98,109,112,114,117,120,121,122,121,120,117,114,105,94,68,67
"05-08-2011",48,57,55,47,36,30,69,88,103,110,118,124,125,125,124,125,127,126,120,117,118,114,121,123
"06-08-2011",124,118,120,116,113,113,105,102,106,108,108,109,111,111,111,111,111,112,110,106,101,101,100,97
"07-08-2011",99,95,101,108,109,103,98,97,101,109,105,106,107,109,112,115,116,115,114,112,108,104,103,101
"08-08-2011",102,103,105,84,84,62,83,95,98,101,111,117,117,118,122,124,123,121,118,114,105,92,96,108
"09-08-2011",110,115,113,111,108,88,37,31,60,102,133,129,131,136,192,164,151,133,117,112,103,84,76,73
"10-08-2011",64,45,41,35,36,83,52,24,49,83,115,121,123,127,127,124,123,118,119,116,107,99,92,85
"11-08-2011",110,96,94,92,93,95,91,84,87,92,93,98,103,104,106,107,109,110,110,109,106,105,108,105
"12-08-2011",102,100,95,85,82,78,57,63,82,96,101,104,107,99,109,113,116,117,118,112,102,101,100,101
"13-08-2011",106,101,91,88,70,66,94,101,111,115,117,118,122,125,122,121,122,116,116,114,109,106,94,61
"14-08-2011",59,44,35,45,58,94,82,101,113,122,125,126,126,125,127,129,131,129,129,127,122,115,98,74
"15-08-2011",63,54,44,40,49,68,45,79,112,118,119,124,126,124,124,124,123,117,115,113,108,98,100,88
"16-08-2011",66,57,31,32,43,52,92,105,110,121,125,125,125,129,128,124,123,121,118,113,103,94,80,88
"17-08-2011",70,51,48,59,77,93,98,99,108,115,117,115,114,115,116,118,120,120,120,119,114,111,103,110
"18-08-2011",122,124,127,124,116,113,104,98,108,110,108,110,115,116,116,116,116,116,115,116,112,107,110,116
"19-08-2011",117,116,113,112,109,105,103,100,101,106,108,110,111,115,115,115,117,118,118,116,113,116,118,124
"20-08-2011",127,126,124,120,121,123,122,117,124,127,125,125,125,126,126,127,131,129,130,128,130,140,135,134
"21-08-2011",135,132,127,123,120,117,116,112,122,123,123,126,131,132,128,126,124,121,118,116,113,119,122,120
"22-08-2011",117,116,116,115,114,112,111,109,111,108,107,109,108,104,108,110,111,112,116,117,118,118,121,122
"23-08-2011",118,118,117,114,114,110,111,99,90,-9999,85,89,100,100,105,104,105,100,100,98,99,104,109,105
"24-08-2011",109,108,104,105,107,106,100,103,104,106,103,101,102,104,108,109,109,113,110,111,118,119,120,123
"25-08-2011",123,122,118,115,114,111,107,103,108,114,119,121,122,127,132,134,136,133,130,125,123,128,126,119
"26-08-2011",118,120,125,127,122,117,109,107,104,103,103,102,102,106,104,108,113,119,121,122,125,122,120,118
"27-08-2011",116,116,115,111,107,103,104,99,107,110,111,112,114,115,114,115,116,119,120,120,116,117,119,120
"28-08-2011",119,116,114,110,109,108,106,103,101,107,108,109,113,115,116,116,118,121,119,117,115,112,114,114
"29-08-2011",120,120,119,117,114,108,104,108,109,111,113,115,117,119,121,122,122,122,122,119,112,55,65,67
"30-08-2011",58,46,37,51,44,44,48,32,43,88,117,138,158,165,167,180,202,175,151,130,116,102,77,70
"31-08-2011",37,31,24,20,21,16,14,13,33,64,86,118,157,159,144,136,131,121,82,72,67,66,59,59
"01-09-2011",53,61,61,57,36,29,12,8,21,77,108,140,170,168,204,169,129,125,121,116,85,59,61,55
"02-09-2011",32,16,12,28,49,25,10,8,11,51,107,155,165,190,181,138,137,137,129,116,97,59,25,20
"03-09-2011",12,12,12,12,12,12,76,99,118,125,126,131,133,132,133,135,132,127,130,137,136,140,143,142
"04-09-2011",136,145,143,137,136,135,125,118,114,117,118,120,121,121,119,120,120,120,120,117,112,106,108,111
"05-09-2011",110,116,114,116,108,110,83,76,103,114,113,117,116,118,121,123,124,123,122,115,101,78,67,81
"06-09-2011",92,83,65,79,82,89,44,16,89,111,117,117,120,121,126,190,134,120,112,106,100,93,83,109
"07-09-2011",127,125,128,121,121,115,103,85,97,101,112,113,116,117,120,123,124,121,118,113,111,108,103,108
"08-09-2011",105,85,83,84,77,69,69,52,62,97,103,109,114,118,122,125,126,125,123,108,89,77,71,55
"09-09-2011",33,20,16,15,14,12,12,10,12,50,86,138,159,175,178,169,134,131,118,110,91,78,54,57
"10-09-2011",50,23,12,11,10,12,31,93,109,113,115,119,122,128,136,136,131,127,124,118,109,109,106,106
"11-09-2011",109,114,113,109,110,108,109,106,105,112,113,114,115,114,117,119,124,124,119,112,110,109,103,111
"12-09-2011",113,115,118,118,111,112,114,108,109,111,116,122,123,120,115,118,117,116,111,108,101,105,105,105
"13-09-2011",73,56,89,77,57,31,16,19,83,110,111,111,111,107,104,103,100,96,89,78,80,81,83,83
"14-09-2011",56,64,67,62,37,82,91,88,90,100,102,105,111,111,109,105,103,99,90,80,76,56,41,18
"15-09-2011",16,14,14,16,17,16,19,33,37,85,110,118,130,135,138,139,170,190,157,103,58,26,21,21
"16-09-2011",33,40,27,29,79,57,40,76,105,108,111,117,120,118,118,121,125,127,128,120,108,104,119,123
"17-09-2011",124,126,126,124,121,119,117,101,113,114,118,121,124,124,126,126,126,126,130,126,124,128,133,124
"18-09-2011",122,130,124,125,133,127,117,120,122,124,123,122,122,123,124,125,125,124,121,114,112,112,100,93
"19-09-2011",92,99,79,84,75,38,18,15,14,58,102,123,152,160,164,164,129,118,107,88,71,53,55,74
"20-09-2011",69,34,29,36,26,17,15,13,24,64,88,116,125,118,86,76,84,75,51,49,53,57,56,62
"21-09-2011",83,76,65,40,28,17,8,11,25,52,79,89,96,100,105,104,111,101,94,89,77,75,84,93
"22-09-2011",84,91,86,103,99,93,75,73,88,119,118,118,119,118,118,117,116,109,106,104,104,99,94,99
"23-09-2011",94,87,70,70,75,76,77,44,72,93,101,107,112,102,110,116,121,123,123,122,120,120,117,113
"24-09-2011",89,75,34,34,53,42,20,13,14,56,123,131,134,136,135,136,136,135,132,123,116,116,122,126
"25-09-2011",121,106,123,117,122,134,130,107,123,127,131,133,137,139,140,140,140,142,143,139,132,132,132,131
"26-09-2011",129,130,127,127,125,114,106,100,106,105,107,108,114,114,114,116,113,109,104,98,100,103,108,111
"27-09-2011",109,105,100,100,99,101,88,72,83,94,96,98,100,102,103,103,103,104,104,99,99,101,105,110
"28-09-2011",109,106,101,99,99,92,81,83,85,91,94,98,101,91,95,91,95,94,94,95,96,98,101,105
"29-09-2011",106,103,100,98,95,93,90,79,78,89,95,97,100,101,103,104,106,105,105,102,96,96,95,109
"30-09-2011",109,116,109,105,106,105,77,71,90,97,102,105,113,109,109,108,108,105,92,83,79,74,72,71
"01-10-2011",74,74,73,72,72,70,68,67,69,73,73,77,79,82,84,86,84,83,83,82,80,81,80,55
"02-10-2011",24,36,17,20,35,41,31,41,58,78,80,82,85,85,85,84,86,87,92,96,94,84,67,64
"03-10-2011",83,95,97,99,96,93,88,80,70,75,80,86,92,94,99,104,104,105,102,101,94,90,91,90
"04-10-2011",96,97,95,97,98,93,86,77,75,84,93,98,103,106,108,109,109,107,102,99,92,66,45,15
"05-10-2011",10,18,28,12,23,14,7,6,33,86,105,112,117,121,126,114,114,113,107,103,96,72,40,26
"06-10-2011",9,10,28,34,29,18,6,4,3,21,70,114,130,134,150,154,149,159,142,107,99,87,50,11
"07-10-2011",7,8,6,21,17,7,5,3,3,20,72,89,108,124,126,124,118,114,105,81,55,68,80,83
"08-10-2011",78,71,63,61,50,27,23,8,10,55,89,98,101,99,96,91,83,80,80,79,76,79,89,96
"09-10-2011",95,93,87,81,78,78,78,66,75,75,77,84,88,94,93,92,90,88,80,50,29,29,37,34
"10-10-2011",61,69,54,63,58,41,47,40,42,41,41,45,45,46,23,26,50,51,52,53,43,50,50,51
"11-10-2011",53,48,43,52,57,54,44,41,46,53,55,60,63,61,60,59,61,63,67,59,41,35,16,7
"12-10-2011",11,11,36,38,39,34,20,9,11,23,48,78,92,103,109,108,94,88,61,24,9,7,6,6
"13-10-2011",5,5,5,5,4,5,4,2,2,7,26,76,99,114,122,116,108,96,88,84,50,12,7,6
"14-10-2011",5,5,5,5,5,5,5,5,30,48,60,62,61,63,65,66,64,60,61,65,65,67,67,67
"15-10-2011",65,64,66,65,64,63,63,62,59,47,47,56,59,62,66,70,69,66,61,61,58,62,62,63
"16-10-2011",65,63,64,62,60,62,64,66,71,73,73,70,70,70,65,61,63,63,61,63,64,66,65,64
"17-10-2011",64,64,63,63,64,61,56,53,50,56,58,60,61,63,65,63,66,69,64,45,51,60,52,38
"18-10-2011",40,35,33,28,19,9,7,5,5,18,42,60,71,79,83,82,83,79,67,60,31,18,19,21
"19-10-2011",17,15,14,11,8,7,6,5,3,15,63,84,90,97,100,101,99,95,76,46,28,19,18,19
"20-10-2011",12,7,8,9,11,7,5,4,4,21,71,90,106,134,144,145,129,106,87,79,58,30,14,15
"21-10-2011",11,8,5,5,5,5,4,2,1,8,61,76,94,122,129,126,90,86,63,30,12,12,9,5
"22-10-2011",3,2,2,3,4,3,3,2,2,5,51,77,97,118,128,107,101,101,100,100,95,89,92,95
"23-10-2011",92,91,95,93,90,90,87,86,83,81,86,87,90,92,92,93,94,93,91,89,87,82,84,84
"24-10-2011",88,87,87,86,84,75,76,56,66,76,80,80,80,82,81,82,82,81,81,75,71,73,73,70
"25-10-2011",77,78,78,75,73,72,71,63,62,66,70,73,78,80,81,82,84,85,86,84,82,85,89,87
"26-10-2011",80,76,74,78,80,81,79,73,75,76,79,80,82,84,85,83,80,80,81,82,78,76,81,80
"27-10-2011",76,77,78,77,79,79,78,73,73,73,73,75,77,78,78,78,78,76,74,76,78,77,78,79
"28-10-2011",79,80,76,74,75,76,77,70,71,76,78,82,84,86,87,87,86,86,84,82,81,83,85,87
"29-10-2011",89,89,88,88,83,78,77,74,74,74,73,77,82,82,87,87,87,86,85,86,86,87,88,87
"30-10-2011",87,86,86,85,84,83,82,83,85,85,83,83,82,80,82,80,78,75,76,77,71,72,71,73
"31-10-2011",76,77,77,77,74,79,72,51,46,56,78,79,80,79,81,79,76,69,62,62,68,69,74,76
"01-11-2011",78,79,58,60,72,45,30,42,70,86,93,96,96,99,95,81,74,52,22,20,18,18,20,24
"02-11-2011",19,38,60,49,55,64,26,12,38,73,87,89,94,99,97,96,95,89,84,78,77,85,80,72
"03-11-2011",86,82,73,81,84,79,62,64,80,87,90,91,93,94,92,91,89,82,72,74,65,59,52,67
"04-11-2011",55,43,36,64,54,23,17,22,45,71,76,79,81,85,86,84,80,69,67,70,68,74,81,82
"05-11-2011",79,71,60,62,63,67,66,32,58,82,86,87,88,91,91,92,85,77,71,63,55,54,38,36
"06-11-2011",25,23,19,15,16,15,12,16,20,74,88,99,104,97,92,92,90,71,56,46,45,33,60,33
"07-11-2011",24,18,14,12,10,9,11,8,18,71,74,75,75,75,75,74,70,69,67,68,68,72,76,77
"08-11-2011",78,78,78,78,76,73,62,57,62,66,68,70,74,78,77,73,73,64,62,62,59,58,59,24
"09-11-2011",33,46,35,37,41,33,11,10,16,45,60,62,63,60,54,34,39,13,10,11,13,11,8,4
"10-11-2011",3,3,4,4,5,5,4,4,12,32,39,45,59,74,72,68,59,53,50,46,39,30,29,58
"11-11-2011",65,68,66,66,68,64,60,51,65,69,70,76,78,80,78,75,71,69,64,62,60,58,60,59
"12-11-2011",61,60,60,61,62,61,60,60,60,64,69,71,73,69,67,65,63,63,66,66,67,66,70,71
"13-11-2011",72,71,71,73,74,73,72,69,67,67,67,66,67,68,68,70,70,69,71,70,70,72,73,72
"14-11-2011",70,72,73,75,74,75,70,68,69,70,69,67,67,70,67,69,68,65,65,69,69,70,72,71
"15-11-2011",73,72,73,73,70,65,62,60,61,59,65,67,70,67,66,65,61,59,64,50,47,47,52,52
"16-11-2011",57,61,58,59,59,42,36,32,25,28,42,59,73,76,76,77,75,68,71,60,60,59,58,53
"17-11-2011",66,72,66,49,33,18,15,14,25,51,62,76,78,76,70,67,61,56,55,60,59,57,57,57
"18-11-2011",61,60,63,63,62,57,42,41,52,58,66,72,77,77,78,82,79,67,54,46,58,31,33,25
"19-11-2011",21,21,16,14,13,12,10,7,10,37,68,85,90,92,94,89,78,46,18,17,12,7,5,12
"20-11-2011",11,24,17,17,11,13,56,79,87,92,95,94,93,94,95,93,91,86,78,78,53,19,7,5
"21-11-2011",4,3,4,25,35,17,12,12,62,58,79,91,92,92,86,89,79,68,48,52,56,20,12,8
"22-11-2011",7,7,7,12,16,13,10,7,5,40,73,95,99,95,85,71,56,33,14,10,8,8,7,7
"23-11-2011",6,17,52,62,51,34,26,10,9,35,72,81,86,85,84,82,79,77,73,72,74,71,82,82
"24-11-2011",85,83,79,74,74,71,68,59,61,65,68,72,76,78,73,74,77,74,75,72,69,69,76,79
"25-11-2011",79,77,77,78,78,75,71,66,67,69,72,74,72,72,73,74,71,71,68,69,71,68,71,70
"26-11-2011",67,70,72,71,70,64,59,63,69,74,75,74,76,71,66,65,64,63,64,56,49,49,28,23
"27-11-2011",21,20,19,15,12,12,18,53,61,62,71,78,79,83,83,80,76,74,71,41,27,35,32,10
"28-11-2011",8,7,7,7,7,7,7,4,2,11,38,47,69,69,59,41,14,6,4,4,3,3,4,4
"29-11-2011",4,4,3,3,4,11,55,62,78,79,82,83,79,80,79,81,80,77,78,78,76,77,79,77
"30-11-2011",78,68,37,22,24,16,10,7,11,41,59,72,82,79,83,81,74,65,46,31,17,10,6,5
"01-12-2011",3,2,3,3,4,6,6,4,3,10,31,57,70,78,77,64,32,8,4,2,2,2,3,2
"02-12-2011",2,4,4,4,5,6,5,2,1,11,49,67,61,72,69,55,29,10,5,4,2,2,2,2
"03-12-2011",2,2,1,1,1,1,1,1,1,17,57,64,78,85,84,82,61,21,8,5,4,4,4,3
"04-12-2011",2,1,1,1,1,1,1,1,1,13,47,72,80,81,80,79,64,34,14,7,6,5,3,2
"05-12-2011",2,2,3,4,5,5,3,1,1,3,35,59,67,69,71,71,65,42,39,31,30,25,44,16
"06-12-2011",10,54,24,36,58,65,43,15,16,53,72,72,70,69,66,59,56,62,67,49,13,13,11,6
"07-12-2011",6,6,6,7,7,7,5,2,2,33,46,58,55,44,42,32,35,14,18,15,38,47,35,42
"08-12-2011",54,64,64,53,65,53,27,6,5,22,44,62,67,67,74,74,72,57,21,48,66,65,77,78
"09-12-2011",76,76,77,78,77,69,58,29,53,59,66,74,76,75,75,64,46,32,13,14,13,4,4,4
"10-12-2011",4,3,2,2,2,4,3,3,3,10,55,71,76,75,72,64,50,27,8,6,5,4,3,2
"11-12-2011",1,1,2,3,3,3,4,4,4,13,46,63,71,76,73,69,50,29,7,6,4,4,3,3
"12-12-2011",1,1,2,3,3,3,2,1,1,1,25,39,61,68,66,65,39,12,6,4,2,2,1,1
"13-12-2011",1,1,1,1,3,2,2,1,1,1,1,9,25,48,63,57,43,14,26,7,5,4,4,3
"14-12-2011",2,2,1,1,3,4,4,1,1,5,41,48,56,66,67,52,26,10,5,4,2,1,1,1
"15-12-2011",1,1,1,4,5,5,4,1,2,25,42,50,56,73,72,70,55,55,54,32,20,26,26,10
"16-12-2011",8,6,6,5,5,5,5,4,19,31,57,64,69,73,76,69,54,45,39,8,6,4,4,32
"17-12-2011",45,42,51,51,67,44,58,73,72,71,72,76,75,76,72,74,69,70,67,63,61,53,58,58
"18-12-2011",43,30,38,57,66,48,61,41,20,16,34,54,49,46,44,31,38,32,22,39,48,57,61,65
"19-12-2011",67,66,65,61,57,54,51,45,45,47,58,63,61,60,53,52,44,40,27,39,39,35,29,33
"20-12-2011",24,12,10,11,10,9,6,5,3,20,51,69,69,69,65,65,57,50,48,45,50,49,52,62
"21-12-2011",53,62,71,73,73,52,18,9,7,29,62,66,71,76,79,74,60,58,53,50,43,45,57,61
"22-12-2011",66,69,80,81,81,84,79,74,66,51,-9999,-9999,43,61,65,50,28,49,52,53,53,38,26,37
"23-12-2011",40,46,53,43,44,38,42,32,22,16,30,50,54,53,50,52,61,61,61,59,61,69,74,75
"24-12-2011",76,78,79,75,72,69,62,57,57,63,67,71,70,64,64,62,60,56,57,55,50,49,53,62
"25-12-2011",63,59,59,56,52,55,65,69,73,75,77,78,78,81,86,85,85,82,81,83,81,82,84,88
"26-12-2011",89,89,89,88,86,87,87,83,81,81,82,83,85,85,86,86,83,81,79,84,82,80,80,79
"27-12-2011",79,80,78,76,75,70,66,53,56,66,72,73,75,76,75,70,67,60,50,52,43,29,25,27
"28-12-2011",21,20,27,22,17,13,11,5,3,13,37,62,71,72,71,66,61,53,48,54,53,59,41,22
"29-12-2011",13,10,8,6,6,5,5,4,2,19,47,72,81,82,79,71,59,36,19,15,8,6,5,7
"30-12-2011",5,5,5,5,6,7,8,8,9,26,66,71,74,66,61,60,62,47,30,44,33,46,36,25
"31-12-2011",15,13,12,10,9,7,6,4,4,5,24,54,64,50,56,59,58,65,68,66,64,65,63,65
