"01-01-2013",6,5,7,7,8,5,6,7,6,4,3,4,5,3,3,3,3,3,5,7,7,7,5,6
"02-01-2013",6,5,6,5,5,5,7,8,9,10,7,7,6,5,6,7,7,9,7,8,9,8,8,8
"03-01-2013",10,9,8,7,7,7,9,10,12,13,12,7,6,7,8,7,6,7,11,14,16,19,19,17
"04-01-2013",15,14,15,12,12,18,22,21,15,18,18,15,12,16,10,18,24,23,28,34,40,33,29,25
"05-01-2013",21,19,18,10,10,10,10,12,11,11,10,9,8,7,8,9,11,18,24,29,31,38,30,22
"06-01-2013",19,34,24,13,11,8,7,6,6,6,6,7,8,7,7,7,7,7,7,8,10,11,8,8
"07-01-2013",7,6,6,7,6,8,11,14,14,15,11,9,17,12,16,10,9,9,11,11,10,7,5,4
"08-01-2013",4,4,5,5,4,4,4,6,5,6,6,7,7,7,7,9,8,9,12,15,20,17,10,14
"09-01-2013",10,9,6,6,7,7,12,16,17,16,13,15,12,13,16,13,15,21,30,37,47,43,35,25
"10-01-2013",21,19,17,16,14,16,20,24,27,22,17,20,17,16,17,15,14,12,22,41,52,53,46,36
"11-01-2013",24,21,16,11,5,4,5,6,14,14,11,7,8,9,9,10,12,10,15,16,17,15,14,16
"12-01-2013",12,13,8,10,11,10,10,10,11,8,9,9,8,8,10,9,11,10,12,12,12,11,14,14
"13-01-2013",15,13,13,11,10,8,8,8,8,9,8,8,9,8,9,8,6,6,8,11,12,10,11,9
"14-01-2013",7,8,7,8,7,8,12,14,13,10,8,8,6,4,5,4,5,5,7,9,10,11,10,10
"15-01-2013",7,7,5,7,9,10,13,14,14,7,6,7,6,6,6,5,5,5,5,6,5,4,4,4
"16-01-2013",4,3,4,3,4,4,4,4,5,7,5,4,4,5,5,5,4,7,9,10,8,6,5,5
"17-01-2013",6,7,8,8,7,9,11,15,15,15,10,9,8,8,7,8,6,5,5,5,5,5,4,4
"18-01-2013",3,3,3,3,3,4,4,6,5,5,5,5,7,8,7,9,11,12,13,11,10,10,9,10
"19-01-2013",9,9,11,9,9,11,11,14,12,10,9,8,7,7,7,7,7,11,17,21,19,11,10,10
"20-01-2013",9,8,8,8,7,9,11,11,9,9,11,11,11,9,7,5,4,4,3,4,4,4,5,3
"21-01-2013",4,6,6,5,6,8,11,13,15,13,-9999,-9999,6,5,4,5,4,4,3,3,3,3,3,4
"22-01-2013",4,-9999,4,4,5,8,13,15,11,10,10,9,9,9,9,8,8,9,9,7,8,9,7,8
"23-01-2013",6,6,7,9,10,13,11,17,-9999,18,15,9,9,9,10,12,11,14,16,19,22,19,18,18
"24-01-2013",13,12,13,12,9,7,7,5,4,4,4,4,4,4,4,4,5,6,5,6,5,11,10,8
"25-01-2013",8,9,7,7,7,10,8,11,13,9,9,8,7,6,5,5,5,4,5,5,4,4,4,4
"26-01-2013",4,4,4,4,4,5,5,6,7,4,5,5,4,4,5,5,5,5,5,6,8,7,8,6
"27-01-2013",6,6,5,5,5,5,6,7,5,6,7,6,6,6,4,4,4,4,5,5,6,6,5,5
"28-01-2013",4,4,4,4,5,6,8,11,10,9,11,12,11,9,8,11,13,12,13,14,13,14,11,11
"29-01-2013",8,5,5,6,6,7,10,10,9,7,7,5,4,5,4,4,5,5,5,4,4,4,6,7
"30-01-2013",6,6,6,7,6,7,9,11,12,12,13,13,24,23,29,22,11,12,19,26,22,28,13,8
"31-01-2013",7,7,7,7,8,12,13,15,18,23,22,17,15,13,11,10,11,10,10,10,10,9,6,5
"01-02-2013",4,4,5,5,7,10,14,14,19,17,15,14,16,12,11,11,11,11,13,14,14,17,16,18
"02-02-2013",15,11,11,10,10,11,14,11,12,11,11,11,11,10,10,9,9,8,9,9,8,6,6,5
"03-02-2013",4,4,3,3,3,3,3,3,4,4,4,4,4,4,4,4,4,4,4,4,3,3,3,3
"04-02-2013",3,3,3,3,3,6,8,8,10,8,7,7,8,8,7,6,6,5,5,4,7,6,7,7
"05-02-2013",6,6,5,5,3,3,3,3,6,5,6,6,5,6,6,5,4,4,5,6,6,5,6,7
"06-02-2013",6,6,6,6,7,9,11,12,12,12,12,13,14,15,15,12,10,10,11,10,12,12,13,14
"07-02-2013",9,7,6,5,5,6,6,6,7,6,6,5,5,5,4,5,5,5,4,5,5,4,4,6
"08-02-2013",6,4,4,4,5,7,10,14,14,12,10,9,8,9,8,9,9,14,14,11,14,14,12,12
"09-02-2013",9,9,7,8,8,8,10,11,13,12,9,8,7,6,7,7,7,9,11,15,17,15,13,10
"10-02-2013",8,9,8,7,8,9,9,11,14,23,12,13,10,10,7,9,10,11,15,18,22,29,20,15
"11-02-2013",13,10,12,8,8,10,11,12,9,9,9,7,9,10,8,8,8,9,14,16,14,13,13,12
"12-02-2013",13,12,10,9,9,10,12,18,19,16,14,9,7,7,7,8,7,6,6,7,7,6,6,5
"13-02-2013",5,5,5,4,4,4,4,4,4,4,4,6,5,5,4,4,6,4,4,5,7,4,5,5
"14-02-2013",4,4,5,4,4,4,6,8,7,6,3,5,6,5,3,4,5,7,7,7,7,7,6,7
"15-02-2013",6,5,4,5,5,5,9,10,7,8,7,5,4,4,4,5,4,4,4,6,7,6,8,8
"16-02-2013",8,7,7,6,6,6,7,7,6,6,6,7,7,6,6,7,6,4,5,5,6,5,5,5
"17-02-2013",6,4,4,4,3,3,3,4,3,3,4,4,4,4,4,4,4,4,5,6,8,7,7,6
"18-02-2013",6,5,4,4,4,5,5,8,8,8,8,7,-9999,8,6,5,5,5,7,11,14,13,10,10
"19-02-2013",10,8,7,7,6,6,5,9,9,7,5,6,7,7,8,9,10,9,9,11,11,10,9,7
"20-02-2013",7,7,9,6,7,8,9,10,11,13,9,6,5,8,9,8,9,9,9,13,18,17,12,11
"21-02-2013",11,8,8,8,6,7,8,11,16,17,9,7,6,6,5,5,5,5,6,7,6,5,4,3
"22-02-2013",3,3,3,3,3,3,4,4,3,4,5,5,7,6,6,7,8,5,5,5,6,8,5,8
"23-02-2013",7,7,8,7,6,8,10,10,9,7,6,7,7,7,7,7,7,9,9,7,10,11,11,12
"24-02-2013",12,11,9,10,10,10,7,8,7,5,5,5,5,6,5,4,5,5,5,5,5,5,7,6
"25-02-2013",6,4,4,4,5,6,6,10,12,12,5,5,4,4,4,4,4,4,4,4,4,3,3,3
"26-02-2013",3,3,3,3,3,3,3,4,4,5,7,8,8,8,9,11,11,9,9,9,8,9,9,6
"27-02-2013",6,5,5,5,8,9,11,16,13,15,9,8,7,8,8,8,7,8,9,9,9,10,7,5
"28-02-2013",10,6,5,5,4,4,4,5,6,6,6,6,5,5,5,5,6,5,5,6,7,6,5,6
"01-03-2013",4,5,4,4,4,5,7,9,10,10,8,8,8,13,14,13,12,11,12,13,13,14,14,13
"02-03-2013",10,8,8,9,9,8,10,10,11,11,12,11,9,9,9,9,9,8,7,9,10,9,6,5
"03-03-2013",5,4,4,3,3,3,3,3,3,3,3,4,4,4,4,4,5,5,9,9,10,10,7,7
"04-03-2013",7,5,5,5,4,5,9,13,12,11,10,9,7,8,11,13,12,7,6,11,16,14,12,10
"05-03-2013",10,10,7,6,5,5,6,7,9,11,10,10,9,8,7,7,6,8,9,11,10,9,7,6
"06-03-2013",6,5,5,5,5,5,6,7,8,9,8,7,10,22,23,23,18,15,16,18,21,21,17,12
"07-03-2013",8,8,6,5,5,6,8,11,11,9,7,6,6,-9999,7,5,3,3,4,8,8,5,7,6
"08-03-2013",7,5,6,6,6,5,8,11,12,11,9,8,7,8,8,9,8,8,7,8,9,8,8,8
"09-03-2013",7,8,8,8,8,8,9,9,8,7,7,7,7,7,7,7,7,8,9,8,10,9,7,7
"10-03-2013",8,7,7,6,6,5,7,8,7,7,8,9,10,12,11,10,8,9,8,10,14,16,13,12
"11-03-2013",12,10,7,6,5,7,10,11,10,8,9,9,9,9,9,9,10,10,9,10,11,12,11,8
"12-03-2013",8,10,14,15,19,17,14,14,21,47,19,18,11,11,11,11,9,11,13,15,16,13,8,7
"13-03-2013",8,7,6,6,8,7,11,14,14,10,7,8,6,7,7,7,8,7,9,12,11,7,5,4
"14-03-2013",4,4,5,5,4,4,5,7,8,6,7,4,4,4,4,4,4,5,4,4,5,6,5,5
"15-03-2013",5,4,4,4,4,5,7,8,9,8,7,8,7,12,12,9,9,10,9,11,10,13,18,24
"16-03-2013",18,13,14,15,13,8,8,7,6,7,5,6,7,5,6,5,5,6,8,9,9,8,7,6
"17-03-2013",6,6,6,5,5,5,5,5,6,6,6,5,7,10,8,8,5,6,7,10,13,13,11,10
"18-03-2013",8,7,7,6,6,6,6,6,6,7,7,6,6,5,5,5,5,4,4,4,4,5,4,4
"19-03-2013",4,3,4,3,3,4,5,5,5,6,6,6,6,5,5,5,5,4,4,4,4,6,7,6
"20-03-2013",5,6,6,5,7,7,9,14,12,11,12,13,12,10,8,9,9,10,11,10,10,13,13,9
"21-03-2013",8,6,5,5,5,5,5,9,9,10,9,6,5,6,5,5,7,6,5,5,7,7,6,6
"22-03-2013",8,4,5,9,10,7,11,10,11,8,7,6,6,6,6,5,6,6,6,8,13,15,15,23
"23-03-2013",16,12,13,17,6,5,7,6,6,7,7,11,8,7,9,9,7,8,8,9,8,6,7,8
"24-03-2013",9,8,7,6,6,7,6,6,6,7,7,6,6,5,5,5,5,5,5,5,5,6,5,5
"25-03-2013",5,4,4,4,4,5,5,5,4,4,4,4,4,4,4,4,4,4,4,4,4,3,3,3
"26-03-2013",3,4,4,4,3,4,5,8,8,9,8,9,7,7,7,7,7,8,7,7,8,7,6,6
"27-03-2013",5,5,5,4,4,7,9,10,14,11,11,10,9,8,8,8,7,8,11,11,11,10,8,7
"28-03-2013",6,6,6,6,4,5,8,10,12,10,6,6,7,7,8,8,7,8,9,8,7,7,7,6
"29-03-2013",6,5,5,4,5,5,6,8,8,7,8,-9999,7,7,8,9,9,9,8,8,8,8,7,7
"30-03-2013",7,6,6,7,7,8,9,10,8,7,7,8,7,7,7,7,7,8,8,8,8,8,8,8
"31-03-2013",8,7,7,6,6,6,6,5,4,5,6,7,6,7,6,6,6,6,7,7,7,7,6,6
"01-04-2013",6,5,5,6,9,10,-9999,12,11,22,25,13,8,6,7,11,9,10,12,13,14,13,12,7
"02-04-2013",6,6,6,6,6,7,10,10,11,14,12,10,9,8,7,6,6,7,5,4,5,4,5,4
"03-04-2013",4,5,4,4,4,5,6,9,7,8,10,9,8,7,7,7,6,6,7,8,7,6,7,9
"04-04-2013",9,6,9,8,6,7,8,11,16,16,12,7,7,6,7,7,7,6,7,8,9,9,7,6
"05-04-2013",6,6,5,6,6,8,11,14,13,13,10,8,7,7,6,7,5,4,5,5,5,5,6,6
"06-04-2013",5,6,5,4,5,7,7,7,8,9,9,9,11,8,8,8,8,8,7,8,8,9,9,5
"07-04-2013",4,4,4,4,4,4,4,4,4,4,4,4,4,4,4,4,4,5,5,5,6,7,6,5
"08-04-2013",5,5,4,4,5,6,7,8,5,6,6,6,6,7,8,8,8,9,7,7,8,7,5,5
"09-04-2013",5,4,4,4,4,6,5,7,10,8,7,7,8,11,11,12,10,10,9,9,10,9,7,7
"10-04-2013",6,5,5,4,5,6,7,10,8,14,13,13,11,9,9,8,8,7,6,8,8,8,8,7
"11-04-2013",7,6,5,5,6,6,8,13,10,13,21,20,14,13,11,9,9,7,9,8,7,7,7,7
"12-04-2013",7,7,7,7,8,8,10,13,14,15,15,16,20,23,16,13,14,11,8,9,7,8,9,8
"13-04-2013",9,8,7,8,8,8,9,10,11,10,13,10,15,14,15,13,9,9,9,10,10,9,9,8
"14-04-2013",8,8,7,7,7,6,8,8,16,16,9,7,6,5,6,5,5,5,5,5,5,5,5,4
"15-04-2013",4,4,4,4,4,4,4,4,7,7,6,6,6,5,5,4,4,5,5,6,5,4,4,4
"16-04-2013",4,4,4,4,3,4,6,7,7,7,6,6,5,5,5,5,4,4,4,4,4,4,5,4
"17-04-2013",4,4,4,4,5,5,6,6,8,7,6,6,6,7,6,6,7,6,6,6,6,7,8,7
"18-04-2013",7,5,5,5,5,4,5,6,6,6,5,4,5,5,5,5,6,7,8,10,10,9,7,8
"19-04-2013",7,7,6,6,7,7,8,11,12,10,8,8,7,5,6,6,5,4,5,5,6,7,8,8
"20-04-2013",7,7,7,7,6,7,6,7,6,6,5,4,4,5,5,4,5,5,5,4,5,5,5,7
"21-04-2013",8,7,5,5,5,5,5,6,6,6,5,5,5,5,4,4,4,4,7,10,10,10,8,7
"22-04-2013",8,8,7,6,6,7,8,9,11,8,7,8,6,10,11,9,9,8,4,4,4,6,6,5
"23-04-2013",5,5,5,4,5,6,9,12,10,6,6,4,5,5,4,4,4,4,4,5,5,6,6,6
"24-04-2013",4,4,4,5,5,7,8,11,9,13,14,10,5,5,5,5,4,4,4,5,5,5,7,13
"25-04-2013",17,9,6,6,6,7,12,13,12,6,7,7,6,5,5,5,5,11,14,15,7,8,8,8
"26-04-2013",8,8,9,7,6,7,15,15,14,17,11,9,6,25,16,14,13,11,9,5,10,13,12,11
"27-04-2013",12,10,10,10,10,11,11,12,13,14,15,18,13,15,13,10,9,8,7,9,10,10,10,10
"28-04-2013",8,9,7,6,6,6,8,8,8,9,11,15,20,15,12,7,6,7,7,8,10,10,10,9
"29-04-2013",7,7,8,6,8,8,10,15,18,25,26,24,31,32,36,20,18,13,15,14,14,16,20,17
"30-04-2013",14,8,9,7,9,19,12,15,18,17,14,7,7,6,6,6,5,5,5,5,5,5,5,5
"01-05-2013",5,6,7,6,7,9,8,8,9,8,6,6,5,5,5,5,5,4,4,4,5,5,5,6
"02-05-2013",5,4,4,4,4,6,10,6,10,6,5,5,5,4,4,4,4,4,4,4,4,4,4,4
"03-05-2013",4,5,8,12,10,8,7,6,6,7,7,5,5,5,9,9,8,7,7,6,6,6,6,7
"04-05-2013",7,7,8,8,8,8,9,8,9,9,12,13,13,15,17,17,14,10,9,9,7,8,9,9
"05-05-2013",10,11,11,15,13,12,11,11,10,10,12,12,13,13,12,12,11,10,10,9,8,10,11,8
"06-05-2013",8,8,8,7,6,6,7,6,6,5,5,5,5,5,5,5,5,5,4,4,4,4,4,4
"07-05-2013",4,4,5,5,5,5,4,4,5,5,5,5,5,5,4,4,4,4,4,4,4,4,5,6
"08-05-2013",6,5,5,4,5,6,8,9,10,9,9,10,8,8,9,6,5,6,6,5,5,5,5,5
"09-05-2013",5,5,5,5,5,5,5,6,5,4,4,4,4,4,4,4,4,4,4,4,4,4,4,4
"10-05-2013",4,5,4,4,4,5,5,7,7,4,4,4,4,4,4,4,5,5,6,6,6,6,4,5
"11-05-2013",4,6,5,5,5,6,6,7,7,6,8,8,7,8,9,9,8,8,8,8,8,9,8,7
"12-05-2013",7,6,6,5,5,6,6,6,6,8,10,9,8,7,7,6,6,6,7,7,7,7,7,6
"13-05-2013",6,7,6,6,6,7,9,9,9,9,7,8,7,8,10,7,4,4,5,8,6,6,5,5
"14-05-2013",5,5,5,4,4,5,6,7,7,8,7,6,6,7,6,6,5,5,7,6,5,4,5,5
"15-05-2013",6,5,5,5,5,6,9,12,12,9,10,10,9,9,9,8,7,8,8,8,8,8,8,7
"16-05-2013",6,5,5,5,5,7,9,12,11,10,9,11,9,8,8,9,10,8,7,8,9,9,8,7
"17-05-2013",6,6,6,5,5,6,8,10,9,8,9,9,7,6,8,9,10,8,8,8,8,7,6,6
"18-05-2013",7,7,8,6,6,7,8,9,8,6,7,7,7,7,7,6,7,8,7,8,9,10,7,8
"19-05-2013",8,10,7,9,9,8,8,8,6,7,10,12,13,13,13,14,14,7,7,10,11,10,10,11
"20-05-2013",10,11,10,8,8,10,10,12,14,10,10,12,13,12,10,10,10,10,10,10,10,12,8,8
"21-05-2013",8,8,8,8,8,9,11,14,16,21,21,19,20,20,19,16,15,13,11,10,9,10,9,8
"22-05-2013",9,10,11,12,11,12,13,14,13,14,17,-9999,-9999,14,14,15,13,12,11,9,9,8,8,9
"23-05-2013",8,7,5,6,6,6,6,5,7,11,12,12,11,9,8,9,8,7,8,8,7,7,7,6
"24-05-2013",6,6,5,5,6,6,10,12,12,10,9,8,8,9,8,9,9,8,8,8,9,10,10,10
"25-05-2013",8,7,7,7,7,7,9,10,11,13,10,8,8,8,9,8,8,8,7,8,8,9,10,9
"26-05-2013",8,9,8,8,7,8,13,9,14,20,13,11,10,10,7,7,7,8,9,8,8,8,8,8
"27-05-2013",10,8,7,17,6,16,22,10,13,11,16,9,9,8,9,10,10,8,8,8,8,11,9,8
"28-05-2013",7,6,5,6,6,9,11,11,14,17,20,15,9,9,10,11,9,8,7,7,7,7,6,6
"29-05-2013",6,6,6,5,5,5,5,5,5,5,5,6,6,5,7,7,7,6,6,7,7,7,7,6
"30-05-2013",5,5,5,5,5,7,9,10,14,15,11,10,10,10,10,8,6,8,8,9,9,9,8,7
"31-05-2013",7,7,7,7,8,9,11,12,12,12,10,10,8,8,8,8,8,10,9,9,12,12,10,8
"01-06-2013",9,8,5,7,5,7,10,14,9,13,14,11,9,9,8,7,7,7,6,5,6,7,7,6
"02-06-2013",5,5,5,6,6,6,7,7,7,6,7,7,7,6,7,7,8,7,7,7,6,7,9,8
"03-06-2013",7,7,8,10,10,10,12,13,16,19,20,13,11,9,9,9,10,9,8,8,9,9,8,7
"04-06-2013",6,6,5,5,5,6,7,11,10,10,12,11,10,10,8,8,8,9,8,9,9,8,7,9
"05-06-2013",9,7,6,6,10,10,10,15,16,14,14,12,10,9,9,8,8,9,9,8,9,9,8,6
"06-06-2013",6,6,6,5,5,6,8,12,9,9,9,9,9,8,7,6,5,6,6,6,7,7,8,7
"07-06-2013",6,6,5,5,5,6,5,7,9,10,10,9,8,9,9,12,11,10,10,9,8,5,7,6
"08-06-2013",5,5,6,5,4,5,6,5,5,5,5,5,5,5,5,4,4,5,6,5,7,8,7,6
"09-06-2013",7,7,7,6,6,7,7,7,6,6,6,7,7,7,7,6,6,5,5,6,7,7,7,7
"10-06-2013",8,7,7,7,7,8,8,10,11,14,16,15,15,14,12,12,12,10,9,9,9,8,8,7
"11-06-2013",6,6,6,5,5,6,6,8,8,9,9,10,9,9,9,9,9,8,8,7,6,7,5,5
"12-06-2013",6,6,6,6,6,7,9,9,8,8,8,9,8,8,7,5,5,6,5,6,5,5,5,5
"13-06-2013",5,5,5,4,5,6,6,7,6,6,6,5,5,4,4,3,3,3,4,5,5,4,3,3
"14-06-2013",4,3,3,3,3,4,5,-9999,5,6,5,4,5,6,5,4,5,5,5,4,4,4,4,6
"15-06-2013",6,5,6,4,5,5,7,6,7,5,5,6,6,6,5,6,6,6,5,6,6,7,6,6
"16-06-2013",6,6,6,7,7,8,8,7,7,7,7,7,8,7,7,7,7,5,5,4,4,5,5,4
"17-06-2013",5,4,4,4,5,6,9,10,10,10,8,8,7,8,6,6,6,5,5,5,5,6,5,5
"18-06-2013",5,5,5,5,5,7,5,5,8,5,5,5,5,5,5,5,5,4,5,4,4,4,4,4
"19-06-2013",4,3,4,4,4,4,4,6,7,5,5,5,5,5,5,4,4,4,4,4,4,5,4,4
"20-06-2013",4,4,4,4,4,4,4,4,5,4,4,4,4,4,5,4,4,4,4,4,4,4,4,4
"21-06-2013",4,4,4,4,4,4,4,5,5,5,5,4,4,4,4,4,4,4,4,4,4,4,5,6
"22-06-2013",6,5,5,5,5,6,6,7,7,5,5,5,5,5,4,5,6,6,5,5,5,5,7,6
"23-06-2013",7,6,6,6,6,6,5,6,7,6,5,5,5,5,6,6,6,5,5,5,6,7,7,7
"24-06-2013",6,7,6,6,7,9,9,11,11,11,13,15,14,13,12,12,11,10,10,11,8,9,9,9
"25-06-2013",9,7,6,6,8,9,12,14,15,15,21,18,15,14,13,14,14,13,11,11,11,11,9,7
"26-06-2013",8,8,10,10,9,11,13,15,18,18,17,17,13,14,14,13,10,7,7,7,7,6,6,6
"27-06-2013",5,4,5,5,5,6,6,6,6,8,8,9,8,7,6,5,5,5,4,5,6,5,6,6
"28-06-2013",5,5,5,5,5,5,6,8,8,8,8,8,7,8,5,4,4,4,5,7,6,6,6,6
"29-06-2013",5,5,5,5,5,6,7,6,7,6,7,7,7,8,8,8,7,7,6,6,5,8,9,10
"30-06-2013",7,7,7,6,6,6,6,7,7,7,7,6,7,7,6,6,5,5,5,5,5,6,6,5
"01-07-2013",5,5,5,5,5,6,7,9,9,8,7,8,8,7,7,7,6,7,6,5,6,6,6,5
"02-07-2013",5,4,4,4,4,6,7,6,8,6,6,6,6,7,6,6,6,5,4,4,6,7,6,5
"03-07-2013",5,5,5,5,5,5,5,5,6,5,5,5,5,5,7,5,4,4,4,5,5,4,5,5
"04-07-2013",5,5,6,5,5,6,6,10,7,5,5,5,4,5,5,5,5,5,5,5,5,5,5,5
"05-07-2013",5,6,6,5,5,5,7,8,7,6,5,5,5,4,4,4,5,5,5,5,5,5,5,5
"06-07-2013",5,5,5,4,5,4,5,4,5,4,4,4,5,5,4,4,4,4,4,4,4,5,5,5
"07-07-2013",5,4,4,4,4,4,4,4,4,4,4,4,4,4,4,4,4,4,4,4,4,5,5,4
"08-07-2013",4,4,4,4,4,4,4,6,6,5,5,5,5,5,5,5,5,5,5,5,5,5,5,5
"09-07-2013",5,5,5,4,5,5,6,8,7,5,5,5,5,5,4,4,5,5,4,4,4,5,5,4
"10-07-2013",4,4,4,3,3,4,5,6,6,6,5,5,5,4,4,4,4,4,4,4,5,4,5,5
"11-07-2013",6,6,6,5,5,6,7,8,7,7,5,5,6,6,6,7,6,5,5,5,6,6,6,5
"12-07-2013",5,5,5,5,5,7,9,10,6,6,6,7,6,6,6,5,5,5,5,5,5,6,5,5
"13-07-2013",5,4,5,5,5,4,5,5,6,5,5,4,4,4,5,4,4,4,4,4,4,4,4,5
"14-07-2013",5,5,5,4,5,4,5,5,5,4,4,4,4,4,4,4,5,4,4,4,4,4,5,5
"15-07-2013",5,4,4,4,4,4,5,6,5,5,4,4,4,5,5,6,5,5,5,4,4,5,6,6
"16-07-2013",5,5,5,5,5,5,5,5,7,7,5,5,5,5,5,5,5,5,5,5,5,5,5,5
"17-07-2013",5,5,4,4,4,4,5,6,5,4,5,5,5,-9999,5,5,4,4,5,5,5,5,5,5
"18-07-2013",5,5,4,4,4,4,5,5,5,5,5,5,5,5,5,5,5,5,6,6,6,7,7,7
"19-07-2013",6,5,5,5,5,5,6,6,6,5,6,5,5,5,4,4,4,4,5,5,5,5,5,5
"20-07-2013",5,6,7,5,6,6,7,8,6,5,5,5,5,5,5,5,5,5,5,4,5,5,5,5
"21-07-2013",5,7,5,5,6,6,5,6,6,5,5,5,5,6,6,6,6,6,5,5,5,3,3,5
"22-07-2013",5,4,4,4,4,4,4,5,6,5,5,5,5,4,4,5,5,5,4,4,5,5,5,5
"23-07-2013",5,5,5,4,5,6,7,7,6,5,6,6,6,6,5,5,5,5,6,5,5,4,5,5
"24-07-2013",5,7,8,6,5,6,7,8,11,9,7,6,7,7,7,7,7,8,7,7,6,6,7,7
"25-07-2013",7,6,6,7,7,7,9,11,13,10,11,10,8,9,10,10,9,9,9,7,7,7,6,6
"26-07-2013",7,7,7,8,8,8,11,12,10,10,11,8,7,7,8,8,9,7,8,9,9,9,9,8
"27-07-2013",9,8,9,8,7,8,7,8,7,7,7,6,6,6,6,6,5,5,5,5,5,5,6,6
"28-07-2013",5,6,5,5,5,5,5,5,5,5,5,5,5,5,5,5,5,5,5,5,5,5,5,5
"29-07-2013",5,4,4,4,4,5,5,5,5,5,5,5,5,5,5,5,5,5,4,4,4,5,4,4
"30-07-2013",4,7,10,9,7,7,8,11,11,9,6,6,6,7,7,7,7,7,8,7,6,6,6,5
"31-07-2013",5,5,6,6,7,7,7,6,5,5,6,5,5,4,4,4,4,4,4,4,4,4,4,4
"01-08-2013",4,4,4,4,4,4,4,4,4,4,4,4,4,4,4,4,4,4,4,4,4,4,4,4
"02-08-2013",4,5,5,4,4,4,5,5,5,5,5,5,5,6,5,5,5,5,5,5,6,5,5,5
"03-08-2013",5,5,5,4,5,5,5,5,5,5,5,5,5,5,5,5,5,5,5,5,5,5,6,5
"04-08-2013",6,6,5,5,5,5,5,4,5,4,5,5,5,5,5,5,5,5,5,5,5,5,5,5
"05-08-2013",5,4,4,4,4,5,5,5,5,5,5,5,5,5,5,5,4,4,5,5,5,5,5,5
"06-08-2013",5,5,5,5,5,6,6,6,6,5,5,5,5,5,5,5,5,4,4,4,4,4,4,4
"07-08-2013",4,4,4,4,4,4,5,5,5,5,4,4,4,4,4,4,4,4,4,4,4,4,4,4
"08-08-2013",4,4,4,4,4,4,4,5,4,4,4,4,4,4,4,4,4,4,4,4,4,4,4,4
"09-08-2013",4,4,4,4,4,4,5,5,5,4,4,5,5,4,4,4,4,4,4,5,4,4,4,5
"10-08-2013",4,4,4,4,4,5,5,6,5,5,5,6,5,5,5,5,5,4,4,4,4,4,4,4
"11-08-2013",4,4,4,3,3,3,3,3,4,3,3,3,3,4,4,4,4,4,4,4,4,4,3,4
"12-08-2013",4,4,3,3,4,5,6,5,4,4,4,4,4,4,4,4,4,4,4,4,5,5,5,5
"13-08-2013",5,5,5,5,5,5,6,5,6,5,4,4,4,4,4,4,4,4,5,5,5,5,4,5
"14-08-2013",6,5,5,4,4,5,6,7,7,5,5,6,6,5,5,5,5,5,5,4,4,4,4,5
"15-08-2013",5,5,5,4,4,4,4,5,4,4,4,4,4,4,4,4,4,4,4,4,4,4,3,3
"16-08-2013",3,3,3,3,3,3,3,3,3,3,4,3,3,3,3,3,3,3,3,3,4,4,3,3
"17-08-2013",3,3,3,3,3,3,3,3,3,3,3,4,3,4,3,3,3,3,3,3,4,3,4,4
"18-08-2013",3,3,3,3,3,4,4,4,4,3,4,4,4,4,4,4,4,4,4,4,4,4,4,5
"19-08-2013",6,6,5,5,5,5,6,7,6,5,4,4,4,4,4,5,4,4,4,5,5,4,4,4
"20-08-2013",4,5,4,4,4,4,5,7,6,6,4,4,4,5,5,4,4,4,4,4,4,4,4,4
"21-08-2013",4,4,4,4,4,4,5,5,5,4,5,4,4,4,4,4,4,5,4,4,4,4,4,4
"22-08-2013",4,4,4,4,4,4,4,4,4,6,5,5,4,4,3,4,4,4,4,4,4,5,4,4
"23-08-2013",4,4,4,4,4,5,5,5,5,5,4,4,4,4,4,4,4,4,4,4,4,5,5,5
"24-08-2013",6,7,6,6,5,6,7,8,7,6,6,7,7,8,7,6,6,6,6,6,6,6,6,5
"25-08-2013",6,6,6,6,6,8,6,7,6,6,5,5,5,5,5,5,6,6,6,6,6,7,6,6
"26-08-2013",7,7,8,7,7,7,9,11,10,8,8,8,7,6,7,8,8,8,7,7,7,6,7,6
"27-08-2013",5,5,4,5,5,7,6,8,11,8,8,7,7,7,9,10,9,9,6,7,9,9,8,7
"28-08-2013",7,6,5,5,5,6,7,10,10,8,8,7,6,7,9,8,6,7,7,9,9,9,9,7
"29-08-2013",7,6,6,5,6,7,8,8,8,7,7,7,7,7,7,8,7,7,6,6,6,6,6,5
"30-08-2013",5,4,4,4,4,5,5,6,5,7,8,7,6,6,6,6,6,6,4,4,4,4,4,4
"31-08-2013",5,4,4,4,4,4,4,4,4,4,4,4,4,4,4,4,4,4,4,4,4,4,4,5
"01-09-2013",5,4,4,4,4,4,4,4,4,4,4,4,4,4,4,4,4,4,4,4,5,5,6,6
"02-09-2013",7,6,5,5,5,5,5,5,7,6,5,5,5,5,5,5,5,4,4,4,4,5,5,5
"03-09-2013",5,5,4,4,5,7,7,8,8,7,7,6,6,6,6,6,6,5,5,5,6,7,6,5
"04-09-2013",5,5,4,4,4,5,6,6,6,5,5,5,5,6,4,4,4,4,4,4,4,4,6,5
"05-09-2013",5,5,5,5,5,6,7,8,10,7,6,7,7,8,8,8,8,9,9,7,7,8,7,7
"06-09-2013",6,6,5,6,7,7,10,11,10,9,8,7,7,7,7,6,6,6,6,6,6,6,5,5
"07-09-2013",5,5,5,5,5,5,5,5,6,7,8,6,6,6,7,6,6,6,7,8,9,11,12,11
"08-09-2013",10,10,10,9,9,9,9,9,8,7,8,7,6,6,6,5,5,5,6,7,7,7,8,8
"09-09-2013",8,8,7,7,6,8,8,9,8,8,7,6,6,6,6,6,6,6,6,6,6,8,8,7
"10-09-2013",7,8,8,7,7,10,10,11,11,8,9,-9999,8,9,9,10,11,8,6,7,7,6,6,6
"11-09-2013",6,6,5,5,5,7,9,11,9,8,8,8,6,6,5,6,6,6,7,7,7,6,6,6
"12-09-2013",6,6,5,5,5,6,9,11,13,11,8,8,6,6,6,6,6,6,6,6,6,7,6,6
"13-09-2013",5,4,4,3,4,6,7,8,9,7,6,6,6,6,7,6,5,5,6,6,5,5,5,4
"14-09-2013",4,4,4,4,4,5,6,6,6,5,6,6,6,6,7,6,6,5,5,5,4,5,6,5
"15-09-2013",5,4,4,4,4,4,5,7,7,8,7,6,6,6,7,7,7,9,10,7,6,5,6,6
"16-09-2013",5,5,4,4,4,5,7,8,6,6,6,7,6,6,6,7,5,5,6,6,6,5,6,5
"17-09-2013",4,4,4,4,4,6,7,7,8,7,6,6,6,6,5,6,5,5,5,5,6,6,5,5
"18-09-2013",5,5,4,4,4,5,6,8,8,6,6,5,5,5,6,7,6,7,7,7,7,6,7,6
"19-09-2013",6,5,5,4,4,6,9,9,10,8,7,6,6,7,7,7,7,6,6,6,6,6,6,5
"20-09-2013",5,4,4,4,4,6,8,11,10,8,7,7,7,7,7,7,6,5,4,5,6,5,4,4
"21-09-2013",4,4,4,3,3,4,3,3,4,4,4,3,4,4,3,3,3,3,3,3,3,4,4,5
"22-09-2013",4,4,4,4,4,4,4,4,4,4,4,4,4,4,4,4,4,5,5,5,5,5,5,5
"23-09-2013",5,5,6,5,5,6,6,7,7,6,6,6,6,5,5,5,6,5,7,7,7,6,9,8
"24-09-2013",6,6,6,5,6,8,9,11,8,7,7,7,7,8,7,7,7,6,5,7,6,5,4,4
"25-09-2013",5,5,5,5,6,6,9,13,11,9,7,7,8,8,8,8,7,7,7,6,6,6,5,4
"26-09-2013",4,4,4,4,4,5,6,10,8,6,7,7,6,6,6,6,6,6,6,7,5,6,5,5
"27-09-2013",4,4,3,4,4,6,8,12,10,9,7,6,8,9,8,8,8,8,7,6,6,6,6,5
"28-09-2013",5,4,5,6,6,5,7,8,9,6,5,6,5,5,5,4,5,5,5,6,6,5,5,5
"29-09-2013",5,5,5,5,5,6,6,7,6,6,5,5,4,4,4,4,4,4,5,5,6,5,5,4
"30-09-2013",5,4,4,5,5,5,7,9,9,9,7,6,5,5,6,6,6,3,4,5,4,4,3,3
"01-10-2013",3,3,3,3,3,3,5,7,6,7,7,7,6,6,6,6,6,5,5,6,6,6,5,5
"02-10-2013",5,4,4,4,4,4,4,7,5,6,5,5,6,4,4,4,4,4,4,4,4,4,4,4
"03-10-2013",4,4,3,3,4,4,4,5,5,5,4,4,5,5,5,4,4,5,5,5,4,4,4,4
"04-10-2013",4,4,4,4,4,4,-9999,-9999,-9999,-9999,-9999,-9999,-9999,-9999,-9999,4,5,4,5,5,5,5,5,4
"05-10-2013",4,4,4,5,5,5,5,5,5,5,5,5,5,5,5,5,4,4,4,4,5,5,5,4
"06-10-2013",5,5,6,5,4,5,5,5,5,7,8,8,7,7,6,6,5,5,5,5,5,5,5,5
"07-10-2013",5,5,5,4,5,5,6,6,6,5,5,5,5,5,5,5,5,5,5,6,6,5,5,5
"08-10-2013",5,5,5,5,5,6,8,10,12,10,10,6,6,5,6,6,8,7,5,5,6,5,6,5
"09-10-2013",5,5,5,5,5,6,8,10,9,10,8,9,12,20,15,10,9,9,8,8,7,7,7,6
"10-10-2013",6,5,5,5,5,6,10,12,11,13,10,7,7,7,8,9,8,8,9,8,10,11,10,10
"11-10-2013",8,8,7,6,6,8,11,14,14,10,9,8,7,7,7,6,7,8,7,4,5,6,7,8
"12-10-2013",8,7,8,8,7,8,8,10,10,8,7,7,6,5,5,4,6,6,6,6,7,7,6,6
"13-10-2013",6,6,7,6,5,6,6,7,6,6,4,4,3,3,4,3,5,3,4,5,5,6,5,4
"14-10-2013",3,3,4,4,4,4,7,6,5,4,6,7,7,8,7,7,8,8,7,5,6,6,5,5
"15-10-2013",5,5,5,5,6,7,9,12,13,12,8,6,6,5,6,6,6,6,6,7,7,7,7,7
"16-10-2013",7,5,3,4,4,6,6,7,10,9,9,5,7,7,7,8,8,8,8,5,5,5,4,5
"17-10-2013",5,5,4,4,4,5,6,7,7,6,-9999,6,6,6,9,8,7,7,8,8,7,8,7,8
"18-10-2013",6,5,6,7,6,7,9,14,10,9,8,8,8,10,12,13,11,9,8,7,8,7,7,8
"19-10-2013",5,5,4,4,5,5,7,9,5,5,5,6,6,6,5,6,5,5,4,4,5,6,9,7
"20-10-2013",7,6,6,5,5,5,5,5,5,5,5,5,6,6,6,7,7,6,6,6,6,7,7,6
"21-10-2013",6,5,5,5,6,7,8,13,13,12,9,10,9,11,14,13,14,12,12,12,10,8,8,7
"22-10-2013",7,6,7,7,7,7,9,13,14,13,10,10,10,12,13,13,13,13,13,13,11,11,11,10
"23-10-2013",10,10,8,7,7,9,10,14,14,17,12,11,11,9,7,7,7,8,8,8,9,10,11,9
"24-10-2013",7,6,6,6,6,8,10,13,10,10,9,8,5,5,5,5,5,5,5,7,6,6,6,7
"25-10-2013",7,7,6,6,7,5,5,7,7,9,8,8,8,7,8,9,5,5,6,5,8,7,10,11
"26-10-2013",9,9,10,8,11,12,13,12,11,10,10,8,7,7,8,6,5,5,8,6,9,10,10,9
"27-10-2013",11,11,10,10,8,10,9,8,10,9,13,11,7,8,14,13,12,12,15,15,15,12,11,9
"28-10-2013",11,10,11,9,9,6,7,7,8,8,6,6,6,10,11,10,10,8,9,7,7,8,7,8
"29-10-2013",9,8,8,7,7,8,9,10,17,11,11,12,13,16,15,15,12,12,11,11,10,10,13,14
"30-10-2013",12,11,9,9,9,9,11,14,12,12,10,10,10,12,12,13,14,12,13,14,13,12,12,13
"31-10-2013",11,11,11,10,10,11,18,20,18,12,7,7,8,8,8,8,8,8,11,12,14,10,8,7
"01-11-2013",7,6,6,7,6,7,7,9,7,6,6,7,8,7,8,9,8,6,7,7,9,6,8,9
"02-11-2013",8,7,7,7,6,7,8,6,8,8,7,6,7,8,9,9,8,10,10,10,10,10,10,9
"03-11-2013",8,7,7,7,9,7,9,10,9,7,7,6,6,6,6,7,7,7,6,8,7,6,7,7
"04-11-2013",7,6,6,7,6,8,11,17,13,9,8,7,7,7,8,8,10,9,9,8,9,7,8,7
"05-11-2013",8,7,6,6,6,9,11,12,12,8,8,6,5,6,5,4,4,4,4,4,4,4,4,4
"06-11-2013",4,4,4,4,4,4,4,5,4,5,5,4,6,4,6,4,4,4,4,5,5,7,7,5
"07-11-2013",4,4,5,5,5,6,7,8,6,7,6,4,4,4,5,6,5,4,5,4,5,4,4,4
"08-11-2013",4,6,6,5,5,7,8,14,12,11,10,6,8,9,11,14,14,14,12,11,12,10,8,9
"09-11-2013",7,7,7,8,7,7,8,8,9,8,9,16,17,14,14,15,14,13,12,10,11,12,12,13
"10-11-2013",10,9,8,10,10,11,9,10,11,7,6,6,6,6,6,6,6,7,6,6,5,7,8,8
"11-11-2013",7,7,6,6,6,7,9,12,9,7,5,5,5,4,4,4,4,5,4,4,4,4,3,4
"12-11-2013",3,5,4,5,4,3,6,6,9,7,4,4,4,3,4,4,3,4,3,3,4,5,6,5
"13-11-2013",4,4,4,4,4,4,4,7,5,5,5,5,5,4,4,4,4,5,4,5,4,5,4,4
"14-11-2013",4,4,4,4,4,3,4,6,5,5,5,4,4,4,4,4,5,6,5,6,6,5,5,5
"15-11-2013",5,4,4,4,4,5,7,8,8,7,7,7,7,6,7,6,4,5,5,4,4,4,4,4
"16-11-2013",4,4,4,4,4,4,4,4,4,4,4,4,4,4,4,4,4,4,4,4,4,4,4,4
"17-11-2013",6,5,6,5,4,4,4,4,4,5,5,5,5,5,5,5,5,6,5,6,7,6,5,6
"18-11-2013",5,5,6,5,5,5,10,14,11,9,6,-9999,6,5,6,4,4,4,4,6,6,5,6,6
"19-11-2013",4,5,5,4,4,5,7,9,10,7,8,7,6,5,7,9,8,6,6,6,8,8,7,6
"20-11-2013",5,5,4,3,3,3,3,4,4,8,8,7,7,5,4,4,4,4,6,10,8,9,8,7
"21-11-2013",5,4,5,5,6,7,9,13,14,10,7,7,6,6,6,6,7,4,4,4,7,6,6,5
"22-11-2013",4,4,4,4,4,5,8,9,10,10,9,9,10,10,11,11,12,10,10,11,12,14,13,12
"23-11-2013",11,9,8,7,6,8,9,9,10,8,6,6,5,4,4,4,5,5,5,8,9,8,7,10
"24-11-2013",6,6,7,8,9,4,4,5,4,6,4,4,5,5,5,6,7,6,6,8,7,7,8,7
"25-11-2013",7,6,7,5,6,7,10,13,15,14,13,15,15,16,14,14,14,16,13,11,12,12,11,11
"26-11-2013",11,9,8,8,8,9,8,11,16,12,12,14,13,10,10,8,9,8,9,10,11,12,13,12
"27-11-2013",10,10,7,7,5,6,10,11,10,11,13,9,9,9,14,11,12,12,12,12,12,13,10,8
"28-11-2013",7,6,5,6,5,7,8,10,10,12,10,8,8,8,8,7,7,7,7,10,12,14,13,13
"29-11-2013",12,10,9,8,9,10,13,18,20,18,14,16,17,19,23,23,21,16,17,19,18,17,14,12
"30-11-2013",7,7,6,6,6,6,6,6,6,6,6,5,6,5,6,7,5,4,4,4,7,6,5,4
"01-12-2013",4,4,4,4,4,4,4,4,3,4,4,5,3,3,3,4,3,3,3,3,3,4,4,4
"02-12-2013",3,3,3,3,3,3,4,7,4,5,4,6,5,5,4,4,4,4,4,3,3,3,3,3
"03-12-2013",3,3,3,3,3,3,3,3,3,4,4,4,4,4,4,5,5,5,5,5,4,4,4,4
"04-12-2013",4,4,4,4,3,5,7,10,7,6,7,8,7,7,7,8,7,9,10,11,12,13,9,7
"05-12-2013",7,7,5,5,5,7,12,15,10,16,13,11,15,12,12,16,17,21,22,31,35,34,30,23
"06-12-2013",19,16,14,11,11,14,16,23,29,31,38,41,27,20,17,18,19,22,22,28,26,18,14,13
"07-12-2013",12,10,10,9,9,10,10,14,17,12,9,7,6,6,5,5,5,7,8,11,11,7,7,6
"08-12-2013",6,5,5,9,10,8,7,9,8,10,8,7,9,8,7,7,6,8,20,33,37,40,20,12
"09-12-2013",11,9,12,10,10,11,16,18,19,19,28,39,15,15,18,17,14,16,18,22,20,16,15,11
"10-12-2013",11,9,9,7,7,13,18,18,16,14,17,13,10,10,9,8,8,8,7,5,5,4,5,4
"11-12-2013",4,4,4,3,4,4,5,6,6,6,6,6,6,6,6,7,7,9,12,14,14,12,11,9
"12-12-2013",9,7,7,7,7,9,13,17,17,20,19,14,14,12,12,9,6,6,7,8,8,7,7,7
"13-12-2013",7,6,6,6,5,6,9,10,8,9,8,8,10,7,6,8,6,6,10,14,17,15,15,15
"14-12-2013",13,12,11,10,11,8,10,12,15,17,15,16,15,16,23,19,18,17,18,22,24,25,22,19
"15-12-2013",18,17,15,12,12,13,12,11,13,12,10,9,9,10,11,12,13,14,12,15,15,12,11,10
"16-12-2013",9,6,5,5,5,5,6,6,6,7,7,9,9,9,10,10,10,9,9,8,8,7,8,7
"17-12-2013",8,9,10,9,9,10,11,13,9,8,9,9,9,8,8,8,7,7,8,9,8,8,7,7
"18-12-2013",6,6,6,5,5,6,9,11,11,11,9,9,10,9,10,10,9,9,10,11,10,9,8,7
"19-12-2013",6,6,5,5,5,6,8,11,11,12,10,10,9,8,7,10,10,10,14,13,17,16,12,10
"20-12-2013",11,10,9,7,6,8,9,14,18,14,12,14,12,11,12,14,10,13,18,23,23,21,19,18
"21-12-2013",17,15,13,12,12,11,12,15,16,19,17,26,32,27,27,27,26,23,22,24,30,28,24,23
"22-12-2013",20,20,17,16,14,14,14,15,17,24,20,16,14,14,9,9,10,10,13,16,14,13,12,12
"23-12-2013",10,8,9,8,8,10,12,16,16,16,18,17,16,18,17,19,18,18,16,18,17,16,13,11
"24-12-2013",10,9,9,8,8,8,8,11,10,11,12,10,10,8,10,9,9,9,7,9,12,10,8,8
"25-12-2013",8,7,7,7,7,6,5,5,5,5,6,7,8,7,6,6,6,6,8,7,7,7,6,7
"26-12-2013",6,7,7,8,8,8,7,7,7,9,8,7,7,7,6,5,5,5,4,5,5,4,4,4
"27-12-2013",4,4,4,4,4,4,4,4,4,4,6,6,5,5,6,6,6,7,6,6,5,6,6,6
"28-12-2013",4,4,3,3,4,4,4,4,4,4,4,4,4,4,4,4,4,5,4,4,8,6,7,9
"29-12-2013",8,7,9,5,6,4,5,7,7,9,8,9,8,9,10,9,7,10,11,13,15,15,16,14
"30-12-2013",12,11,10,9,10,11,14,14,15,15,13,15,13,14,13,13,12,8,12,13,12,12,9,7
"31-12-2013",7,7,6,6,6,6,5,7,6,7,7,6,6,6,6,6,6,6,6,6,6,6,6,5
