"01-01-2010",72,83,79,65,66,69,72,71,70,76,71,76,76,78,83,87,90,89,89,94,95,95,97,98
"02-01-2010",99,100,102,100,103,87,89,91,90,84,82,87,88,86,85,82,81,82,82,81,80,81,79,78
"03-01-2010",79,77,78,82,82,80,79,82,61,77,80,81,77,84,90,90,89,82,55,64,51,26,40,38
"04-01-2010",38,20,19,23,29,11,21,17,9,21,44,51,53,60,66,68,57,48,36,18,29,22,22,42
"05-01-2010",39,23,30,30,32,37,28,25,21,27,50,53,70,76,80,80,76,74,80,86,88,85,85,83
"06-01-2010",79,83,83,83,82,82,82,80,80,78,81,82,82,82,81,78,77,78,77,78,79,78,79,81
"07-01-2010",80,79,71,71,73,68,70,73,70,70,68,73,75,79,82,83,73,60,23,26,30,53,26,35
"08-01-2010",41,47,44,40,26,27,14,5,22,55,70,74,81,83,84,81,82,78,78,74,62,77,80,81
"09-01-2010",85,87,87,85,84,83,82,75,79,79,84,87,87,89,91,92,96,97,98,97,96,97,96,94
"10-01-2010",92,78,78,79,84,79,85,79,73,84,94,96,96,94,90,85,86,89,86,90,86,74,71,80
"11-01-2010",86,83,73,60,49,35,10,7,10,24,42,60,66,68,64,72,59,44,23,33,39,48,45,45
"12-01-2010",46,59,37,33,39,44,33,18,13,20,42,45,58,63,62,66,60,61,54,37,34,23,28,30
"13-01-2010",25,15,9,8,6,6,4,3,4,11,36,48,56,70,74,73,61,45,23,28,19,21,31,18
"14-01-2010",13,17,23,18,24,36,49,52,48,45,39,37,38,38,39,41,39,42,38,35,35,33,31,33
"15-01-2010",34,32,32,36,20,21,18,15,12,15,25,31,38,44,49,45,44,34,34,21,18,16,21,34
"16-01-2010",36,39,39,46,46,44,50,51,49,47,48,48,49,52,51,52,52,51,51,50,54,53,54,55
"17-01-2010",55,54,54,51,51,52,52,52,49,48,49,52,49,47,47,49,49,47,44,46,47,44,42,42
"18-01-2010",37,33,39,33,33,29,27,20,24,22,-9999,-9999,61,30,31,34,33,32,17,19,15,20,39,42
"19-01-2010",48,32,13,14,3,11,1,1,4,12,20,32,42,47,56,67,62,71,57,59,60,52,48,30
"20-01-2010",19,43,51,50,42,27,6,12,13,25,48,61,71,81,85,92,90,26,5,5,1,1,1,1
"21-01-2010",1,1,1,2,1,1,-9999,-9999,-9999,4,20,34,58,72,77,62,34,19,25,29,46,51,55,55
"22-01-2010",64,64,73,77,80,82,77,76,70,63,58,55,54,58,55,55,52,52,50,52,51,51,54,57
"23-01-2010",55,52,58,55,59,57,58,58,53,49,51,53,50,50,52,55,51,54,55,51,49,52,56,58
"24-01-2010",62,60,60,52,46,42,34,36,30,40,53,63,69,71,71,76,76,65,68,63,56,64,69,73
"25-01-2010",70,70,71,69,69,69,68,73,65,74,74,76,74,84,71,77,73,57,52,63,71,78,71,63
"26-01-2010",60,61,64,74,65,61,67,59,52,53,75,78,76,66,56,57,42,37,56,58,54,44,52,54
"27-01-2010",55,49,46,41,37,37,17,13,28,44,62,52,65,62,62,57,43,40,33,22,29,29,9,2
"28-01-2010",13,18,27,30,20,11,24,5,1,8,21,39,44,38,53,60,53,35,4,12,14,33,23,21
"29-01-2010",14,45,76,71,57,44,35,14,20,32,39,66,73,81,72,76,69,33,14,30,56,31,12,9
"30-01-2010",1,1,8,14,7,11,8,1,4,31,48,80,105,102,106,104,103,110,111,102,112,106,96,99
"31-01-2010",114,112,101,121,115,120,122,121,118,115,115,116,119,-9999,-9999,-9999,-9999,-9999,-9999,-9999,-9999,-9999,-9999,-9999
"01-02-2010",-9999,-9999,-9999,-9999,-9999,-9999,-9999,-9999,-9999,-9999,-9999,-9999,-9999,-9999,-9999,-9999,-9999,-9999,-9999,-9999,-9999,-9999,-9999,-9999
"02-02-2010",-9999,-9999,-9999,-9999,-9999,-9999,-9999,-9999,-9999,-9999,-9999,-9999,-9999,-9999,-9999,-9999,-9999,-9999,-9999,-9999,-9999,-9999,-9999,-9999
"03-02-2010",-9999,-9999,-9999,-9999,-9999,-9999,-9999,-9999,-9999,-9999,-9999,-9999,-9999,-9999,-9999,-9999,-9999,-9999,-9999,-9999,-9999,-9999,-9999,-9999
"04-02-2010",-9999,-9999,-9999,-9999,-9999,-9999,-9999,-9999,-9999,-9999,-9999,-9999,-9999,-9999,-9999,-9999,-9999,-9999,-9999,-9999,-9999,-9999,-9999,-9999
"05-02-2010",-9999,-9999,-9999,-9999,-9999,-9999,-9999,-9999,-9999,-9999,-9999,-9999,-9999,-9999,-9999,-9999,-9999,-9999,-9999,-9999,-9999,-9999,-9999,-9999
"06-02-2010",-9999,-9999,-9999,-9999,-9999,-9999,-9999,-9999,-9999,-9999,-9999,-9999,-9999,-9999,-9999,-9999,-9999,-9999,-9999,-9999,-9999,-9999,-9999,-9999
"07-02-2010",-9999,-9999,-9999,-9999,-9999,-9999,-9999,-9999,-9999,-9999,-9999,-9999,-9999,-9999,-9999,-9999,-9999,-9999,-9999,-9999,-9999,-9999,-9999,-9999
"08-02-2010",-9999,-9999,-9999,-9999,-9999,-9999,-9999,-9999,-9999,-9999,-9999,-9999,-9999,-9999,-9999,-9999,-9999,-9999,-9999,-9999,-9999,-9999,-9999,-9999
"09-02-2010",-9999,-9999,-9999,-9999,-9999,-9999,-9999,-9999,-9999,-9999,-9999,-9999,-9999,-9999,-9999,-9999,-9999,-9999,-9999,-9999,-9999,-9999,-9999,-9999
"10-02-2010",-9999,-9999,-9999,-9999,-9999,-9999,-9999,-9999,-9999,-9999,-9999,-9999,-9999,-9999,-9999,-9999,-9999,-9999,-9999,-9999,-9999,-9999,-9999,-9999
"11-02-2010",-9999,-9999,-9999,-9999,-9999,-9999,-9999,-9999,-9999,-9999,-9999,-9999,-9999,-9999,-9999,-9999,-9999,-9999,-9999,-9999,-9999,-9999,-9999,-9999
"12-02-2010",-9999,-9999,-9999,-9999,-9999,-9999,-9999,-9999,-9999,-9999,-9999,-9999,-9999,-9999,-9999,-9999,-9999,-9999,-9999,-9999,-9999,-9999,-9999,-9999
"13-02-2010",-9999,-9999,-9999,-9999,-9999,-9999,-9999,-9999,-9999,-9999,-9999,-9999,-9999,-9999,-9999,-9999,-9999,-9999,-9999,-9999,-9999,-9999,-9999,-9999
"14-02-2010",-9999,-9999,-9999,-9999,-9999,-9999,-9999,-9999,-9999,-9999,-9999,-9999,-9999,-9999,-9999,-9999,-9999,-9999,-9999,-9999,-9999,-9999,-9999,-9999
"15-02-2010",-9999,-9999,-9999,-9999,-9999,-9999,-9999,-9999,-9999,-9999,-9999,-9999,-9999,-9999,-9999,-9999,-9999,-9999,-9999,-9999,-9999,-9999,-9999,-9999
"16-02-2010",-9999,-9999,-9999,-9999,-9999,-9999,-9999,-9999,-9999,-9999,-9999,-9999,-9999,-9999,-9999,-9999,-9999,-9999,-9999,-9999,-9999,-9999,-9999,-9999
"17-02-2010",-9999,-9999,-9999,-9999,-9999,-9999,-9999,-9999,-9999,-9999,-9999,-9999,-9999,-9999,-9999,-9999,-9999,-9999,-9999,-9999,-9999,-9999,-9999,-9999
"18-02-2010",-9999,-9999,-9999,-9999,-9999,-9999,-9999,-9999,-9999,-9999,-9999,-9999,-9999,-9999,-9999,-9999,-9999,-9999,-9999,-9999,-9999,-9999,-9999,-9999
"19-02-2010",-9999,-9999,-9999,-9999,-9999,-9999,-9999,-9999,-9999,-9999,-9999,-9999,-9999,-9999,-9999,-9999,-9999,-9999,-9999,-9999,-9999,-9999,-9999,-9999
"20-02-2010",-9999,-9999,-9999,-9999,-9999,-9999,-9999,-9999,-9999,-9999,-9999,-9999,-9999,-9999,-9999,-9999,-9999,-9999,-9999,-9999,-9999,-9999,-9999,-9999
"21-02-2010",-9999,-9999,-9999,-9999,-9999,-9999,-9999,-9999,-9999,-9999,-9999,-9999,-9999,-9999,-9999,-9999,-9999,-9999,-9999,-9999,-9999,-9999,-9999,-9999
"22-02-2010",-9999,-9999,-9999,-9999,-9999,-9999,-9999,-9999,-9999,-9999,-9999,-9999,-9999,-9999,-9999,-9999,-9999,-9999,-9999,-9999,-9999,-9999,-9999,-9999
"23-02-2010",-9999,-9999,-9999,-9999,-9999,-9999,-9999,-9999,-9999,-9999,-9999,-9999,-9999,-9999,-9999,-9999,-9999,-9999,-9999,-9999,-9999,-9999,-9999,-9999
"24-02-2010",-9999,-9999,-9999,-9999,-9999,-9999,-9999,-9999,-9999,-9999,-9999,-9999,-9999,-9999,-9999,-9999,-9999,-9999,-9999,-9999,-9999,-9999,-9999,-9999
"25-02-2010",-9999,-9999,-9999,-9999,-9999,-9999,-9999,-9999,-9999,-9999,-9999,-9999,-9999,-9999,-9999,-9999,-9999,-9999,-9999,-9999,-9999,-9999,-9999,-9999
"26-02-2010",-9999,-9999,-9999,-9999,-9999,-9999,-9999,-9999,-9999,-9999,-9999,-9999,-9999,-9999,-9999,-9999,-9999,-9999,-9999,-9999,-9999,-9999,-9999,-9999
"27-02-2010",-9999,-9999,-9999,-9999,-9999,-9999,-9999,-9999,-9999,-9999,-9999,-9999,-9999,-9999,-9999,-9999,-9999,-9999,-9999,-9999,-9999,-9999,-9999,-9999
"28-02-2010",-9999,-9999,-9999,-9999,-9999,-9999,-9999,-9999,-9999,-9999,-9999,-9999,-9999,-9999,-9999,-9999,-9999,-9999,-9999,-9999,-9999,-9999,-9999,-9999
"01-03-2010",-9999,-9999,-9999,-9999,-9999,-9999,-9999,-9999,-9999,-9999,-9999,-9999,-9999,-9999,-9999,-9999,-9999,-9999,-9999,-9999,-9999,-9999,-9999,-9999
"02-03-2010",-9999,-9999,-9999,-9999,-9999,-9999,-9999,-9999,-9999,-9999,-9999,-9999,-9999,-9999,-9999,-9999,-9999,-9999,-9999,-9999,-9999,-9999,-9999,-9999
"03-03-2010",-9999,-9999,-9999,-9999,-9999,-9999,-9999,-9999,-9999,-9999,-9999,-9999,-9999,-9999,-9999,-9999,-9999,-9999,-9999,-9999,-9999,-9999,-9999,-9999
"04-03-2010",-9999,-9999,-9999,-9999,-9999,-9999,-9999,-9999,-9999,-9999,-9999,-9999,-9999,-9999,-9999,-9999,-9999,-9999,-9999,-9999,-9999,-9999,-9999,-9999
"05-03-2010",-9999,-9999,-9999,-9999,-9999,-9999,-9999,-9999,-9999,-9999,-9999,-9999,-9999,-9999,-9999,-9999,-9999,-9999,-9999,-9999,-9999,-9999,-9999,-9999
"06-03-2010",-9999,-9999,-9999,-9999,-9999,-9999,-9999,-9999,-9999,-9999,-9999,-9999,-9999,-9999,-9999,-9999,-9999,-9999,-9999,-9999,-9999,-9999,-9999,-9999
"07-03-2010",-9999,-9999,-9999,-9999,-9999,-9999,-9999,-9999,-9999,-9999,-9999,-9999,-9999,-9999,-9999,-9999,-9999,-9999,-9999,-9999,-9999,-9999,-9999,-9999
"08-03-2010",-9999,-9999,-9999,-9999,-9999,-9999,-9999,-9999,-9999,-9999,-9999,-9999,-9999,-9999,-9999,-9999,-9999,-9999,-9999,-9999,-9999,-9999,-9999,-9999
"09-03-2010",-9999,-9999,-9999,-9999,-9999,-9999,-9999,-9999,-9999,-9999,-9999,-9999,-9999,-9999,-9999,-9999,-9999,-9999,-9999,-9999,-9999,-9999,-9999,-9999
"10-03-2010",-9999,-9999,-9999,-9999,-9999,-9999,-9999,-9999,-9999,-9999,-9999,-9999,-9999,-9999,-9999,-9999,-9999,-9999,-9999,-9999,-9999,-9999,-9999,-9999
"11-03-2010",-9999,-9999,-9999,-9999,-9999,-9999,-9999,-9999,-9999,-9999,-9999,-9999,-9999,-9999,-9999,-9999,-9999,-9999,-9999,-9999,-9999,-9999,-9999,-9999
"12-03-2010",-9999,-9999,-9999,-9999,-9999,-9999,-9999,-9999,-9999,-9999,-9999,-9999,-9999,-9999,-9999,-9999,-9999,-9999,-9999,-9999,-9999,-9999,-9999,-9999
"13-03-2010",-9999,-9999,-9999,-9999,-9999,-9999,-9999,-9999,-9999,-9999,-9999,-9999,-9999,-9999,-9999,-9999,-9999,-9999,-9999,-9999,-9999,-9999,-9999,-9999
"14-03-2010",-9999,-9999,-9999,-9999,-9999,-9999,-9999,-9999,-9999,-9999,-9999,-9999,-9999,-9999,-9999,-9999,-9999,-9999,-9999,-9999,-9999,-9999,-9999,-9999
"15-03-2010",-9999,-9999,-9999,-9999,-9999,-9999,-9999,-9999,-9999,-9999,-9999,-9999,-9999,-9999,-9999,-9999,-9999,-9999,-9999,-9999,-9999,-9999,-9999,-9999
"16-03-2010",-9999,-9999,-9999,-9999,-9999,-9999,-9999,-9999,-9999,-9999,-9999,-9999,-9999,-9999,-9999,-9999,-9999,-9999,-9999,-9999,-9999,-9999,-9999,-9999
"17-03-2010",-9999,-9999,-9999,-9999,-9999,-9999,-9999,-9999,-9999,-9999,-9999,-9999,-9999,-9999,-9999,-9999,-9999,-9999,-9999,-9999,-9999,-9999,-9999,-9999
"18-03-2010",-9999,-9999,-9999,-9999,-9999,-9999,-9999,-9999,-9999,-9999,-9999,-9999,-9999,-9999,-9999,-9999,-9999,-9999,-9999,-9999,-9999,-9999,-9999,-9999
"19-03-2010",-9999,-9999,-9999,-9999,-9999,-9999,-9999,-9999,-9999,-9999,-9999,-9999,-9999,-9999,-9999,-9999,-9999,-9999,-9999,-9999,-9999,-9999,-9999,-9999
"20-03-2010",-9999,-9999,-9999,-9999,-9999,-9999,-9999,-9999,-9999,-9999,-9999,-9999,-9999,-9999,-9999,-9999,-9999,-9999,-9999,-9999,-9999,-9999,-9999,-9999
"21-03-2010",-9999,-9999,-9999,-9999,-9999,-9999,-9999,-9999,-9999,-9999,-9999,-9999,-9999,-9999,-9999,-9999,-9999,-9999,-9999,-9999,-9999,-9999,-9999,-9999
"22-03-2010",-9999,-9999,-9999,-9999,-9999,-9999,-9999,-9999,-9999,-9999,-9999,-9999,-9999,-9999,-9999,-9999,-9999,-9999,-9999,-9999,-9999,-9999,-9999,-9999
"23-03-2010",-9999,-9999,-9999,-9999,-9999,-9999,-9999,-9999,-9999,-9999,-9999,-9999,-9999,-9999,-9999,-9999,-9999,-9999,-9999,-9999,-9999,-9999,-9999,-9999
"24-03-2010",-9999,-9999,-9999,-9999,-9999,-9999,-9999,-9999,-9999,-9999,-9999,-9999,-9999,-9999,-9999,-9999,-9999,-9999,-9999,-9999,-9999,-9999,-9999,-9999
"25-03-2010",-9999,-9999,-9999,-9999,-9999,-9999,-9999,-9999,-9999,-9999,-9999,-9999,-9999,-9999,-9999,-9999,-9999,-9999,-9999,-9999,-9999,-9999,-9999,-9999
"26-03-2010",-9999,-9999,-9999,-9999,-9999,-9999,-9999,-9999,-9999,-9999,-9999,-9999,-9999,-9999,-9999,-9999,-9999,-9999,-9999,-9999,-9999,-9999,-9999,-9999
"27-03-2010",-9999,-9999,-9999,-9999,-9999,-9999,-9999,-9999,-9999,-9999,-9999,-9999,-9999,-9999,-9999,-9999,-9999,-9999,-9999,-9999,-9999,-9999,-9999,-9999
"28-03-2010",-9999,-9999,-9999,-9999,-9999,-9999,-9999,-9999,-9999,-9999,-9999,-9999,-9999,-9999,-9999,-9999,-9999,-9999,-9999,-9999,-9999,-9999,-9999,-9999
"29-03-2010",-9999,-9999,-9999,-9999,-9999,-9999,-9999,-9999,-9999,-9999,-9999,-9999,-9999,-9999,-9999,-9999,-9999,-9999,-9999,-9999,-9999,-9999,-9999,-9999
"30-03-2010",-9999,-9999,-9999,-9999,-9999,-9999,-9999,-9999,-9999,-9999,-9999,-9999,-9999,-9999,-9999,-9999,-9999,-9999,-9999,-9999,-9999,-9999,-9999,-9999
"31-03-2010",-9999,-9999,-9999,-9999,-9999,-9999,-9999,-9999,-9999,-9999,-9999,-9999,-9999,-9999,-9999,-9999,-9999,-9999,-9999,-9999,-9999,-9999,-9999,-9999
"01-04-2010",-9999,-9999,-9999,-9999,-9999,-9999,-9999,-9999,-9999,-9999,-9999,-9999,-9999,-9999,-9999,-9999,-9999,-9999,-9999,-9999,-9999,-9999,-9999,-9999
"02-04-2010",-9999,-9999,-9999,-9999,-9999,-9999,-9999,-9999,-9999,-9999,-9999,-9999,-9999,-9999,-9999,-9999,-9999,-9999,-9999,-9999,-9999,-9999,-9999,-9999
"03-04-2010",-9999,-9999,-9999,-9999,-9999,-9999,-9999,-9999,-9999,-9999,-9999,-9999,-9999,-9999,-9999,-9999,-9999,-9999,-9999,-9999,-9999,-9999,-9999,-9999
"04-04-2010",-9999,-9999,-9999,-9999,-9999,-9999,-9999,-9999,-9999,-9999,-9999,-9999,-9999,-9999,-9999,-9999,-9999,-9999,-9999,-9999,-9999,-9999,-9999,-9999
"05-04-2010",-9999,-9999,-9999,-9999,-9999,-9999,-9999,-9999,-9999,-9999,-9999,-9999,-9999,-9999,-9999,-9999,-9999,-9999,-9999,-9999,-9999,-9999,-9999,-9999
"06-04-2010",-9999,-9999,-9999,-9999,-9999,-9999,-9999,-9999,-9999,-9999,-9999,-9999,-9999,-9999,-9999,-9999,-9999,-9999,-9999,-9999,-9999,-9999,-9999,-9999
"07-04-2010",-9999,-9999,-9999,-9999,-9999,-9999,-9999,-9999,-9999,-9999,-9999,-9999,-9999,-9999,-9999,-9999,-9999,-9999,-9999,-9999,-9999,-9999,-9999,-9999
"08-04-2010",-9999,-9999,-9999,-9999,-9999,-9999,-9999,-9999,-9999,-9999,-9999,-9999,-9999,-9999,-9999,-9999,-9999,-9999,-9999,-9999,-9999,-9999,-9999,-9999
"09-04-2010",-9999,-9999,-9999,-9999,-9999,-9999,-9999,-9999,-9999,-9999,-9999,-9999,-9999,-9999,-9999,-9999,-9999,-9999,-9999,-9999,-9999,-9999,-9999,-9999
"10-04-2010",-9999,-9999,-9999,-9999,-9999,-9999,-9999,-9999,-9999,-9999,-9999,-9999,-9999,-9999,-9999,-9999,-9999,-9999,-9999,-9999,-9999,-9999,-9999,-9999
"11-04-2010",-9999,-9999,-9999,-9999,-9999,-9999,-9999,-9999,-9999,-9999,-9999,-9999,-9999,-9999,-9999,-9999,-9999,-9999,-9999,-9999,-9999,-9999,-9999,-9999
"12-04-2010",-9999,-9999,-9999,-9999,-9999,-9999,-9999,-9999,-9999,-9999,-9999,-9999,-9999,-9999,-9999,-9999,-9999,-9999,-9999,-9999,-9999,-9999,-9999,-9999
"13-04-2010",-9999,-9999,-9999,-9999,-9999,-9999,-9999,-9999,-9999,-9999,-9999,-9999,-9999,-9999,-9999,-9999,-9999,-9999,-9999,-9999,-9999,-9999,-9999,-9999
"14-04-2010",-9999,-9999,-9999,-9999,-9999,-9999,-9999,-9999,-9999,-9999,-9999,-9999,-9999,-9999,-9999,-9999,-9999,-9999,-9999,-9999,-9999,-9999,-9999,-9999
"15-04-2010",-9999,-9999,-9999,-9999,-9999,-9999,-9999,-9999,-9999,-9999,-9999,-9999,-9999,-9999,-9999,-9999,-9999,-9999,-9999,-9999,-9999,-9999,-9999,-9999
"16-04-2010",-9999,-9999,-9999,-9999,-9999,-9999,-9999,-9999,-9999,-9999,-9999,-9999,-9999,-9999,-9999,-9999,-9999,-9999,-9999,-9999,-9999,-9999,-9999,-9999
"17-04-2010",-9999,-9999,-9999,-9999,-9999,-9999,-9999,-9999,-9999,-9999,-9999,-9999,-9999,-9999,-9999,-9999,-9999,-9999,-9999,-9999,-9999,-9999,-9999,-9999
"18-04-2010",-9999,-9999,-9999,-9999,-9999,-9999,-9999,-9999,-9999,-9999,-9999,-9999,-9999,-9999,-9999,-9999,-9999,-9999,-9999,-9999,-9999,-9999,-9999,-9999
"19-04-2010",-9999,-9999,-9999,-9999,-9999,-9999,-9999,-9999,-9999,-9999,-9999,-9999,-9999,-9999,-9999,-9999,-9999,-9999,-9999,-9999,-9999,-9999,-9999,-9999
"20-04-2010",-9999,-9999,-9999,-9999,-9999,-9999,-9999,-9999,-9999,-9999,-9999,-9999,-9999,-9999,-9999,-9999,-9999,-9999,-9999,-9999,-9999,-9999,-9999,-9999
"21-04-2010",-9999,-9999,-9999,-9999,-9999,-9999,-9999,-9999,-9999,-9999,-9999,-9999,-9999,-9999,-9999,-9999,-9999,-9999,-9999,-9999,-9999,-9999,-9999,-9999
"22-04-2010",-9999,-9999,-9999,-9999,-9999,-9999,-9999,-9999,-9999,-9999,-9999,-9999,-9999,-9999,-9999,-9999,-9999,-9999,-9999,-9999,-9999,-9999,-9999,-9999
"23-04-2010",-9999,-9999,-9999,-9999,-9999,-9999,-9999,-9999,-9999,-9999,-9999,-9999,-9999,-9999,-9999,-9999,-9999,-9999,-9999,-9999,-9999,-9999,-9999,-9999
"24-04-2010",-9999,-9999,-9999,-9999,-9999,-9999,-9999,-9999,-9999,-9999,-9999,-9999,-9999,-9999,-9999,-9999,-9999,-9999,-9999,-9999,-9999,-9999,-9999,-9999
"25-04-2010",-9999,-9999,-9999,-9999,-9999,-9999,-9999,-9999,-9999,-9999,-9999,-9999,-9999,-9999,-9999,-9999,-9999,-9999,-9999,-9999,-9999,-9999,-9999,-9999
"26-04-2010",-9999,-9999,-9999,-9999,-9999,-9999,-9999,-9999,-9999,-9999,-9999,-9999,-9999,-9999,-9999,-9999,-9999,-9999,-9999,-9999,-9999,-9999,-9999,-9999
"27-04-2010",-9999,-9999,-9999,-9999,-9999,-9999,-9999,-9999,-9999,-9999,-9999,-9999,-9999,-9999,-9999,-9999,-9999,-9999,-9999,-9999,-9999,-9999,-9999,-9999
"28-04-2010",-9999,-9999,-9999,-9999,-9999,-9999,-9999,-9999,-9999,-9999,-9999,-9999,-9999,-9999,-9999,-9999,-9999,-9999,-9999,-9999,-9999,-9999,-9999,-9999
"29-04-2010",-9999,-9999,-9999,-9999,-9999,-9999,-9999,-9999,-9999,-9999,-9999,-9999,-9999,-9999,-9999,-9999,-9999,-9999,-9999,-9999,-9999,-9999,-9999,-9999
"30-04-2010",-9999,-9999,-9999,-9999,-9999,-9999,-9999,-9999,-9999,-9999,-9999,-9999,-9999,-9999,-9999,-9999,-9999,-9999,-9999,-9999,-9999,-9999,-9999,-9999
"01-05-2010",-9999,-9999,-9999,-9999,-9999,-9999,-9999,-9999,-9999,-9999,-9999,-9999,-9999,-9999,-9999,-9999,-9999,-9999,-9999,-9999,-9999,-9999,-9999,-9999
"02-05-2010",-9999,-9999,-9999,-9999,-9999,-9999,-9999,-9999,-9999,-9999,-9999,-9999,-9999,-9999,-9999,-9999,-9999,-9999,-9999,-9999,-9999,-9999,-9999,-9999
"03-05-2010",-9999,-9999,-9999,-9999,-9999,-9999,-9999,-9999,-9999,-9999,-9999,-9999,-9999,-9999,-9999,-9999,-9999,-9999,-9999,-9999,-9999,-9999,-9999,-9999
"04-05-2010",-9999,-9999,-9999,-9999,-9999,-9999,-9999,-9999,-9999,-9999,-9999,-9999,-9999,-9999,-9999,-9999,-9999,-9999,-9999,-9999,-9999,-9999,-9999,-9999
"05-05-2010",-9999,-9999,-9999,-9999,-9999,-9999,-9999,-9999,-9999,-9999,-9999,-9999,-9999,-9999,-9999,-9999,-9999,-9999,-9999,-9999,-9999,-9999,-9999,-9999
"06-05-2010",-9999,-9999,-9999,-9999,-9999,-9999,-9999,-9999,-9999,-9999,-9999,-9999,-9999,-9999,-9999,-9999,-9999,-9999,-9999,-9999,-9999,-9999,-9999,-9999
"07-05-2010",-9999,-9999,-9999,-9999,-9999,-9999,-9999,-9999,-9999,-9999,-9999,-9999,-9999,-9999,-9999,-9999,-9999,-9999,-9999,-9999,-9999,-9999,-9999,-9999
"08-05-2010",-9999,-9999,-9999,-9999,-9999,-9999,-9999,-9999,-9999,-9999,-9999,-9999,-9999,-9999,-9999,-9999,-9999,-9999,-9999,-9999,-9999,-9999,-9999,-9999
"09-05-2010",-9999,-9999,-9999,-9999,-9999,-9999,-9999,-9999,-9999,-9999,-9999,-9999,-9999,-9999,-9999,-9999,-9999,-9999,-9999,-9999,-9999,-9999,-9999,-9999
"10-05-2010",-9999,-9999,-9999,-9999,-9999,-9999,-9999,-9999,-9999,-9999,-9999,-9999,-9999,-9999,-9999,-9999,-9999,-9999,-9999,-9999,-9999,-9999,-9999,-9999
"11-05-2010",-9999,-9999,-9999,-9999,-9999,-9999,-9999,-9999,-9999,-9999,-9999,-9999,-9999,-9999,-9999,-9999,-9999,-9999,-9999,-9999,-9999,-9999,-9999,-9999
"12-05-2010",-9999,-9999,-9999,-9999,-9999,-9999,-9999,-9999,-9999,-9999,-9999,-9999,-9999,-9999,-9999,-9999,-9999,-9999,-9999,-9999,-9999,-9999,-9999,-9999
"13-05-2010",-9999,-9999,-9999,-9999,-9999,-9999,-9999,-9999,-9999,-9999,-9999,-9999,-9999,-9999,-9999,-9999,-9999,-9999,-9999,-9999,-9999,-9999,-9999,-9999
"14-05-2010",-9999,-9999,-9999,-9999,-9999,-9999,-9999,-9999,-9999,-9999,-9999,-9999,-9999,-9999,-9999,-9999,-9999,-9999,-9999,-9999,-9999,-9999,-9999,-9999
"15-05-2010",-9999,-9999,-9999,-9999,-9999,-9999,-9999,-9999,-9999,-9999,-9999,-9999,-9999,-9999,-9999,-9999,-9999,-9999,-9999,-9999,-9999,-9999,-9999,-9999
"16-05-2010",-9999,-9999,-9999,-9999,-9999,-9999,-9999,-9999,-9999,-9999,-9999,-9999,-9999,-9999,-9999,-9999,-9999,-9999,-9999,-9999,-9999,-9999,-9999,-9999
"17-05-2010",-9999,-9999,-9999,-9999,-9999,-9999,-9999,-9999,-9999,-9999,-9999,-9999,-9999,-9999,-9999,-9999,-9999,-9999,-9999,-9999,-9999,-9999,-9999,-9999
"18-05-2010",-9999,-9999,-9999,-9999,-9999,-9999,-9999,-9999,-9999,-9999,-9999,79,83,88,91,93,95,96,97,90,73,50,46,55
"19-05-2010",46,47,58,46,34,27,21,29,55,83,91,93,93,97,98,98,99,94,93,88,84,91,51,42
"20-05-2010",43,49,46,40,33,16,15,30,59,93,102,106,110,114,116,119,124,112,116,111,91,85,67,66
"21-05-2010",74,70,-9999,-9999,-9999,-9999,-9999,-9999,76,82,86,86,96,82,83,80,88,79,71,71,60,48,42,40
"22-05-2010",36,35,38,47,36,37,37,39,50,57,58,67,83,91,89,91,94,95,93,82,30,45,54,31
"23-05-2010",16,21,25,18,22,11,15,28,38,51,69,82,88,92,88,71,82,82,87,70,60,52,25,26
"24-05-2010",21,20,18,18,22,14,12,28,41,56,72,84,92,93,98,106,106,109,100,88,73,62,37,42
"25-05-2010",33,42,39,29,23,17,16,36,47,68,87,92,102,106,114,119,127,136,146,134,115,80,63,51
"26-05-2010",55,65,34,38,45,28,16,42,67,91,107,122,121,127,132,135,134,128,121,103,76,95,81,62
"27-05-2010",51,43,38,58,48,32,16,26,57,80,104,113,117,119,123,123,121,120,115,79,70,67,63,43
"28-05-2010",63,57,48,49,36,30,22,36,55,74,91,97,107,118,121,119,117,119,114,113,109,105,102,93
"29-05-2010",80,86,59,45,43,43,34,45,78,96,108,108,109,109,113,110,113,110,99,89,81,81,54,30
"30-05-2010",37,41,40,30,41,25,24,-9999,53,63,73,-9999,83,99,107,107,97,89,89,90,76,83,64,45
"31-05-2010",35,41,35,39,28,26,15,31,45,61,72,76,98,113,119,119,122,117,115,122,126,123,118,113
"01-06-2010",91,77,76,82,71,64,95,103,103,102,93,95,106,101,102,99,96,85,77,79,75,66,51,38
"02-06-2010",27,32,38,21,-9999,-9999,-9999,-9999,-9999,-9999,-9999,-9999,-9999,-9999,-9999,-9999,-9999,-9999,-9999,-9999,-9999,-9999,-9999,-9999
"03-06-2010",-9999,-9999,-9999,-9999,-9999,-9999,-9999,-9999,-9999,-9999,-9999,-9999,106,111,113,113,119,118,114,114,111,90,90,74
"04-06-2010",64,56,50,45,43,27,40,55,59,81,95,97,101,104,108,111,110,114,116,115,118,114,112,104
"05-06-2010",87,69,49,57,57,59,53,46,57,77,76,94,102,103,101,103,105,98,90,85,65,35,40,43
"06-06-2010",45,38,29,31,33,53,72,67,68,73,83,95,98,104,106,104,101,104,100,95,75,55,50,32
"07-06-2010",38,30,30,40,32,22,20,39,59,74,89,96,100,103,101,101,102,105,101,95,86,98,86,73
"08-06-2010",58,43,44,40,15,25,19,35,54,85,100,109,113,114,116,115,112,111,111,104,86,77,67,60
"09-06-2010",51,41,38,50,33,28,23,45,57,73,99,109,111,110,110,107,108,110,110,102,79,38,36,54
"10-06-2010",79,50,52,46,42,28,21,42,71,93,102,96,96,99,98,103,111,112,111,106,90,75,41,49
"11-06-2010",38,43,45,54,54,-9999,-9999,-9999,-9999,-9999,-9999,-9999,116,119,121,123,121,121,121,116,104,81,67,46
"12-06-2010",48,54,40,46,52,49,36,56,81,85,111,119,121,120,121,122,123,122,120,112,88,53,52,52
"13-06-2010",46,34,44,40,49,36,27,31,58,80,103,112,119,123,134,128,128,127,106,93,95,89,79,53
"14-06-2010",69,55,57,45,46,34,22,38,66,87,102,110,115,122,119,114,115,105,100,87,89,77,59,62
"15-06-2010",45,35,37,39,34,34,14,25,53,80,94,88,85,89,89,93,93,84,78,67,54,50,18,28
"16-06-2010",15,19,26,12,16,10,6,17,43,59,67,67,69,75,77,79,81,74,70,74,78,52,66,35
"17-06-2010",33,27,22,26,23,12,15,-9999,-9999,58,79,95,86,81,79,83,81,79,80,75,73,56,84,86
"18-06-2010",74,60,44,44,45,18,42,70,82,89,88,92,94,93,82,90,88,82,81,99,92,82,-9999,84
"19-06-2010",81,63,52,-9999,-9999,-9999,-9999,-9999,-9999,-9999,-9999,-9999,-9999,-9999,-9999,-9999,-9999,-9999,-9999,-9999,-9999,-9999,-9999,-9999
"20-06-2010",-9999,-9999,-9999,-9999,-9999,-9999,-9999,-9999,-9999,-9999,-9999,-9999,-9999,-9999,-9999,-9999,-9999,-9999,-9999,-9999,-9999,-9999,-9999,-9999
"21-06-2010",-9999,-9999,-9999,-9999,-9999,-9999,-9999,-9999,-9999,-9999,-9999,-9999,-9999,-9999,-9999,-9999,-9999,-9999,-9999,-9999,-9999,-9999,-9999,-9999
"22-06-2010",-9999,-9999,-9999,-9999,-9999,-9999,-9999,-9999,-9999,-9999,92,95,96,98,102,104,106,107,106,106,108,107,104,89
"23-06-2010",75,69,76,50,47,53,39,32,54,78,86,88,88,92,93,93,100,100,100,93,73,58,53,66
"24-06-2010",65,63,53,42,40,42,51,47,48,67,78,85,88,78,84,81,82,96,93,93,92,89,92,74
"25-06-2010",73,75,77,60,43,31,23,47,65,86,93,97,100,104,107,107,106,112,107,99,104,112,96,98
"26-06-2010",92,69,69,55,36,40,30,26,57,78,99,109,108,104,106,105,103,102,101,104,102,101,88,82
"27-06-2010",88,81,69,61,54,46,50,44,62,85,108,112,113,117,95,85,83,76,67,56,61,44,34,34
"28-06-2010",32,24,53,72,42,30,15,15,27,68,86,94,99,98,96,100,95,98,101,95,80,52,41,36
"29-06-2010",32,27,20,13,18,11,5,23,45,66,88,103,103,104,106,107,109,107,104,104,112,108,82,41
"30-06-2010",36,49,27,20,26,19,8,32,61,72,91,101,107,111,110,104,108,108,102,87,73,50,27,21
"01-07-2010",19,13,19,16,27,11,10,17,38,57,84,93,97,97,99,101,100,98,100,116,90,68,50,31
"02-07-2010",32,13,4,16,19,15,11,23,50,64,90,98,96,96,98,102,101,95,97,86,61,49,70,51
"03-07-2010",39,50,36,33,42,11,23,50,74,83,98,102,100,101,101,101,103,103,101,99,101,97,75,57
"04-07-2010",71,52,38,34,33,-9999,-9999,-9999,-9999,-9999,-9999,-9999,-9999,-9999,-9999,-9999,-9999,-9999,-9999,-9999,-9999,-9999,-9999,-9999
"05-07-2010",-9999,-9999,-9999,-9999,-9999,-9999,-9999,-9999,-9999,-9999,-9999,-9999,-9999,-9999,-9999,-9999,-9999,-9999,-9999,-9999,-9999,-9999,-9999,-9999
"06-07-2010",-9999,-9999,-9999,-9999,-9999,-9999,-9999,-9999,-9999,-9999,-9999,-9999,-9999,-9999,-9999,-9999,-9999,-9999,-9999,-9999,-9999,-9999,-9999,-9999
"07-07-2010",-9999,-9999,-9999,-9999,-9999,-9999,-9999,-9999,-9999,-9999,-9999,-9999,-9999,-9999,-9999,-9999,-9999,-9999,-9999,-9999,-9999,-9999,-9999,-9999
"08-07-2010",-9999,-9999,-9999,-9999,-9999,-9999,-9999,-9999,-9999,-9999,-9999,-9999,-9999,-9999,-9999,-9999,-9999,-9999,-9999,-9999,-9999,-9999,-9999,-9999
"09-07-2010",-9999,-9999,-9999,-9999,-9999,-9999,-9999,-9999,-9999,-9999,-9999,-9999,-9999,-9999,-9999,-9999,-9999,-9999,-9999,-9999,-9999,-9999,-9999,-9999
"10-07-2010",-9999,-9999,-9999,-9999,-9999,-9999,-9999,-9999,-9999,79,90,101,100,102,101,99,99,98,100,99,84,70,61,48
"11-07-2010",33,27,34,32,11,7,10,25,58,67,87,95,97,94,94,97,98,101,100,96,78,77,51,46
"12-07-2010",47,27,13,24,26,13,21,27,51,77,94,109,108,107,109,111,111,111,109,97,64,87,80,56
"13-07-2010",39,57,49,30,38,12,8,15,63,83,98,107,107,116,120,120,121,119,115,118,120,116,82,62
"14-07-2010",44,40,39,44,34,10,14,36,52,81,99,113,106,107,108,110,112,110,110,100,80,75,51,29
"15-07-2010",28,18,26,38,30,31,14,21,42,75,105,110,111,109,107,111,114,117,115,108,93,75,66,42
"16-07-2010",50,39,80,88,84,-9999,-9999,63,80,93,95,94,99,101,105,109,107,109,108,106,100,79,75,90
"17-07-2010",78,81,87,90,71,60,66,73,85,105,115,116,120,121,121,122,121,118,117,104,99,60,48,39
"18-07-2010",38,38,48,46,48,32,27,44,66,99,116,121,120,120,122,123,121,119,116,109,107,108,90,89
"19-07-2010",68,88,52,57,59,43,29,30,76,103,110,115,118,116,116,114,113,114,113,106,91,77,66,39
"20-07-2010",32,31,35,47,49,51,29,25,66,84,93,86,93,104,106,104,105,104,105,94,82,63,68,32
"21-07-2010",33,22,28,38,32,21,1,11,53,83,98,105,106,107,104,103,102,101,100,85,76,86,79,59
"22-07-2010",52,44,41,31,30,35,21,24,61,78,105,112,110,104,105,105,108,106,100,90,79,95,78,69
"23-07-2010",53,42,44,38,40,26,26,20,45,82,95,98,97,99,101,104,105,104,98,92,74,63,41,35
"24-07-2010",25,13,25,30,28,29,17,14,40,66,96,108,114,120,120,121,120,125,118,96,72,46,49,61
"25-07-2010",90,103,91,78,59,46,33,34,60,77,96,98,99,99,98,98,99,97,97,96,80,84,62,88
"26-07-2010",88,76,75,74,70,60,50,56,71,78,80,85,88,83,92,91,88,87,87,84,72,64,44,35
"27-07-2010",28,25,13,7,4,1,7,10,35,60,69,69,78,85,86,83,87,88,88,86,85,83,59,51
"28-07-2010",57,53,48,42,17,15,12,20,46,68,81,90,-9999,-9999,98,97,100,98,97,88,81,79,84,65
"29-07-2010",47,24,24,28,22,19,20,26,57,66,79,83,85,86,85,85,87,87,88,86,79,69,60,40
"30-07-2010",18,35,16,13,14,22,14,24,43,82,90,94,94,100,101,103,104,104,104,94,81,85,75,61
"31-07-2010",36,23,48,39,29,15,15,29,44,66,85,93,90,91,92,94,95,96,90,82,76,65,73,44
"01-08-2010",39,44,38,30,41,23,10,16,40,58,70,77,82,85,87,87,87,89,87,82,72,49,51,23
"02-08-2010",19,3,-9999,2,10,4,-9999,10,28,49,73,81,82,84,85,85,86,90,97,88,71,62,49,36
"03-08-2010",18,16,7,24,24,15,13,7,42,60,80,94,96,96,98,104,105,106,107,98,87,76,62,52
"04-08-2010",37,32,42,40,38,17,15,19,40,63,87,108,116,110,110,109,105,105,101,89,113,120,62,62
"05-08-2010",83,59,52,64,60,27,45,39,49,66,83,96,101,102,107,107,107,106,100,92,78,58,37,30
"06-08-2010",43,42,35,34,19,24,31,11,22,57,81,98,113,114,117,112,111,110,115,119,108,99,66,35
"07-08-2010",24,15,21,22,17,10,7,9,24,44,74,86,86,83,86,89,90,95,98,87,72,47,16,3
"08-08-2010",24,17,25,4,7,1,4,1,34,45,74,83,87,91,95,96,97,94,92,84,70,73,47,40
"09-08-2010",23,8,13,25,21,7,1,1,24,58,79,84,84,81,82,84,86,85,83,77,73,56,30,23
"10-08-2010",16,2,1,12,10,8,1,3,8,47,72,84,86,86,89,89,89,89,87,82,78,33,37,24
"11-08-2010",17,13,12,2,11,1,-9999,3,52,66,85,92,95,96,102,105,104,106,105,99,79,69,46,10
"12-08-2010",38,28,24,27,18,8,5,3,25,53,92,108,110,112,114,115,117,118,115,106,83,85,76,42
"13-08-2010",28,21,32,22,19,48,6,19,48,66,89,113,117,113,113,114,110,104,92,76,68,44,39,31
"14-08-2010",11,-9999,17,14,13,-9999,-9999,1,8,45,71,94,99,101,100,101,102,100,94,82,72,61,41,38
"15-08-2010",32,19,33,24,28,32,28,26,37,59,79,91,92,91,93,90,91,89,88,84,62,55,26,37
"16-08-2010",22,30,16,28,26,22,3,-9999,21,47,75,96,98,98,100,99,98,97,95,78,56,23,6,10
"17-08-2010",3,11,34,12,-9999,1,10,-9999,9,34,63,92,97,93,90,85,85,85,95,91,61,52,35,21
"18-08-2010",26,32,20,20,29,8,1,-9999,12,48,81,100,105,109,111,109,106,107,98,88,86,84,51,26
"19-08-2010",41,3,1,16,10,22,-9999,-9999,19,48,80,96,104,108,113,116,120,115,105,93,71,39,28,14
"20-08-2010",8,3,18,10,24,21,-9999,6,37,53,88,99,100,100,102,108,105,103,102,95,86,60,50,50
"21-08-2010",64,42,39,37,49,57,63,57,52,67,87,88,86,86,87,94,93,91,92,88,71,47,55,62
"22-08-2010",67,68,57,68,76,68,71,65,73,77,79,80,81,83,84,86,87,87,85,84,66,49,11,31
"23-08-2010",63,66,76,77,74,67,64,61,63,-9999,-9999,-9999,76,-9999,-9999,-9999,-9999,-9999,-9999,-9999,-9999,-9999,-9999,-9999
"24-08-2010",-9999,-9999,-9999,-9999,-9999,-9999,-9999,-9999,-9999,-9999,-9999,-9999,-9999,-9999,-9999,-9999,-9999,-9999,-9999,-9999,-9999,-9999,-9999,-9999
"25-08-2010",-9999,-9999,-9999,-9999,-9999,-9999,-9999,-9999,-9999,-9999,-9999,-9999,-9999,-9999,-9999,-9999,-9999,-9999,-9999,-9999,-9999,-9999,-9999,-9999
"26-08-2010",-9999,-9999,-9999,-9999,-9999,-9999,-9999,-9999,-9999,-9999,-9999,-9999,-9999,-9999,98,99,101,102,98,72,38,17,7,1
"27-08-2010",9,2,11,20,24,28,31,20,40,76,84,89,87,84,83,83,84,84,83,72,61,47,19,12
"28-08-2010",6,-9999,1,19,30,25,14,1,32,55,70,79,78,81,85,99,98,95,103,106,97,40,8,20
"29-08-2010",13,12,18,10,2,1,1,1,33,45,63,72,90,85,74,74,83,89,70,84,57,64,50,40
"30-08-2010",30,37,33,29,46,34,27,20,27,59,67,74,75,80,83,86,86,84,84,76,71,63,55,42
"31-08-2010",25,31,39,26,22,16,15,9,22,60,73,82,79,80,66,47,58,73,83,64,48,49,56,55
"01-09-2010",35,33,40,33,37,30,25,36,48,57,72,-9999,-9999,79,83,84,87,87,86,69,61,-9999,57,34
"02-09-2010",21,30,13,17,7,1,-9999,1,18,56,63,68,71,76,79,82,84,79,100,105,82,55,72,59
"03-09-2010",30,17,12,6,7,1,1,-9999,19,43,68,76,85,90,90,87,83,82,76,73,55,64,72,76
"04-09-2010",75,61,31,18,25,13,3,9,18,38,71,81,84,94,98,102,104,96,89,86,78,77,75,63
"05-09-2010",54,48,59,48,30,22,20,11,25,49,63,64,65,69,72,72,71,73,69,67,56,62,58,46
"06-09-2010",58,39,40,36,46,23,13,24,37,49,28,46,38,22,33,58,64,63,64,57,42,40,34,31
"07-09-2010",12,9,7,1,-9999,-9999,-9999,-9999,2,23,49,72,79,83,85,85,86,85,80,63,46,55,61,57
"08-09-2010",28,16,17,9,8,-9999,-9999,-9999,2,26,52,71,80,90,96,97,98,98,88,79,65,59,35,26
"09-09-2010",17,1,6,5,10,1,-9999,-9999,1,32,60,81,88,90,90,89,87,85,78,64,33,20,11,3
"10-09-2010",7,8,12,14,8,1,1,17,42,60,62,66,67,70,72,72,73,72,71,62,46,29,18,29
"11-09-2010",13,4,13,13,14,21,20,26,40,46,55,65,67,68,64,51,27,25,47,28,12,23,7,3
"12-09-2010",1,-9999,-9999,-9999,1,-9999,1,12,19,25,31,35,43,58,63,63,63,61,54,45,30,10,8,26
"13-09-2010",19,18,24,12,1,-9999,-9999,-9999,2,17,32,49,55,60,65,65,67,67,59,42,31,1,6,4
"14-09-2010",1,1,-9999,-9999,-9999,-9999,-9999,-9999,1,16,35,59,76,80,85,86,83,82,75,56,30,24,2,9
"15-09-2010",9,20,9,4,6,1,-9999,-9999,1,25,49,72,80,82,82,85,87,88,82,61,37,18,5,1
"16-09-2010",5,16,12,15,16,10,1,-9999,13,26,42,68,88,93,94,92,92,90,77,39,4,19,3,6
"17-09-2010",13,1,5,1,3,3,-9999,-9999,5,35,52,59,73,88,87,87,92,91,79,56,23,14,-9999,1
"18-09-2010",3,8,11,8,1,1,-9999,-9999,1,17,44,60,68,75,80,81,82,81,69,49,29,7,2,-9999
"19-09-2010",-9999,1,-9999,1,8,2,-9999,-9999,11,19,33,58,70,91,77,77,77,71,63,53,39,1,5,-9999
"20-09-2010",1,-9999,3,1,-9999,-9999,-9999,-9999,-9999,4,5,46,62,65,64,65,71,70,73,71,64,40,39,55
"21-09-2010",56,60,44,19,45,21,37,38,22,37,49,57,62,64,66,70,71,69,67,58,51,43,30,29
"22-09-2010",21,26,29,33,29,24,33,10,23,33,46,53,58,61,63,65,66,66,67,56,48,48,26,1
"23-09-2010",34,35,45,22,56,56,45,40,46,56,63,63,62,62,65,66,65,62,61,54,49,50,57,51
"24-09-2010",52,55,55,55,46,44,37,36,38,42,50,51,57,60,57,48,55,61,54,40,37,41,30,45
"25-09-2010",29,23,13,5,9,3,-9999,18,19,29,23,22,32,40,49,51,50,50,49,50,46,38,38,32
"26-09-2010",34,38,43,42,43,44,44,46,45,49,56,56,56,57,59,59,57,57,56,44,32,24,37,40
"27-09-2010",36,29,42,62,65,63,59,42,49,57,62,66,68,63,65,63,57,63,66,60,38,32,29,30
"28-09-2010",20,18,25,22,6,5,5,-9999,3,6,31,33,39,58,60,59,54,57,55,48,24,4,26,24
"29-09-2010",40,22,28,15,3,1,1,4,3,25,28,36,47,51,51,56,53,53,54,49,60,62,61,50
"30-09-2010",47,36,35,31,24,22,9,1,4,25,44,65,71,75,79,77,77,77,70,51,40,58,57,58
"01-10-2010",-9999,-9999,-9999,-9999,-9999,-9999,-9999,-9999,-9999,-9999,-9999,-9999,-9999,-9999,-9999,-9999,-9999,-9999,-9999,-9999,-9999,-9999,-9999,-9999
"02-10-2010",-9999,-9999,-9999,-9999,-9999,-9999,-9999,-9999,-9999,-9999,-9999,-9999,-9999,-9999,-9999,-9999,-9999,-9999,-9999,-9999,-9999,-9999,-9999,-9999
"03-10-2010",-9999,-9999,-9999,-9999,-9999,-9999,-9999,-9999,-9999,-9999,-9999,-9999,-9999,-9999,-9999,-9999,-9999,-9999,-9999,-9999,-9999,-9999,-9999,-9999
"04-10-2010",-9999,-9999,-9999,-9999,-9999,-9999,-9999,-9999,-9999,-9999,-9999,-9999,-9999,-9999,-9999,-9999,-9999,-9999,-9999,-9999,-9999,-9999,-9999,-9999
"05-10-2010",-9999,-9999,-9999,-9999,-9999,-9999,-9999,-9999,-9999,-9999,-9999,-9999,-9999,-9999,-9999,-9999,-9999,-9999,-9999,-9999,-9999,-9999,-9999,-9999
"06-10-2010",-9999,-9999,-9999,-9999,-9999,-9999,-9999,-9999,-9999,-9999,-9999,-9999,-9999,-9999,-9999,-9999,-9999,-9999,-9999,-9999,-9999,-9999,-9999,-9999
"07-10-2010",-9999,-9999,-9999,-9999,-9999,-9999,-9999,-9999,-9999,-9999,-9999,-9999,-9999,-9999,-9999,-9999,-9999,-9999,-9999,-9999,-9999,-9999,-9999,-9999
"08-10-2010",-9999,-9999,-9999,-9999,-9999,-9999,-9999,-9999,-9999,-9999,-9999,-9999,-9999,-9999,-9999,-9999,-9999,-9999,-9999,-9999,-9999,-9999,-9999,-9999
"09-10-2010",-9999,-9999,-9999,-9999,-9999,-9999,-9999,-9999,-9999,-9999,-9999,-9999,-9999,-9999,-9999,-9999,-9999,-9999,-9999,-9999,-9999,-9999,-9999,-9999
"10-10-2010",-9999,-9999,-9999,-9999,-9999,-9999,-9999,-9999,-9999,-9999,-9999,-9999,-9999,-9999,-9999,-9999,-9999,-9999,-9999,-9999,-9999,-9999,-9999,-9999
"11-10-2010",-9999,-9999,-9999,-9999,-9999,-9999,-9999,-9999,-9999,-9999,-9999,-9999,-9999,-9999,-9999,-9999,-9999,-9999,-9999,-9999,-9999,-9999,-9999,-9999
"12-10-2010",-9999,-9999,-9999,-9999,-9999,-9999,-9999,-9999,-9999,-9999,-9999,-9999,-9999,-9999,-9999,-9999,-9999,-9999,-9999,-9999,-9999,-9999,-9999,-9999
"13-10-2010",-9999,-9999,-9999,-9999,-9999,-9999,-9999,-9999,-9999,-9999,-9999,-9999,-9999,-9999,-9999,-9999,-9999,-9999,-9999,-9999,-9999,-9999,-9999,-9999
"14-10-2010",-9999,-9999,-9999,-9999,-9999,-9999,-9999,-9999,-9999,-9999,-9999,-9999,-9999,-9999,-9999,-9999,-9999,-9999,-9999,-9999,-9999,-9999,-9999,-9999
"15-10-2010",-9999,-9999,-9999,-9999,-9999,-9999,-9999,-9999,-9999,-9999,-9999,-9999,-9999,-9999,-9999,-9999,-9999,-9999,-9999,-9999,-9999,-9999,-9999,-9999
"16-10-2010",-9999,-9999,-9999,-9999,-9999,-9999,-9999,-9999,-9999,-9999,-9999,-9999,-9999,-9999,-9999,-9999,-9999,-9999,-9999,-9999,-9999,-9999,-9999,-9999
"17-10-2010",-9999,-9999,-9999,-9999,-9999,-9999,-9999,-9999,-9999,-9999,-9999,-9999,-9999,-9999,-9999,-9999,-9999,-9999,-9999,-9999,-9999,-9999,-9999,-9999
"18-10-2010",-9999,-9999,-9999,-9999,-9999,-9999,-9999,-9999,-9999,-9999,-9999,-9999,-9999,-9999,-9999,-9999,-9999,-9999,-9999,-9999,-9999,-9999,-9999,-9999
"19-10-2010",-9999,-9999,-9999,-9999,-9999,-9999,-9999,-9999,-9999,-9999,-9999,-9999,-9999,-9999,-9999,-9999,-9999,-9999,-9999,-9999,-9999,-9999,-9999,-9999
"20-10-2010",-9999,-9999,-9999,-9999,-9999,-9999,-9999,-9999,-9999,-9999,-9999,-9999,-9999,-9999,-9999,-9999,-9999,-9999,-9999,-9999,-9999,-9999,-9999,-9999
"21-10-2010",-9999,-9999,-9999,-9999,-9999,-9999,-9999,-9999,-9999,-9999,-9999,-9999,-9999,-9999,-9999,-9999,-9999,-9999,-9999,-9999,-9999,-9999,-9999,-9999
"22-10-2010",-9999,-9999,-9999,-9999,-9999,-9999,-9999,-9999,-9999,-9999,-9999,-9999,-9999,-9999,-9999,-9999,-9999,-9999,-9999,-9999,-9999,-9999,-9999,-9999
"23-10-2010",-9999,-9999,-9999,-9999,-9999,-9999,-9999,-9999,-9999,-9999,-9999,-9999,-9999,-9999,-9999,-9999,-9999,-9999,-9999,-9999,-9999,-9999,-9999,-9999
"24-10-2010",-9999,-9999,-9999,-9999,-9999,-9999,-9999,-9999,-9999,-9999,-9999,-9999,-9999,-9999,-9999,-9999,-9999,-9999,-9999,-9999,-9999,-9999,-9999,-9999
"25-10-2010",-9999,-9999,-9999,-9999,-9999,-9999,-9999,-9999,-9999,-9999,-9999,-9999,-9999,-9999,-9999,-9999,-9999,-9999,-9999,-9999,-9999,-9999,-9999,-9999
"26-10-2010",-9999,-9999,-9999,-9999,-9999,-9999,-9999,-9999,-9999,-9999,-9999,-9999,-9999,-9999,-9999,-9999,-9999,-9999,-9999,-9999,-9999,-9999,-9999,-9999
"27-10-2010",-9999,-9999,-9999,-9999,-9999,-9999,-9999,-9999,-9999,-9999,-9999,-9999,-9999,-9999,-9999,-9999,-9999,-9999,-9999,-9999,-9999,-9999,-9999,-9999
"28-10-2010",-9999,-9999,-9999,-9999,-9999,-9999,-9999,-9999,-9999,-9999,-9999,-9999,-9999,-9999,-9999,-9999,-9999,-9999,-9999,-9999,-9999,-9999,-9999,-9999
"29-10-2010",-9999,-9999,-9999,-9999,-9999,-9999,-9999,-9999,-9999,-9999,-9999,-9999,-9999,-9999,-9999,-9999,-9999,-9999,-9999,-9999,-9999,-9999,-9999,-9999
"30-10-2010",-9999,-9999,-9999,-9999,-9999,-9999,-9999,-9999,-9999,-9999,-9999,-9999,-9999,-9999,-9999,-9999,-9999,-9999,-9999,-9999,-9999,-9999,-9999,-9999
"31-10-2010",-9999,-9999,-9999,-9999,-9999,-9999,-9999,-9999,-9999,-9999,-9999,-9999,-9999,-9999,-9999,-9999,-9999,-9999,-9999,-9999,-9999,-9999,-9999,-9999
"01-11-2010",-9999,-9999,-9999,-9999,-9999,-9999,-9999,-9999,-9999,-9999,-9999,-9999,-9999,-9999,-9999,-9999,-9999,-9999,-9999,-9999,-9999,-9999,-9999,-9999
"02-11-2010",-9999,-9999,-9999,-9999,-9999,-9999,-9999,-9999,-9999,-9999,-9999,-9999,-9999,-9999,-9999,-9999,-9999,-9999,-9999,-9999,-9999,-9999,-9999,-9999
"03-11-2010",-9999,-9999,-9999,-9999,-9999,-9999,-9999,-9999,-9999,-9999,-9999,-9999,-9999,-9999,-9999,-9999,-9999,-9999,-9999,-9999,-9999,-9999,-9999,-9999
"04-11-2010",-9999,-9999,-9999,-9999,-9999,-9999,-9999,-9999,-9999,-9999,-9999,-9999,-9999,-9999,-9999,-9999,-9999,-9999,-9999,-9999,-9999,-9999,-9999,-9999
"05-11-2010",-9999,-9999,-9999,-9999,-9999,-9999,-9999,-9999,-9999,-9999,-9999,-9999,-9999,-9999,-9999,-9999,-9999,-9999,-9999,-9999,-9999,-9999,-9999,-9999
"06-11-2010",-9999,-9999,-9999,-9999,-9999,-9999,-9999,-9999,-9999,-9999,-9999,-9999,-9999,-9999,-9999,-9999,-9999,-9999,-9999,-9999,-9999,-9999,-9999,-9999
"07-11-2010",-9999,-9999,-9999,-9999,-9999,-9999,-9999,-9999,-9999,-9999,-9999,-9999,-9999,-9999,-9999,-9999,-9999,-9999,-9999,-9999,-9999,-9999,-9999,-9999
"08-11-2010",-9999,-9999,-9999,-9999,-9999,-9999,-9999,-9999,-9999,-9999,-9999,-9999,-9999,-9999,-9999,-9999,-9999,-9999,-9999,-9999,-9999,-9999,-9999,-9999
"09-11-2010",-9999,-9999,-9999,-9999,-9999,-9999,-9999,-9999,-9999,-9999,-9999,-9999,-9999,-9999,-9999,-9999,-9999,-9999,-9999,-9999,-9999,-9999,-9999,-9999
"10-11-2010",-9999,-9999,-9999,-9999,-9999,-9999,-9999,-9999,-9999,-9999,-9999,-9999,-9999,-9999,-9999,-9999,-9999,-9999,-9999,-9999,-9999,-9999,-9999,-9999
"11-11-2010",-9999,-9999,-9999,-9999,-9999,-9999,-9999,-9999,-9999,-9999,-9999,-9999,-9999,-9999,-9999,-9999,-9999,-9999,-9999,-9999,-9999,-9999,-9999,-9999
"12-11-2010",-9999,-9999,-9999,-9999,-9999,-9999,-9999,-9999,-9999,-9999,-9999,-9999,-9999,-9999,-9999,-9999,-9999,-9999,-9999,-9999,-9999,-9999,-9999,-9999
"13-11-2010",-9999,-9999,-9999,-9999,-9999,-9999,-9999,-9999,-9999,-9999,-9999,-9999,-9999,-9999,-9999,-9999,-9999,-9999,-9999,-9999,-9999,-9999,-9999,-9999
"14-11-2010",-9999,-9999,-9999,-9999,-9999,-9999,-9999,-9999,-9999,-9999,-9999,-9999,-9999,-9999,-9999,-9999,-9999,-9999,-9999,-9999,-9999,-9999,-9999,-9999
"15-11-2010",-9999,-9999,-9999,-9999,-9999,-9999,-9999,-9999,-9999,-9999,-9999,-9999,-9999,-9999,-9999,-9999,-9999,-9999,-9999,-9999,-9999,-9999,-9999,-9999
"16-11-2010",-9999,-9999,-9999,-9999,-9999,-9999,-9999,-9999,-9999,-9999,-9999,-9999,-9999,-9999,-9999,-9999,-9999,-9999,-9999,-9999,-9999,-9999,-9999,-9999
"17-11-2010",-9999,-9999,-9999,-9999,-9999,-9999,-9999,-9999,-9999,-9999,-9999,-9999,-9999,-9999,-9999,-9999,-9999,-9999,-9999,-9999,-9999,-9999,-9999,-9999
"18-11-2010",-9999,-9999,-9999,-9999,-9999,-9999,-9999,-9999,-9999,-9999,-9999,-9999,-9999,-9999,-9999,-9999,-9999,-9999,-9999,-9999,-9999,-9999,-9999,-9999
"19-11-2010",-9999,-9999,-9999,-9999,-9999,-9999,-9999,-9999,-9999,-9999,-9999,-9999,-9999,-9999,-9999,-9999,-9999,-9999,-9999,-9999,-9999,-9999,-9999,-9999
"20-11-2010",-9999,-9999,-9999,-9999,-9999,-9999,-9999,-9999,-9999,-9999,-9999,-9999,-9999,-9999,-9999,-9999,-9999,-9999,-9999,-9999,-9999,-9999,-9999,-9999
"21-11-2010",-9999,-9999,-9999,-9999,-9999,-9999,-9999,-9999,-9999,-9999,-9999,-9999,-9999,-9999,-9999,-9999,-9999,-9999,-9999,-9999,-9999,-9999,-9999,-9999
"22-11-2010",3,3,3,6,5,5,3,3,7,18,21,31,35,57,65,70,70,68,64,63,64,64,63,64
"23-11-2010",61,62,62,61,62,63,66,68,72,78,79,88,91,85,88,94,93,69,83,86,88,87,75,84
"24-11-2010",83,92,93,94,84,69,81,79,70,61,69,78,75,85,87,83,58,77,78,82,55,55,60,74
"25-11-2010",57,75,90,87,73,75,46,52,72,59,48,75,-9999,81,80,75,81,55,19,42,55,73,70,75
"26-11-2010",79,81,81,79,81,84,84,81,76,80,82,82,83,81,80,81,81,80,78,77,74,76,78,77
"27-11-2010",76,76,74,75,73,73,74,72,69,68,67,64,72,74,75,74,73,60,58,61,65,61,61,70
"28-11-2010",63,50,53,42,34,28,20,18,16,20,31,38,39,48,54,61,59,59,58,60,62,64,65,67
"29-11-2010",70,74,73,75,75,73,72,69,68,69,70,71,72,75,77,69,60,58,74,59,55,71,73,69
"30-11-2010",67,63,56,57,50,43,33,11,23,19,31,60,75,83,77,85,87,85,82,81,79,78,79,78
"01-12-2010",77,75,76,75,72,70,69,68,56,66,57,-9999,-9999,65,60,60,61,60,59,57,56,59,60,57
"02-12-2010",58,63,60,68,66,66,65,63,59,68,65,65,68,71,63,61,60,58,63,64,55,47,52,60
"03-12-2010",64,60,51,58,56,50,49,43,43,48,59,70,73,74,72,64,57,65,67,67,42,16,40,60
"04-12-2010",52,49,46,51,70,68,59,59,57,71,71,71,73,74,69,67,63,71,72,86,76,57,53,52
"05-12-2010",46,49,54,52,47,42,25,43,38,45,64,67,78,81,78,73,60,25,19,10,21,19,16,11
"06-12-2010",7,20,18,12,15,7,2,1,10,29,40,50,63,82,75,78,38,8,7,6,6,5,6,5
"07-12-2010",4,3,4,10,12,4,1,2,7,12,29,43,56,64,68,64,22,16,2,4,5,3,1,1
"08-12-2010",1,4,5,6,5,1,1,1,5,16,25,41,58,65,68,65,15,4,1,1,1,1,1,1
"09-12-2010",2,3,1,3,7,4,3,1,2,9,22,32,43,58,62,60,52,32,20,24,1,1,1,8
"10-12-2010",17,24,58,40,37,23,35,19,32,53,59,53,57,61,62,66,61,54,54,50,52,57,56,67
"11-12-2010",69,63,59,57,56,57,55,54,55,51,55,57,60,65,66,67,60,48,51,52,55,57,59,55
"12-12-2010",53,57,51,57,50,36,31,19,18,42,65,69,73,74,74,72,53,52,49,47,3,9,3,5
"13-12-2010",11,12,24,17,22,60,64,42,33,27,26,38,44,37,42,39,33,25,32,31,37,34,32,31
"14-12-2010",31,31,31,25,17,8,14,4,-9999,-9999,-9999,-9999,-9999,-9999,-9999,-9999,-9999,-9999,-9999,-9999,-9999,-9999,-9999,-9999
"15-12-2010",-9999,-9999,-9999,-9999,-9999,-9999,-9999,-9999,-9999,-9999,-9999,-9999,-9999,-9999,-9999,-9999,-9999,-9999,-9999,-9999,-9999,-9999,-9999,-9999
"16-12-2010",-9999,-9999,-9999,-9999,-9999,-9999,-9999,-9999,-9999,-9999,-9999,-9999,-9999,-9999,-9999,-9999,-9999,-9999,-9999,-9999,-9999,-9999,-9999,-9999
"17-12-2010",-9999,-9999,-9999,-9999,-9999,-9999,-9999,-9999,-9999,-9999,-9999,-9999,-9999,-9999,-9999,-9999,-9999,-9999,-9999,-9999,-9999,-9999,-9999,-9999
"18-12-2010",-9999,-9999,-9999,-9999,-9999,-9999,-9999,-9999,-9999,-9999,-9999,-9999,-9999,-9999,-9999,-9999,-9999,-9999,-9999,-9999,-9999,-9999,-9999,-9999
"19-12-2010",-9999,-9999,-9999,-9999,-9999,-9999,-9999,-9999,-9999,-9999,-9999,-9999,-9999,-9999,-9999,-9999,-9999,-9999,-9999,-9999,-9999,-9999,-9999,-9999
"20-12-2010",-9999,-9999,-9999,-9999,-9999,-9999,-9999,-9999,-9999,-9999,-9999,-9999,-9999,-9999,-9999,-9999,-9999,-9999,-9999,-9999,-9999,-9999,-9999,-9999
"21-12-2010",-9999,-9999,-9999,-9999,-9999,-9999,-9999,-9999,-9999,-9999,-9999,-9999,-9999,-9999,-9999,-9999,-9999,-9999,-9999,-9999,-9999,-9999,-9999,-9999
"22-12-2010",-9999,-9999,-9999,-9999,-9999,-9999,-9999,-9999,-9999,-9999,-9999,-9999,-9999,-9999,-9999,-9999,-9999,-9999,-9999,-9999,-9999,-9999,-9999,-9999
"23-12-2010",-9999,-9999,-9999,-9999,-9999,-9999,-9999,-9999,-9999,-9999,-9999,-9999,38,39,42,39,37,32,31,28,35,29,22,22
"24-12-2010",24,14,23,25,25,26,25,25,23,31,67,70,74,77,76,74,72,75,76,77,80,86,89,89
"25-12-2010",89,88,86,83,83,82,76,81,62,67,85,85,82,80,78,75,74,66,61,50,66,74,64,43
"26-12-2010",33,35,44,46,53,42,40,47,39,38,41,60,66,76,78,66,63,73,66,66,43,29,29,30
"27-12-2010",46,43,41,37,31,23,10,9,15,17,34,47,54,43,43,23,17,15,28,11,15,17,9,7
"28-12-2010",19,21,15,11,20,18,20,28,23,27,27,28,29,29,27,25,25,38,39,38,37,38,38,38
"29-12-2010",37,35,38,38,38,37,37,37,40,37,37,29,28,27,29,32,36,36,37,38,27,25,29,33
"30-12-2010",31,29,38,39,39,33,30,26,18,24,25,37,51,57,58,57,45,6,-9999,-9999,-9999,-9999,-9999,-9999
"31-12-2010",-9999,-9999,-9999,-9999,-9999,-9999,-9999,-9999,-9999,6,19,31,47,60,72,75,45,41,35,10,3,4,1,3
"01-01-2011",9,-9999,-9999,-9999,-9999,-9999,-9999,-9999,-9999,-9999,-9999,-9999,-9999,-9999,-9999,-9999,-9999,-9999,-9999,-9999,-9999,-9999,-9999,-9999
