"01-01-2010",-9999,-9999,-9999,-9999,-9999,-9999,-9999,-9999,-9999,-9999,-9999,-9999,-9999,-9999,-9999,-9999,-9999,-9999,-9999,-9999,-9999,-9999,-9999,-9999
"02-01-2010",-9999,-9999,-9999,-9999,-9999,-9999,-9999,-9999,-9999,-9999,-9999,-9999,-9999,-9999,-9999,-9999,-9999,-9999,-9999,-9999,-9999,-9999,-9999,-9999
"03-01-2010",-9999,-9999,-9999,-9999,-9999,-9999,-9999,-9999,-9999,-9999,-9999,-9999,-9999,-9999,-9999,-9999,-9999,-9999,-9999,-9999,-9999,-9999,-9999,-9999
"04-01-2010",-9999,-9999,-9999,-9999,-9999,-9999,-9999,-9999,-9999,-9999,-9999,-9999,-9999,-9999,-9999,-9999,-9999,-9999,-9999,-9999,-9999,-9999,-9999,-9999
"05-01-2010",-9999,-9999,-9999,-9999,-9999,-9999,-9999,-9999,-9999,-9999,-9999,-9999,-9999,-9999,-9999,-9999,-9999,-9999,-9999,-9999,-9999,-9999,-9999,-9999
"06-01-2010",-9999,-9999,-9999,-9999,-9999,-9999,-9999,-9999,-9999,-9999,-9999,-9999,-9999,-9999,-9999,-9999,-9999,-9999,-9999,-9999,-9999,-9999,-9999,-9999
"07-01-2010",-9999,-9999,-9999,-9999,-9999,-9999,-9999,-9999,-9999,-9999,-9999,-9999,-9999,-9999,-9999,-9999,-9999,-9999,-9999,-9999,-9999,-9999,-9999,-9999
"08-01-2010",-9999,-9999,-9999,-9999,-9999,-9999,-9999,-9999,-9999,-9999,-9999,-9999,-9999,-9999,-9999,-9999,-9999,-9999,-9999,-9999,-9999,-9999,-9999,-9999
"09-01-2010",-9999,-9999,-9999,-9999,-9999,-9999,-9999,-9999,-9999,-9999,-9999,-9999,-9999,-9999,-9999,-9999,-9999,-9999,-9999,-9999,-9999,-9999,-9999,-9999
"10-01-2010",-9999,-9999,-9999,-9999,-9999,-9999,-9999,-9999,-9999,-9999,-9999,-9999,-9999,-9999,-9999,-9999,-9999,-9999,-9999,-9999,-9999,-9999,-9999,-9999
"11-01-2010",-9999,-9999,-9999,-9999,-9999,-9999,-9999,-9999,-9999,-9999,-9999,-9999,-9999,-9999,-9999,-9999,-9999,-9999,-9999,-9999,-9999,-9999,-9999,-9999
"12-01-2010",-9999,-9999,-9999,-9999,-9999,-9999,-9999,-9999,-9999,-9999,-9999,-9999,-9999,-9999,-9999,-9999,-9999,-9999,-9999,-9999,-9999,-9999,-9999,-9999
"13-01-2010",-9999,-9999,-9999,-9999,-9999,-9999,-9999,-9999,-9999,-9999,-9999,-9999,-9999,-9999,-9999,-9999,-9999,-9999,-9999,-9999,-9999,-9999,-9999,-9999
"14-01-2010",-9999,-9999,-9999,-9999,-9999,-9999,-9999,-9999,-9999,-9999,-9999,-9999,-9999,-9999,-9999,-9999,-9999,-9999,-9999,-9999,-9999,-9999,-9999,-9999
"15-01-2010",-9999,-9999,-9999,-9999,-9999,-9999,-9999,-9999,-9999,-9999,-9999,-9999,-9999,-9999,-9999,-9999,-9999,-9999,-9999,-9999,-9999,-9999,-9999,-9999
"16-01-2010",-9999,-9999,-9999,-9999,-9999,-9999,-9999,-9999,-9999,-9999,-9999,-9999,-9999,-9999,-9999,-9999,-9999,-9999,-9999,-9999,-9999,-9999,-9999,-9999
"17-01-2010",-9999,-9999,-9999,-9999,-9999,-9999,-9999,-9999,-9999,-9999,-9999,-9999,-9999,-9999,-9999,-9999,-9999,-9999,-9999,-9999,-9999,-9999,-9999,-9999
"18-01-2010",-9999,-9999,-9999,-9999,-9999,-9999,-9999,-9999,-9999,-9999,-9999,-9999,-9999,-9999,-9999,-9999,-9999,-9999,-9999,-9999,-9999,-9999,-9999,-9999
"19-01-2010",-9999,-9999,-9999,-9999,-9999,-9999,-9999,-9999,-9999,-9999,-9999,-9999,-9999,-9999,-9999,-9999,-9999,-9999,-9999,-9999,-9999,-9999,-9999,-9999
"20-01-2010",-9999,-9999,-9999,-9999,-9999,-9999,-9999,-9999,-9999,-9999,-9999,-9999,-9999,-9999,-9999,-9999,-9999,-9999,-9999,-9999,-9999,-9999,-9999,-9999
"21-01-2010",-9999,-9999,-9999,-9999,-9999,-9999,-9999,-9999,-9999,-9999,-9999,-9999,-9999,-9999,-9999,-9999,-9999,-9999,-9999,-9999,-9999,-9999,-9999,-9999
"22-01-2010",-9999,-9999,-9999,-9999,-9999,-9999,-9999,-9999,-9999,-9999,-9999,-9999,-9999,-9999,-9999,-9999,-9999,-9999,-9999,-9999,-9999,-9999,-9999,-9999
"23-01-2010",-9999,-9999,-9999,-9999,-9999,-9999,-9999,-9999,-9999,-9999,-9999,-9999,-9999,-9999,-9999,-9999,-9999,-9999,-9999,-9999,-9999,-9999,-9999,-9999
"24-01-2010",-9999,-9999,-9999,-9999,-9999,-9999,-9999,-9999,-9999,-9999,-9999,-9999,-9999,-9999,-9999,-9999,-9999,-9999,-9999,-9999,-9999,-9999,-9999,-9999
"25-01-2010",-9999,-9999,-9999,-9999,-9999,-9999,-9999,-9999,-9999,-9999,-9999,-9999,-9999,-9999,-9999,-9999,-9999,-9999,-9999,-9999,-9999,-9999,-9999,-9999
"26-01-2010",-9999,-9999,-9999,-9999,-9999,-9999,-9999,-9999,-9999,-9999,-9999,-9999,-9999,-9999,-9999,-9999,-9999,-9999,-9999,-9999,-9999,-9999,-9999,-9999
"27-01-2010",-9999,-9999,-9999,-9999,-9999,-9999,-9999,-9999,-9999,-9999,-9999,-9999,-9999,-9999,-9999,-9999,-9999,-9999,-9999,-9999,-9999,-9999,-9999,-9999
"28-01-2010",-9999,-9999,-9999,-9999,-9999,-9999,-9999,-9999,-9999,-9999,-9999,-9999,-9999,-9999,-9999,-9999,-9999,-9999,-9999,-9999,-9999,-9999,-9999,-9999
"29-01-2010",-9999,-9999,-9999,-9999,-9999,-9999,-9999,-9999,-9999,-9999,-9999,-9999,-9999,-9999,-9999,-9999,-9999,-9999,-9999,-9999,-9999,-9999,-9999,-9999
"30-01-2010",-9999,-9999,-9999,-9999,-9999,-9999,-9999,-9999,-9999,-9999,-9999,-9999,-9999,-9999,-9999,-9999,-9999,-9999,-9999,-9999,-9999,-9999,-9999,-9999
"31-01-2010",-9999,-9999,-9999,-9999,-9999,-9999,-9999,-9999,-9999,-9999,-9999,-9999,-9999,-9999,-9999,-9999,-9999,-9999,-9999,-9999,-9999,-9999,-9999,-9999
"01-02-2010",-9999,-9999,-9999,-9999,-9999,-9999,-9999,-9999,-9999,-9999,-9999,-9999,-9999,-9999,-9999,-9999,-9999,-9999,-9999,-9999,-9999,-9999,-9999,-9999
"02-02-2010",-9999,-9999,-9999,-9999,-9999,-9999,-9999,-9999,-9999,-9999,-9999,-9999,-9999,-9999,-9999,-9999,-9999,-9999,-9999,-9999,-9999,-9999,-9999,-9999
"03-02-2010",-9999,-9999,-9999,-9999,-9999,-9999,-9999,-9999,-9999,-9999,-9999,-9999,-9999,-9999,-9999,-9999,-9999,-9999,-9999,-9999,-9999,-9999,-9999,-9999
"04-02-2010",-9999,-9999,-9999,-9999,-9999,-9999,-9999,-9999,-9999,-9999,-9999,-9999,-9999,-9999,-9999,-9999,-9999,-9999,-9999,-9999,-9999,-9999,-9999,-9999
"05-02-2010",-9999,-9999,-9999,-9999,-9999,-9999,-9999,-9999,-9999,-9999,-9999,-9999,-9999,-9999,-9999,-9999,-9999,-9999,-9999,-9999,-9999,-9999,-9999,-9999
"06-02-2010",-9999,-9999,-9999,-9999,-9999,-9999,-9999,-9999,-9999,-9999,-9999,-9999,-9999,-9999,-9999,-9999,-9999,-9999,-9999,-9999,-9999,-9999,-9999,-9999
"07-02-2010",-9999,-9999,-9999,-9999,-9999,-9999,-9999,-9999,-9999,-9999,-9999,-9999,-9999,-9999,-9999,-9999,-9999,-9999,-9999,-9999,-9999,-9999,-9999,-9999
"08-02-2010",-9999,-9999,-9999,-9999,-9999,-9999,-9999,-9999,-9999,-9999,-9999,-9999,-9999,-9999,-9999,-9999,-9999,-9999,-9999,-9999,-9999,-9999,-9999,-9999
"09-02-2010",-9999,-9999,-9999,-9999,-9999,-9999,-9999,-9999,-9999,-9999,-9999,-9999,-9999,-9999,-9999,-9999,-9999,-9999,-9999,0.6,1.2,0.8,0.6,0.9
"10-02-2010",0.5,0.4,0.3,0.3,0.3,0.3,0.4,0.6,0.9,0.9,0.6,0.5,0.6,0.4,0.6,0.6,0.6,0.7,0.6,0.4,0.4,0.4,0.4,0.5
"11-02-2010",0.4,0.4,0.4,0.4,0.4,0.4,0.5,0.6,0.7,0.5,0.6,0.4,0.4,0.3,0.4,0.4,0.5,0.5,0.8,0.9,0.8,0.6,0.6,0.4
"12-02-2010",0.8,0.7,0.7,0.6,0.5,0.6,0.5,0.6,0.7,1.1,0.7,0.5,0.5,0.4,-9999,-9999,-9999,-9999,-9999,-9999,-9999,-9999,-9999,-9999
"13-02-2010",-9999,-9999,-9999,-9999,-9999,-9999,-9999,-9999,-9999,-9999,-9999,-9999,0.3,0.3,0.3,0.3,0.3,0.3,0.3,0.3,0.3,0.4,0.5,0.6
"14-02-2010",0.7,0.8,0.8,0.7,0.4,0.5,0.5,0.5,0.5,0.5,0.4,0.4,0.6,0.4,0.4,0.3,0.3,0.3,0.3,0.3,0.3,0.3,0.3,0.4
"15-02-2010",0.4,0.3,0.3,0.3,0.3,0.3,0.3,0.3,0.4,0.4,0.5,0.5,0.4,0.4,0.4,0.4,0.4,0.4,0.4,0.4,0.4,0.4,0.4,0.4
"16-02-2010",0.4,0.4,0.4,0.4,0.4,0.5,0.5,1.1,0.8,0.8,0.6,0.5,0.4,0.5,0.4,0.5,0.6,0.6,0.6,0.6,0.6,0.6,0.4,0.4
"17-02-2010",0.4,0.5,0.5,0.5,0.5,0.4,0.4,0.6,0.4,0.4,0.6,0.5,0.6,0.5,0.5,0.4,0.5,0.4,0.4,0.5,0.5,0.6,0.7,0.7
"18-02-2010",0.8,0.6,0.5,0.5,0.6,0.5,0.6,1.0,0.9,1.1,1.0,0.4,0.4,0.4,0.3,0.4,0.4,0.3,0.4,0.5,0.3,0.2,0.3,0.3
"19-02-2010",0.3,0.4,0.3,0.4,0.4,0.4,0.6,0.6,0.5,0.5,0.3,0.3,0.3,0.3,0.3,0.2,0.3,0.5,0.4,0.4,0.5,0.5,0.4,0.3
"20-02-2010",0.3,0.3,0.3,0.3,0.2,0.3,0.3,0.5,0.7,0.5,0.3,0.3,0.3,0.3,0.2,0.2,0.2,0.2,0.3,0.3,0.2,0.2,0.3,0.4
"21-02-2010",0.2,0.2,0.2,0.2,0.2,0.2,0.2,0.2,0.2,0.2,0.2,0.2,0.2,0.2,0.2,0.2,0.2,0.2,0.2,0.3,0.3,0.3,0.3,0.3
"22-02-2010",0.2,0.2,0.3,0.3,0.3,0.3,0.4,0.7,0.5,0.4,0.5,0.4,0.3,0.4,0.3,0.3,0.3,0.3,0.5,0.5,0.5,0.5,0.4,0.4
"23-02-2010",0.5,0.4,0.3,0.3,0.3,0.3,0.4,0.5,0.5,0.4,0.5,0.3,0.3,0.3,0.3,0.4,0.4,0.4,0.4,0.5,0.4,0.7,0.7,0.6
"24-02-2010",0.4,0.4,0.4,0.4,0.3,0.3,0.4,0.6,0.7,0.4,0.4,0.4,0.3,0.3,0.3,0.3,0.3,0.5,0.7,0.4,0.3,0.4,0.3,0.4
"25-02-2010",0.5,0.3,0.3,0.4,0.4,0.4,0.6,0.8,0.5,0.3,0.3,0.3,0.3,0.3,0.3,0.3,0.3,0.3,0.3,0.3,0.3,0.3,0.3,0.3
"26-02-2010",0.3,0.3,0.3,0.3,0.3,0.3,0.3,0.7,0.6,0.4,0.3,0.3,0.3,0.3,0.3,0.3,0.3,0.3,0.3,0.3,0.3,0.3,0.3,0.3
"27-02-2010",0.3,0.4,0.3,0.3,0.3,0.4,0.3,0.3,0.4,0.3,0.3,0.3,0.2,0.2,0.2,0.2,0.2,0.2,0.2,0.3,0.2,0.2,0.2,0.2
"28-02-2010",0.2,0.2,0.2,0.2,0.2,0.2,0.2,0.3,0.2,0.2,0.2,0.2,0.2,0.2,0.2,0.2,0.2,0.3,0.3,0.3,0.5,0.3,0.5,0.6
"01-03-2010",0.6,0.5,0.4,0.4,0.4,0.5,0.4,0.6,0.6,0.6,0.5,0.5,0.5,0.5,0.4,0.3,0.4,0.5,0.6,0.9,0.7,0.7,0.7,0.5
"02-03-2010",0.6,0.5,0.4,0.4,0.4,0.4,0.5,0.7,0.8,0.5,0.6,0.4,0.4,0.3,0.3,0.3,0.2,0.3,0.3,0.3,0.3,0.3,0.3,0.3
"03-03-2010",0.2,0.3,0.3,0.3,0.3,0.3,0.3,0.3,0.4,0.4,0.3,0.3,0.3,0.3,0.3,0.3,0.3,0.3,0.4,0.3,0.3,0.3,0.4,0.4
"04-03-2010",0.6,0.5,0.4,0.3,0.3,0.3,0.2,0.3,0.4,0.4,0.3,0.3,0.4,0.4,0.5,0.5,0.5,0.4,0.4,0.3,0.4,0.3,0.4,0.3
"05-03-2010",0.3,0.3,0.3,0.3,0.3,0.4,0.4,0.6,0.7,0.6,0.5,0.3,0.3,0.3,0.3,0.3,0.4,0.4,0.3,0.3,0.3,0.3,0.3,0.3
"06-03-2010",0.3,0.3,0.3,0.3,0.3,0.3,0.3,0.3,0.3,0.3,0.3,0.3,0.3,0.3,0.3,0.3,0.3,0.3,0.3,0.3,0.3,0.3,0.3,0.3
"07-03-2010",0.3,0.3,0.3,0.3,0.3,0.3,0.3,0.3,0.3,0.3,0.3,0.3,0.3,0.3,0.3,0.3,0.3,0.4,0.3,0.4,0.3,0.3,0.3,0.3
"08-03-2010",0.3,0.3,0.3,0.3,0.2,0.2,0.2,0.3,0.3,0.3,0.4,0.4,0.4,0.4,0.4,0.4,0.4,0.4,0.4,0.4,0.3,0.4,0.4,0.3
"09-03-2010",0.3,0.3,0.3,0.3,0.3,0.3,0.3,0.4,0.4,0.4,0.4,0.3,0.3,0.4,0.4,0.3,0.3,0.4,0.4,0.4,0.4,0.4,0.3,0.3
"10-03-2010",0.3,0.3,0.3,0.3,0.3,0.3,0.3,0.3,-9999,-9999,-9999,-9999,-9999,-9999,-9999,-9999,-9999,-9999,-9999,-9999,-9999,-9999,-9999,-9999
"11-03-2010",-9999,-9999,-9999,-9999,-9999,-9999,-9999,-9999,-9999,-9999,-9999,-9999,-9999,0.3,0.3,0.3,0.3,0.3,0.4,0.5,0.5,0.4,0.4,0.4
"12-03-2010",0.4,0.9,0.6,0.4,0.5,0.4,0.4,0.6,0.5,0.5,0.4,0.3,0.3,0.3,0.4,0.3,0.3,0.3,0.3,0.3,0.3,0.3,0.3,0.4
"13-03-2010",0.4,0.6,0.5,0.4,0.4,0.3,0.3,0.3,0.3,0.3,0.3,0.3,0.3,0.3,0.3,0.3,0.3,0.3,0.3,0.3,0.3,0.3,0.3,0.3
"14-03-2010",0.3,0.3,0.2,0.3,0.3,0.3,0.2,0.3,0.3,0.2,0.2,0.2,0.2,0.2,0.2,0.2,0.2,0.2,0.3,0.3,0.2,0.3,0.3,0.3
"15-03-2010",0.3,0.3,0.2,0.2,0.2,0.3,0.3,0.5,0.4,0.3,0.3,0.2,0.3,0.2,0.3,0.2,0.3,0.3,0.3,0.3,0.3,0.3,0.3,0.3
"16-03-2010",0.3,0.3,0.3,0.3,0.3,0.3,0.3,0.3,0.3,0.3,0.2,0.3,0.3,0.3,0.3,0.3,0.3,0.3,0.3,0.3,0.2,0.3,0.4,0.6
"17-03-2010",0.4,0.3,0.4,0.3,0.3,0.3,0.3,0.3,0.3,0.2,0.2,0.2,0.2,0.2,0.2,0.2,0.2,0.2,0.2,0.2,0.2,0.2,0.3,0.2
"18-03-2010",0.2,0.3,0.3,0.3,0.3,0.3,0.4,0.6,0.9,0.5,0.3,0.2,0.2,0.2,0.2,0.2,0.3,0.3,0.3,0.3,0.3,0.7,0.7,0.7
"19-03-2010",0.5,0.4,0.3,0.3,0.4,0.3,0.5,0.6,0.9,0.6,0.3,0.3,0.3,0.3,0.3,0.3,0.3,0.3,0.2,0.3,0.3,0.3,0.3,0.5
"20-03-2010",0.5,0.4,0.4,0.5,0.3,0.4,0.3,1.1,0.3,0.3,0.3,0.2,0.2,0.2,0.2,0.2,0.2,0.2,0.2,0.3,0.3,0.4,0.6,0.5
"21-03-2010",0.5,0.4,0.3,0.3,0.3,0.3,0.3,0.3,0.3,0.3,0.3,0.3,0.3,0.3,0.3,0.3,0.3,0.3,0.2,0.3,0.4,0.3,0.4,0.4
"22-03-2010",0.5,0.5,0.3,0.3,0.3,0.3,0.3,0.6,0.6,0.5,0.4,0.4,0.3,0.3,0.3,-9999,-9999,-9999,-9999,-9999,-9999,-9999,-9999,-9999
"23-03-2010",-9999,-9999,-9999,-9999,-9999,-9999,-9999,-9999,-9999,-9999,-9999,-9999,-9999,-9999,-9999,-9999,-9999,-9999,-9999,-9999,-9999,-9999,-9999,-9999
"24-03-2010",-9999,-9999,-9999,-9999,-9999,-9999,-9999,-9999,-9999,-9999,-9999,-9999,-9999,-9999,-9999,-9999,-9999,-9999,-9999,-9999,-9999,-9999,-9999,-9999
"25-03-2010",-9999,-9999,-9999,-9999,-9999,-9999,-9999,-9999,-9999,-9999,-9999,-9999,-9999,-9999,-9999,-9999,-9999,-9999,-9999,-9999,-9999,-9999,-9999,-9999
"26-03-2010",-9999,-9999,-9999,-9999,-9999,-9999,-9999,-9999,-9999,-9999,-9999,-9999,-9999,-9999,-9999,-9999,-9999,-9999,-9999,-9999,-9999,-9999,-9999,-9999
"27-03-2010",-9999,-9999,-9999,-9999,-9999,-9999,-9999,-9999,-9999,-9999,-9999,-9999,-9999,-9999,-9999,-9999,-9999,-9999,-9999,-9999,-9999,-9999,-9999,-9999
"28-03-2010",-9999,-9999,-9999,-9999,-9999,-9999,-9999,-9999,-9999,-9999,-9999,-9999,-9999,-9999,-9999,-9999,-9999,-9999,-9999,-9999,-9999,-9999,-9999,-9999
"29-03-2010",-9999,-9999,-9999,-9999,-9999,-9999,-9999,-9999,-9999,-9999,-9999,-9999,-9999,-9999,14.2,19.5,16.4,17.7,16.4,17.4,11.8,0.3,0.3,0.4
"30-03-2010",0.4,0.4,0.3,1.6,0.4,0.4,0.7,-9999,0.7,0.9,0.4,0.9,18.4,19.2,10.0,0.3,2.8,0.3,0.2,0.2,0.2,0.3,0.3,0.4
"31-03-2010",0.4,0.3,0.3,0.3,0.3,0.3,0.4,0.6,0.4,0.3,0.3,0.2,3.0,0.2,0.2,18.1,19.2,19.2,19.3,19.3,19.4,19.5,19.7,19.8
"01-04-2010",19.9,19.7,6.4,0.6,0.4,0.3,0.4,1.1,0.9,0.5,1.0,13.7,0.6,16.4,6.4,0.2,0.2,0.2,0.2,0.2,0.2,0.2,1.2,0.3
"02-04-2010",0.3,0.3,0.2,0.2,-9999,0.7,0.2,0.2,0.3,0.3,0.3,0.3,0.2,0.5,0.2,0.2,0.2,0.2,0.2,0.2,0.2,0.2,0.2,0.3
"03-04-2010",0.2,0.3,0.2,0.2,0.2,0.2,0.2,0.3,0.3,0.3,0.2,0.2,0.2,0.2,9.2,19.5,19.5,19.4,19.5,19.5,19.6,19.8,19.2,18.9
"04-04-2010",6.5,4.4,0.3,0.3,0.3,0.3,0.2,0.9,0.2,0.2,0.2,0.2,0.2,0.2,0.5,0.2,0.3,0.2,0.2,0.2,0.2,0.2,0.2,0.2
"05-04-2010",0.3,0.3,0.2,0.2,0.2,0.2,0.2,0.2,0.2,0.3,0.2,0.2,0.2,0.2,0.2,0.2,0.2,0.2,0.2,0.2,0.3,0.3,0.3,0.3
"06-04-2010",0.3,0.3,0.3,0.2,0.2,0.3,0.3,0.3,0.3,0.3,0.2,0.3,0.3,0.3,0.3,0.3,0.3,0.2,0.3,0.3,0.3,0.3,0.3,0.3
"07-04-2010",0.3,0.3,0.3,0.3,0.2,0.2,0.2,0.2,0.3,0.3,0.3,0.3,0.2,0.2,0.2,0.2,10.4,13.5,0.4,0.3,0.3,0.3,0.3,0.3
"08-04-2010",0.3,0.3,0.2,0.3,0.3,0.2,0.3,1.0,0.3,0.3,0.3,0.3,0.2,-9999,-9999,-9999,-9999,-9999,-9999,-9999,-9999,-9999,-9999,-9999
"09-04-2010",-9999,-9999,-9999,-9999,-9999,-9999,-9999,-9999,-9999,-9999,-9999,-9999,-9999,-9999,-9999,-9999,-9999,-9999,-9999,-9999,-9999,-9999,-9999,-9999
"10-04-2010",-9999,-9999,-9999,-9999,-9999,-9999,-9999,-9999,-9999,-9999,-9999,-9999,-9999,-9999,-9999,-9999,-9999,-9999,-9999,-9999,-9999,-9999,-9999,-9999
"11-04-2010",-9999,-9999,-9999,-9999,-9999,-9999,-9999,-9999,-9999,-9999,-9999,-9999,-9999,-9999,-9999,-9999,-9999,-9999,-9999,-9999,-9999,-9999,-9999,-9999
"12-04-2010",-9999,-9999,-9999,-9999,-9999,-9999,-9999,-9999,-9999,-9999,-9999,-9999,-9999,-9999,-9999,-9999,-9999,-9999,-9999,-9999,-9999,-9999,-9999,-9999
"13-04-2010",-9999,-9999,-9999,-9999,-9999,-9999,-9999,-9999,-9999,-9999,-9999,-9999,-9999,-9999,-9999,-9999,-9999,-9999,-9999,-9999,-9999,-9999,-9999,-9999
"14-04-2010",-9999,-9999,-9999,-9999,-9999,-9999,-9999,-9999,-9999,-9999,-9999,-9999,-9999,-9999,-9999,-9999,-9999,-9999,-9999,-9999,-9999,-9999,-9999,-9999
"15-04-2010",-9999,-9999,-9999,-9999,-9999,-9999,-9999,-9999,-9999,-9999,-9999,-9999,-9999,-9999,-9999,-9999,-9999,-9999,-9999,-9999,-9999,-9999,-9999,-9999
"16-04-2010",-9999,-9999,-9999,-9999,-9999,-9999,-9999,-9999,-9999,-9999,-9999,-9999,-9999,-9999,-9999,-9999,-9999,-9999,-9999,-9999,-9999,-9999,-9999,-9999
"17-04-2010",-9999,-9999,-9999,-9999,-9999,-9999,-9999,-9999,-9999,-9999,-9999,-9999,-9999,-9999,-9999,-9999,-9999,-9999,-9999,-9999,-9999,-9999,-9999,-9999
"18-04-2010",-9999,-9999,-9999,-9999,-9999,-9999,-9999,-9999,-9999,-9999,-9999,-9999,-9999,-9999,-9999,-9999,-9999,-9999,-9999,-9999,-9999,-9999,-9999,-9999
"19-04-2010",-9999,-9999,-9999,-9999,-9999,-9999,-9999,-9999,-9999,-9999,-9999,-9999,-9999,-9999,-9999,-9999,-9999,-9999,-9999,-9999,-9999,-9999,-9999,-9999
"20-04-2010",-9999,-9999,-9999,-9999,-9999,-9999,-9999,-9999,-9999,-9999,-9999,-9999,-9999,-9999,-9999,-9999,-9999,-9999,-9999,-9999,-9999,-9999,-9999,-9999
"21-04-2010",-9999,-9999,-9999,-9999,-9999,-9999,-9999,-9999,-9999,-9999,-9999,-9999,-9999,-9999,-9999,-9999,-9999,-9999,-9999,-9999,-9999,-9999,-9999,-9999
"22-04-2010",-9999,-9999,-9999,-9999,0.3,0.3,0.4,0.4,0.7,0.6,0.5,0.3,0.2,0.3,0.3,0.3,0.3,0.3,0.2,0.2,0.3,0.2,0.3,0.3
"23-04-2010",0.4,0.3,0.3,0.3,0.3,0.3,0.3,0.4,0.5,0.3,0.3,0.3,0.3,0.3,0.3,0.3,0.2,0.2,0.2,0.3,0.3,0.3,0.4,0.5
"24-04-2010",0.3,0.3,0.3,0.3,0.3,0.3,0.3,0.3,0.3,0.3,0.3,0.3,0.2,0.2,0.2,0.2,0.2,0.2,0.3,0.2,0.3,0.3,0.3,0.4
"25-04-2010",0.4,0.3,0.3,0.3,0.3,0.2,0.2,0.3,0.2,0.2,0.3,0.2,0.2,0.2,0.2,0.2,0.2,0.2,0.2,0.2,0.3,0.3,0.3,0.3
"26-04-2010",0.2,0.3,0.2,0.5,0.2,0.2,0.2,0.3,0.3,0.3,0.3,0.2,0.2,0.2,0.2,0.2,0.2,0.2,0.2,0.2,0.2,0.2,0.3,0.3
"27-04-2010",0.5,0.3,0.3,0.3,0.3,0.3,0.3,0.3,0.3,0.2,0.2,0.2,0.2,0.3,0.2,0.2,-9999,0.3,0.2,0.2,0.2,0.2,0.2,0.2
"28-04-2010",0.2,0.2,0.3,0.5,0.3,0.3,0.3,0.5,0.6,0.3,0.2,0.2,0.2,0.2,0.2,0.2,0.2,0.2,0.2,0.2,0.2,0.2,0.2,0.2
"29-04-2010",0.3,0.3,0.2,0.2,0.3,0.3,0.3,0.4,0.4,0.3,0.2,0.3,0.3,0.2,0.2,0.2,0.2,0.2,0.3,0.4,0.4,0.6,0.3,0.3
"30-04-2010",0.2,0.2,0.3,0.2,0.3,0.3,0.3,0.3,0.3,0.3,0.2,0.2,0.2,0.2,0.2,0.2,0.2,0.2,0.2,0.2,0.2,0.2,0.2,0.2
"01-05-2010",0.3,0.3,0.3,0.3,0.3,0.3,0.3,0.3,0.2,0.3,0.2,0.2,0.2,0.2,0.2,0.2,0.2,0.2,0.5,0.2,0.2,0.2,0.2,0.2
"02-05-2010",0.3,0.3,0.2,0.2,0.2,0.2,0.3,0.3,0.3,0.3,0.2,0.2,0.2,0.2,0.2,0.2,0.2,0.2,0.2,0.2,0.2,0.2,0.2,0.4
"03-05-2010",0.4,0.3,0.2,0.3,0.3,0.3,0.2,0.5,0.6,0.7,0.3,2.1,0.2,0.2,0.2,0.2,0.2,0.2,0.2,0.2,0.2,0.2,0.3,0.4
"04-05-2010",0.4,0.4,0.3,0.5,0.3,0.3,0.4,0.5,0.6,0.4,0.3,0.2,0.2,0.2,0.2,0.2,0.2,0.2,0.2,0.2,0.2,0.2,0.2,0.3
"05-05-2010",0.4,0.4,0.2,0.3,0.3,0.4,0.4,0.5,0.4,0.3,0.2,0.2,0.2,0.3,0.2,0.2,0.2,0.2,0.2,0.2,0.2,0.2,0.2,0.2
"06-05-2010",0.2,0.3,0.3,0.3,0.4,0.3,0.4,0.3,0.4,0.3,0.3,0.3,0.4,0.2,2.9,0.3,0.2,0.2,0.2,0.2,0.3,0.3,0.4,0.3
"07-05-2010",0.3,0.3,0.3,0.3,0.2,0.2,0.3,0.4,0.5,0.3,0.3,0.3,0.2,0.3,0.3,0.2,0.2,0.2,0.2,0.2,0.3,0.3,0.2,0.3
"08-05-2010",0.4,0.3,0.4,0.3,0.3,0.2,0.3,0.3,0.4,0.6,0.3,0.3,0.3,0.2,0.2,0.2,0.2,0.2,0.2,0.2,0.2,0.2,0.2,0.4
"09-05-2010",0.3,0.3,0.3,0.5,0.3,0.2,0.2,0.2,0.2,0.2,0.2,0.2,0.2,0.2,0.2,0.2,0.2,0.2,0.2,0.2,0.2,0.2,0.3,0.3
"10-05-2010",0.2,0.2,0.2,0.2,0.2,0.2,0.3,0.3,0.4,0.3,0.2,0.3,0.2,0.2,0.2,0.2,0.2,0.2,0.2,0.2,0.2,0.2,0.2,0.2
"11-05-2010",0.3,0.2,0.3,0.3,0.3,0.3,0.3,0.5,0.3,0.3,0.4,0.3,0.2,0.2,0.2,0.2,0.2,0.2,0.2,0.2,0.2,0.2,0.4,0.4
"12-05-2010",0.3,0.3,0.3,0.4,0.4,0.3,0.3,0.3,0.4,0.4,0.9,0.3,0.2,0.2,0.2,0.2,0.2,0.2,0.2,0.2,0.2,0.2,0.2,0.4
"13-05-2010",0.3,0.3,0.2,0.2,0.2,0.2,0.3,0.3,0.4,0.4,0.3,0.3,0.3,0.3,0.3,0.2,0.3,0.2,0.2,0.2,0.2,0.2,0.3,0.5
"14-05-2010",0.4,0.3,0.2,0.2,0.3,0.4,0.5,0.6,0.5,0.3,0.2,0.2,0.3,0.2,0.2,0.2,0.2,0.2,0.2,0.2,0.2,0.2,0.2,0.4
"15-05-2010",0.3,0.2,0.2,0.2,0.2,0.2,0.2,0.2,0.1,0.1,0.1,0.1,0.1,0.1,0.1,0.1,0.1,0.1,0.1,0.1,0.2,0.2,0.2,0.2
"16-05-2010",0.2,0.2,0.2,0.2,0.2,0.2,0.2,0.2,0.2,0.2,0.2,0.2,0.2,0.2,0.2,0.2,0.2,0.2,0.2,0.2,0.2,0.2,0.2,0.2
"17-05-2010",0.2,0.2,0.2,0.2,0.2,0.2,0.3,0.3,0.3,0.2,0.3,0.3,0.3,0.3,0.3,0.3,0.3,0.2,0.2,0.2,0.2,0.2,0.2,0.2
"18-05-2010",0.2,0.2,0.2,0.2,0.2,0.2,0.2,0.2,0.2,0.2,0.2,0.2,0.2,0.2,0.2,0.5,0.2,0.2,0.2,0.2,0.2,0.2,0.2,0.2
"19-05-2010",0.2,0.2,0.2,0.2,0.2,0.2,0.2,0.2,0.2,0.2,0.2,0.2,0.2,0.2,0.2,0.2,0.2,0.2,0.2,0.2,0.2,0.2,0.2,0.2
"20-05-2010",0.2,0.2,0.2,0.2,0.2,0.2,0.2,0.2,0.2,0.2,0.2,0.2,0.2,0.2,0.2,0.2,0.2,0.2,0.2,0.2,0.3,0.2,0.2,0.2
"21-05-2010",0.2,0.2,0.2,0.2,0.2,0.2,0.2,0.2,0.3,0.2,0.3,0.3,0.3,0.2,0.2,0.3,0.3,0.3,0.2,0.3,0.3,0.2,0.2,0.2
"22-05-2010",0.2,0.2,0.2,0.2,0.2,0.2,0.2,0.2,0.3,0.2,0.3,0.2,0.2,0.3,0.2,0.2,0.2,0.2,0.2,0.2,0.3,0.3,0.3,0.3
"23-05-2010",0.2,0.2,0.3,0.3,0.3,0.2,0.2,0.2,0.2,0.2,0.2,0.2,0.2,0.2,0.2,0.2,0.2,0.2,0.2,0.2,0.2,0.3,0.4,0.4
"24-05-2010",0.3,0.3,0.3,0.3,0.4,0.4,0.4,0.4,0.3,0.3,0.2,0.2,0.2,0.2,0.2,0.2,0.2,0.2,0.2,0.2,0.2,0.2,0.2,0.2
"25-05-2010",0.3,0.3,0.3,0.3,0.3,0.3,0.4,0.4,0.4,0.3,0.3,0.3,0.3,0.3,0.3,0.3,0.2,0.2,0.2,0.2,0.2,0.2,0.2,0.2
"26-05-2010",0.2,0.3,0.4,0.3,0.2,0.2,0.3,0.4,0.3,0.3,0.3,0.2,0.2,0.3,0.2,0.2,0.2,0.2,0.2,0.2,0.2,0.2,0.2,0.3
"27-05-2010",0.3,0.3,0.2,0.2,0.2,0.2,0.3,0.5,0.4,0.3,0.3,0.3,0.2,0.2,0.2,0.2,0.2,0.2,0.2,0.2,0.2,0.2,0.3,0.3
"28-05-2010",0.3,0.3,0.3,0.2,0.2,0.2,0.3,0.3,0.4,0.4,0.4,0.3,0.2,0.3,0.2,0.2,0.2,0.2,0.2,0.2,0.2,0.2,0.3,0.3
"29-05-2010",0.2,0.2,0.2,0.2,0.2,0.2,0.2,0.2,0.2,0.2,0.2,0.2,0.2,0.2,0.2,0.2,0.2,0.1,0.2,0.1,0.2,0.2,0.2,0.2
"30-05-2010",0.2,0.2,0.2,0.2,0.2,0.2,0.2,0.2,0.2,0.2,0.2,0.2,0.2,0.2,0.2,0.2,0.2,0.2,0.2,0.2,0.2,0.2,0.2,0.2
"31-05-2010",0.3,0.3,0.2,0.2,0.2,0.2,0.2,0.3,0.4,0.3,0.3,0.3,0.2,0.2,0.2,0.2,0.2,0.2,0.2,0.2,0.2,0.2,0.2,0.2
"01-06-2010",0.1,0.2,0.1,0.1,0.2,0.2,0.4,0.4,0.4,0.3,0.2,0.2,0.2,0.2,0.3,0.2,0.2,0.2,0.2,0.2,0.2,0.2,0.3,0.2
"02-06-2010",0.2,0.2,0.2,0.2,0.2,0.2,0.2,0.3,0.2,0.2,0.2,0.2,0.2,0.2,0.2,0.2,0.2,0.2,0.1,0.1,0.1,0.1,0.1,0.2
"03-06-2010",0.2,0.2,0.2,0.2,0.2,0.2,0.2,0.2,0.3,0.2,0.2,0.2,0.2,0.2,0.2,0.2,0.2,0.2,0.2,0.1,0.1,0.1,0.2,0.2
"04-06-2010",0.2,0.2,0.2,0.2,0.2,0.2,0.2,0.2,0.3,0.3,0.3,0.2,0.2,0.2,0.2,0.2,0.2,0.2,0.2,0.2,0.2,0.2,0.2,0.2
"05-06-2010",0.3,0.2,0.2,0.2,0.1,0.1,0.2,0.2,0.2,0.2,0.2,0.2,0.2,0.2,0.2,0.2,0.2,0.2,0.2,0.2,0.2,0.2,0.2,0.2
"06-06-2010",0.2,0.2,0.2,0.2,0.2,0.1,0.2,0.2,0.2,0.2,0.2,0.2,0.2,0.2,0.2,0.2,0.2,0.2,0.2,0.2,0.2,0.3,0.3,0.3
"07-06-2010",0.3,0.2,0.3,0.3,0.2,0.2,0.3,0.3,0.3,0.2,0.2,0.2,0.2,0.2,0.2,0.2,0.2,0.2,0.2,0.2,0.2,0.2,0.2,0.2
"08-06-2010",0.2,0.2,0.2,0.3,0.2,0.2,0.3,0.3,0.3,0.3,0.2,0.2,0.2,0.2,0.2,0.2,0.2,0.2,0.2,0.2,0.2,0.2,0.2,0.2
"09-06-2010",0.2,0.2,0.2,0.1,0.1,0.2,0.2,0.3,0.4,0.3,0.3,0.2,0.2,0.2,0.3,0.2,0.2,0.2,0.2,0.2,0.2,0.2,0.2,0.2
"10-06-2010",0.2,0.2,0.2,0.2,0.2,0.2,0.2,0.3,0.3,0.3,0.2,0.2,0.2,0.2,0.2,0.2,0.2,0.2,0.2,0.2,0.2,0.2,0.2,0.2
"11-06-2010",0.2,0.3,0.3,0.2,0.2,0.2,0.3,0.3,0.3,0.3,0.2,0.2,0.2,0.2,0.3,0.2,0.2,0.2,0.2,0.2,0.2,0.2,0.2,0.2
"12-06-2010",0.3,0.3,0.3,0.3,0.2,0.3,0.3,0.2,0.2,0.2,0.2,0.2,0.2,0.2,0.2,0.2,0.2,0.2,0.2,0.2,0.2,0.2,0.2,0.2
"13-06-2010",0.2,0.3,0.3,0.3,0.2,0.2,0.2,0.2,0.2,0.3,0.2,0.2,0.2,0.2,0.2,0.2,0.2,0.2,0.2,0.2,0.2,0.2,0.2,0.3
"14-06-2010",0.3,0.3,0.2,0.2,0.2,0.2,0.4,0.4,0.4,0.3,0.3,0.2,0.2,0.2,0.2,0.2,0.2,0.2,0.2,0.2,0.2,0.2,0.2,0.2
"15-06-2010",0.2,0.3,0.3,0.2,0.3,0.3,0.4,0.3,0.3,0.2,0.3,0.3,0.3,0.3,0.2,0.2,0.2,0.2,0.2,0.2,0.2,0.2,0.2,0.2
"16-06-2010",0.3,0.2,0.2,0.2,0.2,0.2,0.4,0.2,0.5,0.4,0.2,0.2,0.2,0.2,0.2,0.2,0.2,0.2,0.2,0.2,0.2,0.2,0.2,0.2
"17-06-2010",0.4,0.3,0.3,0.3,0.8,0.4,0.3,0.3,0.4,0.3,0.3,0.3,0.3,0.3,0.2,0.2,0.2,0.2,0.2,0.2,0.2,0.2,0.2,0.3
"18-06-2010",0.3,0.3,0.6,0.4,0.3,0.3,0.2,0.2,0.2,0.2,0.2,0.2,0.2,0.2,0.2,0.2,0.2,0.2,0.2,0.1,0.1,0.2,0.1,0.1
"19-06-2010",0.2,0.2,0.2,0.1,0.2,0.2,0.2,0.2,0.2,0.2,0.2,0.2,0.2,0.2,0.2,0.1,0.1,0.1,0.1,0.1,0.1,0.1,0.1,0.1
"20-06-2010",0.2,0.2,0.2,0.2,0.1,0.1,0.2,0.2,0.2,0.2,0.2,0.2,0.1,0.1,0.1,0.1,0.2,0.2,0.1,0.2,0.2,0.2,0.2,0.2
"21-06-2010",0.2,0.2,0.2,0.2,0.3,0.2,0.3,0.3,0.4,0.3,0.2,0.2,0.2,0.2,0.2,0.2,0.2,0.2,0.2,0.2,0.2,0.2,0.3,0.2
"22-06-2010",0.1,0.2,0.2,0.1,0.1,0.2,0.4,0.3,0.3,0.2,0.2,0.2,0.2,0.2,0.2,0.2,0.2,0.2,0.2,0.2,0.2,0.2,0.2,0.2
"23-06-2010",0.2,0.2,0.2,0.2,0.2,0.2,0.2,0.2,0.2,0.2,0.2,0.2,0.2,0.2,0.2,0.2,0.2,0.2,0.2,0.2,0.1,0.1,0.1,0.1
"24-06-2010",0.1,0.1,0.1,0.1,0.1,0.1,0.1,0.1,0.2,0.2,0.2,0.2,0.2,0.2,0.2,0.2,0.2,0.2,0.2,0.2,0.2,0.2,0.2,0.2
"25-06-2010",0.2,0.3,0.2,0.2,0.1,0.2,0.3,0.3,0.2,0.2,0.2,0.2,0.2,0.2,0.2,0.2,0.2,0.2,0.2,0.2,0.2,0.2,0.2,0.1
"26-06-2010",0.1,0.1,0.1,0.2,0.2,0.1,0.2,0.1,0.2,0.1,0.1,0.1,0.1,0.2,0.1,0.1,0.1,0.1,0.1,0.2,0.3,0.3,0.2,0.2
"27-06-2010",0.2,0.1,0.2,0.2,0.1,0.1,0.1,0.1,0.1,0.2,0.1,0.2,0.1,0.2,0.1,0.1,0.1,0.1,0.2,0.2,0.2,0.2,0.2,0.2
"28-06-2010",0.2,0.2,0.2,0.2,0.1,0.2,0.2,0.2,0.2,0.2,0.2,0.2,0.2,0.2,0.2,0.2,0.3,0.2,0.2,0.3,0.2,0.2,0.2,0.4
"29-06-2010",0.4,0.4,0.4,0.3,0.3,0.3,0.3,0.3,0.2,0.2,0.2,0.2,0.2,0.2,0.2,0.2,0.2,0.2,0.2,0.2,0.2,0.2,0.2,0.1
"30-06-2010",0.2,0.1,0.2,0.2,0.2,0.2,0.2,0.2,0.2,0.2,0.2,-9999,0.2,0.2,0.2,0.2,0.2,0.2,0.2,0.2,0.2,0.2,0.2,0.2
"01-07-2010",0.2,0.2,0.3,0.2,0.2,0.2,0.3,0.3,0.3,0.2,0.2,0.2,0.2,0.2,0.2,0.2,0.2,0.2,0.2,0.2,0.2,0.2,0.4,0.4
"02-07-2010",0.4,0.3,0.3,0.3,0.3,0.2,0.3,0.3,0.2,0.2,0.2,0.2,0.2,0.2,0.2,0.2,0.2,0.2,0.2,0.2,0.2,0.2,0.2,0.2
"03-07-2010",0.2,0.2,0.2,0.2,0.1,0.2,0.2,0.2,0.2,0.2,0.2,0.2,0.2,0.2,0.2,0.2,0.2,0.2,0.2,0.2,0.2,0.2,0.2,0.3
"04-07-2010",0.3,0.4,0.3,0.2,0.2,0.2,0.3,0.2,0.2,0.2,0.2,0.2,0.2,0.2,0.2,0.2,0.2,0.2,0.2,0.2,0.2,0.2,0.2,0.2
"05-07-2010",0.2,0.2,0.2,0.2,0.2,0.2,0.2,0.2,0.2,0.2,0.2,0.2,0.2,0.2,0.2,0.2,0.2,0.2,0.2,0.2,0.2,0.3,0.2,0.2
"06-07-2010",0.2,0.2,0.2,0.2,0.2,0.2,0.3,0.2,0.3,0.3,0.2,0.2,0.2,0.2,0.2,0.2,0.2,0.2,0.2,0.2,0.2,0.2,0.3,0.2
"07-07-2010",0.2,0.2,0.2,0.2,0.2,0.2,0.2,0.2,0.2,0.2,0.2,0.2,0.2,0.2,0.2,0.2,0.2,0.2,0.2,0.1,0.1,0.1,0.1,0.2
"08-07-2010",0.1,0.1,0.1,0.1,0.1,0.1,0.1,0.1,0.1,0.1,0.1,0.1,0.1,0.1,0.1,0.1,0.1,0.1,0.2,0.1,0.1,0.1,0.1,0.1
"09-07-2010",0.1,0.2,0.1,0.1,0.2,0.1,0.2,0.3,0.2,0.2,0.2,0.1,0.2,0.2,0.2,0.1,0.1,0.1,0.2,0.2,0.1,0.2,0.2,0.2
"10-07-2010",0.2,0.2,0.2,0.2,0.1,0.1,0.1,0.1,0.2,0.2,0.2,0.2,0.2,0.2,0.2,0.2,0.1,0.2,0.2,0.2,0.2,0.2,0.2,0.2
"11-07-2010",0.2,0.2,0.3,0.3,0.2,0.2,0.2,0.2,0.2,0.2,0.2,0.2,0.2,0.2,0.2,0.2,0.2,0.2,0.2,0.2,0.2,0.2,0.2,0.2
"12-07-2010",0.2,0.2,0.2,0.2,0.2,0.2,0.3,0.3,0.9,0.2,0.2,0.2,0.2,0.2,0.2,0.2,0.2,0.2,0.2,0.2,0.2,0.2,0.2,0.2
"13-07-2010",0.2,0.2,0.2,0.2,0.3,0.4,0.6,0.4,0.3,0.2,0.2,0.2,0.2,0.2,0.2,0.2,0.2,0.2,0.2,0.2,0.2,0.2,0.2,0.3
"14-07-2010",0.3,0.3,0.3,0.3,0.3,0.3,0.2,0.3,0.3,0.2,0.2,0.2,0.2,0.2,0.2,0.2,0.2,0.2,0.2,0.2,0.2,0.2,0.3,0.3
"15-07-2010",0.3,0.4,0.3,0.2,0.2,0.2,0.2,0.3,0.3,0.2,0.2,0.2,0.2,0.2,0.2,0.2,0.2,0.2,0.2,0.2,0.2,0.2,0.2,0.2
"16-07-2010",0.2,0.2,0.2,0.2,0.2,0.2,0.3,0.3,0.3,0.2,0.2,0.2,0.2,0.2,0.2,0.2,0.2,0.2,0.2,0.2,0.2,0.2,0.2,0.2
"17-07-2010",0.3,0.3,0.3,0.2,0.2,0.3,0.3,0.2,0.2,0.2,0.2,0.2,0.2,0.2,0.2,0.2,0.2,0.2,0.2,0.2,0.2,0.2,0.2,0.2
"18-07-2010",0.2,0.3,0.3,0.3,0.3,0.2,0.2,0.2,0.2,0.2,0.2,0.2,0.2,0.2,0.2,0.2,0.2,0.2,0.2,0.2,0.2,0.2,0.2,0.2
"19-07-2010",0.2,0.2,0.2,0.2,0.2,0.2,0.3,0.3,0.2,0.2,0.2,0.2,0.2,0.2,0.2,0.2,0.2,0.2,0.2,0.1,0.2,0.3,0.3,0.4
"20-07-2010",0.5,0.3,0.2,0.2,0.2,0.2,0.2,0.2,0.2,0.2,0.2,0.2,0.2,0.2,0.2,-9999,-9999,-9999,-9999,0.2,0.2,0.3,0.4,0.4
"21-07-2010",0.4,0.3,0.3,0.2,0.2,0.2,0.2,0.3,0.2,0.3,0.3,0.2,0.2,0.2,0.2,0.2,0.2,0.2,0.2,0.2,0.2,0.3,0.2,0.2
"22-07-2010",0.2,0.2,0.2,0.2,0.2,0.2,0.2,0.3,0.3,0.2,0.2,0.2,0.2,0.2,0.2,0.2,0.2,0.2,0.2,0.2,0.2,0.2,0.2,0.2
"23-07-2010",0.3,0.2,0.3,0.2,0.2,0.3,0.2,0.2,0.2,0.2,0.2,0.2,0.2,0.2,0.2,0.2,0.2,0.2,0.2,0.2,0.2,0.2,0.2,0.2
"24-07-2010",0.3,0.3,0.3,0.3,0.3,0.2,0.3,0.3,0.3,0.2,0.2,0.2,0.2,0.2,0.2,0.2,0.2,0.2,0.2,0.2,0.2,0.2,0.2,0.2
"25-07-2010",0.2,0.2,0.2,0.2,0.2,0.1,0.1,0.1,0.1,0.1,0.2,0.2,0.2,0.1,0.1,0.2,0.2,0.2,0.2,0.1,0.2,0.2,0.2,0.1
"26-07-2010",0.1,0.1,0.1,0.1,0.1,0.1,0.2,0.2,0.2,0.2,0.2,0.2,0.2,0.2,0.2,0.2,0.2,0.2,0.2,0.2,0.3,0.2,0.1,0.1
"27-07-2010",0.2,0.1,0.1,0.1,0.1,0.1,0.1,0.2,0.2,0.2,0.1,0.1,0.2,0.2,0.2,0.2,0.2,0.1,0.2,0.2,0.2,0.2,0.3,0.3
"28-07-2010",0.2,0.3,0.2,0.2,0.2,0.2,0.2,-9999,-9999,-9999,-9999,-9999,-9999,-9999,-9999,-9999,0.2,0.1,0.2,0.2,0.2,0.2,0.2,0.2
"29-07-2010",0.2,0.1,0.1,0.2,0.2,0.2,0.3,0.2,0.2,0.2,0.2,0.2,0.2,0.2,0.1,0.2,0.2,0.1,0.2,0.1,0.1,0.1,0.1,0.2
"30-07-2010",0.2,0.2,0.3,0.2,0.2,0.2,0.3,0.3,0.2,0.2,0.2,0.2,0.2,0.2,0.2,0.2,0.2,0.2,0.1,0.1,0.2,0.2,0.2,0.2
"31-07-2010",0.2,0.3,0.3,0.2,0.2,0.2,0.2,0.2,0.2,0.2,0.2,0.2,0.2,0.1,0.1,0.1,0.1,0.1,0.1,0.1,0.1,0.1,0.1,0.1
"01-08-2010",0.2,0.2,0.2,0.2,0.1,0.1,0.1,0.1,0.1,0.1,0.1,0.1,0.2,0.1,0.1,0.1,0.1,0.1,0.1,0.1,0.1,0.2,0.1,0.1
"02-08-2010",0.1,0.1,0.1,0.2,0.1,0.1,0.2,0.2,0.2,0.2,0.2,0.2,0.2,0.2,0.2,0.2,0.2,0.2,0.2,0.2,0.3,0.2,0.2,0.3
"03-08-2010",0.4,0.4,0.3,0.2,0.2,0.2,0.2,0.3,0.3,0.2,0.2,0.2,0.2,0.2,0.2,0.2,0.2,0.2,0.2,0.2,0.2,0.2,0.3,0.3
"04-08-2010",0.3,0.3,0.4,0.3,0.3,0.3,0.3,0.4,0.5,0.3,0.3,0.2,0.3,0.2,0.2,0.2,0.2,0.2,0.3,0.2,0.2,0.2,0.2,0.2
"05-08-2010",0.2,0.2,0.2,0.2,0.1,0.2,0.2,0.2,0.2,0.2,0.2,0.2,0.2,0.2,0.2,0.2,0.2,0.2,0.2,0.3,0.3,0.2,0.2,0.3
"06-08-2010",0.3,0.3,0.4,0.3,0.3,0.3,0.3,0.4,0.3,0.3,0.3,0.3,0.3,0.2,0.2,0.2,0.2,0.2,0.2,0.2,0.2,0.2,0.2,0.2
"07-08-2010",0.3,0.3,0.3,0.3,0.3,0.2,0.3,0.3,0.3,0.3,0.3,0.2,0.2,0.2,0.2,0.2,0.2,0.2,0.2,0.2,0.2,0.2,0.2,0.2
"08-08-2010",0.2,0.2,0.2,0.2,0.2,0.2,0.2,0.2,0.2,0.2,0.2,0.2,0.2,0.2,0.2,0.2,0.2,0.2,0.2,0.2,0.2,0.2,0.2,0.2
"09-08-2010",0.2,0.2,0.2,0.2,0.2,0.2,0.2,0.2,0.2,0.2,0.2,0.2,0.2,0.2,0.2,0.2,0.2,0.2,0.2,0.2,0.2,0.2,0.2,0.2
"10-08-2010",0.2,0.2,0.1,0.2,0.2,0.2,0.2,0.2,0.2,0.2,0.2,0.2,0.2,0.2,0.2,0.2,0.2,0.2,0.2,0.2,0.2,0.2,0.2,0.2
"11-08-2010",0.2,0.2,0.2,0.2,0.2,0.2,0.2,0.2,0.2,0.2,0.2,0.2,0.2,0.2,0.2,0.2,0.2,0.2,0.2,0.2,0.3,0.3,0.3,0.4
"12-08-2010",0.4,0.3,0.3,0.3,0.3,0.2,0.2,0.3,0.3,0.3,0.3,0.3,0.3,0.3,0.3,0.3,0.3,0.3,0.3,0.3,0.3,0.3,0.6,0.5
"13-08-2010",0.5,0.4,0.3,0.3,0.3,0.3,0.3,0.3,0.3,0.3,0.3,0.3,0.3,0.3,0.3,0.3,0.3,0.3,0.3,0.3,0.3,0.3,0.3,0.3
"14-08-2010",0.4,0.3,0.3,0.3,0.3,0.3,0.3,0.3,0.3,0.3,0.3,0.3,0.2,0.2,0.2,0.2,0.2,0.2,0.2,0.3,0.3,0.3,0.3,0.3
"15-08-2010",0.4,0.4,0.4,0.4,0.3,0.2,0.3,0.2,0.3,0.3,0.3,0.3,0.3,0.2,0.2,0.2,0.2,0.2,0.2,0.2,0.2,0.2,0.2,0.3
"16-08-2010",0.4,0.4,0.4,0.3,0.3,0.3,0.3,0.3,0.3,0.2,0.3,0.3,0.2,0.3,0.2,0.2,0.2,0.2,0.2,0.2,0.2,0.3,0.3,0.3
"17-08-2010",0.4,0.4,0.4,0.3,0.3,0.3,0.3,0.3,0.4,0.3,0.3,0.3,0.3,0.3,0.3,0.3,0.3,0.3,0.2,0.3,0.3,0.3,0.3,0.3
"18-08-2010",0.4,0.4,0.3,0.3,0.2,0.2,0.2,0.2,0.2,0.3,0.2,0.2,0.3,0.3,0.2,0.3,0.3,0.3,0.3,0.3,0.3,0.3,0.3,0.3
"19-08-2010",0.3,0.3,0.4,0.4,0.3,0.3,0.4,0.5,0.3,0.3,0.3,0.3,0.3,0.3,0.3,0.3,0.3,0.3,0.3,0.3,0.3,0.3,0.3,0.3
"20-08-2010",0.4,0.4,0.3,0.3,0.2,0.2,0.2,0.2,0.2,0.2,0.2,0.2,0.2,0.2,0.2,0.2,0.2,0.2,0.2,0.2,0.2,0.2,0.2,0.3
"21-08-2010",0.3,0.3,0.2,0.2,0.2,0.3,0.3,0.2,0.2,0.2,0.2,0.2,0.2,0.2,0.2,0.2,0.2,0.2,0.2,0.2,0.2,0.2,0.2,0.2
"22-08-2010",0.2,0.2,0.2,0.2,0.2,0.2,0.2,0.2,0.2,0.2,0.2,0.2,0.2,0.2,0.2,0.2,0.2,0.2,0.2,0.2,0.2,0.2,0.2,0.2
"23-08-2010",0.2,0.2,0.3,0.3,0.3,0.2,0.3,0.6,0.5,0.2,0.2,0.2,0.2,0.2,0.2,0.2,0.2,0.2,0.2,0.2,0.2,0.2,0.2,0.2
"24-08-2010",0.3,0.4,0.3,0.3,0.3,0.3,0.4,0.4,0.3,0.3,0.2,0.2,0.2,0.2,0.2,0.2,0.2,0.2,0.2,0.2,0.2,0.2,0.2,0.2
"25-08-2010",0.2,0.2,0.2,0.3,0.3,0.3,0.3,0.4,0.3,0.2,0.2,0.2,0.2,0.2,0.2,0.2,0.2,0.2,0.2,0.2,0.2,0.2,0.2,0.3
"26-08-2010",0.3,0.3,0.2,0.3,0.3,0.2,0.2,0.3,0.3,0.3,0.2,0.2,0.2,0.2,0.2,0.2,0.2,0.2,0.2,0.2,0.2,0.2,0.3,0.4
"27-08-2010",0.3,0.3,0.3,0.3,0.3,0.3,0.3,0.3,0.4,0.3,0.2,0.2,0.2,0.2,0.2,0.2,0.2,0.2,0.2,0.2,0.2,0.2,0.2,0.2
"28-08-2010",0.2,0.2,0.2,0.4,0.4,0.3,0.3,0.3,0.3,0.2,0.2,0.2,0.2,0.2,0.2,0.2,0.2,0.2,0.2,0.2,0.2,0.2,0.2,0.3
"29-08-2010",0.2,0.3,0.2,0.2,0.2,0.2,0.2,0.2,0.2,0.2,0.2,0.2,0.2,0.2,0.2,0.1,0.2,0.2,0.2,0.2,0.2,0.2,0.1,0.1
"30-08-2010",0.1,0.1,0.1,0.2,0.1,0.2,0.2,0.2,0.2,0.3,0.3,0.2,0.2,0.2,0.2,0.2,0.2,0.2,0.2,0.2,0.2,0.2,0.2,0.2
"31-08-2010",0.2,0.2,0.3,0.3,0.3,0.3,0.3,0.4,0.3,0.2,0.2,0.2,0.2,0.2,0.2,0.2,0.2,0.2,0.2,0.2,0.2,0.2,0.2,0.2
"01-09-2010",0.2,0.2,0.2,0.2,0.2,0.2,0.1,0.2,0.2,0.2,0.2,0.2,0.2,0.2,0.2,0.2,0.2,0.2,0.2,0.2,0.2,0.2,0.1,0.2
"02-09-2010",0.2,0.2,0.2,0.2,0.2,0.2,0.2,0.3,0.3,0.2,0.2,0.2,0.2,0.2,0.2,0.2,0.2,0.2,0.2,0.2,0.3,0.2,0.2,0.3
"03-09-2010",0.5,0.6,0.4,0.2,0.2,0.3,0.3,0.4,0.3,0.2,0.2,0.2,0.2,0.2,0.2,0.2,0.2,0.2,0.2,0.2,0.2,0.2,0.2,0.1
"04-09-2010",0.2,0.2,0.2,0.2,0.2,0.2,0.2,0.3,0.4,0.2,0.2,0.2,0.2,0.2,0.2,0.2,0.2,0.2,0.2,0.2,0.2,0.2,0.2,0.2
"05-09-2010",0.2,0.2,0.2,0.2,0.2,0.2,0.2,0.2,0.2,0.2,0.2,0.2,0.2,0.2,0.2,0.2,0.2,0.2,0.2,0.2,0.3,0.2,0.3,0.4
"06-09-2010",0.3,0.2,0.2,0.2,0.2,0.2,0.2,0.2,0.2,0.2,0.2,0.2,0.2,0.2,0.2,0.2,0.2,0.2,0.2,0.2,0.2,0.2,0.2,0.2
"07-09-2010",0.2,0.3,0.4,0.3,0.2,0.3,0.4,0.5,0.4,0.4,0.2,0.2,0.2,0.2,0.2,0.2,0.2,0.2,0.2,0.2,0.2,0.2,0.2,0.2
"08-09-2010",0.3,0.3,0.7,0.4,0.3,0.2,0.4,0.5,0.7,0.4,0.2,0.2,0.2,0.2,0.2,0.2,0.2,0.2,0.2,0.2,0.2,0.2,0.2,0.3
"09-09-2010",0.3,0.4,0.3,0.3,0.2,0.3,0.3,0.6,0.4,0.4,0.3,0.2,0.2,0.2,0.2,0.2,0.2,0.2,0.2,0.2,0.2,0.2,0.4,0.3
"10-09-2010",0.5,0.3,0.2,0.3,0.3,0.3,0.3,0.7,0.4,0.3,0.2,0.2,0.2,0.2,0.2,0.2,0.2,0.2,0.2,0.2,0.2,0.3,0.3,0.3
"11-09-2010",0.3,0.2,0.2,0.2,0.1,0.2,0.2,0.1,0.1,0.1,0.1,0.1,0.1,0.2,0.1,0.1,0.1,0.2,0.2,0.2,0.2,0.3,0.2,0.2
"12-09-2010",0.1,0.2,0.1,0.2,0.1,0.2,0.2,0.2,0.2,0.2,0.2,0.2,0.2,0.2,0.2,0.2,0.2,0.2,0.2,0.2,0.3,0.3,0.2,0.3
"13-09-2010",0.2,0.2,0.2,0.2,0.2,0.2,0.2,0.3,0.3,0.2,0.2,0.2,0.2,0.2,0.2,0.2,0.2,0.2,0.2,0.2,0.2,0.2,0.2,0.2
"14-09-2010",0.2,0.5,0.6,0.3,0.3,0.2,0.3,0.5,0.3,0.3,0.2,0.2,0.2,0.2,0.2,0.2,0.2,0.2,0.2,0.2,0.2,0.2,0.2,0.2
"15-09-2010",0.3,0.4,0.4,0.3,0.2,0.2,0.3,0.4,0.3,0.3,0.2,0.2,0.2,0.2,0.2,0.2,0.2,0.2,0.2,0.2,0.2,0.2,0.2,0.2
"16-09-2010",0.3,0.4,0.3,0.3,0.3,0.3,0.4,0.5,0.4,0.5,0.4,0.3,0.2,0.2,0.2,0.2,0.2,0.2,0.2,0.2,0.2,0.2,0.2,0.3
"17-09-2010",0.4,0.4,0.4,0.3,0.3,0.2,0.3,0.4,0.4,0.3,0.3,0.2,0.2,0.2,0.2,0.2,0.2,0.2,0.2,0.2,0.2,0.2,0.2,0.2
"18-09-2010",0.3,0.5,0.4,0.3,0.3,0.3,0.3,0.3,0.3,0.3,0.3,0.2,0.2,0.2,0.2,0.2,0.2,0.2,0.2,0.2,0.2,0.2,0.3,0.3
"19-09-2010",0.4,0.6,0.3,0.3,0.2,0.2,0.2,0.2,0.2,0.2,0.3,0.2,0.2,0.2,0.2,0.2,0.2,0.2,0.2,0.2,0.2,0.2,0.2,0.2
"20-09-2010",0.3,0.3,0.3,0.3,0.2,0.2,0.1,0.2,0.2,0.2,0.2,0.2,0.2,0.2,0.2,0.2,0.2,0.2,0.2,0.2,0.2,0.2,0.2,0.2
"21-09-2010",0.2,0.2,0.2,0.2,0.2,0.2,0.2,0.2,0.2,0.2,0.2,0.2,0.2,0.2,0.2,0.2,0.2,0.2,0.2,0.2,0.2,0.2,0.3,0.3
"22-09-2010",0.3,0.5,0.5,0.3,0.3,0.2,0.2,0.4,0.4,0.4,0.3,0.2,0.2,0.2,0.2,0.2,0.2,0.2,0.2,0.2,0.2,0.2,0.2,0.2
"23-09-2010",0.3,0.4,0.2,0.3,0.3,0.3,0.2,0.3,0.4,0.3,0.3,0.2,0.2,0.2,0.1,0.1,0.2,0.2,0.2,0.2,0.2,0.2,0.3,0.4
"24-09-2010",0.3,0.2,0.3,0.2,0.2,0.2,0.3,0.5,0.4,0.4,0.2,0.2,0.2,0.2,0.2,0.2,0.2,0.2,0.2,0.3,0.3,0.2,0.2,0.2
"25-09-2010",0.2,0.2,0.2,0.2,0.2,0.2,0.2,0.3,0.3,0.3,0.3,0.2,0.2,0.2,0.2,0.1,0.1,0.1,0.1,0.1,0.1,0.1,0.1,0.1
"26-09-2010",0.1,0.1,0.1,0.1,0.1,0.1,0.1,0.1,0.1,0.1,0.1,0.1,0.1,0.1,0.1,0.1,0.1,0.1,0.2,0.2,0.2,0.1,0.2,0.2
"27-09-2010",0.2,0.2,0.2,0.3,0.2,0.2,0.3,0.4,0.6,0.4,0.3,0.2,0.2,0.2,0.1,0.1,0.2,0.1,0.2,0.2,0.3,0.3,0.3,0.3
"28-09-2010",0.2,0.3,0.3,0.3,0.3,0.2,0.3,0.4,0.5,0.7,0.3,0.2,0.2,0.1,0.1,0.2,0.2,0.2,0.2,0.1,0.1,0.1,0.1,0.1
"29-09-2010",0.1,0.1,0.1,0.1,0.1,0.1,0.2,0.3,0.3,0.2,0.2,0.2,0.2,0.2,0.2,0.3,0.2,0.2,0.2,0.2,0.2,0.2,0.2,0.2
"30-09-2010",0.2,0.2,0.2,0.2,0.2,0.1,0.2,0.2,0.2,0.2,0.2,0.2,0.2,0.2,0.2,0.2,0.2,0.2,0.2,0.2,0.2,0.2,0.2,0.2
"01-10-2010",0.2,0.2,0.2,0.2,0.2,0.2,0.2,0.3,0.3,0.2,0.3,0.2,0.2,0.2,0.2,0.2,0.2,0.2,0.2,0.2,0.2,0.2,0.2,0.3
"02-10-2010",0.3,0.3,0.3,0.3,0.3,0.2,0.2,0.3,0.3,0.2,0.4,0.2,0.2,0.2,0.2,0.2,0.2,0.2,0.2,0.2,0.2,0.2,0.4,0.4
"03-10-2010",0.3,0.4,0.3,0.2,0.2,0.2,0.3,0.3,0.2,0.3,0.2,0.2,0.2,0.2,0.2,0.1,0.2,0.2,0.2,0.2,0.2,0.2,0.2,0.2
"04-10-2010",0.3,0.2,0.2,0.2,0.2,0.2,0.2,0.2,0.2,0.2,0.2,0.2,0.2,0.2,0.3,0.2,0.2,0.2,0.2,0.2,0.2,0.3,0.3,0.2
"05-10-2010",0.2,0.2,0.2,0.2,0.2,0.2,0.2,0.3,0.3,0.3,0.4,0.5,0.4,0.4,0.4,0.3,0.3,0.3,0.3,0.3,0.3,0.3,0.3,0.3
"06-10-2010",0.3,0.3,0.3,0.3,0.3,0.3,0.3,0.3,0.3,0.3,0.3,0.3,0.3,0.3,0.4,0.4,0.3,0.3,0.3,0.2,0.2,0.2,0.2,0.2
"07-10-2010",0.2,0.2,0.2,0.2,0.2,0.2,0.2,0.2,0.2,0.2,0.2,0.2,0.3,0.2,0.2,0.2,0.3,0.3,0.3,0.3,0.3,0.3,0.3,0.3
"08-10-2010",0.3,0.3,0.3,0.3,0.3,0.2,0.2,0.2,0.2,0.3,0.3,0.3,0.3,0.3,0.3,0.3,0.2,0.2,0.2,0.2,0.2,0.3,0.3,0.2
"09-10-2010",0.2,0.2,0.2,0.2,0.2,0.2,0.2,0.2,0.2,0.2,0.2,0.2,0.2,0.2,0.2,0.2,0.2,0.2,0.2,0.2,0.3,0.3,0.3,0.3
"10-10-2010",0.3,0.4,0.4,0.4,0.4,0.4,0.3,0.3,0.3,0.3,0.2,0.2,0.2,0.2,0.2,0.2,0.2,0.2,0.2,0.2,0.3,0.3,0.3,0.3
"11-10-2010",0.4,0.4,0.3,0.3,0.3,0.3,0.3,0.3,0.4,0.4,0.4,0.4,0.4,0.7,0.4,0.4,0.4,0.4,0.4,0.3,0.3,0.3,0.3,0.3
"12-10-2010",0.3,0.3,0.3,0.3,0.2,0.2,0.2,0.2,0.3,0.3,0.3,0.3,0.3,0.3,0.3,0.4,0.4,0.4,0.4,0.4,0.4,0.4,0.3,0.3
"13-10-2010",0.3,0.3,0.3,0.3,0.3,0.3,0.3,0.3,0.3,0.3,0.3,0.4,0.4,0.4,0.5,0.5,0.5,0.5,0.5,0.5,0.5,0.4,0.4,0.4
"14-10-2010",0.4,0.4,0.4,0.4,0.3,0.3,0.3,0.3,0.3,0.3,0.3,0.4,0.4,0.4,0.4,0.3,0.3,0.3,0.3,0.3,0.3,0.3,0.3,0.3
"15-10-2010",0.3,0.3,0.3,0.3,0.3,0.3,0.3,0.3,0.4,0.4,0.4,0.3,0.3,0.3,0.3,0.3,0.3,0.3,0.3,0.3,0.3,0.3,0.3,0.3
"16-10-2010",0.3,0.3,0.3,0.3,0.3,0.3,0.3,0.3,0.3,0.3,0.3,0.3,0.3,0.2,0.2,0.2,0.2,0.2,0.2,0.2,0.2,0.2,0.2,0.2
"17-10-2010",0.3,0.3,0.3,0.3,0.3,0.3,0.3,0.3,0.3,0.3,0.3,0.3,0.3,0.3,0.3,0.2,0.2,0.2,0.2,0.2,0.2,0.3,0.3,0.3
"18-10-2010",0.3,0.3,0.3,0.3,0.3,0.3,0.3,0.3,0.4,0.4,0.4,0.3,0.3,0.3,0.3,0.2,0.2,0.2,0.2,0.2,0.2,0.2,0.2,0.2
"19-10-2010",0.2,0.2,0.2,0.1,0.1,0.1,0.1,0.1,0.1,0.1,0.1,0.1,0.2,0.2,0.2,0.2,0.2,0.2,0.2,0.2,0.2,0.2,0.2,0.2
"20-10-2010",0.2,0.2,0.2,0.2,0.2,0.2,0.2,0.2,0.3,0.3,0.3,0.3,0.3,0.3,0.3,0.3,0.2,0.2,0.2,0.2,0.3,0.3,0.4,0.4
"21-10-2010",0.4,0.4,0.4,0.4,0.4,0.3,0.3,0.4,0.4,0.4,0.5,0.4,0.4,0.3,0.3,0.2,0.2,0.2,0.2,0.2,0.2,0.2,0.2,0.2
"22-10-2010",0.2,0.2,0.2,0.2,0.2,0.2,0.2,0.2,0.2,0.2,0.2,0.3,0.3,0.3,0.3,0.2,0.3,0.2,0.3,0.3,0.3,0.4,0.4,0.5
"23-10-2010",0.5,0.5,0.4,0.4,0.4,0.4,0.4,0.4,0.5,0.5,0.4,0.4,0.4,0.3,0.3,0.3,0.2,0.2,0.2,0.2,0.3,0.3,0.4,0.5
"24-10-2010",0.5,0.5,0.5,0.4,0.4,0.4,0.4,0.3,0.3,0.3,0.3,0.3,0.3,0.3,0.3,0.2,0.2,0.2,0.2,0.2,0.3,0.4,0.4,0.5
"25-10-2010",0.5,0.5,0.5,0.4,0.4,0.4,0.4,0.4,0.4,0.4,0.4,0.4,0.4,0.4,0.4,0.4,0.4,0.4,0.4,0.4,0.4,0.4,0.4,0.4
"26-10-2010",0.4,0.3,0.3,0.3,0.3,0.3,0.2,0.2,0.2,0.2,0.2,0.2,0.2,0.2,0.2,0.2,0.2,0.2,0.2,0.2,0.3,0.3,0.3,0.3
"27-10-2010",0.3,0.3,0.3,0.3,0.3,0.3,0.3,0.3,0.3,0.3,0.3,0.3,0.2,0.2,0.2,0.2,0.2,0.2,0.2,0.2,0.3,0.2,0.2,0.2
"28-10-2010",0.2,0.2,0.2,0.2,0.3,0.2,0.2,0.2,0.2,0.2,0.3,0.3,0.2,0.3,0.3,0.2,0.2,0.2,0.3,0.2,0.2,0.2,0.2,0.2
"29-10-2010",0.2,0.2,0.2,0.2,0.2,0.2,0.2,0.2,0.3,0.2,0.2,0.2,0.2,0.2,0.2,0.2,0.2,0.2,0.3,0.3,0.3,0.3,0.3,0.3
"30-10-2010",0.3,0.3,0.3,0.3,0.3,0.3,0.3,0.3,0.3,0.3,0.3,0.3,0.3,0.3,0.3,0.3,0.2,0.2,0.3,0.3,0.3,0.4,0.4,0.6
"31-10-2010",0.6,0.6,0.6,0.6,0.5,0.5,0.4,0.4,0.4,0.3,0.3,0.3,0.3,0.3,0.3,0.3,0.2,0.2,0.2,0.3,0.3,0.4,0.5,0.5
"01-11-2010",0.5,0.5,0.5,0.5,0.4,0.4,0.4,0.4,0.4,0.4,0.4,0.4,0.4,0.4,0.3,0.3,0.3,0.3,0.4,0.4,0.5,0.6,0.7,0.9
"02-11-2010",0.9,0.8,0.7,0.6,0.5,0.5,0.4,0.6,0.6,0.6,0.4,0.3,0.3,0.3,0.2,0.3,0.4,0.6,0.5,0.9,1.5,0.7,0.9,0.7
"03-11-2010",0.5,0.5,0.4,0.3,0.3,0.3,0.4,0.4,0.3,0.3,0.3,0.3,0.3,0.2,0.2,0.2,0.3,0.4,0.6,0.5,0.7,0.6,0.8,0.8
"04-11-2010",0.6,0.4,0.4,0.4,0.3,0.3,0.5,0.6,1.0,0.4,0.3,0.3,0.3,0.3,0.3,0.3,0.3,0.4,0.6,1.4,1.0,0.7,0.9,1.0
"05-11-2010",0.6,0.4,0.4,0.3,0.3,0.4,0.4,0.4,0.4,0.5,0.6,0.3,0.3,0.3,0.3,0.3,0.3,1.3,1.2,1.4,0.9,0.5,1.0,1.0
"06-11-2010",0.7,0.5,0.4,0.4,0.3,0.3,0.3,0.4,0.5,0.3,0.3,0.2,0.3,0.4,0.4,0.3,0.3,0.3,0.3,0.4,0.6,0.6,0.5,0.5
"07-11-2010",0.4,0.4,0.4,0.4,0.3,0.3,0.3,0.3,0.3,0.4,0.4,0.3,0.3,0.3,0.3,0.3,0.2,0.3,0.4,0.4,0.6,0.7,0.6,0.4
"08-11-2010",0.4,0.3,0.3,0.2,0.2,0.3,0.3,0.4,0.3,0.3,0.3,0.2,0.3,0.3,0.2,0.2,0.3,0.6,0.3,0.3,0.3,0.3,0.3,0.3
"09-11-2010",0.5,0.3,0.3,0.2,0.1,0.1,0.1,0.2,0.4,0.3,0.2,0.3,0.1,0.1,0.4,0.3,0.5,0.7,0.4,0.3,0.3,0.3,0.4,0.3
"10-11-2010",0.1,0.1,0.1,0.1,0.1,0.1,0.1,0.1,0.1,0.1,0.1,0.1,0.1,0.1,0.1,0.1,0.1,0.2,0.1,0.1,0.1,0.1,0.1,0.2
"11-11-2010",0.1,0.1,0.1,0.1,0.1,0.1,0.1,0.1,0.1,0.1,0.2,0.1,0.1,0.2,0.1,0.2,0.1,0.2,0.3,0.3,0.3,0.4,0.3,0.3
"12-11-2010",0.3,0.2,0.2,0.2,0.2,0.2,0.3,0.3,0.3,0.4,0.2,0.2,0.2,0.2,0.2,0.2,0.3,0.4,0.5,0.7,0.4,0.5,0.5,0.5
"13-11-2010",0.3,0.3,0.2,0.3,0.2,0.2,0.2,0.2,0.2,0.2,0.2,0.2,0.1,0.2,0.1,0.1,0.2,0.3,0.3,0.3,0.4,0.7,0.7,0.7
"14-11-2010",0.6,0.4,0.5,0.3,0.3,0.2,0.2,0.2,0.2,0.2,0.2,0.2,0.1,0.2,0.1,0.1,0.2,0.2,0.4,0.5,0.5,0.6,0.4,0.5
"15-11-2010",0.4,0.3,0.3,0.3,0.2,0.2,0.2,0.4,0.6,0.3,0.2,0.2,0.3,0.2,0.2,0.9,1.1,0.7,0.9,0.7,0.6,0.7,0.7,0.6
"16-11-2010",0.6,0.6,0.6,0.5,0.4,0.4,0.4,0.6,0.7,0.4,0.4,0.2,0.2,0.2,0.3,0.2,0.4,0.5,0.5,0.4,0.6,0.8,0.8,0.9
"17-11-2010",0.8,0.8,0.7,0.5,0.5,0.4,0.4,0.5,0.4,0.5,0.6,0.4,0.3,0.4,0.2,0.3,0.3,0.3,0.5,0.6,0.5,0.4,0.4,0.3
"18-11-2010",0.4,0.4,0.4,0.5,0.6,0.6,0.7,0.7,0.8,0.3,0.3,0.2,0.2,0.2,0.2,0.2,0.3,0.4,0.2,0.3,0.5,0.8,0.8,0.6
"19-11-2010",0.6,0.3,0.2,0.3,0.2,0.2,0.3,0.4,0.4,0.3,0.3,0.3,0.3,0.2,0.2,0.3,0.3,0.3,0.4,0.6,0.6,0.5,0.5,0.4
"20-11-2010",0.3,0.3,0.3,0.4,0.3,0.3,0.4,0.4,0.3,0.3,0.3,0.3,0.2,0.2,0.2,0.2,0.3,0.5,0.8,0.9,0.4,0.4,0.6,0.5
"21-11-2010",0.6,0.4,0.4,0.3,0.3,0.3,0.3,0.3,0.2,0.3,0.3,0.3,0.2,0.2,0.2,0.2,0.3,0.4,0.5,0.6,0.5,0.5,0.4,0.4
"22-11-2010",0.3,0.3,0.2,0.2,0.1,0.2,0.3,0.5,0.4,0.6,0.2,0.1,0.1,0.1,0.2,0.2,0.1,0.1,0.1,0.1,0.1,0.1,0.1,0.1
"23-11-2010",0.1,0.1,0.1,0.1,0.1,0.1,0.1,0.2,0.2,0.1,0.1,0.2,0.2,0.2,0.2,0.3,1.0,-9999,-9999,-9999,-9999,-9999,-9999,-9999
"24-11-2010",-9999,-9999,-9999,-9999,-9999,-9999,-9999,-9999,-9999,-9999,-9999,-9999,-9999,-9999,-9999,-9999,-9999,-9999,-9999,-9999,-9999,-9999,-9999,-9999
"25-11-2010",-9999,-9999,-9999,-9999,-9999,-9999,-9999,-9999,-9999,-9999,-9999,-9999,-9999,-9999,-9999,-9999,-9999,-9999,-9999,-9999,-9999,-9999,-9999,-9999
"26-11-2010",-9999,-9999,-9999,-9999,-9999,-9999,-9999,-9999,-9999,-9999,-9999,-9999,-9999,-9999,-9999,-9999,-9999,-9999,-9999,-9999,-9999,-9999,-9999,-9999
"27-11-2010",-9999,-9999,-9999,-9999,-9999,-9999,-9999,-9999,-9999,-9999,-9999,-9999,-9999,-9999,-9999,-9999,-9999,-9999,-9999,-9999,-9999,-9999,-9999,-9999
"28-11-2010",-9999,-9999,-9999,-9999,-9999,-9999,-9999,-9999,-9999,-9999,-9999,-9999,-9999,-9999,-9999,-9999,-9999,-9999,-9999,-9999,-9999,-9999,-9999,-9999
"29-11-2010",-9999,-9999,-9999,-9999,-9999,-9999,-9999,-9999,-9999,-9999,-9999,-9999,-9999,-9999,-9999,-9999,-9999,-9999,-9999,-9999,-9999,-9999,-9999,-9999
"30-11-2010",-9999,-9999,-9999,-9999,-9999,-9999,-9999,-9999,-9999,-9999,-9999,-9999,-9999,-9999,-9999,-9999,-9999,-9999,-9999,-9999,-9999,-9999,-9999,-9999
"01-12-2010",-9999,-9999,-9999,-9999,-9999,-9999,-9999,-9999,-9999,-9999,-9999,-9999,-9999,-9999,-9999,-9999,-9999,-9999,-9999,-9999,-9999,-9999,-9999,-9999
"02-12-2010",-9999,-9999,-9999,-9999,-9999,-9999,-9999,-9999,-9999,-9999,-9999,3.0,-9999,-9999,-9999,-9999,-9999,-9999,-9999,-9999,-9999,-9999,-9999,-9999
