"01-01-2010",-9999,-9999,-9999,-9999,-9999,-9999,-9999,-9999,-9999,-9999,-9999,-9999,-9999,-9999,-9999,-9999,-9999,-9999,-9999,-9999,-9999,-9999,-9999,-9999
"02-01-2010",-9999,-9999,-9999,-9999,-9999,-9999,-9999,-9999,-9999,-9999,-9999,-9999,-9999,-9999,-9999,-9999,-9999,-9999,-9999,-9999,-9999,-9999,-9999,-9999
"03-01-2010",-9999,-9999,-9999,-9999,-9999,-9999,-9999,-9999,-9999,-9999,-9999,-9999,-9999,-9999,-9999,-9999,-9999,-9999,-9999,-9999,-9999,-9999,-9999,-9999
"04-01-2010",-9999,-9999,-9999,-9999,-9999,-9999,-9999,-9999,-9999,-9999,-9999,-9999,-9999,-9999,-9999,-9999,-9999,-9999,-9999,-9999,-9999,-9999,-9999,-9999
"05-01-2010",-9999,-9999,-9999,-9999,-9999,-9999,-9999,-9999,-9999,-9999,-9999,-9999,-9999,-9999,-9999,-9999,-9999,-9999,-9999,-9999,-9999,-9999,-9999,-9999
"06-01-2010",-9999,-9999,-9999,-9999,-9999,-9999,-9999,-9999,-9999,-9999,-9999,-9999,-9999,-9999,-9999,-9999,-9999,-9999,-9999,-9999,-9999,-9999,-9999,-9999
"07-01-2010",-9999,-9999,-9999,-9999,-9999,-9999,-9999,-9999,-9999,-9999,-9999,-9999,-9999,-9999,-9999,-9999,-9999,-9999,-9999,-9999,-9999,-9999,-9999,-9999
"08-01-2010",-9999,-9999,-9999,-9999,-9999,-9999,-9999,-9999,-9999,-9999,-9999,-9999,-9999,-9999,-9999,-9999,-9999,-9999,-9999,-9999,-9999,-9999,-9999,-9999
"09-01-2010",-9999,-9999,-9999,-9999,-9999,-9999,-9999,-9999,-9999,-9999,-9999,-9999,-9999,-9999,-9999,-9999,-9999,-9999,-9999,-9999,-9999,-9999,-9999,-9999
"10-01-2010",-9999,-9999,-9999,-9999,-9999,-9999,-9999,-9999,-9999,-9999,-9999,-9999,-9999,-9999,-9999,-9999,-9999,-9999,-9999,-9999,-9999,-9999,-9999,-9999
"11-01-2010",-9999,-9999,-9999,-9999,-9999,-9999,-9999,-9999,-9999,-9999,-9999,-9999,-9999,-9999,-9999,-9999,-9999,-9999,-9999,-9999,-9999,-9999,-9999,-9999
"12-01-2010",-9999,-9999,-9999,-9999,-9999,-9999,-9999,-9999,-9999,-9999,-9999,-9999,-9999,-9999,-9999,-9999,-9999,-9999,-9999,-9999,-9999,-9999,-9999,-9999
"13-01-2010",-9999,-9999,-9999,-9999,-9999,-9999,-9999,-9999,-9999,-9999,-9999,-9999,-9999,-9999,-9999,-9999,-9999,-9999,-9999,-9999,-9999,-9999,-9999,-9999
"14-01-2010",-9999,-9999,-9999,-9999,-9999,-9999,-9999,-9999,-9999,-9999,-9999,-9999,-9999,-9999,-9999,-9999,-9999,-9999,-9999,-9999,-9999,-9999,-9999,-9999
"15-01-2010",-9999,-9999,-9999,-9999,-9999,-9999,-9999,-9999,-9999,-9999,-9999,-9999,-9999,-9999,-9999,-9999,-9999,-9999,-9999,-9999,-9999,-9999,-9999,-9999
"16-01-2010",-9999,-9999,-9999,-9999,-9999,-9999,-9999,-9999,-9999,-9999,-9999,-9999,-9999,-9999,-9999,-9999,-9999,-9999,-9999,-9999,-9999,-9999,-9999,-9999
"17-01-2010",-9999,-9999,-9999,-9999,-9999,-9999,-9999,-9999,-9999,-9999,-9999,-9999,-9999,-9999,-9999,-9999,-9999,-9999,-9999,-9999,-9999,-9999,-9999,-9999
"18-01-2010",-9999,-9999,-9999,-9999,-9999,-9999,-9999,-9999,-9999,-9999,-9999,-9999,-9999,-9999,-9999,-9999,-9999,-9999,-9999,-9999,-9999,-9999,-9999,-9999
"19-01-2010",-9999,-9999,-9999,-9999,-9999,-9999,-9999,-9999,-9999,-9999,-9999,-9999,-9999,-9999,-9999,-9999,-9999,-9999,-9999,-9999,-9999,-9999,-9999,-9999
"20-01-2010",-9999,-9999,-9999,-9999,-9999,-9999,-9999,-9999,-9999,-9999,-9999,-9999,-9999,-9999,-9999,-9999,-9999,-9999,-9999,-9999,-9999,-9999,-9999,-9999
"21-01-2010",-9999,-9999,-9999,-9999,-9999,-9999,-9999,-9999,-9999,-9999,-9999,-9999,-9999,-9999,-9999,-9999,-9999,-9999,-9999,-9999,-9999,-9999,-9999,-9999
"22-01-2010",-9999,-9999,-9999,-9999,-9999,-9999,-9999,-9999,-9999,-9999,-9999,-9999,-9999,-9999,-9999,-9999,-9999,-9999,-9999,-9999,-9999,-9999,-9999,-9999
"23-01-2010",-9999,-9999,-9999,-9999,-9999,-9999,-9999,-9999,-9999,-9999,-9999,-9999,-9999,-9999,-9999,-9999,-9999,-9999,-9999,-9999,-9999,-9999,-9999,-9999
"24-01-2010",-9999,-9999,-9999,-9999,-9999,-9999,-9999,-9999,-9999,-9999,-9999,-9999,-9999,-9999,-9999,-9999,-9999,-9999,-9999,-9999,-9999,-9999,-9999,-9999
"25-01-2010",-9999,-9999,-9999,-9999,-9999,-9999,-9999,-9999,-9999,-9999,-9999,-9999,-9999,-9999,-9999,-9999,-9999,-9999,-9999,-9999,-9999,-9999,-9999,-9999
"26-01-2010",-9999,-9999,-9999,-9999,-9999,-9999,-9999,-9999,-9999,-9999,-9999,-9999,-9999,-9999,-9999,-9999,-9999,-9999,-9999,-9999,-9999,-9999,-9999,-9999
"27-01-2010",-9999,-9999,-9999,-9999,-9999,-9999,-9999,-9999,-9999,-9999,-9999,-9999,-9999,-9999,-9999,-9999,-9999,-9999,-9999,-9999,-9999,-9999,-9999,-9999
"28-01-2010",-9999,-9999,-9999,-9999,-9999,-9999,-9999,-9999,-9999,-9999,-9999,-9999,-9999,-9999,-9999,-9999,-9999,-9999,-9999,-9999,-9999,-9999,-9999,-9999
"29-01-2010",-9999,-9999,-9999,-9999,-9999,-9999,-9999,-9999,-9999,-9999,-9999,-9999,-9999,-9999,-9999,-9999,-9999,-9999,-9999,-9999,-9999,-9999,-9999,-9999
"30-01-2010",-9999,-9999,-9999,-9999,-9999,-9999,-9999,-9999,-9999,-9999,-9999,-9999,-9999,-9999,-9999,-9999,-9999,-9999,-9999,-9999,-9999,-9999,-9999,-9999
"31-01-2010",-9999,-9999,-9999,-9999,-9999,-9999,-9999,-9999,-9999,-9999,-9999,-9999,-9999,-9999,-9999,-9999,-9999,-9999,-9999,-9999,-9999,-9999,-9999,-9999
"01-02-2010",-9999,-9999,-9999,-9999,-9999,-9999,-9999,-9999,-9999,-9999,-9999,-9999,-9999,-9999,-9999,-9999,-9999,-9999,-9999,-9999,-9999,-9999,-9999,-9999
"02-02-2010",-9999,-9999,-9999,-9999,-9999,-9999,-9999,-9999,-9999,-9999,-9999,-9999,-9999,-9999,-9999,-9999,-9999,-9999,-9999,-9999,-9999,-9999,-9999,-9999
"03-02-2010",-9999,-9999,-9999,-9999,-9999,-9999,-9999,-9999,-9999,-9999,-9999,-9999,-9999,-9999,-9999,-9999,-9999,-9999,-9999,-9999,-9999,-9999,-9999,-9999
"04-02-2010",-9999,-9999,-9999,-9999,-9999,-9999,-9999,-9999,-9999,-9999,-9999,-9999,-9999,-9999,-9999,-9999,-9999,-9999,-9999,-9999,-9999,-9999,-9999,-9999
"05-02-2010",-9999,-9999,-9999,-9999,-9999,-9999,-9999,-9999,-9999,-9999,-9999,-9999,-9999,-9999,-9999,-9999,-9999,-9999,-9999,-9999,-9999,-9999,-9999,-9999
"06-02-2010",-9999,-9999,-9999,-9999,-9999,-9999,-9999,-9999,-9999,-9999,-9999,-9999,-9999,-9999,-9999,-9999,-9999,-9999,-9999,-9999,-9999,-9999,-9999,-9999
"07-02-2010",-9999,-9999,-9999,-9999,-9999,-9999,-9999,-9999,-9999,-9999,-9999,-9999,-9999,-9999,-9999,-9999,-9999,-9999,-9999,-9999,-9999,-9999,-9999,-9999
"08-02-2010",-9999,-9999,-9999,-9999,-9999,-9999,-9999,-9999,-9999,-9999,-9999,-9999,-9999,-9999,-9999,-9999,-9999,-9999,-9999,-9999,-9999,-9999,-9999,-9999
"09-02-2010",-9999,-9999,-9999,-9999,-9999,-9999,-9999,-9999,-9999,-9999,-9999,-9999,-9999,-9999,-9999,-9999,-9999,-9999,-9999,41,108,66,17,48
"10-02-2010",12,5,5,3,3,5,19,57,77,94,31,23,22,5,17,23,23,28,22,7,7,6,6,7
"11-02-2010",6,5,4,5,6,10,18,10,43,29,28,16,13,7,14,10,10,9,37,33,57,17,31,7
"12-02-2010",29,21,34,22,8,22,31,49,87,172,96,36,27,17,-9999,-9999,-9999,-9999,-9999,-9999,-9999,-9999,-9999,-9999
"13-02-2010",-9999,-9999,-9999,-9999,-9999,-9999,-9999,-9999,-9999,-9999,-9999,-9999,7,4,4,3,3,4,5,4,4,4,5,7
"14-02-2010",10,15,18,23,7,12,8,13,12,17,7,5,7,6,5,3,3,2,3,2,2,3,2,2
"15-02-2010",3,2,1,2,2,2,2,2,2,3,3,3,3,3,2,2,2,2,2,2,3,3,4,3
"16-02-2010",4,7,4,3,5,9,19,93,81,73,82,25,15,18,11,11,15,15,19,23,18,8,3,5
"17-02-2010",3,3,3,3,3,4,6,13,6,6,35,38,37,30,24,13,14,14,9,10,8,12,19,25
"18-02-2010",63,20,3,3,19,8,10,62,98,88,74,14,11,11,6,9,8,8,5,12,5,5,5,5
"19-02-2010",3,6,4,6,12,11,65,54,69,51,17,22,7,7,13,8,6,22,15,15,8,11,5,4
"20-02-2010",6,4,3,4,2,5,22,46,44,26,10,6,6,6,3,3,3,3,4,4,3,2,4,4
"21-02-2010",2,2,2,2,2,2,2,2,2,2,2,2,2,2,2,2,2,2,3,3,2,2,2,2
"22-02-2010",2,2,2,2,9,4,54,86,30,24,30,19,12,17,16,5,10,7,21,21,7,18,16,10
"23-02-2010",15,7,4,5,4,7,13,47,62,41,33,20,17,11,15,17,20,19,15,20,14,30,33,28
"24-02-2010",7,8,7,5,7,10,16,29,52,34,20,21,12,11,16,11,5,11,32,9,5,9,5,7
"25-02-2010",6,6,3,5,7,9,24,47,27,12,10,6,5,5,5,4,4,4,4,4,3,3,3,2
"26-02-2010",2,4,3,2,10,6,9,63,61,25,14,8,7,9,8,5,5,6,4,3,4,3,3,3
"27-02-2010",2,4,4,3,3,7,8,6,7,6,7,5,5,3,2,2,2,2,2,3,2,2,2,2
"28-02-2010",2,2,2,2,2,2,3,4,4,3,3,3,3,3,2,3,3,3,4,3,12,6,6,14
"01-03-2010",10,6,5,6,10,35,21,42,93,53,54,38,34,28,15,7,12,17,12,33,41,39,39,13
"02-03-2010",39,25,10,10,12,14,50,62,88,46,56,27,13,10,9,7,5,4,4,5,4,3,3,3
"03-03-2010",2,2,2,2,3,3,4,6,16,17,10,6,5,4,4,4,4,4,6,6,4,5,5,6
"04-03-2010",8,7,4,4,4,3,4,5,7,9,6,5,21,33,29,24,24,18,8,6,6,4,5,7
"05-03-2010",3,3,3,4,4,4,29,53,76,39,36,11,4,7,8,5,5,4,4,3,3,3,3,2
"06-03-2010",2,2,2,2,2,2,2,2,3,3,3,3,3,3,3,3,3,3,3,3,3,3,3,2
"07-03-2010",2,2,2,3,3,3,3,3,4,4,7,5,4,3,4,4,3,6,5,6,5,4,3,5
"08-03-2010",4,3,3,3,3,3,4,4,5,8,10,10,12,13,12,10,10,8,6,8,5,5,4,4
"09-03-2010",3,2,2,2,4,3,3,6,9,11,10,10,9,8,9,6,6,7,5,6,4,3,3,3
"10-03-2010",2,2,2,2,2,2,4,4,-9999,-9999,-9999,-9999,-9999,-9999,-9999,-9999,-9999,-9999,-9999,-9999,-9999,-9999,-9999,-9999
"11-03-2010",-9999,-9999,-9999,-9999,-9999,-9999,-9999,-9999,-9999,-9999,-9999,-9999,-9999,5,8,6,5,6,8,12,15,6,4,8
"12-03-2010",5,30,9,5,18,11,21,53,43,25,14,8,9,8,14,10,8,6,6,5,6,4,4,3
"13-03-2010",3,5,7,5,13,4,8,10,9,4,3,3,4,3,4,3,3,3,3,3,2,2,2,2
"14-03-2010",2,2,2,1,2,2,2,2,3,2,2,2,2,2,2,2,2,2,3,2,2,2,2,2
"15-03-2010",2,2,2,2,4,5,8,24,23,16,12,6,6,6,5,5,5,5,4,6,7,4,3,4
"16-03-2010",3,3,3,4,4,6,5,5,8,8,7,9,9,6,6,4,5,4,4,3,3,5,6,19
"17-03-2010",13,4,5,9,3,4,5,13,8,5,5,4,5,5,4,4,4,3,4,3,3,3,4,2
"18-03-2010",3,3,4,5,9,6,30,91,62,33,9,5,4,4,3,5,5,5,6,6,6,29,27,28
"19-03-2010",15,9,9,8,22,21,58,77,93,59,15,10,5,4,5,5,5,4,3,4,3,3,3,9
"20-03-2010",7,6,6,13,5,16,18,41,11,6,4,5,3,3,3,3,3,2,3,3,4,5,9,5
"21-03-2010",6,4,3,3,7,5,6,7,12,8,8,5,4,4,3,3,3,3,3,4,6,5,4,5
"22-03-2010",6,7,4,4,5,4,11,46,56,38,21,15,10,6,7,-9999,-9999,-9999,-9999,-9999,-9999,-9999,-9999,-9999
"23-03-2010",-9999,-9999,-9999,-9999,-9999,-9999,-9999,-9999,-9999,-9999,-9999,-9999,-9999,-9999,-9999,-9999,-9999,-9999,-9999,-9999,-9999,-9999,-9999,-9999
"24-03-2010",-9999,-9999,-9999,-9999,-9999,-9999,-9999,-9999,-9999,-9999,-9999,-9999,-9999,-9999,-9999,-9999,-9999,-9999,-9999,-9999,-9999,-9999,-9999,-9999
"25-03-2010",-9999,-9999,-9999,-9999,-9999,-9999,-9999,-9999,-9999,-9999,-9999,-9999,-9999,-9999,-9999,-9999,-9999,-9999,-9999,-9999,-9999,-9999,-9999,-9999
"26-03-2010",-9999,-9999,-9999,-9999,-9999,-9999,-9999,-9999,-9999,-9999,-9999,-9999,-9999,-9999,-9999,-9999,-9999,-9999,-9999,-9999,-9999,-9999,-9999,-9999
"27-03-2010",-9999,-9999,-9999,-9999,-9999,-9999,-9999,-9999,-9999,-9999,-9999,-9999,-9999,-9999,-9999,-9999,-9999,-9999,-9999,-9999,-9999,-9999,-9999,-9999
"28-03-2010",-9999,-9999,-9999,-9999,-9999,-9999,-9999,-9999,-9999,-9999,-9999,-9999,-9999,-9999,-9999,-9999,-9999,-9999,-9999,-9999,-9999,-9999,-9999,-9999
"29-03-2010",-9999,-9999,-9999,-9999,-9999,-9999,-9999,-9999,-9999,-9999,-9999,-9999,-9999,-9999,8,3,3,42,5,6,11,8,4,7
"30-03-2010",18,37,7,16,43,53,26,-9999,80,100,22,7,7,6,6,4,6,5,4,4,4,4,8,4
"31-03-2010",5,4,5,3,12,8,43,35,10,16,47,354,7,5,7,5,5,6,6,4,5,6,9,8
"01-04-2010",12,6,6,12,17,21,7,12,130,63,18,8,6,6,4,4,5,5,5,5,5,6,6,5
"02-04-2010",5,7,5,5,-9999,6,6,10,16,18,11,9,6,5,4,4,4,4,4,4,4,4,4,4
"03-04-2010",4,4,3,4,4,4,4,9,20,9,4,4,4,4,4,4,4,4,4,4,4,4,4,4
"04-04-2010",4,4,4,4,4,4,5,6,6,4,4,4,4,3,4,3,4,4,4,3,4,4,4,4
"05-04-2010",4,3,3,4,4,5,8,12,13,7,4,4,4,4,4,4,4,4,3,4,5,5,7,6
"06-04-2010",5,4,4,5,5,4,9,12,11,10,6,9,5,4,4,4,4,4,4,4,4,4,4,4
"07-04-2010",4,3,3,3,3,3,3,4,4,5,5,5,5,4,4,4,4,4,4,4,4,4,3,4
"08-04-2010",3,3,3,4,3,3,4,47,8,6,5,6,5,5,4,4,5,4,-9999,7,46,5,5,5
"09-04-2010",7,8,6,6,9,9,33,18,80,37,21,14,5,5,7,5,5,4,4,4,5,4,4,4
"10-04-2010",5,5,4,5,9,8,6,31,20,21,14,14,7,4,4,4,4,4,4,4,4,4,4,5
"11-04-2010",4,4,3,3,4,3,4,4,5,4,5,5,4,4,4,4,4,4,4,4,4,4,4,5
"12-04-2010",4,4,4,4,7,10,22,27,34,9,6,5,5,5,4,6,6,5,5,4,4,4,4,4
"13-04-2010",4,4,4,4,5,4,5,11,27,15,4,5,6,6,6,8,9,6,5,6,8,10,-9999,-9999
"14-04-2010",-9999,-9999,-9999,-9999,-9999,-9999,-9999,-9999,-9999,-9999,-9999,-9999,-9999,-9999,-9999,-9999,-9999,-9999,-9999,-9999,-9999,-9999,-9999,-9999
"15-04-2010",-9999,-9999,-9999,-9999,-9999,-9999,-9999,-9999,-9999,-9999,-9999,-9999,-9999,-9999,-9999,-9999,-9999,-9999,-9999,6,7,5,8,19
"16-04-2010",50,15,14,14,19,8,13,24,31,24,39,20,9,7,7,5,6,42,4,5,5,6,6,22
"17-04-2010",12,4,4,3,4,4,4,4,5,5,5,5,4,4,4,4,4,4,4,4,4,4,4,4
"18-04-2010",4,4,3,4,4,4,4,4,5,5,5,5,5,5,5,4,4,4,4,5,5,5,5,6
"19-04-2010",6,6,10,6,20,6,24,17,36,20,10,17,12,9,7,7,8,11,7,7,5,5,7,5
"20-04-2010",4,4,5,4,29,7,10,34,26,9,7,5,6,8,7,7,5,5,4,4,4,3,4,4
"21-04-2010",3,3,47,3,3,4,4,4,5,5,6,6,8,6,6,7,6,6,5,6,8,4,5,6
"22-04-2010",7,7,6,6,9,5,39,31,41,46,27,12,7,7,7,6,5,5,5,4,5,5,5,5
"23-04-2010",5,6,6,5,15,13,31,39,37,23,7,6,5,6,6,6,5,5,5,5,6,7,6,17
"24-04-2010",6,5,6,7,5,9,19,19,10,17,8,8,6,6,6,4,4,5,4,5,6,8,6,12
"25-04-2010",9,6,12,6,6,4,5,13,6,5,5,5,4,4,4,5,5,5,5,5,6,5,5,5
"26-04-2010",4,4,4,4,4,7,8,6,14,15,19,7,5,5,5,4,4,6,5,4,5,5,6,7
"27-04-2010",14,6,5,4,9,6,6,9,11,8,9,7,7,11,7,6,-9999,4,4,4,4,5,5,4
"28-04-2010",4,5,4,4,4,4,5,57,46,13,6,6,6,6,6,5,5,5,5,4,4,5,5,5
"29-04-2010",5,5,3,4,5,9,26,30,60,16,12,8,8,7,6,6,6,5,7,5,5,5,5,4
"30-04-2010",4,5,4,4,4,11,14,10,9,11,8,6,6,5,6,5,5,5,5,5,5,5,4,5
"01-05-2010",5,4,4,5,5,6,11,15,11,8,6,5,4,4,4,4,4,4,5,4,4,4,4,4
"02-05-2010",4,4,4,4,4,4,16,19,8,5,4,4,4,4,4,4,4,4,4,4,4,4,5,7
"03-05-2010",7,5,4,4,9,10,5,58,68,14,8,7,5,5,5,5,6,4,4,4,4,4,5,11
"04-05-2010",11,6,4,6,7,21,49,76,66,26,8,6,5,5,5,5,5,5,4,5,5,5,5,5
"05-05-2010",13,6,5,5,13,20,22,40,17,8,5,5,5,6,5,5,5,5,4,4,5,5,5,5
"06-05-2010",4,5,7,6,7,5,6,7,23,18,12,8,1,-9999,8,5,4,4,4,4,5,6,9,5
"07-05-2010",5,5,5,8,12,12,5,42,52,13,6,6,6,6,6,5,5,4,4,4,5,5,5,5
"08-05-2010",6,5,11,4,4,5,15,10,7,5,4,6,5,5,5,4,4,3,3,3,4,5,5,11
"09-05-2010",5,4,4,4,3,4,5,5,4,3,3,3,3,3,3,3,3,3,3,3,3,3,4,5
"10-05-2010",4,4,4,3,3,4,7,21,27,7,4,5,4,5,4,4,4,4,4,3,4,5,5,5
"11-05-2010",6,4,5,5,4,6,18,42,22,9,12,6,5,5,6,5,4,4,4,4,4,4,11,10
"12-05-2010",14,7,5,7,7,8,20,18,33,23,6,6,5,5,4,4,4,4,4,4,4,4,5,12
"13-05-2010",5,4,4,3,5,9,29,33,28,33,9,7,6,6,6,4,5,5,4,4,4,6,6,14
"14-05-2010",8,6,4,4,4,7,49,36,19,7,6,5,5,5,4,4,4,4,4,4,4,4,4,5
"15-05-2010",5,4,3,4,4,5,6,4,3,3,3,3,3,3,3,3,3,3,3,3,3,3,3,3
"16-05-2010",3,3,3,2,2,3,2,3,3,3,3,3,3,3,3,3,3,3,3,4,4,3,4,3
"17-05-2010",4,4,3,3,4,4,8,10,8,5,5,6,5,7,7,5,5,4,4,5,3,3,3,3
"18-05-2010",3,2,2,2,3,3,3,4,4,5,4,5,5,5,5,3,5,4,4,3,3,3,3,3
"19-05-2010",3,3,2,2,3,3,3,3,4,5,3,4,3,3,3,3,3,3,3,3,3,3,3,3
"20-05-2010",3,3,3,3,3,3,3,3,4,3,3,3,3,3,4,4,5,4,3,4,4,4,4,5
"21-05-2010",4,3,3,3,3,3,4,5,6,7,8,10,10,5,5,6,5,6,5,5,4,4,4,4
"22-05-2010",4,3,3,3,4,5,7,7,9,6,5,5,4,4,4,3,3,4,4,4,5,5,4,5
"23-05-2010",4,3,3,4,4,4,4,5,3,3,3,3,3,3,2,3,3,4,4,4,4,5,7,10
"24-05-2010",6,5,5,5,8,7,26,25,9,7,5,5,4,4,4,4,4,4,4,4,4,4,4,4
"25-05-2010",6,7,4,4,6,10,17,31,27,12,7,6,5,6,6,5,4,4,4,4,3,3,3,3
"26-05-2010",4,5,11,4,3,4,24,31,22,18,7,5,5,6,4,4,4,3,3,3,3,3,5,13
"27-05-2010",6,5,4,4,5,4,9,40,27,14,7,5,4,4,5,4,4,3,3,3,3,3,5,7
"28-05-2010",6,5,6,5,5,5,26,22,24,18,17,7,7,11,6,4,4,3,3,3,3,5,9,5
"29-05-2010",4,5,5,4,4,4,4,7,5,3,3,3,3,4,3,3,3,3,3,3,3,3,4,4
"30-05-2010",5,7,5,4,3,4,6,6,7,5,5,4,3,3,3,3,3,3,3,3,3,5,4,4
"31-05-2010",6,7,7,5,6,5,9,16,25,10,22,10,5,5,5,4,5,5,4,4,4,3,3,3
"01-06-2010",2,3,3,3,5,5,11,27,19,17,8,7,9,5,9,5,4,3,3,3,4,5,4,4
"02-06-2010",3,5,3,3,4,5,5,12,9,6,4,4,4,4,4,4,4,3,2,3,3,3,3,3
"03-06-2010",4,3,4,5,4,4,4,5,9,6,7,4,3,3,4,3,3,3,3,2,2,3,4,3
"04-06-2010",4,4,4,4,4,5,18,15,26,14,10,6,4,4,7,3,4,4,3,3,3,3,4,5
"05-06-2010",6,5,5,5,4,3,4,4,6,6,6,5,49,2,4,4,4,4,3,4,3,3,3,3
"06-06-2010",3,3,3,2,3,3,3,4,4,4,3,3,3,3,3,3,3,3,2,3,4,7,6,7
"07-06-2010",5,4,3,5,10,10,33,32,17,10,7,5,4,5,3,4,4,3,3,2,3,3,3,3
"08-06-2010",3,3,3,3,9,4,20,24,15,6,6,5,4,5,5,4,4,3,3,2,3,3,3,3
"09-06-2010",3,4,4,3,4,4,6,15,19,9,5,5,4,4,8,4,4,3,3,3,3,3,5,5
"10-06-2010",5,4,5,5,7,12,14,29,13,11,7,6,6,7,10,4,3,3,3,3,3,3,3,3
"11-06-2010",4,5,4,5,8,11,33,18,20,10,5,5,4,5,7,4,4,3,3,3,3,4,3,4
"12-06-2010",4,5,9,15,7,9,17,8,7,6,6,5,4,3,3,2,3,3,3,3,3,4,5,6
"13-06-2010",5,5,5,5,4,6,7,7,8,6,4,3,3,3,3,3,3,3,3,3,3,4,5,7
"14-06-2010",6,8,5,5,5,6,21,12,21,14,9,7,4,4,5,4,3,3,3,3,3,4,5,6
"15-06-2010",9,10,7,7,8,14,30,30,21,16,10,9,6,20,17,4,4,4,3,3,4,4,5,4
"16-06-2010",6,6,4,4,4,5,11,8,8,9,8,6,5,10,8,4,4,3,3,4,4,4,4,7
"17-06-2010",10,13,9,7,6,12,22,28,25,14,13,6,5,5,4,4,4,4,3,4,6,6,6,13
"18-06-2010",13,9,8,11,14,21,8,8,10,7,5,4,4,5,4,4,4,4,4,3,3,4,4,4
"19-06-2010",4,5,4,4,4,5,5,6,6,6,5,3,4,3,3,3,3,3,3,3,4,4,4,4
"20-06-2010",5,5,5,5,5,5,7,8,7,7,6,4,3,3,2,3,3,6,3,3,4,5,5,6
"21-06-2010",5,5,5,5,14,15,29,27,19,10,5,3,5,4,4,5,6,6,6,4,4,5,8,6
"22-06-2010",3,3,3,3,4,5,7,9,13,8,5,5,5,12,22,5,5,4,4,4,5,4,3,4
"23-06-2010",3,4,4,3,3,4,7,6,5,6,5,5,5,5,5,4,4,4,3,4,3,2,3,2
"24-06-2010",2,2,2,2,2,2,3,3,4,4,4,4,5,5,4,4,4,4,4,3,3,3,3,3
"25-06-2010",3,3,3,3,3,4,23,21,11,6,4,4,4,5,6,5,5,5,4,3,2,3,2,3
"26-06-2010",2,2,2,2,3,3,3,3,3,3,3,3,3,3,3,2,3,2,2,2,3,3,3,2
"27-06-2010",2,2,2,2,2,3,3,3,3,2,2,2,2,2,2,2,2,2,2,2,2,2,3,3
"28-06-2010",3,2,2,3,2,3,3,5,7,8,6,3,4,12,10,6,6,3,4,5,5,5,5,9
"29-06-2010",13,9,16,15,14,13,25,12,13,9,7,5,4,3,3,4,3,3,3,2,3,3,2,2
"30-06-2010",2,2,2,2,2,3,3,3,5,5,4,-9999,4,4,4,3,3,3,3,3,3,4,3,4
"01-07-2010",3,3,4,4,4,6,8,9,5,6,5,4,4,4,4,4,4,3,3,3,3,3,5,6
"02-07-2010",5,5,5,4,4,5,7,8,5,5,4,4,4,3,3,4,4,4,3,3,3,4,4,4
"03-07-2010",3,4,3,3,3,3,4,4,4,4,3,3,4,3,3,3,3,3,3,3,3,3,3,4
"04-07-2010",5,5,5,4,4,4,5,4,4,4,4,3,3,3,3,3,3,3,3,3,3,3,4,4
"05-07-2010",3,3,3,2,3,3,3,4,4,4,3,4,4,4,4,4,3,4,3,3,4,4,4,3
"06-07-2010",3,4,4,5,4,4,7,5,7,5,4,4,4,4,4,4,4,3,3,3,3,3,3,3
"07-07-2010",3,3,3,3,3,3,4,4,4,4,3,3,3,3,4,4,4,4,3,3,3,3,3,3
"08-07-2010",3,3,3,3,3,3,3,3,3,4,4,4,4,4,4,3,3,4,3,3,3,3,4,3
"09-07-2010",3,3,4,4,4,4,6,7,6,5,5,4,4,4,4,5,5,5,4,4,4,4,4,4
"10-07-2010",4,4,4,4,3,4,4,4,4,4,3,4,4,4,4,4,4,4,3,3,3,3,3,3
"11-07-2010",3,3,3,3,3,4,5,5,4,3,3,3,3,3,3,3,3,3,3,3,3,3,3,4
"12-07-2010",4,4,4,3,4,4,8,8,7,4,4,4,4,4,4,4,3,3,3,3,3,4,4,4
"13-07-2010",4,4,4,4,4,4,5,8,6,5,4,4,3,3,4,3,3,3,4,3,3,3,4,5
"14-07-2010",5,5,5,5,5,6,5,6,6,4,4,3,3,3,3,3,3,3,4,2,2,3,4,5
"15-07-2010",4,5,5,4,4,4,5,6,6,5,4,3,3,3,3,3,3,3,3,3,4,3,3,4
"16-07-2010",4,4,4,4,5,5,7,8,7,5,5,4,3,3,3,3,3,3,3,3,3,3,4,4
"17-07-2010",5,4,5,4,4,4,5,5,5,4,4,4,3,3,3,3,3,3,3,3,3,3,3,3
"18-07-2010",4,4,3,4,4,4,4,5,5,4,3,3,3,3,3,3,3,3,3,3,3,3,3,2
"19-07-2010",3,3,3,3,3,4,4,4,4,4,3,3,3,3,4,3,3,3,3,1,1,4,5,5
"20-07-2010",7,6,3,3,3,3,5,5,4,4,4,4,3,4,4,-9999,-9999,-9999,-9999,4,4,5,6,5
"21-07-2010",5,5,5,5,4,5,7,6,7,5,5,5,4,4,4,4,3,3,3,3,3,4,5,5
"22-07-2010",4,4,4,4,4,5,5,6,6,7,5,4,4,4,4,4,4,4,4,4,5,5,5,5
"23-07-2010",5,4,5,4,4,5,5,6,5,5,4,4,3,4,6,4,3,4,4,4,4,3,3,3
"24-07-2010",4,5,5,4,4,4,6,6,6,5,4,4,3,3,3,3,3,3,3,3,3,3,3,3
"25-07-2010",3,4,4,4,3,3,3,3,4,4,4,4,3,3,3,3,3,3,3,4,4,3,3,3
"26-07-2010",3,3,3,3,3,3,3,3,3,4,4,4,5,5,4,4,4,4,3,4,4,3,3,3
"27-07-2010",3,3,3,3,3,3,3,3,4,4,4,4,4,4,4,4,4,4,4,4,4,4,5,5
"28-07-2010",5,5,5,4,4,5,5,-9999,-9999,-9999,-9999,-9999,-9999,-9999,-9999,-9999,5,5,5,5,4,5,5,5
"29-07-2010",5,5,5,5,5,5,7,7,6,5,5,5,4,4,4,4,4,4,4,4,4,4,4,5
"30-07-2010",5,5,5,5,5,5,9,8,6,5,5,4,4,4,4,4,4,4,4,4,4,5,5,5
"31-07-2010",5,5,5,4,4,6,6,5,5,5,4,3,3,3,3,3,3,3,3,3,3,4,4,4
"01-08-2010",4,4,5,4,3,3,3,3,3,3,3,3,3,3,4,4,3,4,4,4,4,4,3,4
"02-08-2010",3,4,4,4,3,3,3,3,3,3,3,3,4,3,4,4,4,4,4,4,5,5,5,5
"03-08-2010",6,7,6,5,6,6,6,8,8,6,5,4,4,4,4,4,1,3,4,4,4,4,4,4
"04-08-2010",4,5,8,5,5,6,11,11,9,6,5,2,4,4,3,4,4,3,4,4,4,4,4,4
"05-08-2010",4,4,4,3,3,4,4,4,4,3,3,3,4,4,4,4,3,3,3,4,4,4,4,4
"06-08-2010",4,5,5,5,5,7,7,11,7,5,4,5,4,3,3,3,3,3,3,3,3,4,4,4
"07-08-2010",5,5,5,5,5,4,5,5,5,5,4,3,3,4,3,3,3,3,3,3,4,4,3,4
"08-08-2010",5,4,4,3,3,4,4,4,4,3,3,3,3,3,3,3,3,3,3,3,3,3,3,3
"09-08-2010",3,3,3,3,3,3,3,3,3,3,3,3,3,3,3,4,3,4,4,4,4,4,4,4
"10-08-2010",4,3,3,3,3,3,3,3,3,3,3,3,3,3,4,4,4,3,3,4,4,4,4,4
"11-08-2010",4,4,3,3,3,3,4,4,4,3,3,3,4,4,3,4,3,4,4,3,4,4,4,5
"12-08-2010",5,4,4,4,4,4,4,5,6,4,4,3,4,4,4,4,3,3,4,3,4,4,9,7
"13-08-2010",8,6,5,4,4,5,8,7,6,5,5,4,4,4,4,4,3,3,3,4,4,5,4,5
"14-08-2010",5,5,4,5,4,4,5,6,5,4,4,4,3,3,3,3,3,3,3,3,4,4,4,4
"15-08-2010",4,4,5,4,4,4,3,4,4,4,4,3,3,3,3,3,3,3,3,3,4,4,4,4
"16-08-2010",5,5,5,4,4,4,5,5,5,5,4,4,4,5,4,4,3,3,3,3,4,4,4,4
"17-08-2010",5,5,5,5,4,4,7,7,7,6,5,4,4,4,4,4,3,3,4,4,3,4,4,4
"18-08-2010",5,6,5,4,4,3,4,4,3,3,3,3,3,4,5,4,3,3,3,3,4,4,4,4
"19-08-2010",4,4,5,4,5,4,5,7,6,5,4,4,4,4,4,4,3,3,3,3,4,4,4,5
"20-08-2010",5,5,4,3,3,3,3,3,3,3,3,3,3,3,5,4,3,3,3,4,4,4,4,5
"21-08-2010",5,4,4,3,3,3,3,3,3,3,3,3,3,3,3,4,3,3,3,3,3,4,4,4
"22-08-2010",4,4,4,3,3,3,3,4,4,3,3,3,3,3,3,3,3,3,3,3,4,4,4,4
"23-08-2010",4,4,4,4,5,4,7,17,13,4,4,3,4,4,3,4,4,4,4,4,4,4,4,4
"24-08-2010",4,5,5,4,5,5,5,10,7,5,4,4,3,4,4,4,4,3,3,4,4,4,4,4
"25-08-2010",4,4,4,4,4,6,8,14,8,5,4,4,3,4,4,4,3,3,3,3,1,4,4,5
"26-08-2010",5,5,4,4,4,4,5,6,6,5,3,3,3,3,3,4,3,3,1,4,4,4,4,5
"27-08-2010",5,4,5,4,5,6,7,7,9,5,4,4,3,3,4,4,3,4,4,4,4,4,4,4
"28-08-2010",4,4,4,4,4,4,5,7,5,5,4,3,3,3,3,3,3,3,3,3,4,4,4,4
"29-08-2010",4,4,4,4,4,4,4,3,3,3,3,3,3,3,3,3,3,3,3,3,3,3,3,3
"30-08-2010",3,3,3,3,3,3,4,4,4,5,5,5,5,5,5,4,4,4,4,4,4,4,4,4
"31-08-2010",4,4,4,5,5,5,6,11,8,5,4,3,3,3,4,4,4,3,4,4,4,4,3,3
"01-09-2010",3,3,3,4,4,4,4,3,4,4,4,4,4,4,4,4,4,4,5,5,5,4,5,5
"02-09-2010",5,5,5,5,6,5,6,9,7,6,5,5,5,6,6,6,7,7,7,6,6,6,6,5
"03-09-2010",6,8,5,5,6,7,8,14,9,6,6,5,5,5,5,5,5,4,5,5,5,5,5,5
"04-09-2010",5,4,4,5,5,4,5,6,8,5,4,4,4,4,4,4,4,4,4,4,4,4,5,5
"05-09-2010",5,5,5,4,4,4,4,4,5,4,4,4,4,4,4,4,4,4,4,5,5,5,6,9
"06-09-2010",5,5,5,4,4,4,4,4,5,5,5,4,4,5,5,5,4,4,4,4,5,5,5,6
"07-09-2010",6,7,7,6,8,12,13,21,15,12,7,5,4,4,4,5,5,4,4,5,5,5,5,6
"08-09-2010",7,8,7,6,8,7,18,17,39,13,6,4,4,4,4,4,4,4,4,4,5,5,6,6
"09-09-2010",6,8,7,6,7,11,8,19,19,12,6,5,4,4,4,4,5,4,4,5,5,6,8,7
"10-09-2010",11,8,6,5,6,6,8,21,11,8,5,4,4,4,4,4,4,4,4,5,5,5,5,6
"11-09-2010",5,4,4,3,3,4,4,4,4,4,4,4,3,3,4,4,4,4,4,4,4,4,4,4
"12-09-2010",4,4,4,3,4,4,4,4,4,4,4,4,4,4,4,4,4,4,4,5,5,5,5,5
"13-09-2010",5,4,4,4,4,4,4,5,5,5,5,5,5,6,8,5,5,5,5,5,5,4,5,4
"14-09-2010",4,5,5,5,6,6,6,10,9,6,4,4,5,5,5,5,5,4,4,5,5,5,5,4
"15-09-2010",6,5,5,5,5,5,6,10,8,6,5,4,4,4,5,5,5,5,4,4,4,4,4,4
"16-09-2010",4,6,5,4,5,5,10,13,9,13,7,4,4,4,4,4,4,4,4,4,4,4,5,4
"17-09-2010",5,5,7,4,6,5,8,8,10,6,5,4,4,4,4,4,4,4,4,4,4,4,4,4
"18-09-2010",4,5,5,5,4,4,7,6,6,6,5,4,3,3,3,4,3,3,4,4,4,4,4,5
"19-09-2010",5,4,5,4,4,4,5,5,5,5,4,4,3,3,3,3,3,3,3,4,4,4,4,4
"20-09-2010",4,5,4,3,4,3,3,3,4,4,4,4,4,4,4,4,4,4,4,3,3,4,4,4
"21-09-2010",4,4,4,4,4,4,4,4,5,5,5,5,5,5,5,5,5,5,5,5,5,4,6,5
"22-09-2010",5,5,4,4,5,5,5,8,12,9,5,5,4,5,6,4,4,4,4,4,4,4,4,4
"23-09-2010",5,5,5,4,6,6,6,7,8,8,6,5,5,5,5,5,5,5,4,5,5,5,6,6
"24-09-2010",5,5,5,5,5,5,10,17,12,8,5,5,5,5,5,5,5,4,4,5,5,5,5,5
"25-09-2010",4,5,5,4,4,4,5,5,6,7,7,5,5,5,5,4,4,3,3,3,3,3,3,3
"26-09-2010",3,4,3,3,3,3,3,3,3,3,3,3,3,3,3,3,4,4,5,5,5,6,6,6
"27-09-2010",7,7,6,6,6,8,9,16,23,14,11,6,5,5,5,5,5,5,5,6,9,9,9,12
"28-09-2010",9,10,10,7,9,9,13,18,19,18,9,6,5,5,5,5,5,5,5,5,5,5,5,5
"29-09-2010",4,4,4,3,4,4,5,7,7,5,4,4,5,5,4,5,5,4,5,5,4,4,4,4
"30-09-2010",4,4,4,4,4,3,4,4,4,4,5,4,4,5,5,5,5,5,5,6,6,5,5,5
"01-10-2010",6,5,5,5,5,6,6,6,6,7,7,3,6,6,6,7,7,7,6,6,6,6,6,7
"02-10-2010",7,8,7,6,6,6,8,12,8,9,7,6,5,5,6,6,5,5,5,5,6,6,8,8
"03-10-2010",6,7,7,6,6,6,7,10,9,7,6,5,1,4,4,5,5,4,5,5,5,5,5,5
"04-10-2010",5,5,4,4,4,4,4,4,4,5,8,4,5,5,5,5,5,5,5,5,5,5,5,5
"05-10-2010",5,5,5,5,4,5,6,8,11,20,20,14,8,8,8,8,8,8,8,8,8,7,7,7
"06-10-2010",6,6,6,6,6,6,6,6,6,7,7,7,7,7,7,7,7,6,6,6,6,5,5,5
"07-10-2010",5,5,5,5,5,5,5,5,5,6,6,6,6,6,6,6,6,6,6,7,7,6,6,6
"08-10-2010",6,6,6,6,6,6,6,6,6,6,7,7,7,7,8,7,6,5,6,6,6,6,6,6
"09-10-2010",6,6,5,5,5,5,5,5,5,5,5,5,5,5,6,6,6,7,8,8,9,8,8,8
"10-10-2010",7,7,7,6,6,6,5,5,5,5,5,5,5,5,5,7,7,8,9,9,9,9,9,8
"11-10-2010",8,7,7,7,6,6,6,6,7,7,7,8,9,10,9,9,9,9,7,7,7,7,6,6
"12-10-2010",6,6,6,6,5,5,6,6,6,6,7,6,7,8,8,8,9,9,8,8,8,8,7,8
"13-10-2010",8,7,7,7,7,7,7,8,8,8,9,9,10,10,10,10,10,10,9,8,8,8,7,7
"14-10-2010",7,7,7,7,6,6,7,7,7,7,8,8,8,8,7,8,8,7,8,7,7,7,7,7
"15-10-2010",7,7,7,7,7,7,7,8,9,9,8,8,8,7,7,8,7,7,6,6,6,7,7,7
"16-10-2010",7,7,7,7,7,7,7,7,7,7,8,5,7,6,6,6,6,6,7,7,6,6,6,6
"17-10-2010",6,6,6,6,6,6,6,6,6,7,7,7,7,7,7,7,6,7,7,7,7,7,7,7
"18-10-2010",6,6,6,6,6,6,6,6,8,6,7,7,7,7,6,6,6,6,6,6,5,6,6,6
"19-10-2010",6,6,6,5,5,5,5,5,5,3,5,5,6,6,6,6,6,7,7,7,7,6,6,6
"20-10-2010",6,6,6,6,6,6,7,7,8,8,8,8,8,8,8,8,8,8,8,8,9,9,9,9
"21-10-2010",9,8,7,8,7,7,8,8,9,10,11,10,10,9,9,7,6,5,5,5,4,4,4,5
"22-10-2010",5,4,4,4,4,4,4,4,5,5,5,6,6,6,7,7,8,8,8,8,8,9,9,9
"23-10-2010",8,8,8,8,7,7,7,7,8,8,8,9,9,9,9,8,8,9,9,9,9,9,9,9
"24-10-2010",8,7,7,7,7,6,6,6,6,6,7,8,8,9,9,9,9,9,9,9,10,10,9,10
"25-10-2010",10,9,8,8,8,8,8,8,9,9,10,11,10,11,10,11,12,7,9,9,9,8,8,8
"26-10-2010",8,8,8,8,7,8,8,8,8,8,8,8,8,8,8,8,7,8,9,9,9,8,8,8
"27-10-2010",8,8,8,8,8,8,9,9,9,8,6,5,4,5,5,5,5,5,4,4,4,4,4,4
"28-10-2010",3,3,3,3,3,3,3,3,4,4,4,4,4,4,3,4,4,4,4,4,4,4,4,4
"29-10-2010",4,3,4,3,3,4,4,4,4,4,4,5,5,5,5,5,6,6,6,6,6,5,5,5
"30-10-2010",5,5,5,5,5,4,5,5,5,5,5,6,6,6,7,7,8,8,8,7,7,7,7,7
"31-10-2010",7,7,6,6,5,5,5,5,5,5,5,6,7,6,7,8,8,8,8,8,8,8,8,7
"01-11-2010",7,7,6,6,6,6,6,5,5,6,6,8,7,9,9,9,9,9,9,10,10,10,11,12
"02-11-2010",11,9,8,7,6,6,6,7,9,21,15,9,10,11,11,11,11,12,11,12,14,13,12,12
"03-11-2010",10,10,10,9,9,9,9,9,9,10,10,10,11,11,10,11,11,11,11,11,11,11,10,10
"04-11-2010",10,10,11,10,10,10,10,11,12,12,12,13,13,12,9,10,11,11,11,12,14,13,12,13
"05-11-2010",13,12,11,11,10,11,12,12,11,12,13,14,14,14,13,13,13,15,18,20,18,15,15,17
"06-11-2010",17,14,13,13,12,12,11,10,11,8,12,13,14,13,13,13,13,13,12,11,12,12,11,11
"07-11-2010",10,10,10,10,10,10,10,10,10,11,11,13,15,14,13,13,12,12,12,11,11,11,11,11
"08-11-2010",10,10,10,10,10,10,10,10,11,11,11,11,10,10,10,10,10,11,11,11,10,10,10,9
"09-11-2010",9,9,9,9,8,8,8,8,9,9,7,8,8,8,8,9,9,11,11,10,9,9,9,9
"10-11-2010",8,8,8,7,7,7,7,7,7,7,8,9,9,8,9,9,8,8,8,8,8,8,8,8
"11-11-2010",8,7,7,8,8,8,8,8,8,8,7,8,8,9,8,8,8,8,9,9,9,9,9,9
"12-11-2010",9,9,8,8,8,8,9,9,9,10,10,10,11,11,11,11,12,11,11,12,12,12,11,11
"13-11-2010",10,10,10,10,10,9,9,9,9,9,10,11,12,11,11,12,11,11,11,11,10,11,11,11
"14-11-2010",11,11,11,11,10,10,9,9,10,10,10,11,12,12,11,12,12,12,12,12,12,12,12,12
"15-11-2010",12,11,11,11,11,10,10,10,12,12,12,13,14,13,14,13,14,15,15,15,14,14,13,13
"16-11-2010",13,13,13,13,12,12,12,13,15,15,17,10,12,12,13,13,12,12,12,12,12,13,13,13
"17-11-2010",13,13,14,14,13,13,13,12,12,12,13,13,12,11,11,10,10,11,10,10,10,10,9,9
"18-11-2010",8,8,8,8,8,9,10,12,12,12,12,12,12,12,12,12,11,11,11,10,10,12,12,12
"19-11-2010",11,11,10,9,8,9,9,9,10,10,10,11,11,10,11,11,10,10,10,10,10,10,9,9
"20-11-2010",9,9,9,8,8,9,9,9,9,9,9,10,10,10,10,10,10,9,9,9,9,9,9,9
"21-11-2010",8,8,9,9,8,8,8,8,8,8,8,9,9,9,9,10,10,10,9,9,9,9,9,9
"22-11-2010",9,8,8,8,8,8,8,8,9,10,10,8,7,6,7,7,6,6,5,5,5,5,5,5
"23-11-2010",5,5,5,5,5,5,6,6,7,6,5,6,7,7,8,8,8,-9999,-9999,-9999,-9999,-9999,-9999,-9999
"24-11-2010",-9999,-9999,-9999,-9999,-9999,-9999,-9999,-9999,-9999,-9999,-9999,-9999,-9999,-9999,-9999,-9999,-9999,-9999,-9999,-9999,-9999,-9999,-9999,-9999
"25-11-2010",-9999,-9999,-9999,-9999,-9999,-9999,-9999,-9999,-9999,-9999,-9999,-9999,-9999,-9999,-9999,-9999,-9999,-9999,-9999,-9999,-9999,-9999,-9999,-9999
"26-11-2010",-9999,-9999,-9999,-9999,-9999,-9999,-9999,-9999,-9999,-9999,-9999,-9999,-9999,-9999,-9999,-9999,-9999,-9999,-9999,-9999,-9999,-9999,-9999,-9999
"27-11-2010",-9999,-9999,-9999,-9999,-9999,-9999,-9999,-9999,-9999,-9999,-9999,-9999,-9999,-9999,-9999,-9999,-9999,-9999,-9999,-9999,-9999,-9999,-9999,-9999
"28-11-2010",-9999,-9999,-9999,-9999,-9999,-9999,-9999,-9999,-9999,-9999,-9999,-9999,-9999,-9999,-9999,-9999,-9999,-9999,-9999,-9999,-9999,-9999,-9999,-9999
"29-11-2010",-9999,-9999,-9999,-9999,-9999,-9999,-9999,-9999,-9999,-9999,-9999,-9999,-9999,-9999,-9999,-9999,-9999,-9999,-9999,-9999,-9999,-9999,-9999,-9999
"30-11-2010",-9999,-9999,-9999,-9999,-9999,-9999,-9999,-9999,-9999,-9999,-9999,-9999,-9999,-9999,-9999,-9999,-9999,-9999,-9999,-9999,-9999,-9999,-9999,-9999
"01-12-2010",-9999,-9999,-9999,-9999,-9999,-9999,-9999,-9999,-9999,-9999,-9999,-9999,-9999,-9999,-9999,-9999,-9999,-9999,-9999,-9999,-9999,-9999,-9999,-9999
"02-12-2010",-9999,-9999,-9999,-9999,-9999,-9999,-9999,-9999,-9999,-9999,-9999,4,-9999,-9999,-9999,-9999,-9999,-9999,-9999,-9999,-9999,-9999,-9999,-9999
