"01-01-2012",6,6,5,4,4,4,6,5,9,12,9,8,7,4,4,4,5,6,10,10,15,17,18,18
"02-01-2012",18,13,8,6,6,5,8,13,17,18,12,8,6,5,5,5,9,22,24,23,26,25,23,21
"03-01-2012",20,19,15,13,12,10,12,15,17,19,16,11,10,7,6,5,9,22,27,31,27,24,22,20
"04-01-2012",20,17,12,12,10,11,14,14,14,22,27,20,15,12,10,10,13,23,27,29,25,23,22,18
"05-01-2012",18,17,14,14,13,13,14,15,15,19,20,17,12,10,8,9,13,21,24,26,25,12,6,4
"06-01-2012",2,2,2,2,2,1,2,2,1,2,1,1,1,2,2,1,1,1,3,5,5,5,6,3
"07-01-2012",3,2,2,2,1,1,2,2,4,4,4,4,5,6,6,5,5,6,7,7,6,5,5,4
"08-01-2012",4,4,3,3,3,2,3,5,6,7,7,5,5,5,3,3,7,8,12,20,20,20,21,16
"09-01-2012",15,16,14,12,10,9,13,19,19,23,24,15,10,7,5,5,7,11,16,18,19,17,13,8
"10-01-2012",6,4,4,4,4,3,3,5,7,9,9,6,6,7,6,5,8,6,6,7,6,4,3,2
"11-01-2012",2,3,3,2,2,2,3,4,5,6,7,4,4,5,4,3,3,4,6,7,6,4,3,2
"12-01-2012",2,2,4,3,3,3,5,7,11,12,8,5,3,3,3,3,4,5,7,12,13,15,15,12
"13-01-2012",8,8,6,9,9,9,13,20,21,25,20,11,8,7,5,5,7,19,29,33,30,28,29,24
"14-01-2012",24,25,19,16,16,13,17,23,23,23,25,22,21,17,10,7,7,8,8,8,6,5,5,4
"15-01-2012",4,3,3,2,3,3,3,4,6,6,9,7,6,6,6,5,6,7,14,18,15,11,11,10
"16-01-2012",10,7,6,4,4,5,8,11,11,10,7,5,6,5,3,3,4,11,14,18,19,17,25,21
"17-01-2012",15,13,10,11,12,11,16,22,25,25,21,13,8,5,4,4,5,12,25,30,26,27,25,18
"18-01-2012",14,14,13,10,10,11,16,20,24,23,15,9,8,7,5,5,6,10,29,35,36,30,28,23
"19-01-2012",21,20,18,14,14,16,18,19,23,26,20,11,8,7,5,5,6,11,18,21,23,28,28,25
"20-01-2012",24,23,18,15,13,16,21,25,32,39,47,44,28,19,11,7,8,7,7,8,6,5,10,11
"21-01-2012",7,5,4,4,3,1,2,1,3,4,4,5,7,7,6,6,7,9,19,20,8,7,9,9
"22-01-2012",7,5,4,5,5,3,7,11,16,13,9,6,5,5,4,5,6,10,12,22,24,27,25,22
"23-01-2012",21,21,19,17,17,16,16,18,23,31,32,23,14,11,9,7,9,14,16,24,24,26,26,24
"24-01-2012",22,19,15,11,11,12,14,16,21,23,25,21,15,12,10,8,10,12,14,18,20,20,21,18
"25-01-2012",15,14,12,8,9,8,8,12,15,15,16,12,8,5,4,3,5,4,4,5,5,8,8,6
"26-01-2012",5,6,7,5,8,9,13,15,20,25,21,12,7,7,7,5,7,8,12,15,13,11,10,8
"27-01-2012",6,7,8,6,6,8,9,11,19,21,15,9,6,7,6,6,6,7,15,23,24,23,14,10
"28-01-2012",9,8,8,6,6,7,9,11,17,19,17,13,12,11,9,6,6,7,8,10,9,7,6,4
"29-01-2012",3,3,3,2,3,2,3,3,5,6,6,5,5,5,4,4,5,5,5,6,5,4,3,2
"30-01-2012",1,1,1,1,1,1,1,1,2,2,3,2,3,4,3,3,3,3,5,5,4,3,2,1
"31-01-2012",2,2,2,2,1,2,1,3,4,4,3,4,5,5,4,3,3,4,5,5,4,3,3,3
"01-02-2012",2,2,2,1,2,1,2,3,5,7,8,8,7,7,7,6,6,7,12,15,11,8,6,5
"02-02-2012",4,5,4,3,3,4,5,7,10,10,10,9,10,8,7,7,9,10,8,12,18,17,11,12
"03-02-2012",8,7,11,10,8,9,10,11,13,14,12,9,9,8,7,5,5,9,12,14,16,14,11,9
"04-02-2012",7,5,5,6,5,6,11,9,8,7,6,4,2,2,2,2,2,3,3,5,6,6,5,5
"05-02-2012",3,3,4,3,2,2,2,2,3,3,3,3,2,2,2,2,2,3,2,2,2,2,3,3
"06-02-2012",3,3,2,2,2,4,4,7,14,13,12,8,3,2,2,2,3,4,3,3,4,4,3,3
"07-02-2012",2,2,3,2,2,3,4,9,12,10,11,7,4,4,5,4,4,5,11,16,10,10,12,11
"08-02-2012",4,2,2,1,1,2,2,3,4,3,3,4,3,4,5,4,4,5,4,4,5,2,3,3
"09-02-2012",2,2,2,1,1,2,1,4,7,6,5,6,5,5,5,4,4,5,5,6,8,6,5,4
"10-02-2012",3,2,3,2,2,2,3,6,9,7,5,6,5,4,4,4,6,9,13,13,12,8,5,5
"11-02-2012",4,5,5,4,5,5,4,4,5,4,5,6,5,4,5,5,5,7,8,8,9,7,8,8
"12-02-2012",5,5,4,4,3,3,4,3,6,7,6,5,3,3,5,4,4,8,10,12,14,14,13,15
"13-02-2012",12,10,10,6,5,5,7,5,6,8,11,10,5,3,2,2,2,4,4,4,6,5,4,3
"14-02-2012",2,4,6,4,3,4,8,11,18,24,17,11,7,6,7,5,6,7,15,19,21,16,13,10
"15-02-2012",7,6,6,6,6,7,8,15,22,19,11,9,6,5,4,3,4,5,5,5,7,6,6,6
"16-02-2012",5,6,5,4,5,6,7,14,28,24,17,19,12,9,7,5,4,6,6,5,6,6,5,4
"17-02-2012",3,3,3,3,3,3,3,6,8,6,6,6,5,5,4,5,5,7,12,19,29,32,29,24
"18-02-2012",17,12,12,13,14,14,14,16,28,29,17,11,7,6,4,4,5,6,11,18,27,25,26,26
"19-02-2012",19,13,12,11,10,11,11,13,15,12,8,5,5,6,4,4,5,9,11,16,26,31,27,21
"20-02-2012",14,11,10,8,7,7,12,18,-9999,-9999,-9999,-9999,10,-9999,9,10,10,10,8,9,10,10,10,10
"21-02-2012",10,9,8,8,7,8,12,14,19,16,9,6,6,5,4,4,5,7,7,6,8,9,8,11
"22-02-2012",11,8,7,7,6,6,9,10,11,12,10,8,7,6,6,7,6,7,8,8,7,7,6,5
"23-02-2012",4,4,4,3,2,2,4,5,7,8,6,6,7,5,4,4,3,4,6,7,8,8,6,7
"24-02-2012",6,5,6,5,4,5,14,15,19,16,8,6,5,3,3,3,3,16,48,32,29,33,28,26
"25-02-2012",21,16,14,12,8,9,11,16,21,23,13,9,7,4,4,5,3,5,9,11,16,20,21,21
"26-02-2012",21,14,11,10,8,7,6,5,7,9,6,5,6,6,5,5,4,4,5,5,5,7,5,4
"27-02-2012",4,3,9,8,4,2,2,2,2,3,2,3,4,3,2,2,1,2,3,3,2,3,1,1
"28-02-2012",1,1,1,1,1,1,7,4,4,6,4,3,3,3,3,3,2,3,5,7,6,6,4,4
"29-02-2012",5,4,4,4,6,9,11,15,22,15,10,8,9,8,9,10,5,5,4,3,3,3,4,3
"01-03-2012",3,3,2,2,1,1,4,7,13,11,7,10,12,8,5,4,3,3,5,8,10,19,21,23
"02-03-2012",21,14,12,10,8,7,16,25,32,30,17,9,7,5,4,3,3,4,10,25,30,32,28,24
"03-03-2012",24,21,17,15,10,9,14,18,19,18,13,9,6,5,4,4,3,5,10,19,22,22,19,16
"04-03-2012",13,8,7,6,5,4,5,6,7,6,4,3,3,3,3,3,2,3,4,7,14,16,14,12
"05-03-2012",12,10,8,9,7,8,12,17,20,22,14,8,7,7,8,9,9,7,8,9,15,16,14,11
"06-03-2012",10,7,6,5,3,4,4,5,9,11,11,9,10,9,7,7,7,9,13,15,13,13,10,8
"07-03-2012",7,6,4,6,6,6,8,9,12,15,9,6,7,7,6,7,5,5,7,8,8,7,6,5
"08-03-2012",5,5,4,4,4,5,5,11,13,15,12,8,9,11,7,6,4,4,6,6,6,7,5,4
"09-03-2012",5,5,5,5,5,6,14,18,19,17,-9999,-9999,-9999,8,5,6,6,7,7,6,6,6,5,5
"10-03-2012",4,5,4,4,4,3,4,4,4,5,5,4,4,4,4,4,4,4,5,6,4,5,5,4
"11-03-2012",4,4,4,4,3,4,4,4,5,5,5,5,5,5,6,5,5,5,6,7,7,7,6,5
"12-03-2012",4,4,4,4,4,4,5,6,7,7,8,7,7,8,7,7,7,8,8,8,7,6,6,5
"13-03-2012",4,4,4,4,4,3,3,3,6,5,6,5,6,6,6,6,6,6,7,7,7,6,6,5
"14-03-2012",4,5,4,4,4,4,4,6,7,6,5,5,5,6,5,5,5,5,9,13,16,20,21,15
"15-03-2012",12,9,8,7,7,9,12,14,16,15,10,7,6,6,5,5,5,6,8,10,11,15,15,16
"16-03-2012",13,11,9,7,6,5,5,9,12,9,9,6,6,6,5,4,5,5,8,10,10,13,17,12
"17-03-2012",12,11,9,8,9,8,9,16,14,11,9,6,6,7,6,5,6,6,9,17,19,21,22,20
"18-03-2012",16,15,13,10,8,7,8,10,9,8,7,6,6,6,5,5,5,5,7,12,12,13,16,14
"19-03-2012",13,12,10,10,10,8,10,16,15,11,9,6,6,6,5,5,6,5,6,11,14,16,16,11
"20-03-2012",11,11,8,7,7,8,11,17,19,14,11,7,6,7,6,6,7,6,10,12,15,17,21,15
"21-03-2012",13,15,11,8,7,8,10,18,-9999,-9999,11,8,7,6,6,5,6,7,9,15,24,22,16,16
"22-03-2012",13,12,11,9,9,9,12,17,20,15,9,8,6,5,6,5,5,6,10,13,19,20,17,14
"23-03-2012",12,9,8,7,7,9,14,19,19,16,12,9,7,6,5,6,6,7,9,12,22,20,19,16
"24-03-2012",11,9,9,10,7,7,9,14,14,10,9,7,6,5,6,5,5,6,10,9,9,10,10,10
"25-03-2012",10,9,7,8,7,8,7,9,12,10,8,6,5,5,5,5,4,7,7,9,13,15,13,12
"26-03-2012",10,8,7,8,8,13,17,-9999,20,18,12,9,7,7,6,6,7,6,8,10,14,19,19,15
"27-03-2012",12,11,9,8,7,7,7,6,7,7,7,7,6,5,5,5,5,5,6,7,9,10,13,12
"28-03-2012",10,9,7,8,8,8,11,16,17,17,14,8,6,5,5,4,5,4,5,7,7,8,8,7
"29-03-2012",6,6,6,7,7,7,8,15,19,17,12,9,7,6,5,6,6,5,7,8,11,11,10,8
"30-03-2012",8,10,8,7,6,7,9,14,21,25,18,10,8,7,5,4,4,4,5,5,5,6,8,7
"31-03-2012",7,8,7,6,6,7,11,11,13,12,9,7,6,6,5,4,4,4,3,5,5,5,6,7
"01-04-2012",7,8,7,7,6,6,6,9,9,9,8,5,5,5,4,3,4,3,4,5,5,7,8,8
"02-04-2012",7,7,5,4,3,7,12,8,6,5,5,6,6,5,5,5,4,4,5,6,7,7,7,6
"03-04-2012",6,6,6,5,6,6,7,12,14,16,14,9,8,7,6,5,5,4,5,7,5,6,7,7
"04-04-2012",8,8,7,6,7,9,8,8,8,8,9,9,10,9,6,7,7,6,6,6,5,7,9,9
"05-04-2012",8,8,7,6,7,6,7,10,14,13,11,7,7,7,6,6,8,7,7,8,7,9,9,7
"06-04-2012",7,7,6,6,9,8,8,12,10,8,8,7,7,6,4,3,4,3,3,4,5,5,7,7
"07-04-2012",7,8,5,5,6,5,6,8,11,11,10,8,6,6,4,4,5,4,4,4,3,5,7,6
"08-04-2012",5,4,3,3,2,2,2,3,3,3,4,3,2,3,2,2,3,2,2,4,3,3,3,2
"09-04-2012",2,3,3,3,3,4,6,8,10,8,6,5,6,5,5,5,5,4,4,4,4,4,4,4
"10-04-2012",3,4,3,3,3,3,4,5,5,5,5,4,4,4,4,4,4,4,5,5,7,8,8,10
"11-04-2012",12,11,8,5,5,6,8,10,13,13,10,7,6,5,5,5,5,5,4,6,5,7,11,12
"12-04-2012",9,8,6,6,6,6,8,12,15,12,9,6,5,5,4,4,5,4,4,4,5,5,9,10
"13-04-2012",11,11,9,7,8,7,6,8,9,8,8,7,6,6,5,4,4,5,4,4,4,4,4,4
"14-04-2012",3,3,3,3,3,3,3,2,2,3,3,3,3,3,3,3,3,3,4,4,5,6,7,5
"15-04-2012",4,4,4,3,3,3,7,15,11,6,5,4,4,4,3,2,3,2,2,3,3,3,4,4
"16-04-2012",4,3,4,4,3,4,3,3,3,3,4,3,3,4,3,3,4,-9999,-9999,-9999,-9999,-9999,-9999,-9999
"17-04-2012",-9999,-9999,-9999,-9999,-9999,-9999,-9999,6,3,4,5,5,5,5,4,4,5,5,6,7,7,7,8,7
"18-04-2012",6,5,6,5,5,5,4,3,3,3,4,4,3,4,3,3,3,3,3,4,3,3,3,4
"19-04-2012",3,3,4,3,3,4,5,6,6,5,5,5,4,4,3,2,3,3,3,4,5,6,9,10
"20-04-2012",6,5,5,4,4,4,4,4,4,4,3,3,3,4,3,3,4,4,-9999,-9999,9,7,7,7
"21-04-2012",6,6,5,4,4,4,3,4,5,5,3,3,3,3,3,3,3,4,3,4,5,5,5,6
"22-04-2012",6,5,5,4,4,5,6,9,8,6,6,5,5,4,4,3,4,4,4,4,5,5,7,9
"23-04-2012",8,7,6,5,5,5,6,9,10,9,9,11,7,5,5,4,4,4,3,3,4,5,8,9
"24-04-2012",8,9,8,7,6,6,7,9,10,11,14,15,10,12,13,10,4,4,4,3,4,4,4,3
"25-04-2012",4,4,4,3,4,5,5,5,6,5,4,3,3,4,4,4,3,4,4,3,6,7,8,10
"26-04-2012",8,6,6,5,6,8,10,14,19,17,12,8,6,5,4,4,4,5,5,6,8,11,11,12
"27-04-2012",12,10,10,10,8,9,12,13,18,16,11,10,7,5,4,3,4,4,4,4,7,7,7,7
"28-04-2012",6,5,6,5,4,6,7,8,8,7,6,5,4,5,5,4,3,5,5,5,6,7,6,7
"29-04-2012",7,6,6,7,5,5,6,5,5,3,3,3,3,3,3,2,3,3,4,4,5,6,5,6
"30-04-2012",6,6,7,6,5,6,7,7,8,7,5,4,4,3,3,3,3,4,4,4,7,13,14,14
"01-05-2012",13,10,9,8,5,6,6,5,5,5,4,4,3,3,3,2,3,3,4,4,5,7,9,11
"02-05-2012",10,8,7,6,6,6,9,12,13,11,8,7,7,8,5,4,3,4,5,4,7,12,13,16
"03-05-2012",14,11,9,9,7,7,9,12,14,12,8,8,7,5,5,4,4,5,6,6,7,10,10,12
"04-05-2012",12,10,9,8,6,6,8,9,13,12,8,7,6,4,5,5,4,4,4,3,4,5,5,7
"05-05-2012",9,6,6,6,5,6,8,8,8,7,6,6,6,4,4,4,4,4,5,4,4,9,8,9
"06-05-2012",10,7,6,6,5,5,6,6,7,7,5,5,5,4,3,4,3,4,5,4,4,6,7,8
"07-05-2012",9,7,6,7,6,6,9,10,10,11,7,6,6,4,4,4,4,4,6,4,5,7,6,8
"08-05-2012",10,9,8,8,6,6,9,10,11,11,10,8,7,5,5,4,3,3,4,4,5,7,9,11
"09-05-2012",12,9,7,7,6,7,11,10,10,7,4,4,4,3,3,3,3,3,4,4,4,6,5,7
"10-05-2012",7,6,5,5,4,4,5,5,5,5,4,4,4,3,3,4,3,3,4,4,4,5,5,6
"11-05-2012",6,4,3,3,2,3,4,4,4,5,5,4,5,4,4,3,3,3,4,4,4,5,4,5
"12-05-2012",7,5,5,4,4,4,6,7,7,7,5,4,5,3,3,4,3,2,4,4,5,9,7,7
"13-05-2012",8,6,5,7,5,5,6,6,5,6,5,4,5,4,3,4,3,3,4,4,5,8,7,7
"14-05-2012",8,6,6,6,4,5,6,6,6,6,5,5,6,5,4,6,3,3,5,3,4,5,4,4
"15-05-2012",4,4,4,4,2,2,3,2,2,3,3,3,3,3,3,3,3,2,3,3,3,4,3,3
"16-05-2012",3,3,3,4,3,5,7,7,6,5,4,4,4,3,3,3,3,2,3,4,4,5,4,5
"17-05-2012",5,5,4,5,4,4,7,8,7,6,5,4,4,4,3,3,3,3,3,4,5,5,4,4
"18-05-2012",4,3,3,3,3,3,4,4,5,5,5,5,4,4,4,4,4,3,4,4,4,5,5,4
"19-05-2012",4,4,4,4,3,3,4,4,4,5,6,6,5,4,3,3,3,3,5,6,5,6,5,5
"20-05-2012",6,6,5,5,5,5,6,6,6,6,6,5,5,4,4,4,3,3,4,4,4,4,4,6
"21-05-2012",7,7,6,7,6,6,8,8,10,11,9,7,8,7,6,6,5,6,7,7,5,6,4,5
"22-05-2012",7,6,5,6,5,5,6,10,8,8,7,5,5,4,3,3,3,3,3,3,4,6,5,5
"23-05-2012",5,5,4,4,4,5,7,9,8,8,6,5,5,4,4,4,3,3,4,4,3,4,4,3
"24-05-2012",4,5,5,4,4,4,6,6,6,7,7,5,5,6,5,5,4,4,4,5,4,6,6,6
"25-05-2012",6,6,5,5,5,5,7,8,8,9,8,6,6,5,4,4,4,3,5,5,5,6,8,7
"26-05-2012",7,7,6,5,5,5,5,6,6,6,6,4,4,5,3,3,3,2,4,5,4,4,5,4
"27-05-2012",5,5,4,4,5,4,4,5,4,4,4,3,4,4,4,3,3,3,4,5,5,6,6,5
"28-05-2012",6,6,4,4,5,4,5,8,8,8,7,5,4,5,4,4,4,3,4,5,4,4,5,5
"29-05-2012",6,6,5,5,5,4,5,7,6,7,6,4,5,5,4,4,5,4,4,5,4,5,6,5
"30-05-2012",5,8,6,6,5,4,6,10,9,7,6,4,4,5,4,4,4,3,4,6,4,5,6,6
"31-05-2012",7,7,5,5,4,5,6,7,7,6,6,4,4,5,4,3,4,3,4,5,5,5,7,5
"01-06-2012",6,7,5,5,6,5,7,11,9,9,8,6,6,6,4,4,5,4,4,6,4,4,7,6
"02-06-2012",7,9,8,8,8,6,7,10,8,7,7,5,5,5,4,4,4,3,3,4,3,3,5,6
"03-06-2012",8,9,8,7,7,6,6,8,7,7,7,6,5,6,5,3,4,3,3,5,4,5,6,7
"04-06-2012",9,10,8,8,8,6,8,11,9,7,7,5,6,6,5,3,3,3,3,4,4,6,8,7
"05-06-2012",7,10,9,8,9,10,10,13,10,9,8,6,5,6,4,3,4,2,2,4,3,3,5,3
"06-06-2012",3,5,5,6,7,9,10,14,10,6,5,3,4,5,4,3,4,3,3,5,4,5,9,8
"07-06-2012",9,9,9,11,12,9,9,13,10,9,7,5,4,5,4,3,4,3,4,5,5,6,8,6
"08-06-2012",8,10,9,8,11,9,11,14,13,10,9,6,5,6,4,3,4,3,4,5,5,6,12,12
"09-06-2012",12,16,14,12,12,10,9,12,11,8,7,4,4,4,3,2,3,3,3,5,5,5,7,5
"10-06-2012",7,9,8,9,12,10,10,10,-9999,-9999,-9999,-9999,13,4,4,4,3,3,5,4,5,6,8,11
"11-06-2012",11,10,10,10,7,9,11,10,11,11,8,7,7,4,4,4,4,4,5,3,5,6,7,10
"12-06-2012",12,11,10,11,8,7,10,13,12,10,7,6,6,4,3,4,3,4,5,4,5,9,11,12
"13-06-2012",15,12,11,11,8,8,11,13,12,12,7,7,7,4,4,5,3,4,5,3,4,4,4,5
"14-06-2012",7,6,7,7,6,8,14,15,12,8,5,4,4,3,3,3,2,3,5,4,5,8,8,10
"15-06-2012",14,12,12,10,9,9,12,13,11,9,5,4,4,3,3,3,2,3,4,3,4,5,5,6
"16-06-2012",9,7,8,9,6,5,5,4,4,4,11,5,5,2,2,2,2,2,3,3,4,5,4,5
"17-06-2012",5,4,3,4,3,3,4,3,3,3,3,3,3,3,2,2,2,2,3,2,3,6,6,7
"18-06-2012",7,5,4,4,3,3,5,5,4,3,3,2,3,2,2,2,1,2,3,3,3,5,4,4
"19-06-2012",5,5,4,4,3,4,4,4,4,4,3,3,3,2,2,2,2,2,3,3,4,6,4,6
"20-06-2012",6,4,3,4,2,3,4,5,4,3,2,2,3,2,2,2,1,2,2,2,3,5,5,5
"21-06-2012",6,6,5,5,4,4,6,5,5,5,2,2,3,2,2,2,1,2,2,3,4,7,6,8
"22-06-2012",10,9,9,10,8,9,13,14,12,11,8,4,3,3,2,2,1,2,3,3,4,9,10,11
"23-06-2012",14,11,9,9,7,7,11,13,10,9,6,4,4,3,2,2,2,2,3,3,5,6,7,8
"24-06-2012",10,9,9,10,8,9,9,8,6,6,5,4,3,3,2,3,2,2,3,2,3,6,7,9
"25-06-2012",10,9,7,7,6,6,9,9,8,7,4,3,3,3,3,3,2,2,3,3,4,7,7,7
"26-06-2012",9,8,8,8,7,6,9,10,10,7,4,4,3,3,3,3,3,3,3,3,4,5,4,5
"27-06-2012",6,5,5,6,6,5,7,7,6,6,5,3,3,3,3,3,3,3,3,4,4,5,4,3
"28-06-2012",4,4,3,4,3,3,5,5,4,6,4,3,3,3,3,3,2,2,3,4,4,5,5,6
"29-06-2012",8,8,7,8,7,6,9,10,8,8,6,5,4,3,3,3,3,3,3,3,4,5,4,4
"30-06-2012",5,5,5,6,6,5,8,9,7,6,4,4,4,3,3,3,2,2,3,2,3,4,4,4
"01-07-2012",5,6,6,6,6,5,5,5,6,4,3,3,3,3,3,2,2,2,3,2,3,4,5,5
"02-07-2012",6,7,6,5,5,3,4,4,4,4,3,3,3,3,3,3,3,3,3,3,4,5,5,4
"03-07-2012",4,6,5,4,4,4,5,6,5,4,3,3,3,3,2,2,3,3,3,3,3,3,4,5
"04-07-2012",8,10,10,10,9,8,12,17,13,-9999,-9999,4,3,3,3,3,3,3,3,3,4,7,7,8
"05-07-2012",10,12,11,12,12,11,17,21,18,15,12,7,6,5,4,3,3,3,4,4,5,7,9,7
"06-07-2012",9,11,12,12,13,11,13,18,16,15,13,8,6,5,4,3,4,4,3,5,5,7,8,7
"07-07-2012",7,8,8,10,12,10,13,16,13,10,8,5,5,4,4,3,4,4,4,5,5,6,7,5
"08-07-2012",6,7,6,6,7,5,6,7,7,7,7,5,5,5,4,3,3,3,3,4,4,7,8,7
"09-07-2012",8,10,8,8,9,7,9,13,11,10,10,6,5,5,3,3,4,3,4,5,5,6,8,6
"10-07-2012",8,9,8,7,9,7,9,12,10,9,9,6,5,5,3,4,4,3,3,6,4,6,7,6
"11-07-2012",7,10,7,6,8,9,8,9,7,6,7,4,4,5,4,3,4,3,4,5,5,8,10,7
"12-07-2012",7,9,7,6,8,7,8,12,9,9,9,6,5,5,4,3,4,3,4,5,4,5,5,5
"13-07-2012",7,9,7,8,9,7,9,13,12,11,10,5,5,5,4,3,4,3,3,4,5,5,7,6
"14-07-2012",7,8,7,6,8,6,6,10,10,9,8,5,4,4,4,3,4,3,3,4,4,5,7,6
"15-07-2012",6,8,6,7,8,7,8,9,8,6,7,4,3,5,3,3,4,2,3,4,5,7,10,8
"16-07-2012",8,10,8,7,8,7,8,11,9,8,8,5,5,5,5,4,4,3,4,5,5,6,7,6
"17-07-2012",6,6,5,5,5,4,5,6,5,4,4,3,3,4,3,3,3,2,3,4,4,4,5,4
"18-07-2012",5,6,6,5,6,5,6,7,6,5,5,3,6,9,4,3,4,2,3,4,4,4,7,5
"19-07-2012",5,9,9,8,10,8,7,7,6,5,4,3,3,4,4,3,3,3,3,4,5,5,5,5
"20-07-2012",6,9,10,9,10,9,10,13,12,8,7,5,3,4,3,3,3,3,3,4,4,5,7,7
"21-07-2012",8,11,11,9,11,10,9,11,9,6,6,4,4,4,3,3,3,3,3,5,6,6,7,7
"22-07-2012",7,9,9,9,9,8,7,10,9,8,7,5,4,4,4,3,3,3,3,4,4,5,6,7
"23-07-2012",7,8,9,8,9,9,9,14,13,8,5,4,3,3,3,3,3,3,3,4,4,4,5,4
"24-07-2012",4,5,5,4,5,4,5,6,7,5,5,4,3,3,3,3,3,3,3,4,4,4,5,4
"25-07-2012",4,5,5,4,5,5,6,8,8,5,5,4,3,4,4,3,4,3,3,4,5,6,7,7
"26-07-2012",6,8,9,7,8,7,6,9,10,7,7,6,4,5,4,4,3,3,4,5,6,5,7,7
"27-07-2012",6,7,7,5,6,7,6,8,10,7,7,5,3,5,4,3,4,4,3,4,5,4,5,6
"28-07-2012",6,7,7,5,6,6,6,8,9,7,6,5,3,4,4,3,3,4,3,5,6,5,6,8
"29-07-2012",8,9,10,7,7,7,6,7,9,7,6,5,4,4,5,4,3,4,3,5,6,6,9,10
"30-07-2012",12,14,14,9,9,10,9,11,14,11,9,7,5,5,5,4,4,4,4,4,7,7,9,12
"31-07-2012",11,12,14,10,10,9,9,10,12,12,7,6,4,4,4,4,4,4,4,4,5,7,7,7
"01-08-2012",8,7,9,9,7,10,10,9,11,10,5,5,4,3,3,4,3,4,4,4,5,5,4,5
"02-08-2012",6,6,8,9,7,7,8,8,10,9,6,6,5,4,4,4,3,4,5,4,5,7,7,8
"03-08-2012",10,8,9,9,9,8,10,9,11,11,8,6,6,4,4,4,3,4,4,4,6,8,8,8
"04-08-2012",10,8,10,10,8,9,11,12,13,13,9,7,6,4,4,4,4,4,4,4,5,8,9,10
"05-08-2012",11,9,9,9,8,8,8,9,11,11,8,6,6,4,4,4,3,4,4,4,5,8,9,10
"06-08-2012",11,8,9,10,8,9,12,9,10,11,7,7,6,4,4,4,3,3,5,5,8,11,9,10
"07-08-2012",12,10,11,12,8,8,10,9,10,11,7,6,6,4,4,4,3,3,4,4,6,10,10,11
"08-08-2012",13,11,11,11,9,8,10,10,12,14,9,7,6,4,4,4,4,3,4,4,7,13,13,17
"09-08-2012",18,15,14,16,12,12,13,12,16,22,14,9,8,5,4,5,4,4,6,5,6,7,5,5
"10-08-2012",8,6,7,10,6,6,7,6,6,7,5,8,14,5,4,5,3,3,4,3,4,5,4,5
"11-08-2012",6,5,5,9,7,6,9,7,7,8,5,4,5,3,4,5,3,3,4,4,5,8,7,7
"12-08-2012",9,8,9,12,10,9,11,8,9,15,9,6,7,5,6,7,6,5,7,6,7,10,8,7
"13-08-2012",10,8,9,11,9,8,11,8,10,12,8,7,8,5,5,6,5,5,6,5,5,7,6,7
"14-08-2012",9,6,7,10,9,8,10,8,10,12,9,7,7,4,4,5,5,5,6,4,5,7,5,6
"15-08-2012",8,6,7,10,9,10,11,8,8,10,8,5,6,5,4,5,4,4,4,4,5,6,5,5
"16-08-2012",7,6,6,8,7,7,9,8,8,9,7,6,6,4,4,4,4,4,4,4,5,6,4,6
"17-08-2012",8,7,8,11,10,12,16,13,13,17,12,8,6,5,5,4,4,4,4,5,6,10,9,8
"18-08-2012",9,7,8,10,9,8,10,9,10,11,7,4,5,4,3,4,3,3,4,4,4,7,7,8
"19-08-2012",9,7,7,9,8,8,8,6,9,10,5,4,4,3,3,4,3,3,4,4,4,7,7,7
"20-08-2012",8,8,8,10,15,12,10,11,10,8,5,3,3,3,3,4,3,3,4,3,4,7,8,10
"21-08-2012",12,12,12,15,14,13,13,10,10,12,7,4,4,3,3,3,3,3,3,4,5,8,8,9
"22-08-2012",11,10,9,9,8,7,10,13,15,14,9,6,5,3,3,3,4,4,4,4,5,6,9,11
"23-08-2012",14,14,12,12,11,10,12,13,14,17,20,13,8,5,4,4,4,4,4,5,6,14,16,15
"24-08-2012",18,18,15,14,11,10,11,14,14,15,15,9,7,5,3,3,4,4,4,5,6,10,10,10
"25-08-2012",11,11,10,11,10,9,10,12,10,11,11,7,6,5,3,4,4,3,3,4,6,11,13,11
"26-08-2012",12,12,11,11,10,8,8,9,9,11,10,7,5,4,4,3,3,3,4,4,7,9,11,10
"27-08-2012",11,11,10,10,11,10,12,14,14,13,12,10,9,6,4,4,4,4,4,5,8,11,8,6
"28-08-2012",5,5,4,5,5,9,11,12,10,8,7,4,4,4,3,4,4,3,4,4,4,6,7,8
"29-08-2012",9,9,7,10,11,10,11,14,11,14,13,7,5,5,3,3,3,3,4,5,4,6,10,10
"30-08-2012",11,11,9,10,12,10,12,16,15,17,15,8,6,5,4,4,4,3,4,5,5,7,17,15
"31-08-2012",12,12,11,10,11,11,10,10,10,14,12,5,4,4,4,3,4,3,4,5,5,12,15,11
"01-09-2012",11,10,8,11,11,10,10,13,10,8,6,4,4,4,3,3,3,3,3,4,3,5,8,8
"02-09-2012",9,10,9,9,9,8,12,9,7,6,19,6,4,3,2,3,3,2,3,4,4,10,15,10
"03-09-2012",9,11,9,9,11,10,11,13,10,9,7,4,3,4,3,3,3,4,4,4,5,7,9,8
"04-09-2012",10,12,9,9,11,9,11,15,12,11,10,5,4,4,3,3,4,4,4,4,4,7,11,9
"05-09-2012",10,13,10,10,13,10,11,15,14,13,12,7,6,6,4,4,3,4,4,5,5,6,9,10
"06-09-2012",10,11,10,10,11,10,10,17,16,16,16,9,6,6,4,4,5,4,4,5,5,5,7,7
"07-09-2012",8,10,8,9,9,8,8,10,9,8,8,5,4,4,4,4,5,4,4,5,6,6,13,19
"08-09-2012",13,15,10,10,10,7,7,9,6,6,6,4,4,4,4,4,4,3,4,5,5,6,7,7
"09-09-2012",7,8,7,7,9,7,7,8,5,5,6,4,4,4,3,3,4,3,4,4,5,10,15,14
"10-09-2012",13,15,11,10,11,10,10,16,13,10,7,4,3,4,3,3,4,3,3,4,7,10,11,9
"11-09-2012",9,11,9,11,13,13,12,15,11,8,6,4,3,4,3,3,3,3,3,4,4,7,12,10
"12-09-2012",9,11,9,8,8,8,9,12,10,12,13,8,6,5,3,3,4,4,4,5,5,6,9,10
"13-09-2012",9,12,9,9,11,9,10,16,15,15,15,10,7,6,4,4,4,4,4,5,4,4,4,5
"14-09-2012",4,5,4,7,10,12,11,13,11,14,15,12,9,9,6,6,7,7,8,16,13,12,14,14
"15-09-2012",11,13,12,12,14,13,12,13,10,9,10,10,8,9,7,9,10,8,7,10,8,7,9,9
"16-09-2012",9,11,8,7,8,7,7,8,8,7,9,9,7,7,6,5,7,6,5,7,7,7,9,8
"17-09-2012",6,7,6,6,7,8,6,8,7,7,9,7,5,6,5,4,6,6,5,7,7,7,9,9
"18-09-2012",8,9,8,6,9,9,7,8,8,9,10,8,6,6,5,4,6,5,5,7,7,6,9,10
"19-09-2012",8,9,7,7,9,9,8,8,9,10,12,10,6,7,6,5,6,6,6,7,7,8,11,12
"20-09-2012",11,12,11,9,10,10,8,10,11,11,13,11,8,7,6,6,8,12,12,11,9,8,10,11
"21-09-2012",9,10,10,9,10,11,11,13,12,9,9,8,6,6,5,4,5,5,5,7,7,10,13,13
"22-09-2012",10,10,10,8,9,10,9,10,13,11,11,9,7,6,6,6,6,6,6,6,8,9,11,11
"23-09-2012",10,11,10,9,9,10,9,10,13,13,16,12,8,7,6,4,5,6,5,6,9,9,12,15
"24-09-2012",13,13,13,10,11,12,10,13,16,13,12,11,8,7,7,5,6,6,6,8,12,12,15,19
"25-09-2012",16,17,17,13,13,14,12,13,17,16,16,13,11,10,10,6,6,7,6,8,11,13,16,20
"26-09-2012",17,16,18,13,14,16,13,14,18,17,21,24,13,9,9,7,6,7,6,8,11,11,14,18
"27-09-2012",16,15,17,12,12,14,12,13,17,15,17,16,9,7,6,5,5,5,5,6,9,10,16,20
"28-09-2012",16,16,16,11,11,13,12,14,18,16,18,16,10,7,6,4,4,5,6,6,10,10,14,18
"29-09-2012",16,15,16,12,12,13,14,15,19,16,16,12,7,6,5,4,4,5,6,7,10,11,12,14
"30-09-2012",13,13,14,11,11,12,10,11,16,15,17,16,8,5,5,4,4,5,6,6,10,12,16,20
"01-10-2012",16,16,16,11,11,12,12,14,21,19,18,13,8,5,5,4,4,5,5,7,11,12,17,22
"02-10-2012",18,16,16,13,12,12,13,16,23,23,24,21,13,9,8,6,5,6,7,9,12,12,15,21
"03-10-2012",20,20,21,15,13,13,12,14,21,21,22,22,13,8,8,5,5,6,5,6,10,10,13,16
"04-10-2012",14,13,15,11,12,14,12,14,19,18,20,21,18,16,11,7,7,7,6,7,10,9,11,16
"05-10-2012",14,13,13,9,8,10,10,10,15,14,15,16,11,8,7,5,4,6,6,6,10,9,11,14
"06-10-2012",13,14,14,11,9,11,11,12,17,16,14,14,8,5,5,4,4,4,5,7,11,13,14,16
"07-10-2012",13,11,12,9,7,8,9,9,13,14,12,11,8,7,7,5,5,5,6,5,8,7,8,14
"08-10-2012",16,13,13,10,9,11,12,14,20,17,14,14,11,8,8,5,5,6,6,6,8,10,10,12
"09-10-2012",15,16,20,14,15,23,26,25,26,23,18,20,16,11,10,7,7,7,7,8,8,7,8,11
"10-10-2012",11,10,10,8,8,10,11,11,15,14,14,14,11,8,8,7,5,7,7,7,9,8,8,10
"11-10-2012",9,8,9,8,7,9,10,9,11,12,11,12,10,7,7,6,5,6,7,8,11,10,9,10
"12-10-2012",11,10,10,9,8,9,10,10,11,13,13,14,11,10,11,7,5,6,6,5,5,5,6,11
"13-10-2012",12,9,11,9,9,12,12,10,12,10,8,8,7,6,6,5,4,5,5,6,10,11,11,14
"14-10-2012",14,11,12,10,9,11,10,8,9,10,6,6,6,4,4,4,4,4,5,5,5,6,5,6
"15-10-2012",6,6,6,6,5,7,10,10,13,13,9,9,10,8,8,7,5,9,10,11,15,15,12,13
"16-10-2012",14,11,11,10,8,9,11,10,13,15,15,14,12,8,7,6,5,6,6,5,7,10,9,10
"17-10-2012",9,8,9,9,7,10,11,10,12,13,12,11,9,7,7,7,6,7,8,7,11,14,12,13
"18-10-2012",15,11,11,10,7,8,10,9,11,13,12,11,9,6,5,5,4,4,5,5,6,6,9,9
"19-10-2012",9,7,8,8,6,8,9,11,14,18,12,8,6,5,4,4,4,5,7,7,10,13,9,10
"20-10-2012",11,8,8,7,6,8,8,8,10,14,11,11,8,5,5,5,4,5,7,8,12,14,12,12
"21-10-2012",11,8,8,7,5,6,6,6,6,7,6,5,5,5,4,4,3,4,6,6,7,8,7,8
"22-10-2012",8,7,7,7,6,7,8,7,7,8,7,8,9,7,7,8,7,8,10,9,11,11,8,9
"23-10-2012",10,8,8,8,7,8,10,9,9,11,9,9,10,8,8,8,6,7,8,7,7,8,6,6
"24-10-2012",7,6,5,6,5,5,6,6,7,-9999,10,7,7,9,7,6,7,5,6,8,6,7,7,5
"25-10-2012",6,8,6,5,6,5,6,8,8,9,10,7,6,8,6,5,7,6,9,14,12,11,12,9
"26-10-2012",9,11,8,7,8,6,7,12,12,11,16,14,12,10,8,6,8,6,7,10,11,14,19,15
"27-10-2012",13,15,12,11,12,8,9,11,12,12,13,7,5,6,5,5,6,5,6,8,6,5,6,4
"28-10-2012",4,5,4,3,4,3,3,4,3,4,4,4,4,5,5,4,5,5,5,6,4,5,5,4
"29-10-2012",3,4,3,3,4,4,4,5,4,5,9,6,6,6,5,7,5,7,11,8,8,8,6,5
"30-10-2012",6,5,4,4,3,3,5,5,6,7,5,6,7,6,6,6,6,10,17,18,17,19,14,13
"31-10-2012",15,12,13,12,9,9,14,18,19,19,13,10,9,8,8,8,8,11,18,18,18,22,19,19
"01-11-2012",20,17,15,16,12,11,11,9,9,10,7,8,8,7,6,6,6,7,8,7,6,7,7,6
"02-11-2012",7,6,6,7,7,8,11,12,11,13,11,9,9,8,7,7,6,7,8,7,9,14,12,12
"03-11-2012",13,10,9,9,7,7,10,12,12,16,11,9,8,7,6,7,6,10,16,15,13,15,13,12
"04-11-2012",15,13,10,10,8,7,8,8,9,11,9,8,9,8,8,8,8,10,17,18,16,17,14,11
"05-11-2012",12,10,8,8,8,10,12,15,16,-9999,-9999,-9999,-9999,6,6,9,9,13,23,22,20,23,19,18
"06-11-2012",19,15,11,12,9,9,12,11,7,7,7,7,8,8,7,9,7,9,13,15,13,17,15,14
"07-11-2012",14,12,11,11,9,9,13,16,18,23,23,19,20,15,12,13,13,13,17,15,11,11,9,7
"08-11-2012",7,5,4,4,4,4,5,4,5,8,5,9,9,8,7,8,6,7,9,10,14,16,14,10
"09-11-2012",9,8,7,8,8,9,14,17,18,16,12,9,9,8,7,8,10,19,26,27,22,23,23,18
"10-11-2012",15,13,11,11,11,10,14,18,18,18,16,12,11,10,9,10,9,10,19,21,22,22,18,15
"11-11-2012",13,12,9,8,8,9,10,15,16,15,12,10,10,9,9,10,11,14,25,30,25,23,20,17
"12-11-2012",15,13,11,10,9,8,12,16,16,16,14,12,10,10,9,10,10,14,17,20,20,20,18,17
"13-11-2012",17,14,10,10,9,9,14,18,19,22,19,14,11,10,9,9,10,12,22,32,27,25,25,20
"14-11-2012",17,17,13,12,12,13,16,19,20,19,16,14,12,12,9,11,13,13,13,12,11,11,10,8
"15-11-2012",8,9,8,7,8,7,8,8,9,10,10,10,11,11,9,7,10,11,12,13,11,11,12,9
"16-11-2012",9,10,8,9,8,8,9,11,12,13,14,13,13,13,11,11,11,10,10,11,9,10,10,9
"17-11-2012",10,9,7,7,7,6,7,8,7,8,10,8,9,11,10,9,10,9,10,11,8,8,8,7
"18-11-2012",7,8,7,7,7,6,7,8,8,8,8,8,8,9,7,7,9,9,11,12,11,10,12,9
"19-11-2012",8,10,9,8,8,7,8,10,13,16,14,10,10,11,9,10,12,12,17,21,17,17,17,13
"20-11-2012",12,13,10,9,9,8,8,10,10,11,12,8,10,12,10,10,13,10,14,20,16,14,17,12
"21-11-2012",13,15,11,10,10,7,9,11,10,11,12,8,8,8,7,7,8,7,8,10,8,7,7,5
"22-11-2012",5,7,5,5,5,4,5,7,7,7,7,5,6,7,5,4,8,7,7,9,7,6,7,8
"23-11-2012",7,9,6,6,7,5,6,11,8,10,11,8,9,11,9,8,12,11,16,22,17,14,16,13
"24-11-2012",14,16,13,11,12,9,10,15,15,13,15,15,16,15,11,10,11,10,13,15,12,11,10,7
"25-11-2012",7,10,8,7,8,7,7,9,10,9,10,7,7,8,8,8,10,12,19,23,19,17,18,15
"26-11-2012",13,14,11,10,10,8,9,14,17,19,21,14,11,12,10,9,11,16,21,24,20,18,23,18
"27-11-2012",15,15,11,9,10,9,11,14,17,17,22,17,13,14,11,11,15,19,23,29,29,26,26,21
"28-11-2012",17,15,11,10,11,10,12,18,21,23,24,17,12,11,10,9,12,13,11,10,10,9,9,8
"29-11-2012",8,8,6,5,6,6,7,9,9,7,8,6,7,8,7,7,7,5,5,8,8,8,6,5
"30-11-2012",4,5,5,5,7,5,6,8,11,10,9,7,6,7,7,6,10,10,10,12,12,10,10,7
"01-12-2012",6,7,5,4,5,5,6,9,12,11,12,9,7,7,8,8,10,11,12,14,14,11,11,11
"02-12-2012",10,10,10,8,10,9,8,11,11,11,12,11,12,12,12,11,14,12,6,6,6,6,7,5
"03-12-2012",5,6,5,4,4,5,5,6,6,7,9,7,7,6,7,7,6,6,6,7,5,5,5,5
"04-12-2012",4,5,5,6,6,6,8,11,12,11,8,7,7,8,9,8,10,11,14,21,24,23,26,24
"05-12-2012",20,19,18,14,13,14,10,8,7,7,9,10,9,9,9,8,12,14,15,15,16,17,16,12
"06-12-2012",8,7,7,6,7,7,8,15,19,14,12,9,8,8,9,9,9,10,9,9,10,10,9,8
"07-12-2012",8,7,7,6,7,10,12,-9999,-9999,-9999,-9999,-9999,-9999,-9999,8,9,-9999,18,-9999,23,26,27,27,23
"08-12-2012",20,19,14,11,12,13,16,20,19,18,18,19,18,13,10,9,8,8,8,7,6,6,7,6
"09-12-2012",4,-9999,5,5,5,6,6,8,7,6,6,6,7,7,7,9,12,11,13,18,17,7,6,8
"10-12-2012",8,11,10,7,6,6,6,8,11,10,9,8,7,8,8,7,9,16,21,27,31,26,25,22
"11-12-2012",17,16,14,12,12,12,12,16,21,11,9,8,7,7,9,8,-9999,-9999,-9999,-9999,2,5,6,6
"12-12-2012",7,7,7,6,8,12,14,25,29,5,35,22,13,10,10,9,9,11,12,13,14,11,12,12
"13-12-2012",10,10,10,8,9,11,15,16,20,24,21,14,11,9,9,8,12,30,32,30,29,27,24,23
"14-12-2012",20,18,17,13,11,13,16,17,23,28,24,19,14,10,11,10,11,33,35,32,31,27,25,28
"15-12-2012",27,20,16,14,14,15,16,18,19,24,24,19,14,11,11,11,14,29,30,27,28,25,25,25
"16-12-2012",20,16,14,13,11,13,13,13,17,21,18,15,15,14,15,17,19,24,26,24,26,22,19,19
"17-12-2012",18,17,16,16,15,14,15,14,15,17,18,21,19,17,19,18,20,24,25,22,24,23,24,25
"18-12-2012",21,16,13,10,8,8,9,9,12,13,13,14,12,9,9,10,9,10,15,16,18,16,16,16
"19-12-2012",12,10,11,8,9,9,11,13,18,23,17,14,11,9,8,6,9,13,14,11,11,9,7,7
"20-12-2012",7,5,6,5,5,6,7,7,9,8,8,8,8,7,8,7,7,10,12,15,15,13,11,11
"21-12-2012",10,10,11,10,9,11,17,19,22,29,23,17,13,10,10,12,14,18,24,26,27,28,22,20
"22-12-2012",20,16,16,15,12,13,13,12,14,15,17,15,14,11,11,11,9,10,9,11,8,7,7,7
"23-12-2012",6,5,5,5,5,5,5,5,7,8,9,10,9,8,8,8,7,9,11,11,9,8,8,6
"24-12-2012",6,7,7,6,6,8,11,13,16,21,15,11,9,8,8,9,10,22,35,32,30,30,24,24
"25-12-2012",25,19,16,16,12,12,12,11,13,16,13,13,12,10,9,9,11,20,25,24,21,23,20,20
"26-12-2012",21,18,16,16,12,11,12,10,12,13,11,14,13,10,10,10,15,21,26,24,22,22,18,19
"27-12-2012",21,17,16,16,13,14,15,15,17,24,22,22,16,12,11,10,17,25,31,28,26,28,26,25
"28-12-2012",26,19,15,15,13,13,17,15,16,22,23,25,24,15,12,12,11,11,13,10,9,11,13,14
"29-12-2012",11,9,10,10,8,8,10,12,16,19,17,16,17,16,14,12,9,10,11,12,11,10,8,6
"30-12-2012",6,5,4,5,4,4,4,4,5,5,5,6,7,6,6,7,5,7,7,6,6,6,5,5
"31-12-2012",5,5,4,5,4,5,6,5,6,9,10,11,13,11,10,10,9,10,11,10,11,13,10,10
