"01-01-2012",11,11,6,6,6,5,5,6,6,7,7,9,15,15,8,11,13,15,13,21,21,24,55,81
"02-01-2012",21,28,52,23,38,59,109,131,346,173,104,62,54,30,19,19,42,419,511,182,147,266,106,136
"03-01-2012",67,129,82,47,149,226,483,-9999,675,690,305,164,78,60,50,48,72,513,672,241,225,387,290,356
"04-01-2012",288,115,84,89,89,222,234,606,-9999,-9999,527,304,155,69,54,51,88,324,508,243,160,64,50,30
"05-01-2012",61,41,16,60,111,70,249,535,601,543,423,208,139,44,52,33,53,238,577,268,146,68,38,14
"06-01-2012",17,35,22,39,28,79,33,37,157,278,213,183,101,140,178,126,22,13,14,11,15,7,10,8
"07-01-2012",10,6,7,7,10,10,13,15,19,22,27,26,34,30,27,17,13,13,18,13,11,11,11,9
"08-01-2012",11,8,7,5,6,5,5,5,7,10,11,15,14,14,14,12,15,15,14,17,22,50,52,22
"09-01-2012",13,19,17,12,8,29,49,66,48,32,24,25,25,33,26,23,24,24,21,13,16,31,26,21
"10-01-2012",11,7,5,9,15,10,29,113,183,211,106,36,24,25,29,28,32,32,28,16,16,20,18,18
"11-01-2012",6,6,4,4,6,9,22,45,44,68,36,26,22,25,16,20,22,25,23,15,13,23,10,10
"12-01-2012",12,7,6,4,4,9,26,85,31,41,49,20,30,54,64,51,62,61,28,24,33,22,58,50
"13-01-2012",88,26,12,20,68,86,312,479,698,482,219,95,58,48,32,36,39,244,245,263,391,258,176,85
"14-01-2012",40,35,6,5,7,6,7,13,20,16,22,20,19,24,22,15,13,18,13,23,24,16,23,16
"15-01-2012",20,9,5,12,8,8,9,9,21,21,19,14,13,15,9,11,11,16,12,17,20,11,8,8
"16-01-2012",8,4,5,4,5,8,17,52,37,28,28,27,24,21,20,18,20,20,17,17,16,15,10,13
"17-01-2012",6,4,3,4,11,12,66,141,85,62,39,37,29,26,22,23,27,40,105,42,20,28,19,25
"18-01-2012",13,7,15,30,138,208,385,253,367,215,88,31,22,21,20,22,25,33,27,43,19,15,38,30
"19-01-2012",7,5,17,24,14,71,155,139,378,554,177,77,60,51,30,33,47,65,533,189,211,188,117,25
"20-01-2012",9,7,6,16,71,171,475,701,-9999,-9999,701,445,296,211,196,300,416,540,528,568,496,759,470,266
"21-01-2012",104,32,50,44,80,156,132,29,16,12,14,13,12,12,12,11,9,11,10,10,10,10,12,6
"22-01-2012",7,10,5,4,5,15,19,24,33,69,71,42,26,32,17,20,27,33,44,42,34,49,188,60
"23-01-2012",28,92,112,48,95,222,582,539,-9999,712,430,249,98,70,59,64,87,224,307,337,115,96,54,10
"24-01-2012",13,123,47,96,36,15,15,290,326,403,475,425,321,297,265,216,269,308,325,230,212,258,388,375
"25-01-2012",185,85,112,114,73,26,74,192,189,77,39,32,39,31,28,18,17,20,11,11,12,11,10,9
"26-01-2012",9,5,4,5,6,7,15,34,39,22,16,19,19,20,19,14,14,14,11,9,10,8,10,7
"27-01-2012",6,4,7,3,5,7,23,60,35,28,25,21,24,19,24,18,21,23,21,18,19,22,18,42
"28-01-2012",26,11,13,7,8,10,24,84,28,19,19,37,28,38,21,16,18,15,13,13,13,11,11,7
"29-01-2012",5,5,4,4,4,4,4,4,7,7,7,6,8,7,6,5,8,14,37,30,8,6,6,6
"30-01-2012",7,4,4,12,14,7,8,23,45,51,23,13,23,20,15,26,29,18,11,12,8,9,7,14
"31-01-2012",7,5,4,4,6,9,30,54,80,107,28,22,20,27,22,20,25,29,44,45,16,19,8,9
"01-02-2012",4,4,3,6,6,8,17,63,37,16,9,17,16,10,13,8,7,7,7,6,7,9,6,4
"02-02-2012",4,3,3,5,4,4,5,11,9,10,11,15,33,47,28,11,12,16,13,12,13,7,9,7
"03-02-2012",5,4,4,3,4,5,8,15,15,14,15,23,24,24,19,22,19,172,143,165,228,96,107,119
"04-02-2012",55,49,46,39,36,34,58,109,142,104,100,96,50,47,81,68,118,96,129,78,62,171,320,420
"05-02-2012",319,241,60,65,49,43,25,119,269,148,131,87,53,36,31,27,22,33,24,20,19,27,14,17
"06-02-2012",10,7,9,7,6,9,32,71,97,93,58,51,65,42,34,30,26,24,13,11,11,22,9,22
"07-02-2012",7,5,4,3,4,5,11,26,23,24,19,25,18,18,23,22,20,18,21,14,13,10,8,6
"08-02-2012",6,6,4,4,5,6,10,26,50,51,38,30,20,22,18,19,16,16,23,14,14,15,14,18
"09-02-2012",9,5,6,4,12,9,70,176,217,55,30,22,19,17,14,23,19,30,45,32,60,20,12,6
"10-02-2012",5,4,4,9,4,4,12,25,22,11,14,9,10,11,12,9,7,10,11,11,8,6,5,5
"11-02-2012",4,3,3,3,3,3,4,5,7,11,10,10,9,12,12,11,12,10,10,8,8,8,9,6
"12-02-2012",5,4,5,4,7,4,5,7,17,48,63,71,104,86,78,44,105,50,76,92,50,96,126,127
"13-02-2012",71,48,16,18,28,43,92,269,365,428,284,254,81,55,28,21,27,27,35,21,26,23,48,20
"14-02-2012",10,8,6,6,8,24,44,196,160,121,82,42,25,28,27,22,21,19,48,20,23,41,12,19
"15-02-2012",6,4,4,4,12,18,39,131,171,39,51,28,20,22,15,15,17,17,120,97,57,88,97,55
"16-02-2012",44,59,22,5,8,22,146,377,271,97,28,21,17,22,17,13,9,13,10,15,22,13,11,7
"17-02-2012",5,3,4,3,5,3,9,22,15,11,16,10,11,10,10,9,10,10,15,16,17,15,10,6
"18-02-2012",6,4,6,4,5,10,16,115,132,45,31,27,22,13,17,10,8,10,10,10,13,11,11,9
"19-02-2012",5,4,11,5,11,10,7,10,38,25,17,17,12,5,7,8,10,17,62,73,16,7,7,4
"20-02-2012",4,4,4,4,3,6,53,290,383,182,323,200,139,51,26,15,15,13,50,39,29,19,11,30
"21-02-2012",32,6,4,4,5,40,162,231,58,115,35,15,12,13,15,24,22,22,247,230,89,33,13,6
"22-02-2012",4,4,5,4,5,7,13,47,42,24,17,31,7,8,7,6,7,37,120,20,13,10,7,5
"23-02-2012",5,5,3,4,4,8,10,40,75,21,13,12,13,12,11,13,16,14,14,201,145,51,23,28
"24-02-2012",10,23,26,24,46,188,74,101,38,20,19,15,14,13,12,11,12,10,8,11,8,8,6,11
"25-02-2012",6,5,7,5,4,6,25,61,58,55,23,14,17,14,13,12,7,10,13,11,8,7,8,5
"26-02-2012",5,5,4,4,4,5,4,4,5,5,9,9,7,10,9,8,6,8,10,7,11,8,12,8
"27-02-2012",7,5,3,3,4,3,3,5,5,7,12,14,10,14,10,11,7,6,7,8,8,5,6,6
"28-02-2012",5,3,3,3,4,4,11,37,24,16,13,15,13,16,13,16,11,10,14,10,15,12,10,18
"29-02-2012",4,4,4,3,6,17,73,169,157,102,43,28,18,18,16,12,12,13,10,8,10,15,10,14
"01-03-2012",8,4,3,4,9,11,9,35,50,15,11,14,8,17,21,23,22,9,11,25,40,46,142,144
"02-03-2012",104,19,8,6,24,41,89,306,411,90,40,25,21,27,27,20,66,44,91,54,20,27,17,38
"03-03-2012",24,8,6,4,8,7,7,13,20,11,12,9,11,11,12,9,8,7,5,8,8,5,7,5
"04-03-2012",4,3,3,2,2,6,7,5,9,6,12,12,11,9,7,6,6,8,6,8,31,36,9,6
"05-03-2012",4,3,3,3,3,4,7,22,64,27,162,199,148,52,33,32,18,51,157,14,10,9,10,8
"06-03-2012",7,4,3,4,5,6,13,28,19,22,28,18,20,24,21,19,26,15,30,49,45,19,10,7
"07-03-2012",5,5,5,5,5,8,18,36,47,26,20,23,27,13,19,36,49,41,37,53,44,17,17,10
"08-03-2012",11,6,4,4,5,8,19,32,28,24,15,16,22,27,19,19,22,30,12,10,15,13,16,10
"09-03-2012",31,8,4,4,3,5,33,27,25,16,22,32,13,23,27,33,33,51,38,35,49,22,11,22
"10-03-2012",6,6,5,5,6,5,10,17,17,13,8,23,36,38,28,20,10,8,12,17,15,10,7,23
"11-03-2012",10,6,4,4,8,5,10,5,9,9,13,20,10,12,17,12,16,16,17,15,17,19,12,11
"12-03-2012",20,13,6,7,5,6,11,31,24,19,18,17,14,17,15,20,16,18,19,15,9,9,8,29
"13-03-2012",28,4,6,3,8,16,43,46,33,23,17,15,16,16,19,16,16,28,32,45,70,8,12,7
"14-03-2012",13,6,3,6,8,10,30,125,87,21,16,14,15,15,13,13,13,24,13,12,8,8,8,7
"15-03-2012",6,5,3,3,5,6,16,36,26,21,15,16,16,14,13,12,14,11,13,10,12,10,10,9
"16-03-2012",4,4,3,3,4,4,30,118,54,21,24,18,10,11,9,13,11,12,15,8,17,20,10,6
"17-03-2012",4,3,4,5,14,12,21,22,54,35,21,8,10,7,7,8,7,7,7,27,72,21,17,5
"18-03-2012",7,5,19,18,25,49,10,30,39,30,38,20,7,7,7,6,7,10,16,15,22,67,24,13
"19-03-2012",16,11,7,5,4,7,25,75,64,57,47,26,20,10,9,11,9,9,16,32,32,104,56,99
"20-03-2012",15,12,5,8,18,15,46,124,191,179,133,133,91,38,19,16,16,23,46,48,76,93,22,22
"21-03-2012",82,66,12,40,62,144,223,193,283,163,95,27,25,19,16,11,11,10,21,54,94,170,109,23
"22-03-2012",49,11,11,8,11,10,29,35,17,22,14,12,5,7,7,8,10,11,10,23,145,168,90,32
"23-03-2012",8,36,12,5,11,28,60,237,118,100,30,9,7,6,8,8,12,10,12,39,39,30,56,10
"24-03-2012",6,10,50,24,51,170,319,301,119,63,40,29,12,8,8,8,9,10,12,45,41,113,17,32
"25-03-2012",32,23,7,28,23,10,62,74,23,16,14,13,8,6,5,5,5,7,6,14,21,17,21,5
"26-03-2012",5,6,5,6,11,46,131,-9999,61,39,15,14,12,12,10,10,10,8,11,9,7,7,6,4
"27-03-2012",5,4,7,10,6,6,12,22,51,25,25,12,10,12,10,9,8,7,6,12,16,16,29,57
"28-03-2012",28,20,17,4,5,6,10,30,22,13,12,13,10,14,-9999,-9999,-9999,-9999,-9999,14,11,9,8,46
"29-03-2012",27,11,8,7,13,37,266,272,329,282,147,50,25,23,10,11,13,11,12,17,18,64,45,29
"30-03-2012",101,27,53,20,15,107,276,511,668,384,112,59,26,18,21,16,14,9,14,12,16,14,11,11
"31-03-2012",14,7,4,5,7,13,29,71,36,63,31,25,19,14,29,16,9,9,9,11,39,25,37,31
"01-04-2012",13,16,12,9,35,25,17,33,101,157,62,26,13,27,13,7,8,10,9,7,12,8,5,5
"02-04-2012",5,4,3,3,7,8,21,121,99,42,75,34,33,17,16,13,15,10,10,19,19,11,7,7
"03-04-2012",8,6,6,5,12,20,48,51,155,125,119,49,13,17,14,15,13,11,12,14,19,17,36,17
"04-04-2012",9,5,4,4,5,7,15,119,166,76,35,56,84,51,47,30,32,36,26,58,30,20,15,29
"05-04-2012",64,33,9,14,20,31,63,135,141,116,100,58,21,20,23,17,61,30,29,35,20,14,30,30
"06-04-2012",19,8,16,8,20,27,120,159,171,75,37,19,19,18,21,17,15,20,21,19,17,51,64,53
"07-04-2012",56,41,20,100,86,164,286,240,305,144,82,49,34,18,11,15,9,11,9,22,15,24,38,27
"08-04-2012",32,18,15,15,33,18,13,34,53,32,26,28,18,12,10,9,13,16,13,16,16,18,9,11
"09-04-2012",7,5,4,4,6,5,15,27,36,32,23,31,20,26,37,30,22,26,22,20,17,30,14,7
"10-04-2012",11,5,6,6,10,17,25,27,37,22,26,34,30,34,26,29,25,24,16,21,19,11,7,24
"11-04-2012",11,7,8,6,5,6,272,489,124,80,59,23,21,17,16,14,16,16,21,28,21,19,22,21
"12-04-2012",11,25,8,4,6,30,82,123,103,69,29,22,16,15,14,11,12,13,13,17,22,20,31,15
"13-04-2012",8,19,8,4,6,10,27,12,82,76,34,34,23,11,18,11,12,22,19,20,11,7,12,7
"14-04-2012",18,12,7,4,5,5,6,31,34,16,25,17,17,17,12,10,7,7,5,5,5,5,6,6
"15-04-2012",9,55,7,11,7,13,16,38,17,10,9,13,10,10,6,8,13,12,11,8,14,8,15,15
"16-04-2012",10,9,13,5,11,4,4,7,27,17,27,9,9,8,9,6,7,5,5,12,10,12,5,4
"17-04-2012",5,3,4,4,5,7,38,11,13,15,11,20,17,16,12,10,11,21,13,11,11,18,19,44
"18-04-2012",12,5,7,5,5,8,22,35,27,22,15,19,17,18,22,24,19,16,15,13,14,12,10,11
"19-04-2012",9,5,5,4,5,59,135,201,367,212,50,24,20,16,15,17,13,16,18,11,16,11,12,7
"20-04-2012",6,5,4,4,4,4,7,17,22,39,52,37,31,18,12,11,13,10,17,24,50,55,51,15
"21-04-2012",40,14,18,14,19,16,81,88,47,38,24,26,14,22,17,12,9,10,14,15,25,14,11,18
"22-04-2012",24,10,35,27,42,24,16,34,66,25,10,18,10,11,8,6,7,6,8,11,12,8,52,66
"23-04-2012",70,13,9,22,8,35,148,510,119,59,37,22,23,16,13,14,12,11,13,8,11,9,17,11
"24-04-2012",18,8,9,6,24,23,74,218,143,49,32,40,17,15,15,16,14,16,17,16,25,44,18,18
"25-04-2012",18,17,8,6,7,12,53,112,132,65,56,15,12,13,12,16,13,14,14,11,10,24,32,15
"26-04-2012",11,6,4,5,6,6,15,43,33,22,24,15,18,15,16,20,17,24,8,10,12,12,22,17
"27-04-2012",23,22,11,5,28,35,153,48,273,90,48,41,14,12,12,12,13,14,10,8,9,20,21,13
"28-04-2012",14,6,5,4,4,5,10,20,28,23,12,31,18,24,21,16,13,16,15,25,18,25,38,53
"29-04-2012",22,7,8,8,15,11,8,27,23,17,12,10,7,7,11,7,8,12,10,11,9,19,9,28
"30-04-2012",44,22,7,7,8,23,59,251,268,202,39,22,24,11,19,10,12,13,15,14,11,12,61,63
"01-05-2012",15,9,8,5,7,7,17,8,12,28,14,13,8,8,6,7,5,7,6,7,10,12,24,19
"02-05-2012",7,6,6,7,7,21,150,440,141,66,43,31,17,14,10,12,10,11,13,13,14,13,10,7
"03-05-2012",13,7,5,5,10,64,207,130,142,113,66,34,20,14,12,13,10,12,11,9,8,15,9,17
"04-05-2012",8,7,6,8,20,47,78,104,140,105,56,22,9,11,11,13,11,10,11,10,10,24,12,13
"05-05-2012",8,8,8,8,10,6,11,40,49,24,23,17,15,15,16,8,9,8,12,10,13,9,22,20
"06-05-2012",6,5,5,4,5,7,15,16,18,19,9,12,14,9,13,6,6,9,11,7,8,14,7,7
"07-05-2012",14,13,11,15,7,19,77,148,169,104,37,18,19,15,15,14,16,18,15,10,15,13,16,25
"08-05-2012",8,7,6,8,9,24,51,212,121,66,28,24,19,22,12,12,10,28,30,9,19,34,17,12
"09-05-2012",14,9,4,5,7,5,9,18,24,19,11,11,14,13,17,8,8,22,21,16,20,13,8,7
"10-05-2012",6,8,11,6,12,14,109,249,34,20,15,17,12,16,14,12,12,9,18,17,31,20,15,24
"11-05-2012",10,8,7,6,9,15,34,85,63,34,44,17,21,18,17,15,14,13,13,22,15,17,15,13
"12-05-2012",34,12,6,6,7,14,15,28,21,18,18,17,16,14,19,9,12,9,12,12,12,17,32,69
"13-05-2012",10,15,15,17,13,50,80,64,37,45,-9999,-9999,-9999,-9999,-9999,-9999,-9999,-9999,-9999,-9999,-9999,-9999,-9999,-9999
"14-05-2012",-9999,-9999,-9999,-9999,-9999,-9999,-9999,-9999,-9999,-9999,-9999,-9999,-9999,-9999,-9999,-9999,-9999,-9999,-9999,-9999,-9999,-9999,-9999,-9999
"15-05-2012",-9999,-9999,-9999,-9999,-9999,-9999,-9999,-9999,-9999,-9999,-9999,-9999,-9999,-9999,-9999,-9999,-9999,-9999,-9999,-9999,-9999,-9999,-9999,-9999
"16-05-2012",-9999,-9999,-9999,-9999,-9999,-9999,-9999,-9999,-9999,-9999,-9999,-9999,-9999,-9999,-9999,-9999,-9999,-9999,-9999,-9999,-9999,-9999,-9999,-9999
"17-05-2012",-9999,-9999,-9999,-9999,-9999,-9999,-9999,-9999,-9999,-9999,-9999,-9999,-9999,-9999,-9999,-9999,-9999,-9999,-9999,-9999,-9999,-9999,-9999,-9999
"18-05-2012",-9999,-9999,-9999,-9999,-9999,-9999,-9999,-9999,-9999,-9999,-9999,-9999,-9999,-9999,-9999,-9999,-9999,-9999,-9999,-9999,-9999,-9999,-9999,-9999
"19-05-2012",-9999,-9999,-9999,-9999,-9999,-9999,-9999,-9999,-9999,-9999,-9999,-9999,-9999,-9999,-9999,-9999,-9999,-9999,-9999,-9999,-9999,-9999,-9999,-9999
"20-05-2012",-9999,-9999,-9999,-9999,-9999,-9999,-9999,-9999,-9999,-9999,-9999,-9999,-9999,-9999,-9999,-9999,-9999,-9999,-9999,11,12,10,15,11
"21-05-2012",14,10,7,6,8,11,13,49,42,42,55,24,35,18,21,16,12,16,25,12,11,18,30,39
"22-05-2012",14,12,12,6,6,18,43,70,42,15,14,8,13,25,19,17,14,9,8,8,8,-9999,-9999,-9999
"23-05-2012",9,6,9,6,20,23,59,186,-9999,-9999,-9999,-9999,-9999,-9999,13,16,15,12,8,16,12,11,14,9
"24-05-2012",13,9,7,7,19,22,87,98,57,15,16,22,20,13,20,11,11,13,16,15,16,11,10,16
"25-05-2012",12,7,7,8,15,17,30,59,75,40,38,27,24,19,21,18,22,17,12,14,15,14,18,13
"26-05-2012",6,6,6,7,10,10,13,13,9,8,18,16,20,19,15,15,12,9,26,21,22,18,29,25
"27-05-2012",30,30,22,48,34,22,42,37,29,20,20,16,12,17,14,13,17,11,11,10,12,11,17,14
"28-05-2012",15,8,8,6,7,11,23,25,22,19,20,20,21,17,19,17,14,16,17,14,18,24,20,18
"29-05-2012",13,8,8,7,13,12,30,57,52,51,36,19,19,22,21,10,13,11,12,12,15,21,14,16
"30-05-2012",9,7,7,6,7,12,24,59,50,19,19,18,21,17,16,12,8,11,20,26,28,18,26,13
"31-05-2012",10,7,10,8,10,45,78,113,69,-9999,-9999,-9999,-9999,-9999,17,11,8,10,12,12,14,12,34,23
"01-06-2012",31,10,10,9,11,18,158,94,160,63,23,17,14,15,13,15,14,10,18,12,18,10,18,18
"02-06-2012",19,9,7,7,7,18,14,32,54,43,37,17,13,12,15,16,12,10,10,11,9,11,15,10
"03-06-2012",10,9,11,7,32,21,16,21,22,19,18,15,8,9,8,9,10,9,9,11,11,19,17,14
"04-06-2012",8,13,12,16,20,12,39,39,15,19,11,11,9,8,7,7,8,9,9,9,11,10,10,9
"05-06-2012",16,12,9,10,14,10,54,74,70,32,24,15,19,18,22,23,21,19,19,15,17,22,24,11
"06-06-2012",10,7,6,6,7,8,17,48,26,21,20,13,15,18,14,16,15,14,14,11,13,14,13,12
"07-06-2012",11,6,6,6,11,14,29,82,35,20,20,14,11,14,11,11,10,11,14,13,14,23,12,12
"08-06-2012",13,7,7,8,7,7,70,201,65,23,19,17,15,16,14,14,15,16,12,9,10,15,16,19
"09-06-2012",19,20,14,9,8,41,117,51,43,23,32,17,13,13,11,9,10,10,11,15,11,19,27,27
"10-06-2012",37,10,8,14,10,12,20,19,16,15,27,9,10,8,7,8,9,8,9,9,13,11,12,16
"11-06-2012",15,9,16,11,16,22,23,53,108,49,20,11,15,13,23,16,12,13,17,10,11,10,13,10
"12-06-2012",11,8,10,19,17,19,78,77,73,45,33,17,14,18,25,12,12,11,17,11,12,11,30,17
"13-06-2012",20,25,14,11,26,48,93,121,94,32,36,19,14,12,14,14,16,12,14,9,8,43,25,20
"14-06-2012",27,11,8,8,10,10,21,25,31,17,18,17,17,14,18,14,14,13,17,16,13,11,11,8
"15-06-2012",6,6,7,9,7,12,28,58,39,25,17,13,10,14,12,11,10,17,17,18,13,17,12,27
"16-06-2012",13,23,8,7,10,9,9,22,35,17,18,13,13,15,15,12,9,11,12,12,10,11,12,7
"17-06-2012",11,6,6,6,7,8,8,8,6,12,17,10,11,9,6,8,7,10,7,7,11,7,14,11
"18-06-2012",11,8,6,7,7,7,33,37,64,29,23,17,20,13,14,15,11,13,15,16,12,9,21,13
"19-06-2012",14,6,8,6,6,16,64,78,46,39,24,15,11,12,10,9,8,7,11,13,13,33,29,-9999
"20-06-2012",8,11,8,7,9,10,53,58,87,25,22,10,9,11,12,11,17,-9999,-9999,9,11,9,25,27
"21-06-2012",54,7,8,6,12,14,32,182,83,29,27,8,11,10,14,11,10,11,12,13,16,16,25,35
"22-06-2012",10,9,13,12,33,56,96,128,89,46,24,13,12,16,12,12,10,14,20,18,14,15,16,30
"23-06-2012",14,8,7,6,10,13,-9999,-9999,-9999,-9999,-9999,-9999,-9999,-9999,-9999,-9999,-9999,-9999,-9999,-9999,-9999,-9999,-9999,-9999
"24-06-2012",-9999,-9999,-9999,-9999,-9999,-9999,-9999,-9999,-9999,-9999,-9999,-9999,-9999,-9999,-9999,-9999,-9999,-9999,-9999,-9999,-9999,-9999,-9999,-9999
"25-06-2012",-9999,-9999,-9999,-9999,-9999,-9999,-9999,-9999,-9999,-9999,-9999,-9999,-9999,-9999,-9999,-9999,-9999,-9999,-9999,-9999,-9999,-9999,-9999,-9999
"26-06-2012",-9999,-9999,-9999,-9999,-9999,-9999,-9999,-9999,-9999,-9999,-9999,-9999,-9999,20,19,15,12,12,14,11,14,14,13,9
"27-06-2012",10,8,8,8,9,8,16,34,23,22,19,17,17,15,17,17,17,16,14,13,21,12,9,7
"28-06-2012",9,12,7,8,8,7,29,43,26,24,12,13,11,12,11,9,12,12,11,12,11,13,15,7
"29-06-2012",12,10,8,7,8,19,88,86,56,56,21,16,14,11,11,10,12,9,12,10,14,17,8,13
"30-06-2012",8,21,15,9,8,19,21,30,25,29,17,10,10,9,16,12,8,10,10,7,10,9,12,7
"01-07-2012",9,9,9,7,7,6,10,8,23,11,11,9,9,7,7,6,7,6,7,8,13,10,10,15
"02-07-2012",14,8,6,5,7,7,15,47,38,23,18,15,15,12,10,11,9,10,13,10,13,11,9,8
"03-07-2012",24,9,7,6,8,8,16,21,22,23,24,15,11,11,15,8,9,12,12,10,10,14,6,7
"04-07-2012",9,10,7,6,7,19,92,68,64,26,25,26,11,11,16,11,12,10,9,10,10,20,11,11
"05-07-2012",9,17,14,16,11,13,156,123,58,32,26,17,14,13,12,10,9,14,22,12,17,25,43,50
"06-07-2012",25,15,16,10,23,10,40,100,53,21,20,12,10,15,12,9,10,11,10,10,9,12,10,11
"07-07-2012",8,13,6,7,11,16,28,17,47,37,13,11,7,13,10,11,9,6,8,8,7,10,15,20
"08-07-2012",12,13,7,7,9,9,16,17,16,17,16,9,9,7,6,6,6,6,10,12,14,14,8,10
"09-07-2012",7,8,6,7,8,6,40,136,76,34,22,14,10,13,9,9,11,11,11,11,15,16,10,10
"10-07-2012",8,13,8,7,8,7,70,130,60,32,21,10,9,9,11,9,11,10,9,10,5,6,11,13
"11-07-2012",11,5,5,5,6,8,36,40,26,17,15,16,14,10,13,10,9,10,9,11,9,12,8,18
"12-07-2012",11,8,7,6,12,38,50,19,130,41,32,19,11,12,12,11,9,12,10,12,9,11,15,19
"13-07-2012",9,10,6,6,7,11,13,34,28,16,12,12,8,12,10,10,7,10,9,13,10,11,12,13
"14-07-2012",17,8,8,7,7,6,9,15,37,29,13,13,9,9,19,8,8,7,7,10,8,8,8,12
"15-07-2012",18,8,11,7,10,8,12,16,16,9,8,8,7,6,6,7,7,6,7,9,6,8,8,9
"16-07-2012",15,6,10,11,10,8,97,165,91,55,21,12,12,13,12,12,11,8,11,14,10,10,8,10
"17-07-2012",7,6,5,6,6,7,12,27,21,16,20,19,16,16,10,8,8,10,12,12,11,12,51,18
"18-07-2012",12,11,6,6,6,7,19,43,23,14,22,10,14,20,16,14,12,15,12,10,13,8,12,28
"19-07-2012",55,12,8,7,6,8,10,20,41,14,17,12,10,12,12,11,10,10,13,12,11,9,8,7
"20-07-2012",13,9,7,7,7,14,43,103,89,13,11,11,10,15,12,13,10,14,14,17,16,19,18,9
"21-07-2012",9,10,14,11,14,16,7,32,38,25,17,10,10,10,13,9,10,9,9,8,10,9,23,16
"22-07-2012",13,9,10,8,11,11,15,22,27,16,10,10,8,8,8,7,6,11,6,9,6,11,16,15
"23-07-2012",11,11,10,7,7,8,15,39,23,10,12,18,15,9,6,8,10,12,10,11,10,9,15,8
"24-07-2012",9,7,7,6,9,13,34,58,56,24,15,16,11,9,10,9,9,13,9,11,10,10,10,8
"25-07-2012",8,6,10,6,8,22,62,100,50,17,12,10,10,8,11,9,8,8,11,9,12,17,13,25
"26-07-2012",13,6,6,7,10,10,20,27,25,12,14,13,12,10,13,10,12,9,10,8,10,11,14,-9999
"27-07-2012",7,6,6,5,8,7,15,27,24,17,-9999,-9999,-9999,-9999,-9999,12,12,10,9,18,11,11,13,11
"28-07-2012",15,7,7,6,6,6,9,9,12,13,12,12,10,14,11,11,8,11,9,9,8,10,7,15
"29-07-2012",13,11,11,6,7,7,7,16,15,10,10,8,8,7,8,5,7,6,7,7,12,7,8,9
"30-07-2012",11,13,8,8,7,7,8,14,15,20,15,13,17,14,10,10,8,8,16,11,12,9,18,20
"31-07-2012",14,7,6,7,7,9,20,37,19,17,17,11,10,13,15,12,10,10,9,7,10,14,11,9
"01-08-2012",12,7,6,7,6,8,36,59,41,29,30,20,16,11,15,21,15,10,9,6,13,11,13,13
"02-08-2012",11,9,8,7,13,11,29,34,77,80,29,24,11,13,10,10,11,14,13,14,14,15,16,15
"03-08-2012",26,17,19,10,13,42,103,141,170,61,33,20,14,11,11,10,10,10,14,12,14,12,10,22
"04-08-2012",11,7,8,8,7,7,14,21,65,45,29,13,9,11,10,9,7,7,8,9,8,7,6,31
"05-08-2012",19,14,8,6,7,16,24,30,24,15,17,12,6,6,6,6,6,6,6,6,10,7,8,23
"06-08-2012",26,25,10,10,9,57,165,221,115,120,34,24,18,10,8,10,10,8,11,13,13,12,57,29
"07-08-2012",41,14,13,12,9,17,88,187,92,59,57,21,12,10,9,9,9,9,13,12,14,18,25,15
"08-08-2012",10,7,8,7,9,12,37,109,71,15,15,12,11,11,12,15,11,12,12,12,16,16,24,17
"09-08-2012",8,9,6,6,7,6,6,15,23,21,18,17,9,-9999,-9999,-9999,-9999,8,7,9,8,9,6,7
"10-08-2012",10,14,6,6,6,6,14,23,23,15,10,11,11,12,9,9,13,9,10,9,6,14,6,5
"11-08-2012",5,7,8,5,7,8,10,25,13,13,16,9,9,15,12,10,9,8,11,15,10,8,8,8
"12-08-2012",12,6,6,5,8,6,8,10,10,9,10,11,8,8,9,8,8,9,7,8,10,17,23,24
"13-08-2012",18,9,8,7,7,6,10,12,17,19,16,15,18,10,10,11,9,9,9,9,10,15,10,6
"14-08-2012",6,11,6,6,6,6,18,45,23,18,8,13,9,9,8,10,8,8,8,16,17,17,12,6
"15-08-2012",11,7,6,6,6,8,9,10,14,9,8,10,9,9,8,7,7,9,7,6,7,8,8,16
"16-08-2012",9,8,7,7,13,33,99,45,98,66,39,22,13,11,11,9,10,9,10,9,10,11,8,9
"17-08-2012",7,6,6,6,13,7,11,10,11,12,12,8,13,10,13,13,10,14,11,9,13,9,6,14
"18-08-2012",10,6,6,6,5,7,7,8,9,13,11,10,8,9,8,9,8,6,7,7,12,8,8,6
"19-08-2012",11,8,8,6,5,6,6,11,11,14,13,10,7,7,7,8,7,9,9,9,8,17,6,8
"20-08-2012",15,8,7,6,6,10,9,20,57,73,21,15,10,15,14,11,10,12,11,12,13,17,10,16
"21-08-2012",9,6,6,6,6,6,9,36,53,44,14,15,12,10,13,9,10,8,10,10,10,35,60,11
"22-08-2012",9,6,9,7,11,35,105,220,334,81,26,22,11,12,15,11,13,11,12,14,13,77,23,10
"23-08-2012",27,16,7,16,16,12,12,78,197,80,62,34,14,14,9,10,11,17,17,14,15,34,10,17
"24-08-2012",18,11,9,12,26,13,70,306,84,-9999,-9999,-9999,-9999,-9999,-9999,-9999,-9999,-9999,-9999,-9999,-9999,-9999,-9999,-9999
"25-08-2012",-9999,-9999,-9999,-9999,-9999,-9999,-9999,-9999,-9999,-9999,-9999,-9999,-9999,-9999,-9999,-9999,-9999,-9999,-9999,-9999,-9999,-9999,-9999,-9999
"26-08-2012",-9999,-9999,-9999,-9999,-9999,-9999,-9999,-9999,-9999,-9999,-9999,-9999,-9999,-9999,-9999,-9999,-9999,-9999,-9999,-9999,-9999,-9999,-9999,-9999
"27-08-2012",-9999,-9999,-9999,-9999,-9999,-9999,-9999,-9999,-9999,-9999,-9999,-9999,-9999,-9999,-9999,-9999,-9999,-9999,-9999,-9999,-9999,-9999,-9999,-9999
"28-08-2012",-9999,-9999,-9999,-9999,-9999,-9999,-9999,-9999,-9999,-9999,-9999,-9999,-9999,-9999,-9999,-9999,-9999,-9999,-9999,-9999,-9999,-9999,-9999,-9999
"29-08-2012",-9999,-9999,-9999,-9999,-9999,-9999,-9999,-9999,-9999,-9999,-9999,-9999,-9999,-9999,-9999,-9999,-9999,-9999,-9999,-9999,-9999,-9999,-9999,-9999
"30-08-2012",-9999,-9999,-9999,-9999,-9999,-9999,-9999,-9999,-9999,-9999,-9999,-9999,-9999,14,12,13,-9999,-9999,-9999,-9999,-9999,-9999,-9999,-9999
"31-08-2012",-9999,-9999,-9999,-9999,-9999,-9999,-9999,-9999,-9999,-9999,-9999,-9999,-9999,-9999,-9999,-9999,-9999,11,14,16,17,18,19,13
"01-09-2012",13,7,7,6,9,22,40,182,36,25,18,13,13,11,10,13,15,13,11,12,12,14,12,23
"02-09-2012",8,6,7,8,6,8,6,8,7,12,9,10,10,10,8,7,10,9,10,13,15,11,10,16
"03-09-2012",12,8,9,8,7,8,14,23,26,46,23,20,24,14,12,10,11,12,12,13,11,7,14,17
"04-09-2012",8,8,7,7,8,11,95,146,147,36,20,23,14,13,11,12,12,13,12,13,15,9,14,12
"05-09-2012",19,11,12,8,7,22,41,29,176,71,25,16,8,11,10,12,11,10,10,12,13,14,13,6
"06-09-2012",10,7,8,6,7,21,20,280,298,87,25,13,14,9,12,12,12,10,13,12,8,10,12,14
"07-09-2012",8,6,7,6,8,7,8,29,25,26,16,23,12,14,13,12,12,16,14,9,12,21,14,11
"08-09-2012",9,8,8,8,12,9,8,12,13,14,17,18,13,16,19,14,15,12,11,13,12,8,12,10
"09-09-2012",9,7,6,6,6,8,15,9,29,17,14,13,10,11,11,9,9,11,11,10,9,26,19,9
"10-09-2012",9,9,7,6,15,11,42,142,281,108,16,23,15,26,14,12,10,11,10,15,14,11,7,8
"11-09-2012",16,6,6,6,7,7,17,20,14,14,26,26,22,16,15,13,10,13,13,15,10,9,7,6
"12-09-2012",6,7,7,6,6,7,12,22,38,29,22,14,13,17,15,12,21,12,14,16,11,7,11,7
"13-09-2012",10,8,6,5,6,9,16,29,64,51,22,15,16,12,13,11,10,9,10,11,15,15,10,8
"14-09-2012",6,6,6,7,10,6,9,38,18,14,11,10,9,15,21,26,25,25,15,21,38,52,29,25
"15-09-2012",29,9,7,8,6,9,18,25,20,12,16,13,11,12,11,8,7,6,9,12,18,10,9,9
"16-09-2012",10,8,8,6,10,6,7,6,10,13,16,14,20,17,10,11,9,16,10,16,15,16,17,23
"17-09-2012",9,6,7,6,6,9,24,51,87,128,67,25,21,22,19,23,14,11,12,13,18,12,16,62
"18-09-2012",17,17,8,14,12,20,54,173,236,130,87,48,25,21,17,25,14,12,10,11,17,24,44,10
"19-09-2012",13,13,7,7,8,21,36,58,76,102,64,23,14,10,16,12,14,13,14,17,15,14,10,11
"20-09-2012",20,10,8,13,21,22,31,113,101,79,45,38,12,15,15,15,12,14,10,15,16,30,13,8
"21-09-2012",8,7,6,7,6,8,15,30,36,26,21,18,18,18,23,24,16,18,19,16,16,16,12,8
"22-09-2012",8,8,9,6,8,8,8,15,39,34,25,23,21,18,23,18,10,14,10,13,29,15,12,8
"23-09-2012",9,9,11,10,14,8,15,96,78,74,42,26,17,13,20,10,10,16,14,8,191,70,14,11
"24-09-2012",10,9,7,12,31,24,78,488,201,297,194,114,37,17,22,15,14,15,16,21,27,63,29,10
"25-09-2012",27,10,9,24,55,37,98,263,453,194,138,114,50,21,22,19,15,13,17,16,14,49,23,24
"26-09-2012",22,28,12,8,23,51,88,188,223,127,30,22,17,20,22,20,17,25,14,9,16,14,11,38
"27-09-2012",22,11,14,18,30,61,146,333,91,92,46,88,49,15,22,16,13,14,13,14,55,56,51,18
"28-09-2012",52,60,34,31,39,69,116,356,308,162,104,71,40,23,24,14,11,13,16,63,82,32,28,9
"29-09-2012",11,21,25,15,16,30,141,312,339,137,80,39,22,16,20,19,15,16,12,65,13,16,74,19
"30-09-2012",21,44,40,57,40,18,13,59,111,77,66,34,18,20,17,12,11,11,12,23,24,12,11,10
"01-10-2012",34,43,49,13,53,31,135,483,452,244,63,55,47,31,31,18,10,18,22,21,116,17,12,76
"02-10-2012",44,19,12,9,13,9,47,42,388,307,99,42,15,14,17,15,12,10,13,13,23,42,31,9
"03-10-2012",9,18,9,15,11,19,31,49,212,194,63,23,17,19,20,20,19,23,30,11,26,12,9,10
"04-10-2012",8,8,6,6,9,13,23,29,39,24,18,20,23,17,17,29,19,24,33,18,9,8,20,17
"05-10-2012",6,8,9,8,7,8,61,32,203,85,39,26,28,19,16,20,15,22,31,21,17,48,57,14
"06-10-2012",10,17,10,10,17,7,8,20,206,91,57,39,24,12,12,15,16,15,10,21,20,20,14,9
"07-10-2012",10,16,11,13,8,25,18,46,77,73,26,25,12,11,12,11,9,11,10,21,29,30,20,15
"08-10-2012",16,12,11,10,33,17,93,95,29,22,19,17,17,22,20,16,16,16,-9999,-9999,-9999,10,9,15
"09-10-2012",8,8,8,7,9,9,27,50,33,24,32,19,20,22,21,16,24,16,21,13,17,16,17,8
"10-10-2012",8,7,8,6,7,17,13,21,29,30,53,34,27,24,19,20,-9999,32,8,15,17,25,26,54
"11-10-2012",17,10,7,8,14,26,12,74,17,30,70,39,36,20,16,13,11,14,15,13,9,22,45,11
"12-10-2012",9,8,7,7,8,9,10,18,109,65,86,144,41,21,23,18,-9999,14,13,15,13,16,14,10
"13-10-2012",9,9,8,6,9,7,9,9,13,25,22,37,22,17,12,13,12,14,17,24,23,19,16,12
"14-10-2012",7,6,7,6,8,7,10,7,12,39,31,17,11,10,8,9,11,14,23,14,35,168,137,27
"15-10-2012",8,12,8,6,7,83,142,230,183,134,57,41,90,53,57,44,36,35,38,216,169,109,34,13
"16-10-2012",10,8,6,6,13,18,13,165,430,242,99,123,62,70,43,38,38,24,32,15,16,18,43,27
"17-10-2012",27,15,14,19,20,70,162,369,560,336,191,67,48,33,28,32,43,-9999,44,34,62,38,25,17
"18-10-2012",23,15,13,22,13,47,53,15,25,96,143,45,30,18,16,15,10,10,13,8,29,23,28,9
"19-10-2012",5,4,8,25,11,7,111,364,651,548,299,73,22,17,10,13,12,24,16,12,71,34,23,8
"20-10-2012",5,4,4,4,11,86,90,113,83,155,109,50,25,19,13,12,13,13,19,15,6,10,10,6
"21-10-2012",5,5,5,5,6,5,5,5,7,13,10,15,17,15,9,9,9,11,12,21,46,23,7,7
"22-10-2012",5,5,5,5,22,17,83,417,273,367,232,151,25,29,28,23,25,17,11,11,11,16,11,6
"23-10-2012",5,4,5,9,7,26,29,33,51,41,52,41,20,1,20,11,11,11,13,26,158,57,32,10
"24-10-2012",24,10,4,4,5,14,9,19,143,69,37,67,23,26,19,12,13,11,27,15,6,15,5,6
"25-10-2012",7,4,4,4,10,19,77,124,187,401,218,111,27,12,12,13,11,15,20,21,7,24,8,6
"26-10-2012",8,4,8,31,52,158,90,232,313,212,140,54,18,16,13,10,10,10,45,144,33,25,6,5
"27-10-2012",4,5,4,4,4,4,18,36,17,191,132,123,61,115,44,30,12,13,50,11,22,13,5,26
"28-10-2012",15,31,25,22,8,18,21,15,85,92,38,20,27,40,32,23,14,39,45,31,42,56,59,26
"29-10-2012",32,36,27,17,8,5,5,6,13,17,14,17,21,18,15,16,15,37,26,22,23,12,35,13
"30-10-2012",14,9,5,6,8,8,30,90,68,34,30,30,32,21,22,34,20,144,166,30,69,46,15,29
"31-10-2012",41,8,4,4,21,46,107,328,435,144,145,81,54,28,16,12,8,11,19,15,13,4,4,7
"01-11-2012",4,4,4,4,7,9,12,7,12,10,8,6,7,7,67,50,20,19,47,35,70,81,85,93
"02-11-2012",70,30,32,25,60,83,103,300,374,116,71,26,26,33,31,27,39,73,96,321,171,137,86,66
"03-11-2012",73,35,31,8,55,53,43,130,144,35,51,37,46,33,55,14,21,42,102,14,9,5,5,5
"04-11-2012",4,4,17,9,10,8,48,139,152,66,56,32,10,13,9,11,8,11,125,48,55,41,7,7
"05-11-2012",21,5,4,4,14,31,86,340,202,168,182,75,23,19,18,10,14,19,36,33,81,24,9,10
"06-11-2012",7,8,5,6,32,28,76,199,192,144,103,86,53,37,33,41,28,81,147,289,273,261,246,42
"07-11-2012",11,9,12,6,21,31,135,254,312,206,61,24,18,20,31,25,20,25,16,16,10,9,18,11
"08-11-2012",5,5,4,5,8,6,14,45,45,27,27,-9999,2,2,2,2,3,2,2,2,2,2,3,5
"09-11-2012",4,2,2,2,3,3,5,30,68,105,53,10,2,2,2,2,2,3,23,4,3,3,3,2
"10-11-2012",2,2,2,2,2,2,2,3,3,3,3,2,2,2,2,2,2,2,4,10,9,4,3,3
"11-11-2012",2,2,3,2,2,2,3,3,3,3,2,2,2,2,2,2,2,2,2,2,3,3,4,2
"12-11-2012",2,3,3,2,3,7,5,18,104,93,-9999,-9999,-9999,23,8,12,47,151,245,118,91,79,13,14
"13-11-2012",66,16,32,20,27,72,243,236,261,313,89,36,15,14,17,21,14,41,89,51,17,4,1,5
"14-11-2012",3,1,1,1,16,3,18,25,7,9,37,30,8,14,-9999,-9999,14,7,8,39,65,84,55,59
"15-11-2012",12,8,4,3,3,6,15,55,134,31,18,4,4,4,8,13,11,8,11,4,11,42,4,3
"16-11-2012",3,9,5,4,2,4,6,16,20,6,4,3,4,3,3,3,6,15,17,27,12,9,4,3
"17-11-2012",15,3,2,2,2,4,3,4,5,5,7,4,4,3,14,7,19,24,10,5,18,3,6,4
"18-11-2012",3,4,2,3,2,2,2,2,4,9,13,8,5,5,6,10,12,16,52,53,14,7,3,4
"19-11-2012",3,2,5,3,2,2,3,14,24,21,147,88,3,3,4,4,7,5,15,144,94,40,51,31
"20-11-2012",34,17,3,2,2,2,3,5,9,4,4,4,3,3,5,4,4,4,17,14,19,17,4,2
"21-11-2012",2,2,1,2,1,2,2,5,6,3,12,38,6,20,67,45,45,103,102,85,63,45,135,58
"22-11-2012",51,44,5,14,31,22,33,265,142,134,60,45,20,15,17,19,21,94,146,129,70,19,6,5
"23-11-2012",88,8,26,6,7,54,94,238,116,82,19,30,23,15,12,17,19,11,7,17,17,14,11,4
"24-11-2012",3,2,2,3,2,2,3,5,94,49,60,25,15,6,16,24,12,90,17,6,5,9,7,2
"25-11-2012",3,3,2,2,3,2,2,3,6,11,6,7,10,5,7,6,12,29,22,15,8,6,4,3
"26-11-2012",5,2,5,4,7,6,51,49,94,118,149,80,15,25,12,14,22,64,87,74,34,7,6,4
"27-11-2012",12,3,2,6,24,73,174,179,277,215,162,65,23,16,12,15,15,36,89,23,17,41,20,4
"28-11-2012",3,2,2,2,2,3,23,167,265,195,184,127,79,56,30,43,30,139,129,193,157,172,58,5
"29-11-2012",5,2,2,2,2,2,3,4,7,27,3,22,69,33,7,5,3,3,4,9,9,108,60,37
"30-11-2012",51,24,10,2,3,27,112,201,507,130,13,6,10,8,5,5,3,20,100,64,30,55,34,8
"01-12-2012",65,24,11,5,4,56,86,183,356,332,215,74,22,13,11,18,18,49,246,153,137,56,56,30
"02-12-2012",14,3,3,5,9,4,14,13,14,56,42,93,59,21,20,5,7,17,10,10,6,9,7,5
"03-12-2012",21,24,3,3,2,10,15,88,129,84,31,28,16,8,18,16,34,93,22,9,6,7,6,5
"04-12-2012",4,3,2,2,3,4,7,20,20,14,16,16,14,14,21,19,33,30,26,32,162,23,6,5
"05-12-2012",5,4,3,3,3,8,22,169,606,537,211,107,153,55,70,74,78,185,420,246,250,120,45,14
"06-12-2012",7,3,4,3,3,6,10,25,154,39,14,15,22,13,22,24,41,57,42,110,89,20,37,16
"07-12-2012",13,5,3,4,3,5,8,16,20,18,13,12,12,14,14,15,30,29,56,65,81,102,104,35
"08-12-2012",5,4,4,13,50,78,49,194,146,128,137,160,95,81,124,91,83,110,132,155,165,122,56,60
"09-12-2012",65,20,15,44,18,12,97,94,129,42,34,24,22,18,15,18,19,13,10,7,6,5,6,5
"10-12-2012",6,4,3,4,7,6,6,19,30,21,14,13,13,13,12,14,16,23,26,14,21,33,108,21
"11-12-2012",17,15,12,3,7,19,11,32,52,101,83,86,60,59,38,48,137,140,295,423,217,46,9,8
"12-12-2012",5,4,4,3,3,5,10,23,34,32,18,16,22,22,20,19,18,23,28,37,21,9,8,6
"13-12-2012",20,7,4,4,9,7,16,47,70,53,32,21,27,18,23,30,72,243,218,155,180,119,77,26
"14-12-2012",7,5,5,4,4,48,7,79,149,179,241,102,66,57,48,43,70,65,21,19,20,100,47,65
"15-12-2012",110,59,68,45,68,37,135,284,401,157,183,143,77,64,67,101,54,107,169,191,81,78,52,76
"16-12-2012",25,25,36,32,10,13,20,21,61,65,142,131,67,58,48,34,122,159,180,180,176,67,167,153
"17-12-2012",162,123,22,15,16,36,74,151,319,123,224,29,39,36,51,46,46,86,77,67,129,331,168,19
"18-12-2012",5,3,3,3,3,3,6,6,7,6,7,8,12,12,8,8,7,6,5,6,31,40,18,12
"19-12-2012",24,14,3,6,15,37,92,46,126,-9999,33,19,19,23,21,19,16,15,14,13,10,8,10,6
"20-12-2012",6,4,3,3,3,4,10,23,28,32,17,17,20,18,20,17,15,17,16,17,15,14,9,5
"21-12-2012",10,16,4,9,5,23,35,144,246,294,189,68,25,35,54,32,33,22,18,21,16,14,12,15
"22-12-2012",10,7,6,6,5,5,4,8,13,16,11,13,23,14,29,61,28,16,8,8,13,27,25,8
"23-12-2012",7,5,4,3,6,5,9,6,10,15,16,17,21,13,14,17,24,16,15,33,32,51,44,89
"24-12-2012",54,38,8,7,18,57,124,93,300,128,129,53,35,32,21,17,33,124,254,125,120,74,216,73
"25-12-2012",49,71,22,23,24,50,64,100,157,221,89,63,42,19,13,8,15,147,199,111,85,99,157,157
"26-12-2012",54,72,79,56,27,57,55,106,115,142,66,53,47,32,27,21,33,35,37,46,73,90,55,14
"27-12-2012",8,5,6,8,13,4,5,26,87,113,66,41,29,44,39,46,59,96,300,419,378,278,270,176
"28-12-2012",158,103,137,33,40,65,120,143,174,250,218,142,140,93,89,-9999,-9999,-9999,-9999,-9999,-9999,-9999,-9999,-9999
"29-12-2012",-9999,-9999,-9999,-9999,-9999,-9999,-9999,-9999,-9999,-9999,-9999,-9999,-9999,-9999,-9999,-9999,-9999,-9999,-9999,-9999,-9999,-9999,-9999,-9999
"30-12-2012",-9999,-9999,-9999,-9999,-9999,-9999,-9999,-9999,-9999,-9999,-9999,-9999,-9999,-9999,-9999,-9999,-9999,-9999,-9999,-9999,-9999,-9999,-9999,-9999
"31-12-2012",-9999,-9999,-9999,-9999,-9999,-9999,-9999,-9999,-9999,-9999,-9999,-9999,-9999,-9999,-9999,-9999,-9999,-9999,-9999,17,6,10,24,7
