"01-01-2011",21,21,28,28,31,31,24,26,30,33,47,49,51,64,66,68,59,18,10,10,7,5,8,9
"02-01-2011",20,15,27,27,31,29,27,29,27,30,12,15,35,31,37,25,45,37,9,5,9,5,5,5
"03-01-2011",10,14,23,22,27,32,13,4,3,22,42,57,64,50,32,34,28,41,22,7,45,49,56,57
"04-01-2011",54,52,41,45,52,45,18,20,40,43,44,48,52,55,61,64,57,48,40,46,38,39,29,32
"05-01-2011",24,27,28,30,19,18,15,8,-9999,16,38,56,62,66,67,61,57,53,43,25,11,13,11,12
"06-01-2011",13,17,21,21,31,24,17,15,5,33,50,67,74,77,76,71,60,40,13,4,4,10,8,18
"07-01-2011",27,32,32,35,33,25,16,9,6,16,39,49,61,69,63,61,43,20,5,8,10,10,8,16
"08-01-2011",18,23,27,25,26,32,24,16,24,37,59,70,80,82,81,79,65,29,13,13,7,5,7,6
"09-01-2011",9,20,23,19,20,15,15,17,16,28,49,62,70,71,76,75,64,41,13,12,8,5,6,15
"10-01-2011",28,30,29,37,34,35,12,11,7,23,42,65,66,70,68,64,49,18,9,8,11,7,6,5
"11-01-2011",6,10,23,31,28,21,11,6,6,12,34,-9999,53,55,61,62,56,23,8,6,5,5,5,5
"12-01-2011",9,23,33,35,34,32,18,13,12,23,47,43,46,32,46,42,19,9,5,5,5,8,10,16
"13-01-2011",32,24,20,31,38,28,12,6,3,12,54,72,67,62,40,27,24,36,32,32,30,32,43,51
"14-01-2011",59,57,58,55,53,32,9,8,12,22,37,47,68,47,32,32,31,38,52,44,43,33,39,47
"15-01-2011",51,34,31,24,25,26,11,8,15,21,29,37,43,39,45,40,32,36,44,40,21,33,49,42
"16-01-2011",44,21,30,60,72,62,61,64,67,76,75,74,70,71,67,63,53,56,57,55,55,59,59,62
"17-01-2011",62,57,54,52,50,54,54,49,48,52,60,67,76,81,81,83,80,86,86,74,69,73,75,69
"18-01-2011",66,62,60,58,56,54,44,42,34,54,71,84,91,92,93,91,82,61,27,29,14,16,17,22
"19-01-2011",20,19,30,33,30,23,11,5,24,38,65,91,90,87,86,83,-9999,-9999,-9999,-9999,73,24,26,23
"20-01-2011",21,25,27,26,28,13,12,6,2,15,26,42,69,70,72,62,89,75,38,11,11,11,12,23
"21-01-2011",77,41,53,53,38,44,22,8,5,10,16,54,65,60,58,43,51,30,16,46,29,14,20,14
"22-01-2011",25,36,36,44,32,23,31,30,39,50,59,62,70,70,70,72,78,68,67,52,67,73,75,71
"23-01-2011",77,76,76,73,72,92,96,98,88,78,93,94,92,81,83,88,85,69,43,43,41,33,43,42
"24-01-2011",44,60,59,42,45,33,14,5,2,21,63,69,52,50,48,36,31,50,45,34,39,49,48,40
"25-01-2011",57,45,28,24,37,17,5,13,16,12,19,30,44,44,54,62,60,57,57,-9999,-9999,-9999,-9999,-9999
"26-01-2011",-9999,-9999,-9999,-9999,-9999,-9999,-9999,-9999,-9999,-9999,-9999,-9999,-9999,-9999,-9999,-9999,-9999,-9999,-9999,-9999,-9999,-9999,-9999,-9999
"27-01-2011",-9999,-9999,-9999,-9999,-9999,-9999,-9999,-9999,-9999,-9999,-9999,-9999,80,85,93,95,85,64,20,11,10,12,18,28
"28-01-2011",39,55,42,49,76,89,81,77,63,62,67,68,72,74,71,74,79,82,80,76,81,82,78,71
"29-01-2011",69,73,76,76,74,75,73,74,72,71,75,74,77,80,83,81,83,76,74,72,73,67,67,66
"30-01-2011",65,67,67,69,69,70,69,61,56,63,66,71,75,79,77,75,74,63,43,42,32,35,56,54
"31-01-2011",51,56,60,60,64,64,39,16,17,45,58,68,70,70,71,81,73,68,59,69,56,46,64,74
"01-02-2011",73,76,74,77,77,74,69,60,60,61,65,68,77,76,78,81,81,74,76,65,68,65,69,71
"02-02-2011",70,72,70,71,66,63,62,50,49,56,60,68,74,79,85,88,83,79,72,72,77,74,81,80
"03-02-2011",79,75,67,69,71,59,63,66,61,62,63,65,63,63,61,62,69,72,76,79,80,81,82,79
"04-02-2011",70,70,68,69,72,73,70,65,58,56,58,60,61,65,66,62,62,61,61,61,62,65,72,72
"05-02-2011",76,71,66,63,64,63,62,59,56,64,72,85,95,106,119,123,118,81,20,24,22,8,12,13
"06-02-2011",26,32,51,49,42,40,42,33,32,42,65,89,101,110,95,67,72,44,9,11,10,21,18,25
"07-02-2011",46,48,44,39,30,15,11,14,25,38,62,112,115,122,123,120,111,97,70,71,67,32,32,44
"08-02-2011",62,61,63,61,81,67,73,47,42,76,111,116,120,120,120,117,112,107,66,38,18,37,30,59
"09-02-2011",59,60,54,36,19,27,12,10,-9999,26,62,94,117,125,122,123,107,86,33,37,37,31,43,50
"10-02-2011",74,83,89,94,86,81,60,64,77,98,116,124,122,130,137,142,137,126,118,93,75,67,62,83
"11-02-2011",82,89,83,82,75,60,41,28,28,71,97,110,116,110,112,115,-9999,73,90,96,108,98,95,106
"12-02-2011",109,115,110,99,96,103,91,85,93,93,117,112,112,119,118,139,91,89,100,113,115,84,52,45
"13-02-2011",47,47,35,47,39,35,43,42,37,59,103,114,121,123,106,93,92,85,63,40,45,34,47,58
"14-02-2011",59,59,65,61,71,-9999,-9999,40,-9999,44,104,111,84,80,71,75,60,57,43,38,42,42,60,53
"15-02-2011",63,44,51,58,55,47,55,37,48,57,83,94,110,119,118,118,112,114,103,98,93,87,84,85
"16-02-2011",82,82,80,79,76,73,65,62,64,80,85,91,100,108,110,105,107,87,83,77,68,69,67,76
"17-02-2011",76,68,50,58,45,38,41,11,41,86,97,100,101,98,80,73,94,74,83,93,91,100,92,105
"18-02-2011",104,103,101,87,67,68,21,19,40,92,101,99,99,99,85,81,92,97,112,105,105,100,78,67
"19-02-2011",48,51,68,71,67,68,57,48,38,39,32,36,37,100,119,127,124,121,109,95,120,85,80,78
"20-02-2011",76,77,80,73,68,59,51,43,59,78,82,85,87,84,84,82,80,82,62,53,48,47,54,63
"21-02-2011",59,57,55,53,54,57,46,37,23,30,66,73,84,89,85,78,77,49,18,18,23,33,36,45
"22-02-2011",87,102,95,86,89,85,62,50,57,57,59,-9999,-9999,59,33,13,17,10,8,16,16,15,14,18
"23-02-2011",16,14,12,15,12,9,8,4,1,14,32,41,53,52,54,59,51,47,44,47,43,42,41,37
"24-02-2011",30,28,29,30,29,28,22,17,22,32,33,32,37,39,38,37,24,16,26,29,24,41,43,39
"25-02-2011",39,34,36,36,35,34,32,27,26,27,27,29,28,27,23,27,29,26,29,28,27,29,28,28
"26-02-2011",28,29,31,32,31,32,31,29,27,27,27,29,31,33,33,35,37,37,36,38,37,37,36,38
"27-02-2011",37,36,36,35,35,36,36,36,34,34,34,36,36,35,36,35,36,35,34,35,31,26,21,16
"28-02-2011",21,24,24,23,20,19,24,25,25,19,13,23,25,24,23,24,25,20,15,19,20,24,20,16
"01-03-2011",21,23,28,26,23,20,21,18,21,30,35,31,36,38,39,37,37,38,36,36,35,31,29,31
"02-03-2011",-9999,-9999,-9999,-9999,-9999,-9999,-9999,-9999,-9999,-9999,-9999,-9999,-9999,-9999,-9999,-9999,-9999,-9999,-9999,-9999,-9999,-9999,-9999,-9999
"03-03-2011",25,26,28,27,24,27,22,23,23,28,33,42,48,51,58,46,45,45,51,60,57,56,58,62
"04-03-2011",67,67,66,69,70,70,66,62,67,71,75,75,79,77,77,78,77,77,74,72,73,71,71,72
"05-03-2011",70,67,68,68,64,65,65,63,62,65,66,66,71,76,83,86,86,85,78,72,71,69,55,47
"06-03-2011",34,34,30,28,42,52,50,45,50,65,72,74,72,81,85,90,87,81,63,60,57,52,51,54
"07-03-2011",54,70,74,74,81,77,74,76,69,69,67,67,67,68,70,71,69,63,56,49,49,49,49,47
"08-03-2011",37,32,44,43,44,44,45,43,43,45,45,45,46,46,47,47,47,45,38,42,43,34,37,44
"09-03-2011",43,44,48,45,39,43,37,38,42,42,47,50,53,56,58,59,59,59,54,34,13,10,17,36
"10-03-2011",42,43,46,43,35,23,29,13,21,44,49,60,69,77,82,78,76,69,45,21,21,16,10,20
"11-03-2011",25,29,27,30,35,36,25,18,42,57,73,80,87,89,88,85,83,78,47,41,33,42,33,43
"12-03-2011",54,56,53,57,57,52,35,25,31,55,83,85,84,70,78,76,74,67,61,58,57,51,51,60
"13-03-2011",62,65,65,65,51,66,54,47,44,75,89,89,87,87,86,85,83,85,75,74,70,56,62,55
"14-03-2011",46,42,40,51,54,36,21,14,31,61,69,73,74,76,77,78,75,77,63,51,44,52,38,36
"15-03-2011",58,74,68,63,50,52,22,30,61,-9999,-9999,-9999,83,93,95,88,84,79,75,76,72,60,77,81
"16-03-2011",77,83,92,86,81,74,64,59,71,81,85,86,82,85,84,83,85,78,67,70,63,58,70,81
"17-03-2011",85,79,91,90,90,84,72,46,53,53,50,60,75,62,70,46,57,58,50,53,54,39,38,49
"18-03-2011",44,32,40,44,55,48,21,28,13,45,72,75,74,71,76,75,76,73,65,58,44,47,58,61
"19-03-2011",58,74,76,83,42,73,34,30,50,69,82,79,80,78,80,84,72,86,65,53,59,42,37,41
"20-03-2011",40,44,60,56,52,60,57,59,66,74,76,83,81,79,77,73,74,72,74,75,72,73,72,70
"21-03-2011",69,75,79,79,77,76,72,71,70,71,73,72,69,65,66,66,67,68,69,72,71,73,72,71
"22-03-2011",72,72,71,67,64,61,58,58,60,64,69,71,77,81,82,85,87,85,81,80,77,73,74,73
"23-03-2011",72,72,72,70,69,69,67,65,65,68,76,81,87,92,97,99,96,94,85,79,78,69,76,76
"24-03-2011",78,80,83,81,81,80,79,74,75,61,69,86,92,103,108,111,109,98,82,61,63,49,64,58
"25-03-2011",59,66,67,68,61,58,50,46,69,77,100,101,106,102,99,103,105,100,96,94,94,104,108,104
"26-03-2011",105,101,104,102,96,96,99,90,100,106,102,100,97,95,98,102,96,97,91,93,92,93,97,98
"27-03-2011",100,98,96,96,96,99,97,89,94,100,98,92,88,90,87,90,87,83,72,64,54,79,87,92
"28-03-2011",90,85,77,73,65,41,16,-9999,32,38,63,72,75,76,77,74,77,76,72,71,71,73,66,70
"29-03-2011",71,62,52,56,49,27,27,12,15,26,40,63,70,71,62,61,68,70,65,63,53,60,70,66
"30-03-2011",68,70,82,77,62,39,27,14,19,40,69,81,82,82,84,79,76,79,79,72,48,44,46,45
"31-03-2011",47,42,47,54,68,62,47,37,22,31,48,55,64,61,54,66,69,72,71,73,76,76,75,70
"01-04-2011",68,64,61,59,60,59,57,56,58,65,71,72,74,82,81,86,87,82,78,77,78,89,86,88
"02-04-2011",88,85,80,82,84,82,78,71,69,71,80,84,86,87,90,86,79,80,85,81,72,80,83,90
"03-04-2011",89,81,79,78,77,68,62,54,54,83,100,101,96,93,88,90,93,93,92,92,84,79,83,77
"04-04-2011",77,71,71,69,65,56,61,53,58,68,85,92,95,97,91,88,87,83,81,76,58,37,54,69
"05-04-2011",84,87,57,47,48,45,35,31,40,67,72,88,93,86,86,86,80,76,75,74,73,78,82,81
"06-04-2011",72,67,82,93,99,100,91,85,91,96,98,98,97,93,96,94,91,92,97,98,96,92,89,89
"07-04-2011",86,85,86,84,82,83,77,76,78,77,83,91,101,108,112,114,114,112,109,107,100,99,107,105
"08-04-2011",83,82,92,95,83,64,49,42,33,63,84,78,88,93,87,89,88,82,77,80,77,86,88,86
"09-04-2011",73,87,61,59,60,46,52,33,36,58,75,85,95,93,92,89,82,83,84,77,69,65,81,89
"10-04-2011",73,67,62,72,72,85,93,85,98,108,103,101,99,97,98,101,98,96,95,90,88,69,71,71
"11-04-2011",87,82,61,66,68,71,79,80,86,93,105,111,109,107,108,111,107,109,115,110,95,90,78,80
"12-04-2011",81,76,75,69,58,55,41,23,41,63,73,95,102,102,96,96,99,95,94,92,80,99,96,102
"13-04-2011",104,106,104,101,102,88,90,86,78,89,93,88,88,87,87,81,80,77,74,69,62,62,82,83
"14-04-2011",96,105,106,106,106,103,92,84,84,93,95,99,95,96,94,95,93,93,89,86,87,72,62,71
"15-04-2011",74,81,76,72,72,60,57,40,17,61,89,108,105,107,111,117,114,110,108,103,96,89,90,92
"16-04-2011",90,96,82,77,70,71,65,77,79,90,93,98,104,108,105,105,96,95,97,94,87,81,80,85
"17-04-2011",86,80,83,83,83,81,80,73,76,73,73,76,79,77,76,76,77,75,74,72,69,69,72,74
"18-04-2011",75,73,83,83,80,73,73,62,64,71,75,81,84,80,83,82,80,84,82,79,76,73,75,72
"19-04-2011",74,80,81,81,79,68,56,58,56,64,73,80,86,91,101,101,96,98,93,84,74,69,70,40
"20-04-2011",51,68,81,80,71,76,64,51,62,83,87,90,88,97,101,101,98,104,106,104,102,106,103,99
"21-04-2011",99,100,107,106,103,96,90,86,86,93,101,106,109,109,111,116,117,119,121,123,118,116,112,107
"22-04-2011",105,101,98,96,95,96,92,94,96,103,107,114,118,120,121,121,121,117,112,117,123,112,101,96
"23-04-2011",90,98,95,95,96,92,85,80,88,93,97,103,108,112,112,110,111,110,107,108,111,107,102,99
"24-04-2011",101,100,97,92,93,91,90,89,98,105,112,119,123,123,121,117,111,105,105,106,106,78,86,75
"25-04-2011",82,75,79,85,82,75,77,74,85,96,104,106,105,104,100,98,101,102,103,106,101,99,98,94
"26-04-2011",91,89,82,80,83,79,70,67,71,75,80,89,93,94,95,96,97,96,100,103,99,75,67,72
"27-04-2011",75,80,84,83,82,89,88,77,72,75,76,82,89,88,84,84,86,92,93,93,94,96,94,98
"28-04-2011",97,95,94,93,95,97,92,85,86,90,96,99,100,96,91,87,85,82,81,83,83,73,66,69
"29-04-2011",56,67,60,72,75,80,73,47,66,92,99,93,88,87,86,82,77,77,75,72,61,65,69,92
"30-04-2011",91,99,77,54,50,43,33,21,47,74,69,68,72,74,73,76,76,78,77,71,74,87,74,76
"01-05-2011",75,74,85,85,77,53,45,40,43,59,73,81,86,86,87,86,84,82,79,80,75,66,51,39
"02-05-2011",23,32,33,38,28,33,26,40,46,55,55,66,69,73,68,74,71,70,69,67,55,63,71,69
"03-05-2011",58,55,48,72,71,57,53,43,54,54,58,65,73,74,76,75,73,71,71,70,63,62,46,42
"04-05-2011",54,68,69,73,71,73,78,76,79,67,74,78,79,79,81,81,87,86,78,71,71,64,57,54
"05-05-2011",53,51,57,74,63,56,45,30,38,77,79,77,77,74,72,76,68,66,64,63,69,63,77,79
"06-05-2011",75,73,79,85,89,83,70,54,57,64,-9999,96,89,91,100,104,106,111,117,119,112,92,85,89
"07-05-2011",95,100,98,94,91,90,87,90,95,105,115,126,131,132,132,131,126,119,117,114,89,54,85,106
"08-05-2011",107,108,113,90,82,70,56,70,89,107,113,112,110,110,113,114,114,112,112,107,101,97,73,58
"09-05-2011",70,74,84,87,83,89,71,86,93,100,110,123,130,130,127,117,115,115,117,117,116,115,113,112
"10-05-2011",112,113,112,110,107,105,98,93,93,93,99,103,102,103,105,106,107,105,106,108,111,111,110,109
"11-05-2011",109,107,107,107,102,102,99,100,111,118,127,131,134,136,137,136,128,125,123,124,131,127,135,135
"12-05-2011",131,127,124,121,116,111,101,99,106,104,104,106,105,109,107,99,103,102,96,88,83,66,63,75
"13-05-2011",64,75,84,88,89,97,82,70,93,112,123,121,119,119,118,117,115,108,111,100,74,73,75,81
"14-05-2011",92,88,97,104,94,97,90,66,82,122,116,107,118,119,126,121,119,116,111,104,97,98,91,69
"15-05-2011",48,66,84,104,90,104,109,76,115,129,118,122,125,125,130,139,130,122,120,124,121,123,112,112
"16-05-2011",111,122,127,125,106,83,61,66,66,71,91,100,97,109,117,123,122,119,113,114,99,83,81,88
"17-05-2011",78,76,84,81,63,56,59,57,62,71,89,95,91,92,87,99,101,102,103,94,95,86,74,75
"18-05-2011",70,70,73,77,77,78,57,60,85,98,103,104,106,110,106,105,106,110,101,95,89,83,89,84
"19-05-2011",91,84,82,67,73,81,57,35,22,61,72,75,88,93,102,93,83,84,83,77,64,74,68,46
"20-05-2011",37,50,76,62,73,96,91,62,79,95,105,115,112,109,108,111,113,112,108,102,76,70,112,123
"21-05-2011",101,102,98,97,92,70,61,40,84,106,99,108,115,121,122,117,116,117,118,117,112,87,87,79
"22-05-2011",81,100,89,90,109,113,120,110,107,112,113,115,113,115,120,116,112,106,105,103,97,77,87,86
"23-05-2011",96,102,88,88,83,102,58,70,103,112,111,109,109,108,106,106,107,106,108,109,105,97,95,95
"24-05-2011",86,100,98,100,108,107,101,79,95,104,104,106,106,104,102,104,106,106,102,101,102,90,83,80
"25-05-2011",86,79,65,69,71,65,40,52,74,91,113,117,115,109,99,106,107,104,102,103,103,100,91,91
"26-05-2011",91,86,78,88,83,83,65,71,95,112,111,111,112,100,88,101,104,111,110,77,74,72,72,73
"27-05-2011",78,94,109,112,113,117,103,99,95,92,101,107,110,102,101,98,100,104,93,82,92,90,82,95
"28-05-2011",94,104,100,91,88,100,76,93,101,102,105,105,105,110,110,111,110,108,109,106,78,63,59,71
"29-05-2011",78,56,57,51,48,51,46,61,86,97,113,123,124,118,113,113,111,109,106,101,96,70,72,45
"30-05-2011",55,43,65,89,94,84,81,59,49,90,109,119,123,120,122,124,126,127,125,121,105,62,63,74
"31-05-2011",79,61,83,103,104,81,66,37,67,99,108,120,137,127,111,115,105,118,126,119,96,81,94,109
"01-06-2011",106,88,97,76,64,45,39,53,68,94,115,133,146,139,135,137,141,133,124,124,118,105,89,90
"02-06-2011",64,67,51,49,40,40,52,77,86,94,108,139,134,131,131,131,126,123,118,105,97,114,109,102
"03-06-2011",76,75,59,46,55,40,52,66,68,99,117,125,126,129,127,126,127,120,115,114,105,106,103,78
"04-06-2011",63,76,75,58,67,66,56,66,95,111,117,120,120,116,107,108,106,97,104,104,95,87,82,67
"05-06-2011",57,54,48,55,55,35,64,67,90,109,131,139,137,135,134,132,134,132,131,135,120,102,99,103
"06-06-2011",91,101,110,129,117,123,70,39,88,138,151,156,158,158,155,152,150,149,145,141,130,127,111,98
"07-06-2011",110,123,115,116,112,106,76,68,116,134,140,143,143,147,143,136,131,134,133,125,110,108,112,106
"08-06-2011",92,79,70,88,76,93,71,64,97,105,127,-9999,-9999,125,119,122,122,117,120,128,122,116,120,126
"09-06-2011",130,131,131,127,122,98,62,47,65,78,95,112,134,129,103,89,107,106,107,105,98,97,99,98
"10-06-2011",89,98,101,104,107,106,100,100,97,105,117,127,128,132,122,127,118,113,121,136,109,92,80,76
"11-06-2011",84,74,67,86,102,94,90,94,111,117,130,134,139,136,146,142,134,133,132,136,132,132,127,135
"12-06-2011",128,113,115,109,83,84,55,67,105,116,146,166,110,113,98,91,82,77,84,72,59,40,26,20
"13-06-2011",36,47,55,42,53,45,60,67,71,82,97,98,104,101,99,103,107,104,104,106,101,93,60,67
"14-06-2011",57,61,60,54,51,48,39,45,69,85,105,113,112,113,113,113,114,106,99,101,94,84,64,67
"15-06-2011",58,55,55,70,68,74,85,85,107,113,116,120,122,121,116,112,112,113,113,116,111,105,93,85
"16-06-2011",95,95,97,106,103,101,100,96,104,109,109,124,124,122,110,125,125,126,120,119,102,68,70,76
"17-06-2011",77,80,80,77,90,92,92,92,110,120,131,132,131,128,124,123,126,127,126,125,112,113,81,65
"18-06-2011",56,77,73,78,91,71,43,48,70,108,126,133,140,143,145,141,135,135,135,128,125,125,120,103
"19-06-2011",90,96,77,71,80,79,80,79,92,103,129,143,157,151,152,148,146,144,137,132,128,116,117,124
"20-06-2011",116,113,114,112,91,64,45,65,87,104,117,136,144,133,130,132,131,130,131,127,122,115,87,80
"21-06-2011",105,88,97,104,105,109,93,91,114,117,119,119,120,120,119,115,116,115,116,114,108,102,103,97
"22-06-2011",104,114,112,110,111,114,110,105,109,112,116,118,143,118,119,120,117,117,119,120,120,123,119,119
"23-06-2011",124,123,120,119,117,114,109,111,112,113,118,121,117,118,118,115,115,116,117,112,112,107,122,120
"24-06-2011",117,120,120,116,115,115,113,111,111,114,116,119,-9999,-9999,88,99,102,105,105,105,98,75,62,73
"25-06-2011",91,100,110,103,93,70,62,67,75,90,118,132,132,127,122,122,-9999,-9999,-9999,97,111,102,97,91
"26-06-2011",109,100,97,96,96,89,103,105,101,104,106,113,114,116,119,123,126,127,127,126,123,123,124,124
"27-06-2011",120,119,118,119,113,108,105,100,107,111,114,117,113,117,119,121,122,121,122,120,115,104,89,89
"28-06-2011",72,82,89,78,79,75,73,93,109,108,115,-9999,-9999,111,130,140,139,136,132,127,122,98,88,98
"29-06-2011",97,95,79,91,86,88,76,33,64,82,110,119,124,117,-9999,-9999,111,124,124,118,106,93,78,77
"30-06-2011",78,68,75,58,82,72,41,47,71,98,113,116,126,119,123,127,125,124,118,108,103,105,113,119
"01-07-2011",116,102,85,77,73,68,55,63,76,92,110,127,142,146,156,158,149,144,136,128,123,102,92,100
"02-07-2011",107,111,115,108,102,90,81,94,94,113,127,125,124,131,129,129,130,124,125,131,124,126,123,129
"03-07-2011",132,123,112,102,98,90,88,86,99,114,122,124,127,124,124,135,137,127,125,106,103,105,105,107
"04-07-2011",101,89,68,60,53,54,53,52,68,99,114,118,116,116,114,117,114,115,116,120,111,101,93,77
"05-07-2011",76,63,60,56,64,24,35,31,49,88,117,138,143,155,157,154,134,132,129,127,125,120,115,108
"06-07-2011",121,122,120,112,109,92,66,72,61,98,97,116,124,123,124,148,183,165,153,146,137,130,126,112
"07-07-2011",112,112,121,114,106,111,85,89,109,129,136,133,129,124,122,121,121,120,122,118,109,105,86,61
"08-07-2011",91,97,81,83,92,98,84,77,99,123,132,137,139,139,138,137,134,132,131,127,123,113,106,113
"09-07-2011",130,137,140,138,133,132,132,123,122,127,124,118,121,119,120,118,115,116,117,118,118,117,124,128
"10-07-2011",128,129,126,126,127,124,123,125,126,127,127,123,123,125,126,130,125,127,129,128,124,130,135,135
"11-07-2011",134,134,129,127,125,126,122,122,121,128,130,133,136,139,136,131,134,137,134,133,127,130,133,136
"12-07-2011",137,135,134,132,130,122,113,115,119,121,121,122,126,123,125,126,126,125,126,125,124,126,133,125
"13-07-2011",130,134,132,122,118,112,106,106,112,114,120,123,123,124,127,127,127,136,135,129,126,122,119,129
"14-07-2011",127,127,125,121,111,111,97,95,115,124,128,133,142,128,127,127,124,119,121,117,105,100,108,109
"15-07-2011",111,119,118,118,117,115,110,103,113,119,128,133,133,131,128,128,129,127,124,119,108,97,99,100
"16-07-2011",111,110,115,109,106,109,103,98,110,125,133,142,143,141,140,142,143,142,141,136,123,115,91,59
"17-07-2011",68,61,93,72,92,82,80,73,125,146,154,156,159,161,162,185,187,166,166,162,160,145,123,103
"18-07-2011",83,69,75,68,79,75,72,58,83,101,128,138,141,142,141,139,137,130,130,136,126,110,89,96
"19-07-2011",81,82,82,91,66,48,42,55,65,101,131,138,149,153,152,153,151,153,150,142,130,121,140,127
"20-07-2011",126,106,95,115,109,87,74,45,68,119,148,153,141,129,125,131,141,143,156,144,127,113,100,76
"21-07-2011",83,96,108,107,96,102,99,80,85,101,116,121,128,133,137,140,131,132,122,120,111,102,93,92
"22-07-2011",99,93,79,79,79,68,26,28,59,108,126,160,160,137,124,135,138,131,119,112,98,93,104,102
"23-07-2011",103,97,83,72,78,68,56,49,77,105,125,127,129,144,164,143,140,139,135,132,118,120,122,119
"24-07-2011",121,103,99,93,83,88,82,100,94,124,133,138,142,144,141,141,142,139,140,135,129,129,124,115
"25-07-2011",125,105,100,105,100,92,63,56,78,100,117,125,121,114,119,125,127,125,114,96,91,94,96,91
"26-07-2011",99,102,102,100,96,94,81,79,89,85,96,104,104,106,103,99,98,89,83,68,59,69,79,88
"27-07-2011",91,90,83,80,83,74,38,46,69,93,106,122,139,162,168,162,127,124,118,98,83,80,75,74
"28-07-2011",69,75,73,74,57,59,45,32,79,108,113,116,121,121,117,117,137,136,130,134,114,89,67,86
"29-07-2011",92,101,115,119,93,58,50,47,78,104,132,140,140,140,128,123,124,121,132,133,127,120,115,121
"30-07-2011",116,116,109,106,99,84,78,64,83,100,122,146,144,132,132,141,142,141,137,129,119,113,106,75
"31-07-2011",87,75,75,72,78,80,68,62,93,115,122,126,128,127,129,129,120,142,139,129,124,116,108,93
"01-08-2011",101,122,112,92,75,80,75,77,91,111,126,132,137,133,133,149,143,142,130,126,113,97,88,78
"02-08-2011",84,81,88,92,116,108,97,90,118,129,136,137,138,139,135,132,109,128,134,134,126,120,73,79
"03-08-2011",75,80,82,90,100,104,100,90,108,118,115,117,122,126,126,127,127,130,125,116,101,98,84,96
"04-08-2011",97,107,114,107,106,106,105,101,106,110,111,116,116,118,116,113,111,114,116,113,105,102,82,61
"05-08-2011",59,75,60,76,87,79,78,76,101,113,119,127,130,130,126,123,119,117,112,111,117,107,108,102
"06-08-2011",117,116,108,108,109,107,110,107,108,108,108,108,111,110,109,107,107,105,106,106,104,100,103,91
"07-08-2011",89,96,107,106,108,99,96,93,99,103,105,110,107,108,111,113,112,113,114,110,102,105,103,103
"08-08-2011",110,106,104,99,96,73,77,84,103,106,112,117,123,123,123,120,118,113,111,109,110,108,89,97
"09-08-2011",108,116,124,122,116,95,79,88,92,109,120,128,137,132,127,121,119,117,115,112,107,95,90,73
"10-08-2011",69,82,74,77,90,87,79,77,88,105,118,136,137,128,125,124,127,128,131,130,123,121,121,115
"11-08-2011",106,101,100,97,94,99,101,96,83,89,95,102,105,108,110,110,108,110,111,108,105,98,102,106
"12-08-2011",97,93,85,84,77,66,48,41,72,95,101,107,110,115,117,115,113,112,108,108,109,104,95,85
"13-08-2011",92,91,95,94,98,94,93,94,106,116,121,122,124,126,122,122,123,122,122,120,112,104,86,86
"14-08-2011",97,80,79,65,73,89,97,98,109,125,130,137,136,137,134,130,131,135,137,133,120,111,82,62
"15-08-2011",87,76,82,86,102,96,88,94,97,120,129,133,134,131,130,131,128,127,125,121,112,100,110,88
"16-08-2011",71,72,73,90,86,98,92,96,98,128,138,138,135,136,135,132,130,127,124,123,112,86,87,91
"17-08-2011",90,84,79,98,100,104,106,108,117,120,120,120,120,120,122,123,125,123,123,122,124,124,129,131
"18-08-2011",134,136,133,124,116,112,107,97,108,113,114,114,119,117,119,118,120,122,121,120,117,118,119,124
"19-08-2011",122,116,114,112,111,109,109,107,103,108,112,115,116,118,120,120,122,121,122,120,117,123,122,125
"20-08-2011",127,124,123,125,126,127,127,126,126,129,131,132,132,131,132,132,133,133,133,135,139,139,138,139
"21-08-2011",136,131,128,121,119,122,123,125,127,127,128,132,136,136,136,131,128,127,124,127,124,126,127,123
"22-08-2011",122,121,119,117,117,115,115,114,114,111,111,112,110,108,109,109,113,116,120,122,125,128,128,123
"23-08-2011",121,120,115,114,113,108,104,99,100,100,100,101,101,100,105,103,106,102,108,107,111,122,122,120
"24-08-2011",117,111,107,111,116,116,112,105,103,105,106,106,108,109,109,110,114,116,116,118,127,129,132,132
"25-08-2011",129,124,119,116,114,110,104,100,110,118,122,125,130,137,141,144,146,148,145,137,133,135,133,128
"26-08-2011",125,127,131,127,120,113,109,105,103,102,101,101,104,107,111,116,117,122,128,129,130,129,128,125
"27-08-2011",124,123,122,120,113,112,109,112,113,114,115,119,120,120,121,122,123,126,129,130,129,124,133,132
"28-08-2011",129,127,124,121,114,112,108,108,112,112,114,115,117,119,118,118,118,119,119,120,118,123,121,124
"29-08-2011",124,123,121,119,117,118,113,101,110,113,116,117,117,119,118,115,117,118,119,111,96,96,88,89
"30-08-2011",87,89,96,91,91,88,67,68,53,101,126,128,137,146,148,138,145,145,149,136,123,115,110,102
"31-08-2011",103,99,93,89,77,61,41,33,48,77,98,131,144,141,143,145,137,111,70,70,79,83,65,67
"01-09-2011",49,72,84,92,84,80,45,39,74,91,117,130,133,140,140,144,141,137,136,117,88,76,109,100
"02-09-2011",72,95,97,89,98,84,79,77,84,111,130,138,143,145,146,149,153,154,141,130,117,91,57,72
"03-09-2011",87,78,93,85,86,63,96,79,76,88,127,134,135,136,142,143,137,142,152,151,141,125,132,127
"04-09-2011",141,151,148,142,133,117,122,120,125,128,127,128,128,126,125,125,126,126,124,117,109,103,115,120
"05-09-2011",123,125,126,124,122,120,112,104,102,114,119,122,124,127,128,130,130,130,128,119,107,96,90,91
"06-09-2011",100,110,106,111,112,107,96,93,77,114,121,125,125,126,127,127,131,129,127,118,114,100,87,103
"07-09-2011",103,104,127,128,117,113,103,93,100,110,121,121,120,117,117,124,122,114,113,108,100,97,102,111
"08-09-2011",120,123,122,120,119,111,105,94,101,105,115,119,123,125,128,126,127,126,126,119,110,90,64,44
"09-09-2011",91,87,102,95,83,71,49,26,61,78,114,136,143,151,157,153,150,145,127,115,117,97,82,73
"10-09-2011",74,87,65,67,78,87,85,82,95,121,126,127,138,143,145,141,134,134,132,122,114,108,109,99
"11-09-2011",97,94,111,114,113,105,96,87,97,112,119,122,125,125,124,122,125,125,125,118,114,105,83,103
"12-09-2011",108,112,116,119,121,111,111,102,108,117,121,122,123,119,117,116,116,116,116,111,105,104,99,101
"13-09-2011",105,109,114,110,105,85,92,74,84,112,116,116,116,106,100,96,93,96,94,87,77,68,70,66
"14-09-2011",76,94,84,92,88,80,77,63,58,92,103,103,102,101,97,95,87,82,84,77,66,40,45,62
"15-09-2011",54,74,75,81,101,98,90,66,52,78,102,121,130,129,124,124,122,123,117,95,97,98,99,76
"16-09-2011",86,89,97,93,94,87,83,59,92,118,-9999,-9999,116,116,117,120,127,130,126,122,122,121,121,122
"17-09-2011",121,122,122,117,114,107,98,95,100,107,114,118,122,122,122,119,121,124,130,117,103,96,91,108
"18-09-2011",110,117,124,130,135,130,129,119,118,120,120,121,122,122,119,115,112,109,112,105,92,94,108,104
"19-09-2011",107,107,105,106,103,85,84,58,68,84,100,108,114,121,122,121,116,104,101,85,69,82,89,73
"20-09-2011",55,75,80,71,87,82,49,39,56,76,98,118,120,117,108,103,100,84,72,51,47,48,59,91
"21-09-2011",86,76,59,50,56,42,34,41,36,61,71,89,99,102,106,115,103,100,92,88,83,75,64,71
"22-09-2011",62,64,59,60,71,60,82,87,98,115,124,124,121,119,120,118,115,95,83,85,88,85,85,90
"23-09-2011",89,91,91,90,87,85,81,86,93,99,104,108,117,120,122,121,127,129,122,89,76,97,109,116
"24-09-2011",124,124,121,121,121,109,103,111,114,128,135,137,138,140,138,138,135,135,133,118,104,92,113,124
"25-09-2011",131,138,141,137,131,124,123,118,109,124,132,134,136,136,139,143,145,147,144,137,134,134,135,134
"26-09-2011",131,123,115,118,109,105,108,104,96,103,107,110,113,116,115,114,109,102,99,97,99,106,107,109
"27-09-2011",105,97,99,102,100,99,87,86,92,95,98,99,101,105,104,106,103,103,100,97,106,109,108,110
"28-09-2011",103,100,98,98,97,96,92,88,89,93,94,97,101,103,104,103,104,104,103,102,103,116,116,113
"29-09-2011",109,105,102,101,100,95,92,91,94,98,100,103,105,107,108,108,110,111,109,105,106,111,116,122
"30-09-2011",124,123,122,119,111,101,80,54,56,96,106,116,119,116,114,111,109,103,91,82,82,81,81,81
"01-10-2011",78,76,76,75,69,67,67,63,65,73,76,80,81,82,85,90,86,87,83,73,72,72,77,74
"02-10-2011",77,79,76,74,75,75,71,68,73,81,82,85,87,86,88,92,95,96,95,92,90,89,92,95
"03-10-2011",97,95,101,102,97,86,73,66,72,82,87,93,97,98,101,107,108,108,98,96,91,96,97,99
"04-10-2011",101,102,101,99,96,94,89,83,87,91,96,101,106,108,108,109,111,110,107,98,65,55,75,81
"05-10-2011",91,97,96,101,90,88,84,61,58,76,114,120,128,128,128,125,123,125,119,103,77,78,80,56
"06-10-2011",79,74,74,82,79,67,69,23,24,45,100,119,130,131,133,133,152,136,125,120,110,106,104,101
"07-10-2011",88,110,109,106,94,93,90,57,36,77,92,102,112,122,120,122,119,110,90,79,83,87,73,95
"08-10-2011",87,87,93,95,88,77,68,50,43,68,89,93,94,90,88,83,82,81,80,82,78,90,88,96
"09-10-2011",100,92,82,77,77,81,82,89,90,87,82,78,87,86,85,85,88,89,87,72,71,62,51,48
"10-10-2011",49,50,71,76,62,43,24,18,24,37,41,53,52,52,43,41,50,55,56,56,52,51,52,55
"11-10-2011",54,52,52,51,56,55,47,45,49,53,54,56,65,62,64,62,59,64,64,59,66,63,65,67
"12-10-2011",69,73,71,69,62,48,29,8,13,51,66,66,83,104,108,107,100,90,67,41,40,66,53,46
"13-10-2011",52,52,43,38,53,46,38,23,23,65,66,74,82,93,103,105,97,93,93,92,91,84,77,69
"14-10-2011",73,73,66,55,70,39,37,32,13,35,73,69,66,69,67,72,70,63,61,62,64,64,64,64
"15-10-2011",63,61,57,56,57,58,56,51,53,54,61,63,66,67,71,74,77,76,71,67,64,65,64,65
"16-10-2011",64,64,63,61,60,59,57,63,65,66,69,70,67,71,66,65,61,56,53,51,51,50,47,47
"17-10-2011",47,47,46,47,46,45,40,41,40,40,40,42,43,45,48,53,61,63,64,54,27,46,44,43
"18-10-2011",38,39,40,40,34,22,14,19,18,27,43,57,69,70,78,81,86,79,68,40,47,50,52,54
"19-10-2011",57,64,56,53,53,47,38,30,17,23,62,83,88,92,98,95,96,89,77,64,63,54,67,60
"20-10-2011",60,55,65,66,63,65,59,51,39,64,81,92,103,110,114,113,113,107,94,53,56,61,56,60
"21-10-2011",79,82,85,76,77,69,72,39,26,73,83,95,97,100,99,100,100,92,80,46,47,48,38,52
"22-10-2011",53,65,62,61,68,62,51,21,32,47,74,89,95,100,105,107,103,99,95,95,91,92,90,85
"23-10-2011",82,84,90,88,89,89,89,88,86,86,88,91,92,93,94,94,95,94,94,93,94,94,90,89
"24-10-2011",89,88,87,88,84,82,77,70,77,82,83,83,83,85,85,85,83,85,84,78,79,74,71,77
"25-10-2011",81,79,75,72,72,67,59,57,60,70,73,77,78,80,83,83,83,84,84,82,83,87,89,85
"26-10-2011",78,76,72,72,76,77,74,73,74,78,80,82,85,87,85,84,83,83,83,80,79,77,80,78
"27-10-2011",73,74,74,73,75,75,72,69,66,67,69,71,78,79,80,80,81,80,81,82,79,76,75,75
"28-10-2011",73,72,70,72,72,71,69,67,68,73,78,82,83,85,86,87,86,86,84,82,83,82,79,80
"29-10-2011",79,78,78,76,74,73,72,70,70,73,79,81,82,84,85,86,86,84,77,74,79,78,79,79
"30-10-2011",82,82,80,82,79,80,82,80,80,80,82,82,82,81,81,80,77,78,78,76,75,74,72,73
"31-10-2011",72,68,64,64,64,62,53,37,32,57,72,77,78,78,79,77,77,67,55,43,23,36,41,44
"01-11-2011",50,53,49,52,51,48,35,29,46,65,73,79,80,80,79,77,74,53,27,38,38,43,49,51
"02-11-2011",48,52,55,47,48,47,34,24,53,63,69,77,82,83,86,86,86,82,79,80,84,78,78,77
"03-11-2011",76,73,77,78,85,77,67,70,74,79,83,85,84,84,83,83,81,80,80,76,74,73,72,69
"04-11-2011",64,69,69,71,72,66,48,47,50,66,71,74,76,78,78,78,74,74,70,75,79,71,67,72
"05-11-2011",72,63,68,67,67,66,59,57,59,73,80,83,86,88,88,86,81,74,61,56,57,50,49,58
"06-11-2011",48,44,47,53,46,50,50,55,61,79,87,89,90,90,93,92,88,76,71,75,67,63,47,52
"07-11-2011",47,54,52,50,58,44,29,19,30,64,72,73,75,75,73,73,72,69,64,68,70,69,69,67
"08-11-2011",66,65,65,63,59,58,53,54,60,66,67,73,75,77,77,79,78,73,69,66,61,47,42,29
"09-11-2011",38,42,54,47,44,48,36,19,39,54,63,65,64,65,67,68,62,38,19,24,19,22,27,25
"10-11-2011",16,13,11,15,11,12,12,7,24,31,44,53,67,71,77,74,68,66,60,61,59,58,55,60
"11-11-2011",60,60,57,52,45,47,45,45,54,63,66,71,71,76,78,75,71,67,65,60,56,53,52,50
"12-11-2011",49,49,48,48,47,45,43,42,41,44,46,49,50,50,49,45,44,43,48,44,44,43,43,44
"13-11-2011",45,44,45,44,45,44,44,43,41,41,40,42,42,43,45,48,48,47,46,45,45,46,47,46
"14-11-2011",44,44,44,45,46,47,45,43,45,46,46,44,46,47,50,49,48,47,47,47,47,49,49,48
"15-11-2011",47,48,48,45,46,44,42,41,41,42,38,35,40,44,43,42,38,40,40,42,39,39,39,42
"16-11-2011",45,46,46,43,42,37,24,9,18,19,35,38,42,48,49,49,50,46,42,27,26,37,49,51
"17-11-2011",51,53,56,56,57,49,40,34,35,41,47,56,58,59,55,57,54,51,48,48,46,40,46,50
"18-11-2011",52,52,52,50,51,46,38,41,45,47,48,51,56,58,62,64,59,44,33,28,24,19,22,31
"19-11-2011",46,49,54,54,52,49,46,41,46,55,65,69,75,80,83,78,67,52,30,44,32,29,30,32
"20-11-2011",38,46,49,49,37,40,40,43,41,60,66,71,75,78,82,82,76,67,61,39,48,41,24,25
"21-11-2011",32,39,40,52,35,47,42,32,28,53,62,71,75,80,82,80,71,55,27,31,34,43,40,46
"22-11-2011",50,53,54,46,45,47,38,27,22,44,59,69,76,74,74,67,50,23,22,25,33,34,35,43
"23-11-2011",54,54,60,53,55,50,39,22,31,66,78,87,87,88,87,86,84,75,65,67,69,69,72,71
"24-11-2011",60,60,66,61,64,62,60,57,57,59,65,72,72,73,76,75,74,72,68,66,69,64,61,63
"25-11-2011",62,60,63,62,62,58,55,53,56,61,65,68,70,73,75,75,74,70,63,64,56,54,50,47
"26-11-2011",45,42,39,37,34,32,23,25,27,45,47,49,50,49,48,47,45,42,38,30,19,18,20,25
"27-11-2011",29,30,37,37,35,35,36,31,36,43,46,50,56,59,61,62,60,50,51,30,26,23,30,33
"28-11-2011",35,29,23,26,22,25,18,11,14,32,50,61,65,64,52,45,47,24,18,22,29,33,38,45
"29-11-2011",55,49,48,44,43,39,37,41,49,64,72,86,88,87,86,78,71,59,69,79,81,77,73,72
"30-11-2011",71,67,68,62,57,54,36,22,19,47,57,62,68,71,71,71,66,52,39,33,29,25,28,35
"01-12-2011",38,45,32,31,32,34,16,8,17,34,43,69,73,75,77,74,60,33,21,8,3,10,19,26
"02-12-2011",30,35,41,39,41,41,29,22,17,41,67,71,71,82,84,78,69,27,17,21,16,20,14,32
"03-12-2011",43,44,50,46,39,-9999,-9999,-9999,12,21,37,49,57,67,70,63,52,36,26,20,21,33,34,36
"04-12-2011",37,42,52,53,50,45,40,31,30,36,52,58,63,62,62,63,55,50,35,27,38,40,37,27
"05-12-2011",35,48,43,37,30,33,14,4,4,21,43,48,51,40,50,50,50,44,45,46,46,44,50,53
"06-12-2011",49,55,58,61,56,54,49,43,56,58,61,62,62,61,58,59,62,56,48,48,51,49,48,53
"07-12-2011",49,43,49,47,52,49,38,38,48,51,53,48,52,47,52,52,53,36,38,44,45,47,37,27
"08-12-2011",31,35,42,44,44,42,36,5,8,31,43,47,52,58,58,57,46,49,40,32,48,49,49,52
"09-12-2011",55,52,52,51,50,46,26,16,25,38,46,51,56,57,59,53,48,18,22,12,8,5,1,3
"10-12-2011",11,19,22,19,30,24,17,11,7,17,33,51,56,50,46,53,49,36,35,45,39,42,41,53
"11-12-2011",46,48,48,55,41,41,35,23,22,23,46,56,57,53,58,55,44,38,38,38,41,41,40,39
"12-12-2011",37,25,24,31,37,30,19,18,4,9,20,33,47,53,43,45,32,26,26,19,7,13,18,17
"13-12-2011",18,21,15,8,20,22,18,1,4,2,3,16,31,40,40,42,39,32,25,2,7,1,8,8
"14-12-2011",21,26,26,9,13,7,2,1,1,18,35,41,48,52,50,47,39,6,5,1,11,21,22,29
"15-12-2011",26,22,26,27,25,33,23,19,33,37,47,51,51,54,56,52,46,20,43,28,34,26,44,31
"16-12-2011",46,41,41,52,52,54,51,50,44,48,48,56,57,59,60,57,46,46,50,53,51,51,46,49
"17-12-2011",51,57,57,62,67,62,58,59,60,57,59,61,63,60,61,63,62,63,62,63,61,59,52,43
"18-12-2011",46,44,44,49,51,55,58,58,59,54,38,31,37,36,44,46,41,36,35,34,39,44,51,48
"19-12-2011",50,45,42,40,41,33,44,44,37,45,46,47,53,52,52,54,53,42,45,48,47,51,50,41
"20-12-2011",36,30,27,36,42,37,13,18,26,39,50,55,56,58,60,60,48,48,48,39,37,40,34,42
"21-12-2011",45,45,46,49,46,44,29,24,13,30,37,47,48,54,55,51,36,33,35,42,47,52,56,59
"22-12-2011",59,62,62,65,67,66,64,57,49,53,49,44,49,56,49,39,39,34,37,36,27,34,29,32
"23-12-2011",32,30,27,25,17,18,22,20,22,22,21,19,29,45,-9999,-9999,59,60,59,61,60,65,69,69
"24-12-2011",68,67,68,68,65,62,52,45,46,58,65,67,67,65,63,59,52,46,40,36,40,39,44,55
"25-12-2011",54,53,50,49,53,53,62,65,65,69,71,75,80,84,87,86,84,81,75,71,68,68,74,73
"26-12-2011",73,76,77,77,80,78,75,72,72,74,75,75,81,81,83,83,80,77,75,78,74,72,72,72
"27-12-2011",70,70,70,67,65,65,54,44,31,54,68,76,78,79,78,76,66,54,50,49,52,51,53,53
"28-12-2011",52,52,55,56,50,49,44,36,43,50,61,76,86,90,91,85,70,57,45,39,41,49,40,50
"29-12-2011",53,58,61,62,48,33,46,22,10,31,68,81,91,93,96,98,81,39,29,20,20,24,8,17
"30-12-2011",36,40,30,20,48,43,35,28,20,45,67,76,90,86,92,88,84,49,17,14,25,18,25,18
"31-12-2011",19,28,33,25,37,49,34,24,21,39,47,76,89,87,63,71,71,73,77,74,73,69,68,65
