"01-01-2012",5,5,5,4,5,4,4,5,5,5,5,5,5,5,5,5,5,5,7,8,9,6,6,6
"02-01-2012",5,5,5,6,9,5,5,5,7,16,25,53,56,36,29,19,14,11,13,10,7,10,8,5
"03-01-2012",6,5,4,4,4,4,5,5,7,7,13,117,105,51,41,24,13,7,10,7,9,7,10,7
"04-01-2012",7,5,6,5,6,6,6,6,10,18,15,35,23,24,16,19,8,8,9,7,12,8,7,5
"05-01-2012",6,6,5,4,5,5,4,7,10,8,17,37,32,48,17,11,6,6,5,5,5,5,5,5
"06-01-2012",4,4,4,4,4,4,4,5,5,4,5,5,5,5,5,5,7,5,5,5,5,5,5,5
"07-01-2012",5,4,4,4,4,4,5,5,5,5,5,6,5,6,6,5,5,5,5,5,5,5,4,5
"08-01-2012",5,4,4,4,4,4,4,4,5,5,5,6,6,6,5,5,5,6,5,5,5,5,5,4
"09-01-2012",5,4,5,5,4,4,5,7,6,7,7,7,6,6,6,6,6,5,5,6,7,6,5,5
"10-01-2012",4,5,5,5,5,5,7,8,10,7,7,6,6,6,6,6,5,5,5,5,6,9,6,5
"11-01-2012",5,5,4,4,5,5,6,6,7,6,6,6,6,6,6,6,6,5,6,5,5,5,5,5
"12-01-2012",5,5,4,4,5,4,5,6,8,8,7,6,6,11,12,15,12,7,7,6,6,5,7,5
"13-01-2012",5,4,5,5,5,6,6,8,11,57,56,126,61,32,21,16,10,13,14,12,14,16,8,9
"14-01-2012",6,6,5,5,5,5,6,5,5,5,5,5,5,6,8,9,7,6,5,4,5,4,5,5
"15-01-2012",5,4,4,4,4,5,5,5,6,7,13,8,7,7,6,6,6,6,6,7,7,7,6,5
"16-01-2012",5,5,5,4,4,5,5,7,6,7,7,9,8,7,7,7,6,6,6,6,5,5,5,5
"17-01-2012",4,4,5,4,4,5,6,7,13,61,35,22,16,8,7,7,6,6,6,5,5,5,5,6
"18-01-2012",5,5,5,5,4,5,9,14,32,121,82,10,10,10,8,7,6,7,6,6,5,5,5,8
"19-01-2012",7,5,4,4,5,5,6,11,9,12,42,70,32,30,20,14,10,10,8,8,6,8,6,5
"20-01-2012",5,5,5,5,5,6,5,6,8,12,31,50,39,42,21,21,9,6,6,5,5,5,5,5
"21-01-2012",5,5,4,4,5,6,8,38,5,6,8,10,8,6,7,6,6,5,6,6,5,6,6,5
"22-01-2012",4,4,4,4,4,4,5,6,5,13,14,9,16,28,17,8,5,7,8,10,53,5,10,5
"23-01-2012",5,5,5,4,4,4,5,5,7,9,6,36,47,46,22,20,12,9,16,7,8,9,9,7
"24-01-2012",7,6,6,7,6,5,5,7,9,8,58,97,48,60,48,69,73,57,19,48,23,14,8,6
"25-01-2012",8,5,5,5,7,34,12,9,10,9,8,6,6,6,6,6,5,5,5,5,5,5,5,5
"26-01-2012",5,4,5,5,5,4,5,6,6,5,5,7,6,5,5,5,5,5,5,5,4,4,5,5
"27-01-2012",4,5,4,4,4,4,5,5,6,6,6,7,6,6,6,6,5,5,5,6,8,8,7,6
"28-01-2012",6,5,5,4,5,5,5,6,6,7,7,7,7,7,8,6,6,7,7,6,8,7,6,8
"29-01-2012",5,5,5,5,5,4,4,5,6,6,6,6,6,7,6,6,9,7,6,5,5,5,5,4
"30-01-2012",4,4,5,5,4,5,4,7,7,7,5,6,5,6,6,6,6,8,8,8,7,7,6,5
"31-01-2012",5,4,5,4,5,5,6,10,9,11,32,21,14,12,8,5,5,7,10,10,9,8,11,8
"01-02-2012",7,5,5,5,5,5,7,9,9,11,14,11,8,4,6,6,7,8,8,7,6,6,7,6
"02-02-2012",6,5,5,5,5,6,5,6,7,7,7,7,7,8,9,8,8,10,7,8,9,10,11,10
"03-02-2012",6,6,6,4,5,5,5,7,7,9,10,26,30,46,48,-9999,-9999,19,17,32,22,54,19,12
"04-02-2012",23,32,15,7,13,13,16,19,8,8,10,9,11,8,7,6,7,7,7,8,37,45,8,6
"05-02-2012",6,6,6,6,6,7,9,7,6,11,8,10,9,7,9,13,9,13,13,18,13,60,32,11
"06-02-2012",8,8,6,6,6,8,13,10,15,8,6,7,6,7,7,6,6,6,7,6,6,6,6,6
"07-02-2012",6,6,5,6,6,6,5,7,6,6,8,7,8,7,7,6,6,6,6,6,6,7,7,6
"08-02-2012",6,6,6,6,6,6,6,8,7,9,8,7,7,8,12,10,8,7,7,7,7,8,7,7
"09-02-2012",7,6,6,6,7,7,7,9,10,9,8,7,7,7,8,7,7,8,8,9,9,10,8,6
"10-02-2012",6,7,6,7,6,6,7,7,7,8,8,8,11,9,8,8,7,6,6,8,8,9,10,7
"11-02-2012",6,7,6,6,6,6,6,7,9,9,9,10,11,13,9,9,9,9,8,8,8,7,9,7
"12-02-2012",8,7,6,6,9,6,7,9,8,12,15,15,16,17,19,20,15,15,17,11,13,12,10,7
"13-02-2012",7,6,6,6,6,6,11,11,8,18,21,18,32,72,28,18,19,17,14,7,7,6,6,6
"14-02-2012",6,6,6,5,6,6,6,6,11,17,23,40,45,31,21,17,13,8,9,8,9,11,19,10
"15-02-2012",10,11,7,6,6,8,9,8,8,8,10,21,20,15,10,9,8,7,6,6,6,6,6,6
"16-02-2012",7,6,6,6,6,5,6,6,6,16,12,7,6,7,7,7,6,6,6,6,7,7,7,6
"17-02-2012",6,6,6,6,6,6,7,8,7,7,7,7,7,7,8,7,6,7,6,6,7,7,6,5
"18-02-2012",6,6,6,7,7,6,8,9,8,25,29,14,8,7,7,7,7,6,7,6,6,6,6,6
"19-02-2012",6,6,6,6,7,6,6,7,7,7,7,8,10,7,7,7,7,8,8,7,7,6,6,7
"20-02-2012",7,7,6,7,7,7,8,8,37,23,22,34,17,25,9,11,8,8,11,11,10,8,8,8
"21-02-2012",7,6,7,6,6,6,9,8,9,8,13,14,12,8,6,7,7,6,7,8,9,8,8,6
"22-02-2012",6,5,5,6,6,6,6,6,7,10,8,10,6,8,10,8,8,7,7,7,8,7,6,6
"23-02-2012",5,6,6,5,5,6,5,6,8,8,9,11,10,8,7,6,7,6,6,7,7,8,7,6
"24-02-2012",6,5,6,5,6,5,6,8,9,6,6,6,6,6,6,6,6,6,6,6,6,6,6,6
"25-02-2012",6,5,6,5,5,5,6,7,11,10,13,6,6,6,6,6,5,6,6,6,6,6,6,5
"26-02-2012",5,5,5,5,6,5,6,5,5,6,6,6,7,6,6,6,6,7,7,7,7,6,7,7
"27-02-2012",6,5,5,6,5,5,6,6,6,6,6,6,7,6,6,6,6,6,6,6,6,6,6,6
"28-02-2012",6,5,5,6,6,6,6,7,6,6,7,6,6,6,7,6,6,6,7,6,6,6,6,6
"29-02-2012",6,6,5,6,6,6,6,8,8,18,14,12,9,7,7,7,6,6,6,6,6,6,6,6
"01-03-2012",6,6,6,5,6,6,6,9,9,7,7,7,6,7,8,7,6,7,6,7,6,6,6,6
"02-03-2012",5,5,6,6,5,5,6,7,9,44,33,14,15,11,12,11,10,9,8,9,7,6,6,6
"03-03-2012",6,6,6,5,5,6,6,6,7,8,7,7,7,6,6,6,6,6,6,6,6,6,5,6
"04-03-2012",5,5,5,6,6,5,6,8,6,6,6,7,8,7,8,7,6,7,7,7,6,6,5,6
"05-03-2012",5,6,6,6,6,6,7,8,8,14,36,52,40,33,27,19,15,11,8,9,10,9,9,7
"06-03-2012",6,6,6,6,6,6,6,7,7,9,7,7,7,8,7,7,6,6,6,7,6,6,6,6
"07-03-2012",6,6,6,6,6,6,7,7,8,7,7,7,7,7,7,7,7,7,7,7,7,7,10,7
"08-03-2012",6,6,5,6,6,6,6,7,8,7,7,6,7,7,8,7,7,7,7,6,7,7,7,7
"09-03-2012",6,6,6,6,6,6,6,7,8,7,7,7,7,17,14,10,7,7,7,7,7,8,8,8
"10-03-2012",7,7,6,6,6,6,6,6,7,9,10,7,7,8,13,8,7,7,6,7,6,7,7,7
"11-03-2012",6,6,6,6,6,6,6,6,6,6,6,7,6,6,6,7,6,8,7,7,8,8,7,6
"12-03-2012",6,5,6,5,6,6,6,6,6,7,6,7,6,6,7,7,6,7,7,6,7,8,7,6
"13-03-2012",6,6,6,5,6,6,6,7,6,8,6,7,6,6,6,7,6,7,7,8,7,10,6,6
"14-03-2012",6,5,6,6,6,6,6,6,6,7,6,7,6,6,7,7,7,6,6,6,6,6,6,6
"15-03-2012",5,5,5,5,5,5,6,7,7,7,7,7,7,7,7,7,6,8,7,7,7,6,6,6
"16-03-2012",6,6,5,5,5,6,6,9,8,7,8,12,9,8,7,6,6,6,6,6,6,6,8,7
"17-03-2012",6,6,6,7,5,5,6,6,6,6,6,6,7,7,7,6,6,6,7,8,8,8,7,6
"18-03-2012",6,6,6,5,5,6,7,7,8,14,15,13,9,7,6,6,7,7,7,8,8,8,7,6
"19-03-2012",7,7,7,7,8,7,9,12,23,28,18,10,12,8,7,8,9,7,10,11,9,7,7,7
"20-03-2012",7,7,6,5,5,5,6,6,12,11,27,30,23,13,9,7,6,6,6,5,5,6,6,5
"21-03-2012",5,5,5,5,5,5,5,6,12,9,8,9,9,9,10,8,7,7,8,7,6,6,6,7
"22-03-2012",6,5,5,5,5,5,5,6,7,7,7,7,7,6,6,6,6,6,6,6,6,5,5,5
"23-03-2012",6,5,5,6,6,5,5,6,11,7,6,7,6,6,6,6,6,6,6,6,6,5,5,6
"24-03-2012",6,5,5,5,5,5,5,6,7,9,10,13,7,7,6,6,6,6,5,5,5,5,6,6
"25-03-2012",6,5,6,5,5,6,5,5,7,11,12,8,6,6,6,6,6,5,6,6,6,6,6,6
"26-03-2012",5,5,5,5,5,5,6,-9999,6,6,6,6,6,6,6,6,6,6,6,6,6,5,6,5
"27-03-2012",5,5,8,6,5,5,5,6,6,6,8,10,9,8,7,6,6,6,6,6,6,6,6,6
"28-03-2012",6,5,6,6,5,6,6,6,6,6,6,6,7,6,7,6,6,6,6,5,6,5,5,5
"29-03-2012",5,5,5,5,5,6,6,6,6,7,10,10,7,7,7,6,6,6,6,6,6,5,5,5
"30-03-2012",6,5,5,5,5,5,5,5,6,6,8,8,7,7,6,6,6,6,6,5,6,5,5,5
"31-03-2012",5,5,5,5,5,5,6,6,7,14,23,19,17,11,7,7,6,6,5,6,5,5,5,6
"01-04-2012",5,5,5,5,5,6,6,5,6,6,7,7,6,6,7,6,6,5,5,6,6,6,5,5
"02-04-2012",5,5,5,5,5,6,6,7,7,6,6,7,7,6,6,6,5,6,5,6,7,6,6,5
"03-04-2012",6,5,6,5,5,6,6,6,8,6,8,6,6,7,6,6,7,6,6,6,6,7,8,8
"04-04-2012",6,6,6,6,5,6,6,6,6,21,13,11,10,10,12,14,10,14,21,7,7,9,6,6
"05-04-2012",6,6,6,6,6,5,6,7,11,18,10,9,7,8,6,7,7,6,7,6,6,6,6,6
"06-04-2012",7,6,6,5,5,6,6,6,6,6,6,7,6,6,9,7,7,7,7,8,8,8,7,6
"07-04-2012",6,6,5,5,5,5,6,6,5,9,11,10,6,7,6,6,5,5,6,6,6,5,5,5
"08-04-2012",5,5,5,5,5,5,5,5,6,6,6,6,6,6,6,6,6,6,5,6,6,6,6,5
"09-04-2012",5,5,5,5,5,5,5,5,6,11,6,6,6,6,6,6,6,6,6,6,6,6,6,6
"10-04-2012",6,5,5,5,5,6,6,5,6,7,7,8,13,9,7,6,6,6,6,5,6,5,5,6
"11-04-2012",6,5,5,5,5,5,5,6,6,6,6,6,6,6,5,5,6,6,6,5,5,5,5,5
"12-04-2012",5,6,6,5,6,5,5,6,6,7,9,12,7,7,6,6,6,6,6,6,6,6,6,6
"13-04-2012",6,6,5,5,5,5,6,5,6,6,6,6,6,6,8,7,6,8,7,6,5,5,5,5
"14-04-2012",5,5,5,5,5,5,5,5,5,5,6,6,5,6,6,5,5,5,6,5,5,5,5,5
"15-04-2012",5,5,5,5,5,5,5,5,5,5,6,5,5,5,5,5,5,5,5,5,5,5,5,5
"16-04-2012",5,6,6,5,5,5,5,5,6,5,5,5,5,5,5,5,5,5,5,6,5,5,5,5
"17-04-2012",5,5,5,5,5,5,5,5,5,5,5,6,6,6,6,5,6,6,6,6,6,6,5,6
"18-04-2012",5,5,5,5,5,5,5,6,6,5,5,5,5,6,6,6,6,6,6,6,6,5,5,5
"19-04-2012",5,5,5,5,5,5,6,6,6,7,7,7,6,6,6,6,5,5,6,5,5,5,5,5
"20-04-2012",5,5,5,5,5,5,5,5,5,5,5,8,6,7,6,5,5,6,6,5,5,5,5,5
"21-04-2012",5,5,5,5,5,5,5,10,5,7,7,6,6,5,5,5,5,5,6,6,5,5,5,5
"22-04-2012",5,5,5,5,5,5,5,5,5,6,7,8,7,6,6,5,5,5,5,6,5,5,5,5
"23-04-2012",5,5,5,5,5,5,5,7,6,8,10,7,6,6,6,6,5,6,6,5,5,5,5,5
"24-04-2012",5,5,6,5,6,5,5,5,6,6,8,9,7,6,6,6,5,5,5,5,5,5,6,7
"25-04-2012",6,5,6,6,5,5,6,7,7,-9999,-9999,-9999,-9999,-9999,4,4,3,4,4,4,4,4,3,4
"26-04-2012",3,3,3,3,3,3,3,3,3,4,4,4,4,4,4,4,5,4,4,4,4,3,3,3
"27-04-2012",3,3,3,3,3,3,3,4,4,5,7,5,4,4,4,4,3,4,3,3,4,4,4,5
"28-04-2012",4,4,3,3,3,3,3,4,6,4,3,3,5,4,5,5,5,3,4,4,4,4,3,3
"29-04-2012",3,3,3,3,3,3,3,3,4,4,4,3,4,4,3,3,4,4,4,3,4,3,3,4
"30-04-2012",3,3,3,3,3,3,3,4,4,10,12,7,8,5,5,4,3,3,4,4,4,4,3,3
"01-05-2012",3,3,3,3,3,3,3,3,3,4,4,4,4,4,4,3,3,3,4,3,4,3,3,3
"02-05-2012",3,3,3,3,3,3,3,5,5,13,16,11,7,6,5,4,4,4,4,4,4,4,3,3
"03-05-2012",3,3,3,3,3,3,3,3,4,4,8,7,6,6,5,3,4,3,3,4,4,3,3,4
"04-05-2012",4,3,3,3,3,3,3,3,4,6,8,4,4,4,4,4,4,3,4,4,4,3,3,3
"05-05-2012",4,3,4,4,4,4,4,4,5,11,11,9,5,5,4,4,4,4,4,4,3,3,3,4
"06-05-2012",4,3,3,4,3,3,4,4,4,5,5,4,4,4,4,4,4,4,4,4,4,4,3,3
"07-05-2012",3,3,3,3,3,3,3,3,7,11,20,17,11,5,4,4,4,4,4,4,4,3,3,3
"08-05-2012",3,3,3,3,3,3,2,8,9,18,10,8,5,5,4,4,4,4,4,4,4,4,4,5
"09-05-2012",4,3,3,3,4,4,4,4,4,4,4,4,5,5,5,4,5,4,4,4,4,3,4,3
"10-05-2012",3,3,3,3,3,3,4,4,4,5,19,9,9,5,4,4,4,4,4,4,4,3,3,3
"11-05-2012",3,3,3,3,3,3,4,5,4,4,4,4,4,3,4,3,3,4,3,4,4,3,3,3
"12-05-2012",3,3,3,3,3,3,3,3,5,4,4,4,5,4,4,4,4,4,4,4,4,4,3,3
"13-05-2012",3,3,3,3,3,3,3,3,4,7,13,7,4,5,4,4,4,3,4,4,4,4,3,3
"14-05-2012",3,3,3,3,3,3,4,4,4,4,4,4,4,4,4,4,3,4,4,6,3,3,3,3
"15-05-2012",3,3,3,3,3,3,3,4,9,6,6,4,5,4,3,4,4,4,4,4,4,3,4,3
"16-05-2012",3,4,3,3,3,2,3,5,4,4,6,5,5,4,4,4,4,3,4,3,4,3,3,3
"17-05-2012",3,3,3,3,3,3,4,5,4,6,6,5,6,4,4,4,3,4,3,4,3,3,3,3
"18-05-2012",3,3,3,3,3,3,3,3,3,4,4,4,3,4,6,4,4,4,3,4,4,3,4,4
"19-05-2012",3,3,3,3,3,3,3,3,3,4,4,4,4,5,4,3,3,3,4,3,4,4,3,3
"20-05-2012",3,3,4,3,3,3,3,3,6,9,5,5,4,4,4,4,4,4,3,3,4,3,3,3
"21-05-2012",3,4,5,3,4,4,4,12,8,18,13,7,4,4,4,4,3,4,5,5,4,4,3,4
"22-05-2012",4,3,3,4,4,3,3,4,3,3,3,4,3,4,4,4,4,4,4,3,4,4,4,3
"23-05-2012",3,3,2,3,3,3,4,4,7,8,5,4,3,4,4,3,3,4,3,3,3,3,3,3
"24-05-2012",3,3,3,3,3,3,4,5,7,6,6,4,4,4,3,3,4,3,3,3,4,3,3,4
"25-05-2012",4,4,3,4,4,4,4,4,7,19,12,7,5,5,5,5,5,4,3,4,3,3,3,3
"26-05-2012",3,3,3,3,3,3,3,4,4,4,4,3,4,4,4,4,4,4,5,5,5,3,4,5
"27-05-2012",4,4,4,3,3,3,4,5,5,6,5,5,4,4,4,4,4,4,4,4,4,3,3,4
"28-05-2012",4,3,3,3,3,3,3,4,7,6,4,4,4,2,4,4,4,3,4,4,4,3,3,4
"29-05-2012",3,3,3,3,3,3,3,4,4,5,7,11,8,5,4,4,4,4,4,4,4,3,4,3
"30-05-2012",3,4,3,3,3,3,4,7,4,4,4,7,5,6,-9999,-9999,-9999,-9999,-9999,-9999,-9999,-9999,-9999,-9999
"31-05-2012",-9999,-9999,-9999,-9999,-9999,-9999,-9999,-9999,-9999,-9999,-9999,-9999,-9999,-9999,-9999,-9999,-9999,-9999,-9999,-9999,-9999,-9999,-9999,-9999
"01-06-2012",-9999,-9999,-9999,-9999,-9999,-9999,-9999,-9999,-9999,-9999,-9999,-9999,-9999,-9999,-9999,-9999,-9999,-9999,-9999,-9999,-9999,-9999,-9999,-9999
"02-06-2012",-9999,-9999,-9999,-9999,-9999,-9999,-9999,-9999,-9999,-9999,-9999,-9999,-9999,-9999,-9999,-9999,-9999,-9999,-9999,-9999,-9999,-9999,-9999,-9999
"03-06-2012",-9999,-9999,-9999,-9999,-9999,-9999,-9999,-9999,-9999,-9999,-9999,-9999,-9999,-9999,-9999,-9999,-9999,-9999,-9999,-9999,-9999,-9999,-9999,-9999
"04-06-2012",-9999,-9999,-9999,-9999,-9999,-9999,-9999,-9999,-9999,-9999,-9999,-9999,-9999,-9999,-9999,-9999,-9999,-9999,-9999,-9999,-9999,-9999,-9999,-9999
"05-06-2012",-9999,-9999,-9999,-9999,-9999,-9999,-9999,-9999,-9999,-9999,-9999,-9999,-9999,-9999,-9999,-9999,-9999,-9999,-9999,-9999,-9999,-9999,-9999,-9999
"06-06-2012",-9999,-9999,-9999,-9999,-9999,-9999,-9999,-9999,-9999,-9999,-9999,-9999,-9999,-9999,-9999,-9999,-9999,-9999,-9999,-9999,-9999,-9999,-9999,-9999
"07-06-2012",-9999,-9999,-9999,-9999,-9999,-9999,-9999,-9999,-9999,-9999,3,3,4,5,5,5,4,4,4,4,3,4,4,4
"08-06-2012",4,4,4,4,4,5,5,8,17,14,7,6,7,5,4,4,5,4,4,4,4,4,4,4
"09-06-2012",3,3,3,4,4,3,4,4,5,13,12,15,9,5,4,4,4,4,4,4,5,5,4,4
"10-06-2012",4,3,4,4,4,4,4,4,5,7,5,4,4,4,4,4,4,4,4,5,4,4,5,4
"11-06-2012",5,4,3,4,4,3,4,4,6,8,6,5,4,5,5,4,5,5,4,5,4,4,5,3
"12-06-2012",3,4,3,4,4,3,4,5,6,5,4,8,6,5,5,4,4,3,4,4,4,4,3,3
"13-06-2012",3,3,4,4,3,3,3,4,9,17,8,7,4,4,4,4,5,4,4,5,6,4,4,5
"14-06-2012",3,3,3,3,3,3,3,4,4,4,4,4,4,4,4,4,4,4,4,4,4,4,3,3
"15-06-2012",4,4,3,4,3,4,5,4,6,8,5,5,5,4,5,4,4,4,4,4,4,5,4,4
"16-06-2012",4,4,5,3,4,4,5,4,6,5,4,4,5,4,4,4,4,4,4,4,4,3,4,3
"17-06-2012",3,3,4,3,4,4,3,3,4,4,4,5,4,4,4,4,4,3,4,4,4,4,3,4
"18-06-2012",3,3,3,3,3,3,4,4,4,5,8,6,4,4,4,4,4,4,4,4,4,3,3,3
"19-06-2012",3,4,3,3,4,4,4,4,4,4,4,5,4,4,4,4,4,3,4,4,4,4,4,4
"20-06-2012",4,3,3,3,3,3,3,3,4,4,4,4,3,5,4,4,4,4,4,4,3,3,3,3
"21-06-2012",3,3,3,3,3,4,3,4,4,4,4,4,4,4,4,4,4,4,4,5,4,3,3,3
"22-06-2012",3,3,3,3,4,3,4,4,4,24,13,4,4,3,4,4,4,4,4,4,4,3,3,3
"23-06-2012",3,3,3,3,4,4,4,4,4,5,4,5,4,4,4,4,4,4,3,3,4,3,4,3
"24-06-2012",4,2,3,3,4,4,3,3,4,3,5,4,4,4,4,4,4,10,5,6,5,4,5,4
"25-06-2012",4,3,4,4,4,4,4,5,5,11,10,7,6,5,5,4,4,4,4,4,5,5,5,4
"26-06-2012",4,3,3,3,4,4,3,4,13,22,9,4,4,4,5,4,5,4,3,4,4,3,4,3
"27-06-2012",4,3,3,4,3,4,4,4,4,4,4,4,4,4,4,4,4,4,4,4,4,3,3,4
"28-06-2012",4,4,3,3,4,3,4,4,4,4,5,4,4,4,4,4,4,4,4,4,4,3,4,4
"29-06-2012",3,4,4,4,4,3,4,4,6,14,8,7,5,6,5,4,4,4,4,4,4,4,3,4
"30-06-2012",4,3,4,3,4,4,4,3,5,5,4,4,4,4,4,4,4,4,4,4,4,4,3,4
"01-07-2012",3,3,3,3,4,4,3,4,4,5,4,4,4,4,4,4,4,4,4,4,4,4,3,4
"02-07-2012",3,3,3,4,4,4,4,5,6,5,5,4,4,4,4,4,4,3,3,4,4,3,4,4
"03-07-2012",4,4,3,3,3,3,3,4,4,6,4,5,3,4,4,4,4,4,4,4,4,4,3,3
"04-07-2012",3,3,3,3,3,3,3,3,5,11,10,6,4,4,4,4,3,4,4,4,4,4,4,4
"05-07-2012",4,3,3,3,3,3,4,3,6,15,19,11,5,5,5,4,5,4,4,4,4,4,3,3
"06-07-2012",3,4,5,4,4,3,4,4,4,8,5,5,4,4,4,4,4,4,4,4,4,3,6,5
"07-07-2012",5,4,6,4,4,4,6,5,4,9,6,4,5,5,4,4,4,4,4,4,4,4,4,4
"08-07-2012",5,5,4,3,3,4,3,2,6,15,6,4,4,4,4,4,3,4,4,4,3,4,3,3
"09-07-2012",4,3,3,4,3,3,3,4,4,6,6,5,4,5,4,5,4,4,4,4,5,4,4,4
"10-07-2012",4,4,6,6,3,4,4,3,3,5,4,4,4,4,4,4,4,4,4,4,4,3,5,4
"11-07-2012",4,3,3,3,4,3,4,4,4,4,5,5,5,4,4,5,4,4,4,4,4,4,3,3
"12-07-2012",3,3,3,3,3,3,3,4,5,-9999,-9999,-9999,-9999,-9999,-9999,-9999,-9999,-9999,-9999,-9999,-9999,-9999,-9999,-9999
"13-07-2012",-9999,-9999,-9999,-9999,-9999,-9999,-9999,-9999,-9999,-9999,-9999,-9999,-9999,3,3,3,3,3,3,4,3,5,7,4
"14-07-2012",3,3,3,4,3,3,4,3,4,6,5,5,4,4,3,4,4,3,3,3,3,4,6,5
"15-07-2012",4,3,3,3,4,3,3,3,4,5,4,4,3,4,4,3,4,3,3,3,4,8,4,4
"16-07-2012",4,3,2,2,2,2,3,4,3,11,10,8,4,4,4,3,4,4,3,3,3,3,3,3
"17-07-2012",3,2,2,2,3,3,2,2,3,4,3,3,3,4,3,4,4,4,4,4,4,4,3,3
"18-07-2012",4,4,3,2,3,2,3,2,3,3,4,3,3,4,3,4,4,2,3,3,3,3,3,3
"19-07-2012",3,3,3,4,3,3,3,4,6,7,6,5,3,4,4,4,3,3,4,4,3,3,3,3
"20-07-2012",3,3,2,3,3,2,3,2,2,7,6,3,4,4,4,3,4,4,4,3,3,3,2,2
"21-07-2012",3,2,2,3,3,3,3,3,4,7,5,4,4,4,3,3,4,2,3,3,3,3,3,3
"22-07-2012",2,3,2,3,2,2,2,3,3,4,4,4,4,3,4,3,3,3,3,3,3,5,8,3
"23-07-2012",4,3,2,8,3,3,3,3,3,3,3,4,3,4,2,4,3,3,4,3,3,3,3,3
"24-07-2012",4,3,3,2,3,4,3,3,3,3,3,4,3,4,4,3,3,3,3,4,7,8,6,4
"25-07-2012",1,3,3,3,3,3,4,4,7,5,4,4,3,4,3,4,3,4,3,4,4,4,4,3
"26-07-2012",4,5,4,3,3,3,3,3,3,4,4,4,4,4,4,4,3,3,3,4,4,4,4,3
"27-07-2012",3,2,2,3,2,3,3,3,3,4,3,4,3,5,4,4,4,4,3,4,3,3,3,4
"28-07-2012",4,4,3,3,3,3,3,3,3,3,3,5,4,4,4,4,4,3,3,4,3,3,3,3
"29-07-2012",3,2,3,2,3,3,3,3,4,4,4,3,3,3,3,4,3,3,3,4,3,4,2,3
"30-07-2012",3,2,3,3,3,2,3,3,3,3,4,5,4,4,4,3,4,3,3,3,4,3,4,4
"31-07-2012",3,3,2,2,3,3,3,3,3,4,4,4,4,4,4,4,3,3,3,5,4,4,4,4
"01-08-2012",6,4,2,3,3,3,4,4,5,4,4,4,4,3,4,4,3,4,4,4,4,3,3,3
"02-08-2012",3,3,2,2,3,3,4,4,4,6,10,10,5,4,4,4,4,4,4,3,3,4,4,4
"03-08-2012",3,3,3,4,4,3,3,3,7,22,18,7,5,3,4,4,3,3,3,3,4,3,3,3
"04-08-2012",3,2,3,2,2,4,3,3,3,3,5,5,3,3,3,3,4,3,3,4,3,3,2,2
"05-08-2012",3,3,3,3,3,3,3,3,3,3,4,4,4,4,4,3,3,3,3,3,3,3,2,2
"06-08-2012",2,3,2,2,2,3,2,3,3,3,5,6,4,3,3,4,3,4,4,4,3,4,2,3
"07-08-2012",3,3,2,3,2,2,2,3,2,5,11,14,7,4,4,4,3,4,3,3,2,3,2,3
"08-08-2012",2,2,2,2,2,3,3,3,3,3,10,5,4,4,4,4,4,3,3,3,3,2,2,3
"09-08-2012",3,3,3,3,3,3,3,4,4,4,4,4,4,4,4,4,4,3,4,7,5,4,4,4
"10-08-2012",4,3,10,4,3,3,3,4,4,4,19,4,5,4,4,4,4,4,3,3,3,3,3,3
"11-08-2012",3,3,3,4,3,3,4,4,2,3,4,4,4,4,3,4,3,4,3,3,3,3,3,3
"12-08-2012",3,3,4,3,3,2,3,3,3,3,3,3,4,3,4,3,3,3,3,3,3,3,2,2
"13-08-2012",4,3,3,2,3,2,3,3,3,3,5,4,4,4,3,3,4,3,4,3,4,3,3,3
"14-08-2012",3,2,3,3,3,3,2,4,4,6,6,5,4,4,3,3,3,3,3,3,4,3,3,3
"15-08-2012",3,3,3,3,3,3,2,3,2,3,4,4,3,4,3,3,4,4,3,3,4,3,3,2
"16-08-2012",3,3,3,3,2,2,3,3,3,4,6,6,4,4,4,4,3,4,4,3,4,3,3,3
"17-08-2012",3,3,4,4,3,3,3,3,7,3,8,5,4,3,3,3,4,4,4,4,4,3,2,3
"18-08-2012",3,3,2,3,3,3,3,4,3,3,3,3,3,3,4,3,4,3,3,3,4,3,3,3
"19-08-2012",3,3,3,3,3,3,3,3,3,5,5,4,3,3,3,3,3,3,3,4,4,3,2,3
"20-08-2012",3,3,2,2,3,2,4,4,5,11,5,4,4,4,3,3,4,4,4,4,4,3,3,3
"21-08-2012",2,2,4,2,3,3,3,3,3,5,6,4,5,5,4,4,4,3,4,4,4,4,4,3
"22-08-2012",3,2,3,2,3,2,3,3,3,5,7,8,5,4,4,4,3,3,3,4,3,3,3,3
"23-08-2012",2,3,3,3,3,3,3,3,3,4,4,7,6,4,4,4,4,3,3,4,1,3,4,3
"24-08-2012",3,3,3,1,3,3,5,3,3,5,6,9,5,4,4,4,5,3,3,3,4,3,3,3
"25-08-2012",3,3,3,3,2,3,3,3,3,4,4,4,4,4,4,4,3,3,3,4,4,3,3,3
"26-08-2012",3,3,2,3,2,2,3,3,3,4,4,4,3,3,3,4,3,4,4,4,3,3,3,2
"27-08-2012",3,2,2,4,3,2,4,4,3,4,3,3,4,3,4,4,4,3,4,3,4,3,3,3
"28-08-2012",2,3,3,3,3,3,3,4,3,4,3,3,4,4,4,3,3,3,3,3,4,3,4,3
"29-08-2012",3,3,4,4,4,4,5,4,4,6,5,4,4,4,4,4,3,3,3,3,3,3,3,4
"30-08-2012",3,3,3,5,3,3,3,4,4,9,12,6,5,4,4,3,3,4,4,3,5,4,3,3
"31-08-2012",3,3,3,4,2,3,3,5,5,11,6,5,4,4,4,4,4,4,3,4,4,3,3,3
"01-09-2012",5,4,3,3,3,3,3,2,4,5,6,4,5,4,3,4,3,4,4,6,5,3,3,3
"02-09-2012",3,3,2,2,3,3,3,3,4,4,5,3,4,4,4,3,3,4,3,3,4,2,3,3
"03-09-2012",3,3,3,2,2,3,3,3,3,6,5,4,4,5,4,4,3,4,3,4,4,4,3,3
"04-09-2012",3,3,3,3,3,3,3,3,3,4,11,5,5,5,4,4,4,3,3,4,4,3,3,3
"05-09-2012",3,4,5,4,3,4,3,4,3,5,6,4,4,4,4,4,3,4,3,4,5,3,4,3
"06-09-2012",3,3,2,3,3,3,3,3,4,5,6,6,4,4,4,3,4,3,3,3,4,4,4,3
"07-09-2012",4,3,3,3,3,3,3,3,4,4,4,3,4,4,4,4,4,4,3,4,4,3,4,3
"08-09-2012",3,3,3,3,3,3,3,3,3,3,4,3,3,4,4,3,3,4,4,3,4,4,4,3
"09-09-2012",4,3,3,3,3,3,3,3,3,5,6,6,4,4,4,4,4,3,4,4,4,3,3,3
"10-09-2012",3,2,3,3,3,3,4,4,3,4,4,3,4,3,4,4,3,3,3,4,4,3,2,2
"11-09-2012",3,3,2,3,2,3,3,4,5,11,7,6,4,5,4,4,4,3,4,3,3,2,2,3
"12-09-2012",3,3,3,3,3,3,3,5,5,7,9,5,4,3,4,4,4,3,3,4,3,4,3,3
"13-09-2012",3,4,3,3,2,3,4,4,3,3,3,3,3,3,4,3,3,3,3,3,4,4,4,3
"14-09-2012",3,3,3,3,4,4,3,3,3,7,3,4,4,4,4,5,5,4,4,5,5,6,4,3
"15-09-2012",3,3,3,3,2,3,3,2,3,2,3,3,4,3,3,4,3,3,4,7,4,3,4,4
"16-09-2012",3,4,4,4,3,4,5,5,5,5,6,6,5,5,5,5,4,5,5,4,4,3,4,3
"17-09-2012",4,4,4,3,4,3,4,4,3,4,4,6,12,9,6,5,4,4,4,4,4,3,3,3
"18-09-2012",3,3,4,5,37,4,3,4,5,5,5,23,16,8,6,3,4,3,4,3,4,2,3,2
"19-09-2012",3,3,3,2,3,3,3,3,4,3,4,3,3,4,4,3,4,3,3,4,4,3,3,3
"20-09-2012",2,3,3,2,3,2,2,4,6,11,17,6,4,4,4,4,3,3,3,4,4,4,3,3
"21-09-2012",3,3,2,3,2,2,3,4,4,4,5,4,4,4,5,5,5,4,4,4,3,4,3,2
"22-09-2012",3,2,2,2,2,2,2,3,2,3,4,3,4,3,4,4,5,4,4,4,4,4,3,4
"23-09-2012",3,3,3,3,3,3,2,3,7,10,15,15,13,4,5,5,4,5,3,4,3,3,3,2
"24-09-2012",3,3,3,2,3,3,3,4,7,6,7,13,11,5,4,4,4,5,4,5,4,4,4,3
"25-09-2012",3,2,3,4,3,3,2,4,4,6,8,7,10,6,6,6,6,5,5,5,4,4,4,3
"26-09-2012",3,2,2,3,3,3,3,3,3,13,29,8,4,4,4,4,4,3,5,5,4,3,3,3
"27-09-2012",2,3,2,3,2,3,3,3,4,3,4,6,7,5,4,4,4,4,4,4,3,3,2,2
"28-09-2012",2,3,3,3,3,3,2,3,5,3,8,13,5,6,7,6,4,4,4,4,4,4,3,3
"29-09-2012",3,3,3,3,2,3,3,3,4,4,4,4,4,4,4,4,3,3,3,3,4,4,3,3
"30-09-2012",2,3,3,2,3,2,2,3,4,4,6,5,6,5,5,4,4,4,7,3,3,3,2,3
"01-10-2012",4,5,3,2,3,3,2,2,5,4,17,24,18,9,5,5,4,3,3,4,3,3,3,2
"02-10-2012",3,2,2,3,3,2,3,3,4,5,6,6,3,5,4,4,4,4,7,8,6,4,4,3
"03-10-2012",3,3,3,2,3,3,3,4,5,18,17,25,6,4,4,5,4,4,3,4,4,4,3,2
"04-10-2012",2,3,3,2,3,3,3,3,4,4,4,3,4,6,5,5,5,4,4,4,4,3,3,3
"05-10-2012",2,3,3,3,3,3,3,3,4,14,46,34,22,10,6,6,4,4,4,4,4,3,2,3
"06-10-2012",3,2,2,2,3,3,4,3,4,4,10,6,5,4,3,4,3,3,5,3,4,3,4,3
"07-10-2012",3,2,3,2,2,1,3,2,2,3,4,3,4,4,3,4,4,3,4,4,4,3,3,2
"08-10-2012",2,2,4,3,4,3,5,3,3,3,4,3,4,4,4,3,3,3,3,3,3,3,2,3
"09-10-2012",3,3,3,3,3,2,3,3,4,5,4,6,4,5,5,3,4,4,4,4,4,4,4,3
"10-10-2012",3,2,3,3,3,4,4,5,5,11,17,62,16,8,8,6,5,6,5,4,4,3,3,4
"11-10-2012",4,3,4,4,4,5,6,5,7,6,8,11,13,8,7,5,4,4,4,4,4,3,3,2
"12-10-2012",3,3,3,2,3,3,3,3,4,4,3,4,3,4,4,4,3,3,3,4,4,3,3,3
"13-10-2012",3,3,3,2,3,3,3,3,4,4,7,11,7,6,5,4,3,4,3,3,4,3,3,3
"14-10-2012",3,3,3,2,2,3,4,4,3,3,4,4,6,3,4,4,3,3,3,3,4,2,2,2
"15-10-2012",3,2,3,3,2,3,3,3,4,5,8,10,8,6,7,13,7,4,4,5,5,3,3,3
"16-10-2012",3,4,3,3,4,3,4,4,4,8,8,22,16,20,9,8,7,7,6,4,3,4,3,3
"17-10-2012",3,2,2,3,3,3,3,4,4,5,20,14,30,17,12,7,5,5,5,4,4,3,2,3
"18-10-2012",3,3,3,3,3,3,2,3,3,4,5,10,9,6,5,4,4,3,4,4,4,4,3,3
"19-10-2012",3,3,3,3,3,3,3,3,3,5,5,5,4,5,5,5,4,4,4,4,3,3,3,3
"20-10-2012",3,3,3,2,3,3,3,4,3,4,6,12,11,7,6,6,4,4,4,3,4,5,4,4
"21-10-2012",4,3,3,3,2,3,3,2,3,3,4,5,5,5,4,4,3,4,4,4,4,3,3,3
"22-10-2012",3,3,3,3,2,2,3,4,4,5,8,6,11,8,8,5,4,4,4,4,4,3,3,3
"23-10-2012",3,3,3,3,3,3,4,4,3,3,5,5,8,5,5,5,5,4,4,4,4,4,3,2
"24-10-2012",3,3,3,3,3,3,3,4,7,3,25,9,8,7,6,5,3,4,4,4,4,3,3,3
"25-10-2012",3,3,3,3,3,3,2,3,10,9,11,10,6,5,4,4,4,4,4,3,4,3,3,3
"26-10-2012",3,3,2,3,2,2,2,2,3,4,7,12,8,7,6,5,3,4,4,4,4,4,3,3
"27-10-2012",3,2,3,2,2,2,3,2,2,4,4,4,5,4,4,4,4,3,3,3,3,2,2,3
"28-10-2012",3,2,2,3,3,3,3,3,2,3,3,3,3,4,4,4,3,4,3,7,5,3,3,2
"29-10-2012",3,3,3,2,2,3,2,3,2,2,-9999,-9999,-9999,-9999,-9999,-9999,-9999,-9999,-9999,-9999,-9999,-9999,-9999,-9999
"30-10-2012",-9999,-9999,-9999,-9999,-9999,-9999,-9999,-9999,-9999,-9999,-9999,-9999,-9999,-9999,-9999,-9999,-9999,-9999,-9999,-9999,-9999,-9999,-9999,-9999
"31-10-2012",-9999,-9999,-9999,-9999,-9999,-9999,-9999,-9999,-9999,-9999,-9999,-9999,-9999,-9999,-9999,-9999,-9999,-9999,-9999,-9999,-9999,-9999,-9999,-9999
"01-11-2012",-9999,-9999,-9999,-9999,-9999,-9999,-9999,-9999,-9999,-9999,-9999,-9999,-9999,-9999,-9999,-9999,-9999,-9999,-9999,-9999,-9999,-9999,-9999,-9999
"02-11-2012",-9999,-9999,-9999,-9999,-9999,-9999,-9999,-9999,-9999,-9999,-9999,-9999,-9999,-9999,12,7,4,4,3,4,3,3,3,3
"03-11-2012",2,3,2,2,2,1,1,1,2,6,20,18,10,5,4,3,3,3,2,3,3,2,2,2
"04-11-2012",2,2,2,1,2,1,1,1,2,2,5,4,3,3,3,3,3,2,3,3,3,2,3,2
"05-11-2012",1,2,1,2,2,1,1,2,7,4,7,4,3,4,4,3,3,3,2,3,2,2,2,2
"06-11-2012",2,1,2,1,2,1,2,2,5,3,2,7,6,4,5,4,4,5,3,3,2,2,2,2
"07-11-2012",3,3,2,2,3,2,3,3,5,9,31,25,4,2,2,3,3,2,2,3,3,2,2,2
"08-11-2012",1,2,1,1,1,2,2,2,3,3,3,3,2,3,3,3,2,2,4,4,3,3,3,2
"09-11-2012",2,2,2,2,2,2,1,2,4,15,38,23,13,12,10,12,6,4,3,4,2,2,2,3
"10-11-2012",1,2,2,2,2,2,2,2,3,4,3,3,3,3,3,3,3,4,4,4,3,3,3,3
"11-11-2012",3,1,2,3,2,2,2,2,4,11,5,8,5,4,3,3,3,3,5,5,4,6,4,3
"12-11-2012",2,2,2,1,2,1,2,3,5,8,52,11,13,9,6,4,5,5,7,5,4,6,12,5
"13-11-2012",4,3,2,2,3,2,2,3,9,5,26,38,23,12,16,13,8,7,7,7,6,5,4,4
"14-11-2012",4,2,3,3,2,2,2,4,5,6,58,30,30,15,4,4,5,4,6,2,1,5,4,12
"15-11-2012",5,2,2,2,2,2,2,2,6,3,3,3,3,2,3,2,3,3,3,3,3,4,3,3
"16-11-2012",3,3,3,3,2,2,2,2,6,13,11,3,3,3,3,4,4,4,3,5,7,6,6,3
"17-11-2012",2,2,2,2,1,2,3,3,3,3,3,4,3,24,3,4,4,42,3,4,4,4,3,4
"18-11-2012",3,3,2,2,2,2,2,2,3,3,2,3,4,4,3,4,4,4,6,5,7,7,9,6
"19-11-2012",3,2,2,1,2,2,2,4,3,6,7,-9999,-9999,-9999,10,9,7,8,8,6,8,19,39,31
"20-11-2012",4,4,3,2,2,2,3,3,3,3,3,3,3,3,3,3,3,3,3,3,2,3,3,3
"21-11-2012",2,2,2,2,2,2,2,3,3,2,2,4,4,5,6,7,5,4,4,4,4,5,5,4
"22-11-2012",3,2,2,3,2,2,4,4,6,14,15,18,16,6,6,4,4,4,5,5,3,4,4,3
"23-11-2012",9,3,2,2,2,3,5,6,8,5,3,4,5,4,4,3,3,3,3,4,3,4,4,3
"24-11-2012",2,2,2,2,2,3,3,3,3,5,14,20,8,4,3,3,4,3,3,3,4,2,3,3
"25-11-2012",3,3,2,2,2,2,2,2,3,4,3,2,3,3,3,3,3,3,4,6,5,4,5,4
"26-11-2012",3,3,5,5,3,3,3,7,18,16,12,13,20,13,7,5,3,4,5,6,6,4,5,4
"27-11-2012",4,3,2,3,3,2,3,3,8,9,5,9,20,14,5,4,4,4,3,3,2,3,2,3
"28-11-2012",2,1,2,2,2,2,2,5,7,6,7,4,9,8,6,5,8,4,4,3,2,2,3,2
"29-11-2012",2,2,2,2,2,2,2,2,2,2,3,2,3,3,2,2,2,2,2,2,2,3,1,2
"30-11-2012",2,2,2,2,2,2,2,3,3,12,9,2,3,3,2,2,2,2,2,2,2,2,2,2
"01-12-2012",2,2,2,2,2,2,2,2,3,2,6,5,4,4,4,3,3,19,3,3,3,3,3,2
"02-12-2012",2,2,2,2,2,2,2,21,8,5,5,5,14,14,5,4,10,9,5,5,6,4,5,4
"03-12-2012",3,3,3,4,3,3,3,3,4,4,4,4,4,4,4,4,3,3,4,3,3,3,3,3
"04-12-2012",3,3,3,2,2,3,3,4,4,4,5,5,4,4,4,4,5,5,4,5,4,5,4,5
"05-12-2012",3,3,2,3,3,3,3,3,4,4,56,132,26,18,47,49,22,26,32,89,35,6,13,3
"06-12-2012",3,3,2,2,3,3,3,3,6,13,5,4,4,6,5,5,4,5,5,5,6,6,4,4
"07-12-2012",4,3,3,2,3,3,3,3,3,3,4,4,4,4,4,4,4,4,5,5,6,5,4,6
"08-12-2012",4,4,4,5,3,3,5,4,6,8,11,31,65,19,8,6,8,6,5,4,4,4,3,3
"09-12-2012",3,3,3,3,3,3,3,3,3,4,8,5,5,6,7,6,6,5,4,3,4,3,3,3
"10-12-2012",3,3,3,3,3,3,3,4,3,4,5,4,4,4,4,3,4,4,4,3,3,3,3,3
"11-12-2012",4,4,4,3,3,3,3,4,3,30,36,35,27,25,60,73,44,13,4,3,5,59,4,3
"12-12-2012",3,2,2,2,2,2,4,4,4,5,5,5,5,4,4,4,4,3,4,3,3,3,3,3
"13-12-2012",3,3,2,2,3,2,3,3,3,3,4,4,4,4,4,4,4,5,6,4,5,6,5,5
"14-12-2012",3,4,3,3,3,3,4,3,6,25,14,47,61,38,36,56,36,28,18,22,9,17,10,8
"15-12-2012",5,4,10,5,5,5,37,8,10,67,28,62,41,48,46,10,59,24,9,38,78,151,26,8
"16-12-2012",76,36,32,16,41,5,4,7,22,65,14,15,26,33,32,79,32,70,49,32,11,8,42,51
"17-12-2012",7,5,5,3,4,4,12,30,22,57,17,12,42,29,24,20,21,7,11,5,9,6,5,5
"18-12-2012",4,3,3,3,3,3,3,4,4,4,3,4,3,3,3,3,3,3,3,4,4,4,4,3
"19-12-2012",3,3,2,2,2,2,3,3,3,4,3,4,4,4,4,3,3,3,3,3,3,3,2,2
"20-12-2012",2,2,2,2,3,2,2,3,4,4,5,4,4,4,4,4,4,4,3,4,3,6,4,3
"21-12-2012",3,2,2,2,2,3,4,4,4,4,7,23,15,13,10,7,4,7,17,10,9,6,5,4
"22-12-2012",3,3,3,3,3,3,2,4,4,5,5,5,4,4,4,4,3,4,4,4,4,4,4,4
"23-12-2012",3,3,3,3,3,3,3,4,4,4,4,3,4,4,5,6,4,7,11,6,6,5,5,5
"24-12-2012",5,3,3,3,3,3,3,3,5,8,52,30,27,26,11,11,9,10,8,8,6,6,11,6
"25-12-2012",5,4,4,3,3,3,3,3,4,5,7,16,17,13,10,8,5,5,4,5,5,4,4,3
"26-12-2012",4,3,3,3,3,3,3,3,4,4,5,5,6,4,4,10,11,16,7,6,7,7,6,5
"27-12-2012",5,4,4,4,4,3,3,3,7,7,14,40,57,29,21,12,8,8,11,8,6,4,4,5
"28-12-2012",4,4,3,3,3,3,3,4,4,3,15,36,18,17,10,6,24,5,5,6,8,83,8,5
"29-12-2012",8,3,3,3,2,3,2,3,3,3,3,3,3,3,3,3,3,3,4,4,3,3,3,3
"30-12-2012",3,3,2,2,3,2,2,3,3,3,3,3,3,4,3,4,3,3,6,5,4,4,3,3
"31-12-2012",3,3,3,2,2,2,3,3,4,10,17,19,58,24,30,25,15,6,7,9,27,9,5,6
