"01-01-2014",3,3,3,3,3,3,3,3,3,4,5,5,4,3,4,3,5,4,5,5,6,5,4,6
"02-01-2014",5,5,4,5,4,4,4,16,16,24,15,11,6,6,4,4,4,12,6,8,7,6,6,5
"03-01-2014",5,4,4,3,5,6,6,16,10,8,5,4,4,4,4,6,6,20,25,25,20,16,7,5
"04-01-2014",4,3,4,4,3,4,4,6,7,10,7,5,4,4,4,4,5,4,16,22,52,43,24,42
"05-01-2014",12,10,9,6,5,4,6,6,6,7,6,6,5,5,5,4,4,6,6,5,6,6,6,4
"06-01-2014",4,3,3,3,3,3,5,4,15,16,6,5,5,5,5,5,4,4,5,4,5,6,4,6
"07-01-2014",4,4,4,3,5,15,7,5,48,32,12,9,5,5,5,4,5,4,7,9,9,7,6,3
"08-01-2014",3,4,3,3,3,6,10,13,27,23,15,10,8,8,8,8,7,11,7,9,10,4,5,4
"09-01-2014",3,3,3,3,3,4,4,6,21,13,11,12,9,8,8,6,8,5,11,28,69,79,145,85
"10-01-2014",-9999,-9999,-9999,-9999,6,7,16,23,29,32,24,20,13,9,7,6,12,14,28,11,14,12,7,14
"11-01-2014",5,4,3,3,3,4,28,20,8,8,6,7,6,5,4,4,4,5,8,31,38,31,54,34
"12-01-2014",30,18,8,7,7,8,10,12,18,23,16,7,4,4,4,4,4,12,19,37,34,33,43,31
"13-01-2014",18,10,7,4,4,5,21,18,24,23,16,12,12,6,5,5,6,5,23,91,51,30,17,33
"14-01-2014",31,11,11,21,7,10,21,37,45,42,17,16,14,8,5,5,5,8,6,16,40,51,78,33
"15-01-2014",6,4,3,4,4,4,16,40,103,33,44,22,20,15,22,27,22,14,9,12,15,12,7,9
"16-01-2014",6,4,4,4,5,7,27,41,33,39,21,9,6,5,7,7,5,9,21,8,10,28,45,45
"17-01-2014",22,56,31,23,30,34,68,86,92,80,42,25,14,7,6,7,6,41,37,53,59,35,8,33
"18-01-2014",27,16,6,6,6,5,8,8,10,10,7,6,4,4,5,5,8,13,10,7,13,14,23,17
"19-01-2014",15,14,8,5,6,6,7,7,7,9,11,9,5,3,3,4,5,4,6,5,6,5,3,5
"20-01-2014",4,3,3,3,4,12,15,54,29,20,24,21,10,11,6,7,8,16,17,21,48,36,39,18
"21-01-2014",6,6,8,5,5,6,10,54,108,56,22,5,4,5,3,9,5,5,6,6,5,8,6,4
"22-01-2014",3,3,4,5,4,9,20,43,86,50,53,41,31,30,15,13,5,13,46,47,38,67,58,28
"23-01-2014",6,13,17,13,12,32,57,49,40,73,89,31,22,9,5,5,7,12,18,26,57,100,65,9
"24-01-2014",35,10,7,12,11,32,37,65,73,104,159,78,28,17,9,8,7,3,3,3,3,3,3,3
"25-01-2014",3,3,3,4,4,4,4,7,5,8,6,6,5,3,3,3,3,3,3,3,3,3,3,3
"26-01-2014",3,3,3,3,3,3,3,3,-9999,-9999,-9999,-9999,-9999,-9999,-9999,-9999,-9999,3,3,3,3,3,3,3
"27-01-2014",3,3,3,3,3,3,4,4,5,5,5,6,7,6,6,6,5,6,5,6,6,5,4,4
"28-01-2014",3,3,4,3,4,5,8,14,18,15,21,35,46,33,18,8,21,14,8,6,5,4,4,3
"29-01-2014",3,3,3,3,3,4,8,20,48,29,15,10,8,7,6,4,5,5,14,44,20,46,49,46
"30-01-2014",13,10,11,7,7,9,35,10,39,33,32,19,22,16,5,4,4,3,3,3,3,3,3,3
"31-01-2014",3,3,3,3,3,3,5,5,5,5,5,5,5,5,5,4,4,3,3,3,3,3,3,3
"01-02-2014",3,3,3,3,3,3,3,3,3,4,4,5,8,6,5,5,5,6,5,5,5,5,5,5
"02-02-2014",3,3,3,3,3,3,3,3,4,5,5,5,4,4,4,4,4,5,5,5,5,7,16,14
"03-02-2014",9,9,6,9,8,12,78,69,75,59,17,11,6,5,7,7,7,11,9,33,33,3,3,3
"04-02-2014",3,3,4,3,3,6,13,23,8,5,5,13,10,8,9,7,7,7,6,5,30,30,26,17
"05-02-2014",31,6,3,3,3,3,6,5,6,6,7,8,14,16,9,7,5,8,11,6,4,11,9,6
"06-02-2014",5,4,3,4,3,6,8,13,16,38,22,25,18,10,17,13,25,7,7,5,5,4,4,4
"07-02-2014",3,3,3,3,4,5,9,21,24,31,40,23,23,8,4,4,4,10,12,8,38,34,30,47
"08-02-2014",23,8,4,6,7,5,6,6,7,8,11,8,4,3,3,3,3,3,3,3,3,3,3,5
"09-02-2014",4,5,6,7,4,3,6,5,9,10,7,7,5,4,4,3,3,3,6,5,5,18,7,4
"10-02-2014",5,7,15,13,4,10,11,15,25,101,77,12,6,5,4,3,3,9,17,64,17,35,75,60
"11-02-2014",7,5,7,3,7,7,26,48,72,29,25,16,10,4,5,4,6,7,20,25,10,5,4,4
"12-02-2014",4,3,3,4,4,5,17,24,26,15,9,6,6,5,4,4,4,4,4,4,3,3,5,3
"13-02-2014",3,4,3,3,3,5,11,6,14,21,17,7,7,4,5,6,5,4,3,3,3,10,16,44
"14-02-2014",63,56,35,12,4,5,47,65,85,30,12,9,8,5,5,6,7,6,6,4,3,3,3,3
"15-02-2014",3,3,3,3,3,3,3,3,4,4,4,-9999,1,-9999,1,3,2,7,6,6,6,22,37,18
"16-02-2014",5,5,12,7,8,22,19,21,10,9,7,4,3,3,3,3,2,2,3,3,5,15,25,22
"17-02-2014",7,10,22,5,4,4,10,16,12,9,8,7,6,7,5,5,3,3,3,3,5,5,11,7
"18-02-2014",9,12,15,9,4,6,29,42,66,48,28,10,7,4,4,5,4,3,3,3,2,3,3,2
"19-02-2014",3,3,3,3,3,3,6,10,12,8,10,5,4,5,5,4,6,5,5,5,6,4,3,3
"20-02-2014",3,3,4,3,4,5,7,10,10,1,17,10,7,7,6,5,5,5,5,28,8,5,23,16
"21-02-2014",4,4,3,4,4,7,15,7,50,71,31,20,8,10,6,5,6,7,10,12,10,25,13,11
"22-02-2014",20,10,9,4,6,17,45,30,12,20,11,5,4,3,3,3,3,3,3,2,2,3,3,2
"23-02-2014",3,3,3,3,3,3,6,4,4,1,4,6,4,3,3,3,3,2,2,3,3,3,3,2
"24-02-2014",2,3,3,3,3,3,5,5,13,5,10,23,18,19,8,10,8,11,5,4,3,3,3,2
"25-02-2014",3,3,3,3,3,3,4,4,7,8,7,8,6,6,5,7,5,4,3,3,3,12,19,8
"26-02-2014",4,3,3,5,4,10,13,13,25,16,14,13,5,3,3,4,4,3,4,3,9,21,24,21
"27-02-2014",13,22,7,5,11,8,14,18,24,13,8,5,4,4,4,4,4,3,3,3,3,3,3,3
"28-02-2014",3,3,3,3,3,6,15,55,31,14,30,19,14,8,8,10,6,8,3,3,3,3,3,3
"01-03-2014",5,4,4,4,3,4,6,23,45,14,8,12,11,8,5,3,3,3,3,3,3,3,2,2
"02-03-2014",2,3,3,2,2,2,3,3,3,5,3,3,3,3,3,3,3,3,3,14,10,11,4,7
"03-03-2014",4,3,3,3,2,2,3,3,3,3,3,3,3,3,3,3,3,3,3,3,3,3,3,2
"04-03-2014",2,3,2,2,3,4,6,11,9,9,8,7,6,4,4,4,4,3,2,2,3,3,3,3
"05-03-2014",3,3,3,3,3,9,20,24,11,6,11,12,7,5,5,4,4,3,3,4,8,4,5,4
"06-03-2014",3,4,3,5,6,10,18,21,27,13,6,5,5,5,6,5,4,4,3,3,3,4,3,3
"07-03-2014",2,3,3,3,2,4,6,7,10,10,11,7,6,5,3,10,7,6,4,4,4,4,4,3
"08-03-2014",3,3,4,3,3,3,3,5,8,5,1,3,3,3,3,3,3,3,3,3,2,3,3,2
"09-03-2014",3,3,4,3,3,3,3,3,3,3,3,5,3,3,3,3,3,3,2,2,2,2,3,2
"10-03-2014",3,3,3,3,3,3,4,6,7,5,6,6,6,7,7,6,4,5,5,3,3,3,3,3
"11-03-2014",3,3,3,3,3,3,4,4,7,5,5,6,7,10,5,5,7,5,10,9,3,3,3,7
"12-03-2014",12,3,4,3,3,3,3,7,9,7,6,6,6,6,6,5,4,6,17,6,16,19,26,3
"13-03-2014",3,4,3,3,3,4,15,26,24,7,7,6,8,5,6,5,4,3,3,3,3,3,3,3
"14-03-2014",3,3,3,3,4,7,6,28,24,11,7,5,6,4,3,3,3,3,2,3,3,3,8,19
"15-03-2014",17,4,7,3,3,5,5,17,10,8,5,4,3,3,3,3,3,3,2,2,5,3,4,4
"16-03-2014",3,3,3,3,3,3,4,3,3,3,3,3,3,3,3,3,3,3,3,3,3,3,6,3
"17-03-2014",3,3,3,4,9,14,35,5,7,4,5,5,6,5,4,4,4,4,17,10,33,39,31,39
"18-03-2014",29,5,4,7,10,12,50,79,29,12,8,9,6,5,5,4,4,3,3,3,3,3,3,9
"19-03-2014",9,5,3,5,12,23,20,26,26,27,7,8,6,4,4,4,5,3,4,4,3,3,3,3
"20-03-2014",3,3,3,3,3,4,3,4,6,5,6,6,5,3,4,4,3,3,3,3,3,4,4,8
"21-03-2014",13,6,4,8,9,12,23,26,41,37,26,12,5,3,4,4,3,3,3,3,3,4,5,3
"22-03-2014",3,4,5,4,5,5,24,13,11,11,7,4,3,3,3,3,3,3,3,2,3,4,3,3
"23-03-2014",3,3,3,3,5,4,6,9,16,7,4,4,3,3,3,3,3,3,3,2,3,3,4,3
"24-03-2014",3,4,5,3,5,9,18,42,17,16,4,4,4,5,4,4,3,3,4,4,4,3,5,3
"25-03-2014",3,3,3,3,3,3,5,4,4,3,3,3,3,3,2,3,2,2,3,3,2,3,3,3
"26-03-2014",3,3,3,3,3,3,7,19,5,9,5,3,4,3,3,3,4,4,5,4,5,3,3,3
"27-03-2014",3,3,5,5,3,7,23,19,17,20,12,10,6,3,4,3,4,3,3,3,3,1,4,3
"28-03-2014",2,2,3,3,3,4,5,7,10,10,6,5,5,7,7,5,7,6,6,7,8,5,4,2
"29-03-2014",3,2,3,2,2,3,4,4,4,3,3,3,3,3,3,3,3,2,2,2,2,2,2,2
"30-03-2014",3,2,2,2,2,2,2,2,2,3,2,2,2,2,2,2,2,2,2,2,2,2,2,2
"31-03-2014",2,2,3,2,4,1,6,9,9,6,-9999,-9999,5,5,4,4,3,3,2,2,2,2,2,2
"01-04-2014",2,3,2,3,3,3,6,8,13,10,6,6,6,5,4,5,3,3,3,2,3,12,20,5
"02-04-2014",5,5,9,3,2,3,16,46,57,26,14,8,5,4,3,1,3,3,3,2,2,2,2,2
"03-04-2014",2,3,3,2,3,2,4,12,15,14,7,4,4,3,3,3,5,3,2,2,2,2,2,2
"04-04-2014",2,2,2,2,3,4,15,14,12,6,4,5,4,3,5,4,3,3,3,2,2,2,2,2
"05-04-2014",2,2,2,2,3,3,4,2,3,6,6,4,3,3,2,2,2,2,2,2,3,2,2,2
"06-04-2014",2,2,2,2,2,2,2,3,4,4,4,4,3,4,3,3,3,3,3,4,4,4,5,3
"07-04-2014",2,2,2,2,2,3,3,5,7,7,6,8,7,5,4,5,4,4,3,3,2,3,3,2
"08-04-2014",2,2,2,2,3,5,13,20,33,17,7,6,5,5,4,4,3,3,3,2,2,2,2,2
"09-04-2014",2,3,4,3,3,3,4,19,18,6,4,5,4,4,3,3,3,2,2,2,2,2,3,2
"10-04-2014",2,2,2,2,2,2,3,3,4,4,4,4,4,3,4,3,3,3,3,2,2,3,2,2
"11-04-2014",2,2,2,2,2,3,5,11,18,5,6,5,4,4,5,4,3,4,3,5,5,4,3,3
"12-04-2014",3,2,3,2,2,4,4,9,7,5,4,4,3,3,3,2,2,3,2,2,2,2,2,2
"13-04-2014",2,2,2,3,2,3,5,8,7,4,4,3,3,3,3,3,3,3,3,3,3,3,3,3
"14-04-2014",3,3,3,3,3,4,4,26,32,9,5,4,4,4,4,4,3,3,3,3,3,3,2,3
"15-04-2014",3,3,3,3,3,9,23,43,18,24,6,5,4,3,3,6,3,3,3,3,3,4,3,2
"16-04-2014",2,2,3,2,2,2,3,3,4,4,4,4,5,4,5,4,4,4,3,3,3,3,2,3
"17-04-2014",2,2,2,3,2,3,3,4,5,4,4,4,4,3,4,3,4,3,3,3,3,2,2,2
"18-04-2014",2,2,3,3,2,3,3,3,3,3,3,3,3,3,3,3,3,2,2,2,3,3,3,3
"19-04-2014",3,2,3,3,3,3,3,3,4,3,3,3,3,3,2,3,3,5,4,4,3,3,3,3
"20-04-2014",3,3,3,3,3,4,4,4,8,5,5,3,3,3,2,2,2,2,3,3,3,3,3,3
"21-04-2014",3,3,3,3,3,4,5,7,7,6,4,4,3,3,3,3,3,2,2,3,3,4,3,3
"22-04-2014",3,3,3,3,3,3,6,12,8,9,5,4,3,3,3,3,3,3,3,3,3,3,3,3
"23-04-2014",3,3,3,3,3,5,10,18,17,17,7,4,5,8,3,7,3,4,3,3,3,6,4,4
"24-04-2014",3,4,3,3,4,4,18,47,20,17,19,7,4,4,4,4,4,4,4,4,4,5,3,4
"25-04-2014",4,2,2,2,2,2,3,3,11,9,6,4,4,4,1,2,5,2,2,4,4,3,2,3
"26-04-2014",2,3,2,2,2,2,3,3,6,4,3,3,3,3,2,2,2,2,4,4,3,2,2,2
"27-04-2014",2,2,2,2,2,3,4,3,3,3,4,5,5,4,3,3,3,2,3,3,3,5,3,4
"28-04-2014",8,3,10,10,4,4,18,11,11,10,6,5,4,5,5,4,4,3,3,3,4,5,3,9
"29-04-2014",2,2,5,5,22,7,21,60,31,16,10,7,5,4,5,4,4,4,6,3,3,2,2,4
"30-04-2014",3,2,2,2,2,3,3,3,6,4,8,-9999,-9999,-9999,-9999,-9999,-9999,-9999,-9999,-9999,-9999,-9999,-9999,-9999
"01-05-2014",-9999,-9999,-9999,-9999,-9999,-9999,-9999,-9999,-9999,-9999,-9999,-9999,-9999,-9999,-9999,-9999,-9999,-9999,-9999,-9999,-9999,-9999,-9999,-9999
"02-05-2014",-9999,-9999,-9999,-9999,-9999,-9999,-9999,-9999,7,6,6,5,5,4,4,4,3,3,3,3,2,2,2,2
"03-05-2014",2,2,3,3,2,3,9,12,7,5,4,4,3,3,3,3,3,3,3,2,2,2,2,2
"04-05-2014",2,2,2,2,2,2,4,5,6,4,3,4,4,3,3,3,3,3,3,3,2,4,2,2
"05-05-2014",2,2,1,2,2,2,3,4,5,5,4,5,4,5,4,4,3,3,3,3,2,2,2,2
"06-05-2014",2,2,2,2,2,2,3,3,5,4,7,14,7,6,5,3,3,3,3,3,2,2,2,2
"07-05-2014",2,2,2,2,3,4,3,16,17,17,12,6,5,4,5,5,4,3,3,2,2,2,2,4
"08-05-2014",2,3,4,3,5,3,10,54,10,6,6,5,4,4,3,4,5,5,3,2,3,3,2,2
"09-05-2014",2,2,2,2,3,3,5,10,9,5,4,4,4,4,3,4,3,3,3,3,3,3,2,2
"10-05-2014",2,2,2,2,2,3,7,19,7,4,3,3,3,2,2,2,2,2,3,2,2,2,2,2
"11-05-2014",2,2,2,4,3,2,8,11,7,4,3,3,3,3,3,3,2,2,2,2,2,2,2,3
"12-05-2014",3,2,2,2,2,8,22,32,21,6,5,4,3,4,4,3,3,4,3,3,3,3,3,3
"13-05-2014",3,3,3,3,3,4,8,9,11,9,7,3,4,4,3,4,4,3,3,3,3,3,3,2
"14-05-2014",3,3,3,3,4,8,9,17,9,5,6,4,3,4,5,5,5,5,4,4,3,3,4,3
"15-05-2014",3,3,3,3,4,8,9,8,7,5,5,5,5,4,4,4,4,3,4,4,4,3,4,7
"16-05-2014",10,6,5,3,3,3,6,7,9,6,5,5,4,4,4,4,6,4,4,3,3,3,3,3
"17-05-2014",3,3,3,3,3,3,10,9,7,4,4,4,3,4,3,3,3,3,3,3,3,3,3,4
"18-05-2014",3,4,4,4,3,3,7,7,6,5,3,3,3,3,3,3,3,3,3,3,2,3,3,2
"19-05-2014",3,3,3,3,4,3,21,20,14,6,5,5,4,4,4,3,4,3,3,3,3,3,3,6
"20-05-2014",3,3,3,3,3,4,12,17,17,14,11,10,6,4,4,4,4,4,4,4,3,3,4,6
"21-05-2014",3,3,3,3,3,5,17,11,12,10,5,5,4,4,4,4,4,4,3,3,3,2,3,3
"22-05-2014",3,3,3,3,3,4,10,13,12,8,6,5,6,6,5,5,5,4,4,3,3,3,3,3
"23-05-2014",3,3,3,3,3,3,7,18,8,8,7,4,4,4,4,4,4,3,3,3,2,2,2,2
"24-05-2014",2,2,3,3,3,5,7,11,5,4,3,3,3,1,3,3,3,2,2,2,2,2,2,2
"25-05-2014",2,3,3,2,2,2,5,2,5,4,3,2,2,2,3,3,3,2,3,2,2,2,2,2
"26-05-2014",2,2,2,2,3,3,5,7,17,5,3,4,4,3,3,4,4,3,3,3,3,2,4,3
"27-05-2014",2,2,2,3,3,10,34,15,14,10,5,6,5,4,4,3,3,3,3,3,2,2,2,3
"28-05-2014",2,2,3,2,3,4,18,8,7,6,6,5,5,4,4,3,3,3,3,3,3,2,2,2
"29-05-2014",3,2,2,3,3,3,5,4,12,9,6,7,5,6,5,4,3,4,3,4,2,2,7,3
"30-05-2014",2,2,2,2,2,2,3,5,8,8,8,8,6,6,4,3,3,3,3,3,3,2,3,2
"31-05-2014",2,2,2,2,2,2,2,2,3,2,3,2,2,2,2,2,2,2,2,2,2,2,2,2
"01-06-2014",2,2,2,2,2,2,2,2,2,2,2,2,2,2,2,2,2,2,2,2,2,2,2,2
"02-06-2014",2,2,2,2,2,2,3,3,5,4,4,3,4,4,4,4,3,3,3,3,2,2,2,2
"03-06-2014",2,2,3,2,2,6,7,9,13,14,5,4,4,4,3,3,3,3,3,2,4,4,3,2
"04-06-2014",2,2,2,2,2,3,5,4,12,13,9,8,6,6,4,3,3,3,3,2,1,2,2,2
"05-06-2014",3,2,2,3,2,3,6,8,8,5,4,3,4,3,3,3,3,3,3,3,2,2,2,2
"06-06-2014",2,2,2,2,3,3,10,9,8,3,3,4,4,4,4,4,4,3,3,2,3,2,-9999,-9999
"07-06-2014",1,2,2,2,2,2,3,3,3,3,3,2,2,3,3,3,3,3,1,2,3,2,2,2
"08-06-2014",2,2,2,2,2,2,2,3,2,2,3,2,2,2,2,2,3,3,2,3,2,2,2,2
"09-06-2014",2,2,2,3,2,2,4,5,5,4,3,3,2,2,2,2,3,3,3,3,3,3,3,4
"10-06-2014",2,2,2,2,3,3,7,7,12,9,6,3,3,4,5,4,4,3,3,3,2,2,7,2
"11-06-2014",3,3,2,2,3,6,7,12,14,7,6,5,5,6,4,4,4,-9999,-9999,3,3,2,6,3
"12-06-2014",2,3,2,2,1,2,3,10,5,5,4,4,4,4,3,3,3,3,3,2,2,2,2,2
"13-06-2014",2,2,2,2,3,4,9,15,12,10,5,5,4,4,3,3,3,3,3,2,2,2,2,3
"14-06-2014",2,4,3,2,2,3,12,7,9,5,3,3,2,2,3,2,2,2,2,2,2,2,2,2
"15-06-2014",2,2,2,2,2,2,2,2,2,2,3,3,2,2,2,2,3,2,2,3,3,2,2,2
"16-06-2014",2,2,2,2,2,3,6,9,10,8,4,3,4,3,3,3,3,3,3,2,2,2,2,2
"17-06-2014",2,2,2,2,3,3,12,11,11,6,4,5,3,4,3,3,3,3,2,3,2,3,2,2
"18-06-2014",2,2,2,2,2,2,4,5,6,7,5,3,3,4,4,3,5,3,3,2,2,2,1,2
"19-06-2014",2,2,2,2,2,2,4,8,5,4,6,7,5,4,4,4,3,3,3,3,3,2,2,4
"20-06-2014",2,2,2,2,2,2,4,4,3,3,4,4,3,3,3,3,3,2,2,2,2,2,2,2
"21-06-2014",2,2,2,2,2,2,3,4,4,4,2,2,2,2,2,2,2,2,2,2,2,2,2,2
"22-06-2014",2,2,2,2,2,2,2,4,5,2,2,2,2,2,2,2,3,2,2,2,2,2,2,2
"23-06-2014",2,2,2,2,2,2,16,14,8,4,4,2,3,3,4,3,4,2,2,2,2,2,2,2
"24-06-2014",2,2,2,2,3,4,14,29,24,7,4,4,3,3,3,3,3,2,2,2,2,2,2,2
"25-06-2014",2,3,3,2,3,9,40,21,27,7,4,4,5,2,4,3,2,3,3,2,2,2,2,2
"26-06-2014",2,2,2,2,2,4,7,8,20,10,5,5,4,5,4,4,4,3,2,2,2,2,2,9
"27-06-2014",3,2,2,4,4,7,16,24,15,4,4,3,4,4,3,3,3,2,2,2,1,2,2,2
"28-06-2014",2,2,2,2,2,2,2,2,2,3,2,2,2,2,2,2,2,1,2,2,2,2,2,2
"29-06-2014",2,2,2,2,2,3,4,5,4,3,2,2,3,2,2,2,2,2,2,2,2,2,1,2
"30-06-2014",2,2,2,2,8,6,17,6,7,3,5,3,4,4,4,3,3,3,2,2,2,2,2,2
"01-07-2014",2,2,2,2,3,3,10,8,4,3,3,3,3,3,3,3,2,3,2,2,2,2,2,2
"02-07-2014",2,2,3,2,2,5,4,6,5,6,6,5,4,3,3,3,3,2,2,2,2,2,2,2
"03-07-2014",2,2,2,2,5,4,4,6,12,5,4,3,3,3,3,3,2,2,2,2,3,2,2,2
"04-07-2014",2,2,2,2,2,2,2,3,3,3,3,3,3,3,3,3,3,3,3,2,2,2,2,2
"05-07-2014",2,2,2,2,3,2,3,11,5,3,2,2,2,2,2,2,2,2,2,2,2,2,2,2
"06-07-2014",2,2,2,2,2,4,4,5,3,3,3,2,-9999,1,2,2,2,2,2,2,2,2,2,2
"07-07-2014",2,2,2,2,18,10,22,14,10,7,10,8,5,4,3,3,3,2,2,2,2,2,2,2
"08-07-2014",2,2,2,2,2,4,5,30,8,4,3,4,3,4,3,3,3,3,2,2,2,2,2,2
"09-07-2014",2,2,2,2,2,6,6,6,9,6,4,3,3,2,3,3,2,2,2,2,2,2,2,2
"10-07-2014",2,2,2,2,2,2,14,21,14,6,4,4,4,3,3,3,3,2,3,2,2,2,2,2
"11-07-2014",2,2,2,2,2,2,2,3,5,6,6,3,4,3,3,3,4,3,3,3,4,3,3,3
"12-07-2014",2,2,2,2,2,3,6,4,3,3,3,3,2,3,2,2,2,2,3,2,2,2,2,2
"13-07-2014",2,2,2,2,2,2,3,4,3,3,3,2,2,2,2,2,2,2,2,2,2,2,2,2
"14-07-2014",2,2,2,2,2,2,2,4,5,2,2,4,5,4,3,3,2,2,2,2,2,2,2,2
"15-07-2014",2,2,2,2,1,2,3,-9999,-9999,-9999,-9999,-9999,-9999,6,4,3,1,3,3,4,2,2,2,2
"16-07-2014",2,2,2,2,2,2,2,3,4,6,3,3,3,5,7,4,5,4,2,2,3,2,2,2
"17-07-2014",2,3,2,2,3,9,16,13,10,6,4,3,3,3,3,3,3,3,3,2,2,2,3,3
"18-07-2014",3,4,2,4,2,5,6,14,8,4,3,2,2,3,3,4,3,3,2,2,2,2,2,2
"19-07-2014",2,2,2,2,2,2,3,2,2,2,2,2,2,3,2,2,2,2,2,2,2,2,2,2
"20-07-2014",2,2,2,2,2,3,3,6,4,2,2,2,2,2,2,2,2,2,2,2,2,2,2,2
"21-07-2014",2,2,2,2,3,4,16,19,11,7,6,5,3,3,3,3,3,2,2,2,2,2,2,2
"22-07-2014",2,2,2,2,3,12,15,17,14,6,4,3,4,5,3,3,2,3,3,1,2,2,2,2
"23-07-2014",2,2,2,2,2,2,4,4,8,5,4,3,2,3,3,4,3,4,3,2,2,2,2,3
"24-07-2014",3,4,5,6,2,6,9,22,8,3,3,3,2,2,4,3,3,3,3,3,3,3,7,2
"25-07-2014",2,2,2,2,2,2,3,11,4,3,3,3,4,3,4,4,3,3,2,2,2,2,2,2
"26-07-2014",2,2,2,2,2,2,3,4,4,2,3,2,3,2,2,2,2,2,2,2,2,2,2,2
"27-07-2014",2,2,2,2,4,2,6,5,6,3,4,2,2,2,2,3,2,2,2,2,2,2,2,2
"28-07-2014",2,2,2,2,2,4,11,12,8,5,4,4,3,3,3,3,3,2,2,2,2,2,2,2
"29-07-2014",2,2,2,2,2,4,6,15,9,4,3,3,3,3,3,3,4,2,2,2,2,2,2,2
"30-07-2014",2,2,2,4,3,6,22,31,14,5,4,2,3,4,3,3,3,2,2,2,2,3,2,2
"31-07-2014",2,2,3,2,3,3,11,12,13,17,3,2,3,4,3,3,3,2,2,2,2,2,2,2
"01-08-2014",2,2,2,2,2,2,2,3,3,3,3,3,3,2,2,2,3,2,1,1,2,2,2,2
"02-08-2014",2,2,2,2,2,2,3,4,4,3,2,2,2,2,2,2,2,2,2,2,2,2,3,2
"03-08-2014",2,2,2,2,2,2,3,6,5,3,2,3,2,2,2,2,2,2,2,2,2,2,2,2
"04-08-2014",3,2,2,2,2,3,4,4,5,3,3,2,2,2,2,2,2,2,2,2,2,2,3,3
"05-08-2014",2,2,2,2,2,2,2,2,3,3,3,2,3,3,3,4,3,2,2,3,2,2,2,3
"06-08-2014",2,5,5,6,2,3,5,10,9,6,6,6,4,4,3,3,3,2,3,2,3,2,2,2
"07-08-2014",2,2,2,2,2,2,3,4,5,6,6,5,3,3,2,2,2,2,2,2,2,2,2,3
"08-08-2014",2,3,2,2,2,3,5,8,7,4,3,3,3,3,4,3,3,2,3,2,2,3,2,2
"09-08-2014",2,2,2,2,2,2,2,3,3,2,2,2,2,2,2,2,2,2,2,2,2,2,2,2
"10-08-2014",2,3,5,5,3,2,4,6,7,5,3,3,2,2,2,2,2,2,2,2,2,2,2,3
"11-08-2014",2,4,2,2,3,4,20,16,13,11,5,3,3,3,3,5,5,3,2,2,2,2,2,2
"12-08-2014",2,6,6,2,2,14,10,18,15,8,5,3,3,3,3,3,2,2,2,2,2,2,2,3
"13-08-2014",2,2,2,3,2,4,9,8,11,9,5,4,2,2,3,3,2,2,2,2,2,2,2,2
"14-08-2014",2,2,3,4,10,8,16,41,15,6,3,3,3,2,2,2,2,2,2,2,2,2,2,2
"15-08-2014",2,2,2,2,2,2,3,5,4,3,3,2,2,2,2,2,2,2,2,2,2,2,2,2
"16-08-2014",2,2,2,2,2,2,3,2,2,2,2,2,2,2,2,2,2,2,2,2,2,2,2,2
"17-08-2014",2,2,2,2,2,2,2,2,2,2,2,2,2,2,2,2,2,2,2,2,2,2,2,2
"18-08-2014",2,2,2,2,2,2,2,2,2,3,2,2,2,3,3,3,2,3,3,3,2,2,2,2
"19-08-2014",2,2,2,2,2,3,8,15,11,11,4,3,3,2,3,2,3,2,2,2,2,2,2,2
"20-08-2014",2,2,2,2,2,5,9,12,16,8,4,2,3,3,3,4,3,2,2,2,2,2,2,2
"21-08-2014",2,2,2,4,3,13,32,6,11,6,4,2,2,2,3,2,2,2,2,2,2,2,2,2
"22-08-2014",2,2,2,2,3,3,3,7,9,4,3,4,3,3,2,2,2,2,2,2,2,2,2,2
"23-08-2014",2,2,2,2,2,3,8,16,6,3,3,2,2,2,2,2,2,2,2,2,2,2,2,2
"24-08-2014",2,2,3,2,2,2,5,9,5,3,2,2,2,2,2,2,2,2,2,2,2,2,3,3
"25-08-2014",3,2,2,2,2,2,2,2,2,3,3,2,3,3,3,3,2,2,2,2,2,2,2,2
"26-08-2014",2,2,2,2,2,2,3,14,6,8,5,4,3,3,3,3,3,3,2,2,2,2,2,2
"27-08-2014",2,2,2,4,6,4,20,74,23,8,4,3,3,3,3,2,3,2,2,2,2,2,2,2
"28-08-2014",2,2,2,2,2,3,3,3,2,2,2,2,2,2,2,2,2,2,2,2,2,2,2,2
"29-08-2014",2,2,2,2,2,2,2,8,16,9,5,7,7,3,3,3,3,3,4,3,2,3,2,3
"30-08-2014",3,3,4,2,2,2,2,2,2,3,3,2,2,2,2,2,2,2,2,2,2,2,2,2
"31-08-2014",2,2,2,3,2,2,4,7,5,-9999,1,2,2,2,2,2,2,2,2,2,2,2,2,2
"01-09-2014",2,2,2,2,2,18,45,41,21,7,6,3,3,4,3,3,3,3,2,2,2,2,2,2
"02-09-2014",2,2,2,2,2,2,2,6,6,4,3,3,3,3,3,3,2,2,2,2,2,2,2,2
"03-09-2014",2,2,2,2,2,2,3,4,8,7,10,6,3,3,4,3,3,3,4,3,4,4,3,10
"04-09-2014",3,2,2,5,3,11,11,17,20,8,6,4,3,2,3,4,3,3,2,4,6,3,2,2
"05-09-2014",2,3,2,2,3,4,3,9,11,6,6,4,4,4,4,3,3,3,4,4,6,4,5,3
"06-09-2014",2,2,2,2,2,2,2,4,6,5,4,3,2,3,3,2,2,2,2,2,2,2,2,2
"07-09-2014",2,2,2,2,2,2,2,2,3,3,3,3,3,3,3,2,2,2,3,3,3,2,4,2
"08-09-2014",2,2,2,2,2,4,6,13,17,9,6,6,4,3,4,3,3,3,3,2,2,3,3,2
"09-09-2014",2,2,3,2,2,3,5,15,23,11,7,3,6,5,4,4,4,2,4,4,16,5,5,3
"10-09-2014",4,3,2,2,4,4,8,33,18,12,6,4,3,3,2,3,3,3,2,2,2,2,2,2
"11-09-2014",5,9,3,5,3,22,18,29,25,31,10,3,3,2,2,2,2,2,2,2,2,2,4,3
"12-09-2014",2,2,2,2,2,4,10,41,20,9,3,2,3,3,3,3,3,2,2,2,2,2,2,2
"13-09-2014",2,2,2,2,3,5,9,11,10,5,3,2,2,2,2,2,2,2,2,2,2,2,2,2
"14-09-2014",2,3,2,2,4,3,4,7,4,3,4,3,2,2,2,2,2,2,2,2,2,2,2,3
"15-09-2014",2,2,2,2,2,2,4,10,27,20,14,8,9,5,4,4,3,2,2,2,2,1,2,2
"16-09-2014",2,3,2,2,2,3,4,7,12,6,5,6,3,4,3,3,3,1,6,5,6,4,4,3
"17-09-2014",3,2,2,2,2,3,2,4,5,8,7,5,6,4,5,4,3,3,4,3,4,3,4,3
"18-09-2014",4,3,3,2,3,2,4,3,3,5,13,6,5,6,7,5,4,4,4,5,4,2,41,29
"19-09-2014",6,15,5,9,6,11,18,42,33,16,10,6,3,3,4,4,3,2,2,2,2,2,2,2
"20-09-2014",3,2,2,4,6,6,4,4,30,10,5,3,2,2,2,2,2,2,2,2,2,2,2,2
"21-09-2014",2,3,4,4,4,2,6,8,9,6,3,2,2,2,2,2,2,2,2,2,2,2,2,2
"22-09-2014",2,2,3,2,2,2,13,17,16,10,5,5,3,2,3,3,3,3,2,2,2,2,3,2
"23-09-2014",2,2,2,2,2,3,7,10,12,26,16,4,3,3,2,2,2,2,2,2,2,2,2,2
"24-09-2014",2,2,2,2,2,2,2,3,5,4,3,3,4,3,3,2,2,3,3,13,26,6,10,11
"25-09-2014",10,2,9,4,7,5,34,80,32,19,18,9,5,4,5,4,4,4,4,13,21,11,9,19
"26-09-2014",5,3,3,2,3,4,3,3,3,5,5,4,4,4,3,3,3,3,2,2,2,2,3,3
"27-09-2014",2,2,2,2,2,2,2,2,2,3,3,2,2,2,2,2,2,2,2,2,2,2,2,2
"28-09-2014",2,2,2,2,2,2,2,2,2,3,2,2,2,2,2,2,2,2,2,2,2,2,3,3
"29-09-2014",2,2,2,2,3,7,3,30,40,18,7,4,3,4,4,4,3,3,4,19,7,4,7,14
"30-09-2014",3,4,21,8,5,11,30,50,34,21,11,5,5,3,3,3,3,3,3,8,4,4,21,25
"01-10-2014",19,5,18,6,9,20,33,36,81,34,14,6,5,5,2,2,2,2,3,2,2,4,19,20
"02-10-2014",12,8,6,3,4,8,23,22,34,22,11,6,3,3,2,3,3,2,3,3,2,2,2,2
"03-10-2014",2,2,2,2,2,5,25,19,3,22,5,4,3,3,7,9,6,4,3,3,2,2,2,4
"04-10-2014",3,3,3,2,2,3,4,5,7,10,4,6,5,5,4,3,3,3,2,2,5,10,6,3
"05-10-2014",5,4,3,2,3,4,8,11,14,8,4,3,3,3,2,2,2,4,4,4,2,2,2,2
"06-10-2014",2,2,2,2,2,2,3,4,19,16,14,18,22,23,26,24,10,5,9,9,10,6,4,5
"07-10-2014",2,2,3,3,2,2,2,8,26,37,15,8,8,8,7,6,3,2,7,5,5,7,4,4
"08-10-2014",2,2,2,2,2,2,5,8,15,16,11,12,7,4,4,5,5,3,2,2,3,13,17,7
"09-10-2014",3,3,3,10,2,2,22,33,41,23,5,4,5,6,4,4,3,3,3,2,2,2,3,12
"10-10-2014",21,5,6,6,3,10,17,26,25,32,21,7,3,4,4,3,4,4,4,3,2,2,2,7
"11-10-2014",37,23,3,7,9,7,22,34,33,11,7,3,3,2,2,2,2,2,2,2,2,2,2,2
"12-10-2014",3,2,2,3,3,4,9,15,6,8,4,3,2,2,2,2,2,2,2,2,2,2,2,2
"13-10-2014",2,2,2,3,3,9,24,154,195,28,14,9,5,3,3,3,3,3,3,10,3,13,2,15
"14-10-2014",19,12,2,7,7,17,21,91,61,31,36,8,5,4,4,3,3,2,4,2,2,3,3,24
"15-10-2014",15,4,6,7,3,2,4,18,22,24,16,6,4,3,2,2,3,5,4,9,2,4,13,11
"16-10-2014",5,6,8,8,12,31,36,80,74,59,10,5,5,6,12,15,21,15,20,24,43,41,45,9
"17-10-2014",12,23,29,37,24,11,38,55,43,55,72,30,14,6,5,5,5,4,2,4,11,7,24,8
"18-10-2014",12,26,17,9,13,12,5,2,2,2,2,3,2,2,2,2,2,2,2,2,2,2,2,2
"19-10-2014",2,2,2,2,2,2,2,2,5,4,3,4,4,3,2,2,2,2,2,2,2,2,2,2
"20-10-2014",2,2,3,4,5,28,35,43,67,43,23,6,3,3,3,3,4,4,4,15,13,4,27,40
"21-10-2014",27,32,27,21,7,27,20,32,52,44,36,10,4,5,4,3,3,3,4,8,3,6,24,38
"22-10-2014",20,19,4,5,7,10,18,16,27,30,35,11,4,4,2,3,3,3,3,2,2,2,2,2
"23-10-2014",2,2,2,2,2,2,2,2,4,4,4,5,6,6,6,6,4,4,3,3,3,3,2,2
"24-10-2014",2,2,2,3,3,3,5,6,14,29,15,17,11,8,7,7,6,4,4,3,3,2,2,2
"25-10-2014",2,2,-9999,-9999,2,2,2,2,3,3,1,4,4,4,3,3,3,3,2,2,2,2,2,1
"26-10-2014",2,2,2,2,2,2,2,2,3,3,3,3,3,3,3,3,3,3,3,2,3,2,3,3
"27-10-2014",2,2,2,2,2,2,2,3,3,5,5,5,4,4,4,3,4,5,14,13,8,4,3,3
"28-10-2014",2,2,2,2,2,2,2,3,4,3,3,3,4,5,4,3,2,3,3,3,3,4,3,2
"29-10-2014",2,2,2,2,2,2,4,9,12,9,6,5,5,-9999,-9999,-9999,-9999,-9999,-9999,-9999,-9999,-9999,-9999,-9999
"30-10-2014",-9999,-9999,-9999,-9999,-9999,-9999,-9999,-9999,-9999,-9999,-9999,-9999,-9999,-9999,-9999,-9999,-9999,-9999,-9999,-9999,-9999,-9999,-9999,-9999
"31-10-2014",-9999,-9999,-9999,-9999,-9999,-9999,-9999,-9999,-9999,-9999,-9999,-9999,-9999,-9999,7,15,6,5,6,6,3,3,3,3
"01-11-2014",3,3,3,2,3,3,3,6,4,4,4,3,3,3,3,3,3,3,3,2,2,2,2,2
"02-11-2014",2,2,2,2,2,3,6,10,12,6,3,3,4,4,3,3,6,13,6,6,24,38,12,4
"03-11-2014",30,16,8,16,7,10,20,28,42,48,35,23,10,6,6,3,3,3,3,3,19,11,3,3
"04-11-2014",3,2,3,4,11,21,34,42,50,9,7,6,6,4,3,4,10,34,33,14,8,64,95,25
"05-11-2014",9,6,8,6,6,16,24,34,87,102,100,28,15,5,4,3,3,6,68,25,4,4,4,3
"06-11-2014",3,3,4,2,3,3,5,32,57,54,45,23,24,24,24,85,63,55,72,54,52,51,29,10
"07-11-2014",11,22,11,11,7,14,55,91,44,39,26,22,17,7,14,15,28,42,31,86,66,88,11,4
"08-11-2014",2,2,2,2,2,3,2,3,3,3,4,4,3,3,2,2,2,2,2,2,2,2,2,3
"09-11-2014",2,2,2,2,2,2,3,3,3,3,3,3,4,5,5,3,3,2,6,4,5,9,3,3
"10-11-2014",2,2,5,3,17,6,5,48,44,24,8,9,7,7,6,-9999,-9999,-9999,-9999,-9999,-9999,-9999,-9999,-9999
"11-11-2014",-9999,-9999,-9999,-9999,-9999,-9999,-9999,-9999,-9999,-9999,-9999,-9999,-9999,-9999,-9999,-9999,-9999,-9999,-9999,-9999,-9999,-9999,-9999,-9999
"12-11-2014",-9999,-9999,-9999,-9999,-9999,-9999,-9999,-9999,-9999,-9999,-9999,22,28,19,8,12,12,15,31,4,3,3,2,2
"13-11-2014",2,2,2,2,2,3,4,5,36,30,33,28,19,10,9,6,4,5,6,13,6,10,6,4
"14-11-2014",3,2,4,2,2,4,9,19,41,31,26,17,19,11,12,14,34,21,43,35,33,25,15,9
"15-11-2014",5,6,22,7,3,6,20,23,43,26,12,12,5,7,6,3,2,2,2,2,2,2,2,2
"16-11-2014",2,-9999,-9999,-9999,-9999,-9999,-9999,-9999,-9999,-9999,-9999,-9999,-9999,1,2,2,2,2,2,2,2,2,2,2
"17-11-2014",2,2,2,2,2,2,2,3,6,-9999,-9999,-9999,-9999,6,20,10,13,17,11,10,8,11,28,10
"18-11-2014",15,11,14,21,32,35,28,67,64,70,35,19,14,7,8,4,5,12,2,2,2,14,2,3
"19-11-2014",3,3,3,4,6,2,1,5,11,11,10,7,6,5,4,9,8,13,65,69,71,25,25,3
"20-11-2014",3,2,2,2,2,2,3,4,8,7,7,7,7,8,7,6,5,4,3,4,3,3,3,3
"21-11-2014",2,2,3,2,2,3,3,5,17,12,7,5,6,5,5,5,5,4,4,3,3,3,3,3
"22-11-2014",2,2,2,2,2,2,3,4,6,5,6,4,3,3,3,3,3,4,3,3,5,7,4,3
"23-11-2014",3,3,2,2,2,3,3,3,4,5,5,4,3,3,4,3,4,11,13,20,9,3,15,7
"24-11-2014",4,3,3,2,3,6,5,14,19,14,12,10,13,10,8,8,7,9,9,5,5,5,4,3
"25-11-2014",2,2,3,2,4,6,5,40,21,12,17,12,13,10,8,5,4,131,146,77,37,12,5,4
"26-11-2014",4,34,17,3,5,14,7,9,33,24,18,16,15,11,13,18,16,32,26,36,25,20,17,13
"27-11-2014",3,2,3,3,2,3,3,4,6,7,7,8,10,10,9,9,7,3,3,3,4,4,4,3
"28-11-2014",2,2,3,2,3,6,12,30,47,51,37,35,41,55,25,28,33,40,47,22,20,16,18,14
"29-11-2014",5,5,4,4,7,6,10,20,15,27,22,13,12,5,4,4,5,18,12,17,17,24,7,5
"30-11-2014",5,5,4,3,3,4,6,8,9,9,9,9,5,5,5,5,10,11,32,50,19,21,48,24
"01-12-2014",4,8,3,3,2,3,3,9,29,30,30,31,33,28,28,29,9,10,8,6,6,6,8,8
"02-12-2014",8,5,4,3,4,4,5,6,9,9,9,15,18,19,13,21,28,7,4,9,-9999,-9999,-9999,-9999
"03-12-2014",-9999,-9999,-9999,-9999,-9999,-9999,-9999,-9999,-9999,-9999,-9999,-9999,-9999,-9999,-9999,-9999,-9999,-9999,-9999,-9999,-9999,-9999,-9999,-9999
"04-12-2014",-9999,-9999,-9999,-9999,-9999,-9999,-9999,-9999,-9999,-9999,-9999,-9999,-9999,-9999,-9999,-9999,-9999,-9999,-9999,-9999,-9999,-9999,-9999,-9999
"05-12-2014",-9999,-9999,-9999,-9999,-9999,-9999,-9999,-9999,-9999,-9999,-9999,-9999,-9999,-9999,-9999,-9999,-9999,-9999,-9999,-9999,-9999,-9999,-9999,-9999
"06-12-2014",-9999,-9999,-9999,-9999,-9999,-9999,-9999,-9999,-9999,-9999,-9999,-9999,-9999,-9999,-9999,-9999,-9999,-9999,-9999,-9999,-9999,-9999,-9999,-9999
"07-12-2014",-9999,-9999,-9999,-9999,-9999,-9999,-9999,-9999,-9999,-9999,-9999,-9999,-9999,-9999,-9999,-9999,-9999,-9999,-9999,-9999,-9999,-9999,-9999,-9999
"08-12-2014",-9999,-9999,-9999,-9999,-9999,-9999,-9999,-9999,-9999,-9999,-9999,-9999,13,13,10,9,8,6,7,4,4,3,3,3
"09-12-2014",2,2,2,2,2,2,3,4,7,7,12,10,10,12,12,10,6,6,6,5,4,4,4,3
"10-12-2014",3,3,3,3,3,3,3,5,12,13,13,11,15,17,15,14,10,10,8,8,6,5,4,4
"11-12-2014",3,3,2,2,3,5,5,8,18,15,21,22,20,35,49,39,62,19,11,15,9,10,6,5
"12-12-2014",3,3,2,2,2,3,4,6,8,11,10,9,7,8,8,6,7,5,5,5,6,8,11,6
"13-12-2014",9,5,4,5,5,8,24,42,37,40,25,17,11,6,5,3,3,3,13,54,25,22,88,35
"14-12-2014",19,10,8,4,4,4,9,10,21,13,8,4,3,3,3,3,6,7,21,22,3,33,24,10
"15-12-2014",24,24,4,11,6,19,22,99,131,97,64,38,28,24,16,25,62,82,186,249,291,251,162,91
"16-12-2014",42,59,11,15,15,27,35,29,69,50,55,64,49,39,36,61,27,28,29,13,12,10,11,19
"17-12-2014",5,5,4,3,3,4,8,24,24,36,41,34,22,18,41,67,64,63,-9999,-9999,-9999,-9999,-9999,-9999
"18-12-2014",-9999,-9999,-9999,-9999,-9999,-9999,-9999,-9999,22,22,24,29,15,12,13,11,13,9,83,61,63,84,19,4
"19-12-2014",3,3,3,3,3,21,17,29,57,43,24,25,13,10,9,9,27,94,35,121,143,182,73,102
"20-12-2014",33,28,28,5,22,19,29,60,28,18,11,8,6,5,5,4,5,7,5,17,38,20,38,40
"21-12-2014",9,16,10,6,6,14,20,25,10,9,6,4,3,2,3,2,3,3,3,3,1,2,2,2
"22-12-2014",2,2,2,2,2,3,4,6,19,16,14,10,9,12,13,12,25,48,30,23,47,52,95,61
"23-12-2014",68,30,10,10,9,9,27,49,67,26,11,8,9,11,13,10,35,83,114,204,129,129,67,44
"24-12-2014",29,15,5,4,5,6,58,66,39,19,43,55,25,13,8,6,4,4,16,21,17,16,45,28
"25-12-2014",33,16,5,4,3,3,8,12,15,23,10,6,5,5,5,3,3,14,15,18,5,4,4,3
"26-12-2014",3,4,3,4,3,2,4,11,14,16,13,6,4,3,3,3,4,8,3,3,3,3,3,2
"27-12-2014",2,2,2,2,2,2,3,3,3,4,3,3,4,4,3,3,3,3,3,3,3,3,3,9
"28-12-2014",3,4,2,3,3,5,9,6,8,18,7,8,10,8,7,8,8,6,6,5,6,12,9,3
"29-12-2014",4,3,3,3,3,3,3,3,3,4,4,5,4,5,4,3,3,3,3,3,2,2,2,2
"30-12-2014",2,2,2,2,2,2,3,3,3,5,4,4,3,4,4,3,3,3,3,3,3,3,3,3
"31-12-2014",3,2,2,2,3,3,3,3,3,4,4,4,3,3,3,3,3,3,3,2,3,3,2,-9999
