"01-01-2014",3,4,3,2,3,3,3,3,17,21,10,14,5,7,5,3,3,3,3,7,13,5,4,16
"02-01-2014",20,8,25,8,10,24,115,159,132,17,7,8,4,4,5,4,4,6,6,6,23,110,72,55
"03-01-2014",39,20,15,24,32,62,125,118,249,221,75,17,12,11,11,7,9,10,61,101,90,86,79,66
"04-01-2014",64,48,47,22,8,23,30,70,139,117,21,8,5,4,3,3,3,4,23,30,53,82,60,76
"05-01-2014",72,67,79,69,65,76,76,103,101,85,46,8,5,5,5,4,3,4,4,33,78,39,4,4
"06-01-2014",31,45,57,38,3,3,3,3,3,3,3,3,3,4,3,3,3,4,18,56,27,22,12,6
"07-01-2014",6,3,3,3,3,3,3,4,7,7,7,7,6,6,5,5,3,3,3,3,3,13,26,51
"08-01-2014",141,105,78,79,57,111,159,115,83,18,10,8,7,7,7,6,6,4,3,5,9,9,3,2
"09-01-2014",10,36,17,3,24,48,98,318,284,367,70,13,8,7,7,7,8,34,30,128,91,78,70,104
"10-01-2014",114,124,114,73,66,79,170,252,404,312,90,24,21,16,10,7,8,17,14,11,14,19,47,110
"11-01-2014",137,102,91,74,51,43,52,64,78,46,40,12,11,8,5,4,4,5,4,4,8,17,26,32
"12-01-2014",60,129,126,107,113,100,88,81,77,86,27,6,5,5,5,4,3,3,6,5,8,57,179,136
"13-01-2014",103,66,35,6,7,31,68,134,185,170,35,8,12,9,8,5,4,9,28,36,62,51,31,14
"14-01-2014",4,4,5,13,10,23,108,116,105,70,29,24,11,8,10,8,8,14,31,48,73,49,60,55
"15-01-2014",48,31,24,19,13,35,144,84,113,169,43,6,6,5,6,5,5,4,4,3,3,3,3,3
"16-01-2014",3,2,5,8,11,39,92,129,207,236,96,7,11,9,7,12,17,39,62,80,117,199,170,170
"17-01-2014",133,141,75,83,72,102,149,265,341,304,161,36,11,9,9,7,7,11,51,89,72,82,204,200
"18-01-2014",78,27,15,40,90,143,121,77,105,20,7,6,7,6,6,4,4,23,25,56,101,237,221,258
"19-01-2014",248,191,120,77,76,88,74,79,125,68,16,4,4,4,4,3,3,3,3,3,3,3,6,3
"20-01-2014",3,2,2,2,3,3,4,5,9,6,6,6,6,5,5,5,4,3,3,3,3,3,3,2
"21-01-2014",2,2,2,3,12,13,8,49,75,28,7,6,7,6,5,6,4,3,4,3,3,3,3,3
"22-01-2014",10,14,17,4,2,19,86,141,165,32,9,7,7,7,6,5,4,4,3,6,15,40,37,54
"23-01-2014",189,180,188,115,111,103,166,239,142,18,7,6,7,5,6,6,5,3,32,33,15,9,5,5
"24-01-2014",2,3,2,2,24,53,126,179,268,268,222,104,24,15,6,9,5,4,4,3,2,3,3,3
"25-01-2014",5,6,18,13,7,4,4,5,9,8,7,6,5,5,5,4,3,11,6,2,17,29,11,3
"26-01-2014",3,3,4,2,2,2,2,2,2,3,4,5,4,4,3,3,3,2,2,2,3,10,3,2
"27-01-2014",2,2,2,2,2,3,4,17,22,21,15,10,10,11,13,10,18,16,39,33,20,55,72,24
"28-01-2014",12,5,3,3,11,24,52,112,164,145,122,84,26,22,15,28,70,53,128,55,66,18,8,9
"29-01-2014",7,2,4,4,5,7,5,8,14,7,-9999,-9999,6,6,6,6,5,6,4,6,3,16,18,56
"30-01-2014",66,87,40,32,40,57,97,187,185,231,146,19,11,7,6,7,5,3,4,17,74,45,36,17
"31-01-2014",8,5,3,3,3,3,3,5,8,7,7,7,5,5,5,5,3,2,3,3,3,2,2,2
"01-02-2014",2,2,2,2,2,2,2,2,3,3,4,4,4,4,3,4,3,3,3,3,3,3,2,2
"02-02-2014",2,2,2,2,2,2,2,2,2,3,3,3,3,3,3,3,3,2,2,2,2,2,2,2
"03-02-2014",2,2,2,2,2,2,4,3,5,5,5,5,5,4,4,4,3,3,2,2,2,2,2,2
"04-02-2014",2,2,2,2,2,5,7,5,9,8,7,6,5,6,9,5,4,2,3,5,3,3,2,2
"05-02-2014",-9999,-9999,-9999,-9999,-9999,-9999,-9999,-9999,-9999,-9999,-9999,-9999,-9999,-9999,-9999,-9999,-9999,-9999,-9999,-9999,-9999,-9999,-9999,-9999
"06-02-2014",-9999,-9999,-9999,-9999,-9999,-9999,-9999,-9999,-9999,-9999,-9999,-9999,-9999,-9999,-9999,-9999,-9999,-9999,-9999,-9999,-9999,-9999,-9999,-9999
"07-02-2014",-9999,-9999,-9999,-9999,-9999,-9999,-9999,-9999,-9999,-9999,-9999,-9999,-9999,-9999,-9999,-9999,-9999,-9999,-9999,-9999,-9999,-9999,-9999,-9999
"08-02-2014",-9999,-9999,-9999,-9999,-9999,-9999,-9999,-9999,-9999,-9999,-9999,-9999,-9999,-9999,-9999,-9999,-9999,-9999,-9999,-9999,-9999,-9999,-9999,-9999
"09-02-2014",-9999,-9999,-9999,-9999,-9999,-9999,-9999,-9999,-9999,-9999,-9999,-9999,-9999,-9999,-9999,-9999,-9999,-9999,-9999,-9999,-9999,-9999,-9999,-9999
"10-02-2014",-9999,-9999,-9999,-9999,-9999,-9999,-9999,-9999,-9999,-9999,-9999,-9999,-9999,-9999,-9999,-9999,-9999,-9999,-9999,-9999,-9999,-9999,-9999,-9999
"11-02-2014",-9999,-9999,-9999,-9999,-9999,-9999,-9999,-9999,-9999,-9999,-9999,-9999,-9999,-9999,-9999,-9999,-9999,-9999,-9999,-9999,-9999,-9999,-9999,-9999
"12-02-2014",-9999,-9999,-9999,-9999,-9999,-9999,-9999,-9999,-9999,-9999,-9999,-9999,-9999,-9999,-9999,-9999,-9999,-9999,-9999,-9999,-9999,-9999,-9999,-9999
"13-02-2014",-9999,-9999,-9999,-9999,-9999,-9999,-9999,-9999,-9999,-9999,-9999,-9999,-9999,-9999,-9999,-9999,-9999,-9999,-9999,-9999,-9999,-9999,-9999,-9999
"14-02-2014",-9999,-9999,-9999,-9999,-9999,-9999,-9999,-9999,-9999,-9999,-9999,-9999,-9999,-9999,-9999,-9999,-9999,-9999,-9999,-9999,-9999,-9999,-9999,-9999
"15-02-2014",-9999,-9999,-9999,-9999,-9999,-9999,-9999,-9999,-9999,-9999,-9999,-9999,-9999,-9999,-9999,-9999,-9999,-9999,-9999,-9999,-9999,-9999,-9999,-9999
"16-02-2014",-9999,-9999,-9999,-9999,-9999,-9999,-9999,-9999,-9999,-9999,-9999,-9999,-9999,-9999,-9999,-9999,-9999,-9999,-9999,-9999,-9999,-9999,-9999,-9999
"17-02-2014",-9999,-9999,-9999,-9999,-9999,-9999,-9999,-9999,-9999,-9999,-9999,-9999,-9999,-9999,-9999,-9999,-9999,-9999,-9999,-9999,-9999,-9999,-9999,-9999
"18-02-2014",-9999,-9999,-9999,-9999,-9999,-9999,-9999,-9999,-9999,-9999,-9999,-9999,-9999,-9999,-9999,-9999,-9999,-9999,-9999,-9999,-9999,-9999,-9999,-9999
"19-02-2014",-9999,-9999,-9999,-9999,-9999,-9999,-9999,-9999,-9999,-9999,-9999,-9999,-9999,-9999,-9999,-9999,-9999,-9999,-9999,-9999,-9999,-9999,-9999,-9999
"20-02-2014",-9999,-9999,-9999,-9999,-9999,-9999,-9999,-9999,-9999,-9999,-9999,-9999,-9999,-9999,-9999,-9999,-9999,-9999,-9999,-9999,-9999,-9999,-9999,-9999
"21-02-2014",-9999,-9999,-9999,-9999,-9999,-9999,-9999,-9999,-9999,-9999,-9999,-9999,-9999,-9999,-9999,-9999,-9999,-9999,-9999,-9999,-9999,-9999,-9999,-9999
"22-02-2014",-9999,-9999,-9999,-9999,-9999,-9999,-9999,-9999,-9999,-9999,-9999,-9999,-9999,-9999,-9999,-9999,-9999,-9999,-9999,-9999,-9999,-9999,-9999,-9999
"23-02-2014",5,14,5,7,36,28,46,66,34,6,4,4,3,3,3,2,2,2,2,2,2,2,2,2
"24-02-2014",2,2,2,2,2,2,2,3,5,5,5,4,4,4,5,4,5,4,2,2,2,2,2,2
"25-02-2014",2,2,2,2,2,5,5,11,6,8,6,5,6,6,5,5,4,3,3,3,3,5,7,4
"26-02-2014",3,2,2,2,2,5,13,40,10,7,6,9,9,7,7,5,6,4,4,3,4,8,3,6
"27-02-2014",46,62,54,33,28,51,103,188,243,60,33,20,13,7,6,5,5,3,3,3,3,45,36,52
"28-02-2014",58,69,58,50,51,63,123,181,206,164,24,10,6,6,5,6,8,4,3,4,3,3,3,3
"01-03-2014",3,2,2,4,6,24,50,124,85,28,25,4,4,4,3,3,2,2,9,6,3,3,4,14
"02-03-2014",17,6,4,3,2,2,11,15,24,4,3,3,3,3,3,3,2,2,2,2,4,27,61,54
"03-03-2014",2,2,2,2,2,2,2,2,2,2,2,3,3,3,3,4,2,2,2,3,3,7,13,98
"04-03-2014",48,22,2,2,25,29,3,45,25,11,6,5,5,4,4,4,4,3,3,3,3,3,3,3
"05-03-2014",3,2,4,7,98,57,113,107,183,147,41,15,10,8,5,6,5,5,5,5,30,50,61,38
"06-03-2014",57,42,51,31,50,66,134,236,223,49,6,5,5,5,4,4,4,4,3,3,2,2,9,25
"07-03-2014",30,13,3,2,3,23,97,131,128,44,5,6,5,5,5,5,6,4,2,2,4,-9999,2,2
"08-03-2014",2,2,2,2,2,2,2,2,3,3,3,3,3,3,2,3,2,2,2,2,2,2,2,2
"09-03-2014",2,2,2,2,2,2,2,2,2,2,2,3,3,2,2,2,2,2,2,2,2,2,2,2
"10-03-2014",2,2,2,2,2,2,2,9,8,8,-9999,-9999,-9999,-9999,-9999,-9999,-9999,-9999,-9999,-9999,-9999,-9999,-9999,-9999
"11-03-2014",-9999,-9999,-9999,-9999,-9999,-9999,-9999,-9999,-9999,-9999,-9999,-9999,-9999,-9999,-9999,-9999,-9999,-9999,-9999,-9999,-9999,-9999,-9999,-9999
"12-03-2014",-9999,-9999,-9999,-9999,-9999,-9999,-9999,-9999,-9999,-9999,-9999,-9999,-9999,-9999,-9999,-9999,-9999,-9999,-9999,-9999,-9999,-9999,-9999,-9999
"13-03-2014",-9999,-9999,-9999,-9999,-9999,-9999,-9999,-9999,-9999,-9999,-9999,-9999,-9999,-9999,-9999,-9999,-9999,-9999,-9999,-9999,-9999,-9999,-9999,-9999
"14-03-2014",-9999,-9999,-9999,-9999,-9999,-9999,-9999,-9999,-9999,-9999,-9999,-9999,-9999,-9999,-9999,-9999,-9999,-9999,-9999,-9999,-9999,-9999,-9999,-9999
"15-03-2014",-9999,-9999,-9999,-9999,-9999,-9999,-9999,-9999,-9999,-9999,-9999,-9999,-9999,-9999,-9999,-9999,-9999,-9999,-9999,-9999,-9999,-9999,-9999,-9999
"16-03-2014",-9999,-9999,-9999,-9999,-9999,-9999,-9999,-9999,-9999,-9999,-9999,-9999,-9999,-9999,-9999,-9999,-9999,-9999,-9999,-9999,-9999,-9999,-9999,-9999
"17-03-2014",-9999,-9999,-9999,-9999,-9999,-9999,-9999,-9999,-9999,-9999,-9999,-9999,-9999,-9999,-9999,-9999,-9999,-9999,-9999,-9999,-9999,-9999,-9999,-9999
"18-03-2014",-9999,-9999,-9999,-9999,-9999,-9999,-9999,-9999,-9999,-9999,-9999,-9999,-9999,-9999,-9999,-9999,-9999,-9999,-9999,-9999,-9999,-9999,-9999,-9999
"19-03-2014",-9999,-9999,-9999,-9999,-9999,-9999,-9999,-9999,-9999,-9999,-9999,-9999,-9999,-9999,-9999,-9999,-9999,-9999,-9999,-9999,-9999,-9999,-9999,-9999
"20-03-2014",-9999,-9999,-9999,-9999,-9999,-9999,-9999,-9999,-9999,-9999,-9999,-9999,-9999,-9999,-9999,-9999,-9999,-9999,-9999,-9999,-9999,-9999,-9999,-9999
"21-03-2014",-9999,-9999,-9999,-9999,-9999,-9999,-9999,-9999,-9999,-9999,-9999,-9999,-9999,-9999,-9999,-9999,-9999,-9999,-9999,-9999,-9999,-9999,-9999,-9999
"22-03-2014",-9999,-9999,-9999,-9999,-9999,-9999,-9999,-9999,-9999,-9999,-9999,-9999,-9999,-9999,-9999,-9999,-9999,-9999,-9999,-9999,-9999,-9999,-9999,-9999
"23-03-2014",-9999,-9999,-9999,-9999,-9999,-9999,-9999,-9999,-9999,-9999,-9999,-9999,-9999,-9999,-9999,-9999,-9999,-9999,-9999,-9999,-9999,-9999,-9999,-9999
"24-03-2014",-9999,-9999,-9999,-9999,-9999,-9999,-9999,-9999,-9999,18,12,6,7,6,5,4,4,3,3,2,2,4,5,10
"25-03-2014",2,2,2,2,2,2,2,2,3,3,2,2,2,2,2,2,2,2,2,2,2,2,2,2
"26-03-2014",2,2,2,2,11,20,34,25,7,5,4,4,4,4,4,4,4,3,2,2,2,3,3,2
"27-03-2014",2,3,2,2,2,10,28,88,22,10,7,5,4,5,4,3,3,3,3,2,3,14,3,2
"28-03-2014",2,2,2,2,2,3,6,7,4,5,4,4,5,4,4,4,4,3,3,4,3,3,2,5
"29-03-2014",18,10,3,2,2,2,2,3,8,3,3,3,3,3,3,2,2,2,2,2,2,1,2,1
"30-03-2014",1,2,2,2,2,2,2,2,2,2,2,3,3,2,2,2,2,2,2,2,2,2,2,2
"31-03-2014",5,2,2,2,8,66,110,-9999,127,26,9,4,9,9,4,4,4,3,2,2,3,3,2,10
"01-04-2014",4,2,2,3,4,26,72,105,193,47,18,14,13,7,5,4,4,3,3,2,2,2,6,9
"02-04-2014",6,2,13,19,36,35,79,228,256,128,45,18,12,5,5,4,5,4,3,2,2,4,36,34
"03-04-2014",11,7,64,27,31,54,116,144,189,78,12,6,7,5,4,4,4,6,2,2,2,2,2,4
"04-04-2014",11,2,8,4,7,23,66,8,5,5,4,5,4,5,4,4,4,3,3,2,2,2,2,2
"05-04-2014",2,2,2,2,3,2,2,7,-9999,-9999,-9999,-9999,-9999,-9999,-9999,-9999,-9999,-9999,2,2,2,2,1,2
"06-04-2014",1,1,1,2,1,8,8,26,10,3,3,2,2,2,2,2,2,2,2,1,3,40,42,57
"07-04-2014",34,19,2,3,3,3,6,3,3,4,5,6,4,3,3,4,4,6,4,3,3,2,2,1
"08-04-2014",1,1,2,2,17,56,68,73,46,10,4,4,3,4,4,5,4,3,3,3,2,1,7,7
"09-04-2014",31,45,14,6,5,28,54,86,198,48,34,11,5,5,4,4,4,3,3,2,2,1,6,2
"10-04-2014",2,2,1,2,4,2,19,28,11,7,5,4,4,3,3,5,4,3,2,2,1,1,2,1
"11-04-2014",1,2,1,1,1,34,36,28,20,5,3,6,5,5,5,4,4,3,2,2,2,2,2,13
"12-04-2014",2,2,2,2,1,2,10,18,26,10,5,3,4,3,2,3,3,2,2,2,2,1,1,1
"13-04-2014",3,3,1,2,1,2,7,25,25,3,3,3,2,3,3,2,2,2,2,2,2,1,2,3
"14-04-2014",7,3,2,2,2,13,26,51,23,3,3,3,3,3,2,4,5,3,3,2,6,4,3,1
"15-04-2014",1,10,19,28,14,23,70,146,124,22,11,6,5,4,4,4,3,3,2,2,2,2,2,6
"16-04-2014",1,1,1,2,7,14,29,109,86,6,4,4,4,3,3,3,3,3,2,2,2,2,2,3
"17-04-2014",3,2,2,2,2,2,3,7,3,3,3,2,5,5,6,5,3,2,1,1,2,2,1,1
"18-04-2014",1,1,2,1,3,2,9,29,8,4,3,3,2,2,2,2,2,2,2,2,1,1,1,1
"19-04-2014",1,1,2,2,1,6,2,19,5,3,3,3,2,2,2,3,3,3,2,1,2,1,2,1
"20-04-2014",1,1,4,3,8,22,11,20,6,3,3,2,2,2,2,2,2,2,2,1,2,1,1,1
"21-04-2014",2,1,2,2,2,2,2,2,2,2,2,2,2,2,2,2,2,2,2,1,2,5,3,3
"22-04-2014",2,1,2,3,7,15,31,47,61,29,11,14,11,6,5,3,3,3,2,1,1,1,3,15
"23-04-2014",6,9,10,6,11,46,79,163,158,172,112,31,18,15,11,36,65,25,22,12,4,7,1,1
"24-04-2014",3,2,1,2,3,3,9,18,11,8,11,5,5,4,5,4,5,4,2,2,1,2,3,2
"25-04-2014",2,3,1,1,1,6,3,5,35,5,4,3,3,3,3,3,2,3,2,2,2,1,5,13
"26-04-2014",5,6,2,1,2,3,5,14,18,12,7,3,3,3,3,3,2,2,2,2,1,2,2,2
"27-04-2014",1,2,2,2,2,1,1,2,2,2,2,2,2,2,2,2,2,2,1,1,2,2,2,2
"28-04-2014",10,3,2,7,5,31,60,83,19,6,3,3,3,3,4,4,3,2,2,2,2,2,2,2
"29-04-2014",-9999,-9999,-9999,-9999,-9999,-9999,-9999,-9999,-9999,-9999,-9999,-9999,-9999,-9999,-9999,-9999,-9999,-9999,-9999,-9999,-9999,-9999,-9999,-9999
"30-04-2014",-9999,-9999,-9999,-9999,-9999,-9999,-9999,-9999,-9999,-9999,-9999,-9999,-9999,-9999,-9999,-9999,-9999,-9999,-9999,-9999,-9999,-9999,-9999,-9999
"01-05-2014",-9999,-9999,-9999,-9999,-9999,-9999,-9999,-9999,-9999,-9999,-9999,-9999,-9999,-9999,-9999,-9999,-9999,-9999,-9999,-9999,-9999,-9999,-9999,-9999
"02-05-2014",-9999,-9999,-9999,-9999,-9999,-9999,-9999,-9999,-9999,-9999,-9999,-9999,-9999,-9999,-9999,-9999,-9999,-9999,-9999,-9999,-9999,-9999,-9999,-9999
"03-05-2014",-9999,-9999,-9999,-9999,-9999,-9999,-9999,-9999,-9999,-9999,-9999,-9999,-9999,-9999,-9999,-9999,-9999,-9999,-9999,-9999,-9999,-9999,-9999,-9999
"04-05-2014",-9999,-9999,-9999,-9999,-9999,-9999,-9999,-9999,-9999,-9999,-9999,-9999,-9999,-9999,-9999,-9999,-9999,-9999,-9999,-9999,-9999,-9999,-9999,-9999
"05-05-2014",-9999,-9999,-9999,-9999,-9999,-9999,-9999,-9999,-9999,-9999,-9999,-9999,-9999,-9999,-9999,-9999,-9999,-9999,-9999,-9999,-9999,-9999,-9999,-9999
"06-05-2014",-9999,-9999,-9999,-9999,-9999,-9999,-9999,-9999,-9999,-9999,-9999,-9999,-9999,-9999,-9999,-9999,-9999,-9999,-9999,-9999,-9999,-9999,-9999,-9999
"07-05-2014",-9999,-9999,-9999,-9999,-9999,-9999,-9999,-9999,-9999,-9999,-9999,-9999,-9999,-9999,-9999,-9999,-9999,-9999,-9999,-9999,-9999,-9999,-9999,-9999
"08-05-2014",-9999,-9999,-9999,-9999,-9999,-9999,-9999,-9999,-9999,-9999,-9999,-9999,-9999,-9999,-9999,-9999,-9999,-9999,-9999,-9999,-9999,-9999,-9999,-9999
"09-05-2014",-9999,-9999,-9999,-9999,-9999,-9999,-9999,-9999,-9999,-9999,-9999,-9999,-9999,-9999,-9999,-9999,-9999,-9999,-9999,-9999,-9999,-9999,-9999,-9999
"10-05-2014",-9999,-9999,-9999,-9999,-9999,-9999,-9999,-9999,-9999,-9999,-9999,-9999,-9999,-9999,-9999,-9999,-9999,-9999,-9999,-9999,-9999,-9999,-9999,-9999
"11-05-2014",-9999,-9999,-9999,-9999,-9999,-9999,-9999,-9999,-9999,-9999,-9999,-9999,-9999,-9999,-9999,-9999,-9999,-9999,-9999,-9999,-9999,-9999,-9999,-9999
"12-05-2014",-9999,-9999,-9999,-9999,-9999,-9999,-9999,-9999,-9999,-9999,-9999,-9999,-9999,-9999,-9999,-9999,-9999,-9999,-9999,-9999,-9999,-9999,-9999,-9999
"13-05-2014",-9999,-9999,-9999,-9999,-9999,-9999,-9999,-9999,-9999,-9999,-9999,-9999,-9999,-9999,5,6,5,4,4,4,3,3,3,4
"14-05-2014",5,3,5,12,15,8,47,85,20,18,5,4,4,4,4,4,4,4,3,3,2,3,2,3
"15-05-2014",3,3,3,3,3,3,3,4,4,4,4,4,5,4,4,4,4,4,3,3,3,3,3,3
"16-05-2014",4,2,3,3,3,3,4,4,4,5,4,4,4,4,4,5,4,4,3,3,3,3,3,3
"17-05-2014",3,3,3,3,3,3,5,4,3,4,3,4,4,3,3,4,4,3,3,3,3,3,2,3
"18-05-2014",3,3,3,3,3,3,14,7,7,4,3,4,4,3,3,4,3,3,3,3,3,3,3,3
"19-05-2014",3,3,4,2,5,14,31,52,84,30,6,7,5,5,4,5,5,5,3,4,4,3,4,3
"20-05-2014",3,4,4,3,3,7,28,29,28,15,7,8,7,6,4,4,4,3,3,3,4,5,17,19
"21-05-2014",14,4,4,6,8,38,45,15,4,3,3,3,4,3,3,3,3,2,3,3,3,3,3,3
"22-05-2014",13,3,3,3,10,24,30,41,5,4,3,1,51,4,3,3,3,3,3,3,3,3,3,3
"23-05-2014",3,3,3,4,3,3,11,24,9,5,4,4,3,-9999,-9999,-9999,-9999,-9999,-9999,-9999,-9999,-9999,-9999,-9999
"24-05-2014",-9999,-9999,-9999,-9999,-9999,-9999,-9999,-9999,-9999,-9999,-9999,-9999,-9999,-9999,-9999,-9999,-9999,-9999,-9999,-9999,-9999,-9999,-9999,-9999
"25-05-2014",-9999,-9999,-9999,-9999,-9999,-9999,-9999,-9999,-9999,-9999,-9999,-9999,-9999,-9999,-9999,-9999,-9999,-9999,-9999,-9999,-9999,-9999,-9999,-9999
"26-05-2014",-9999,-9999,-9999,-9999,-9999,-9999,-9999,-9999,-9999,-9999,-9999,-9999,-9999,-9999,-9999,-9999,-9999,-9999,-9999,-9999,-9999,-9999,-9999,-9999
"27-05-2014",-9999,-9999,-9999,-9999,-9999,-9999,-9999,-9999,-9999,-9999,-9999,-9999,-9999,-9999,-9999,-9999,-9999,-9999,-9999,-9999,-9999,-9999,-9999,-9999
"28-05-2014",-9999,-9999,-9999,-9999,-9999,-9999,-9999,-9999,-9999,-9999,-9999,-9999,-9999,4,4,5,5,5,5,4,4,4,4,3
"29-05-2014",4,3,4,3,4,26,19,93,36,19,7,6,6,5,5,5,5,5,5,4,4,4,4,5
"30-05-2014",4,3,3,3,3,3,3,4,4,5,5,5,5,5,5,5,5,5,4,4,3,3,3,4
"31-05-2014",3,3,3,3,3,7,5,7,4,4,3,4,4,4,4,4,4,4,4,4,3,3,3,3
"01-06-2014",3,3,3,3,3,4,6,5,5,4,4,4,4,4,3,3,4,3,3,4,4,3,3,4
"02-06-2014",3,3,4,3,3,3,4,10,6,5,5,5,6,5,5,7,5,4,3,3,4,3,4,3
"03-06-2014",3,3,3,4,3,9,32,75,10,4,5,6,5,5,5,5,4,4,3,3,3,3,3,3
"04-06-2014",3,3,3,3,3,5,4,7,7,8,8,7,8,7,9,8,6,7,5,6,4,4,4,3
"05-06-2014",6,19,9,5,5,59,102,112,15,11,11,8,6,5,7,6,6,6,5,4,4,4,6,4
"06-06-2014",6,20,41,36,33,88,174,117,6,6,28,77,5,6,5,5,6,7,7,4,4,4,4,4
"07-06-2014",4,4,6,13,14,12,73,90,27,11,4,3,4,3,4,5,5,5,5,5,4,5,11,16
"08-06-2014",13,7,13,33,58,47,111,148,64,7,4,4,4,3,4,3,4,4,3,3,3,4,3,3
"09-06-2014",3,3,3,3,3,3,4,4,4,4,4,4,4,4,4,4,3,3,4,3,3,3,3,3
"10-06-2014",3,3,3,3,3,4,3,5,7,5,5,5,4,4,4,4,4,4,3,4,3,3,3,3
"11-06-2014",4,4,4,3,3,3,5,14,7,5,4,4,4,4,4,4,6,6,5,5,4,5,6,5
"12-06-2014",31,45,30,5,8,6,4,7,5,5,5,4,4,5,5,4,5,6,5,4,3,3,3,4
"13-06-2014",4,4,4,4,4,4,37,29,11,4,5,5,5,5,5,5,5,4,5,5,4,5,4,4
"14-06-2014",9,4,5,10,21,22,68,36,19,10,17,7,5,5,4,5,5,5,4,4,3,3,5,21
"15-06-2014",6,4,5,6,5,5,17,20,11,16,12,8,6,5,5,4,4,4,5,5,4,5,5,5
"16-06-2014",-9999,-9999,-9999,-9999,-9999,-9999,-9999,-9999,-9999,-9999,-9999,-9999,-9999,-9999,-9999,-9999,-9999,-9999,-9999,-9999,-9999,-9999,-9999,-9999
"17-06-2014",-9999,-9999,-9999,-9999,-9999,-9999,-9999,-9999,-9999,-9999,-9999,-9999,-9999,-9999,-9999,-9999,-9999,-9999,-9999,-9999,-9999,-9999,-9999,-9999
"18-06-2014",-9999,-9999,-9999,-9999,-9999,-9999,-9999,-9999,-9999,-9999,-9999,-9999,5,4,4,6,4,4,4,3,3,4,3,3
"19-06-2014",3,7,6,3,5,30,73,75,35,21,7,5,4,4,4,3,3,2,2,2,2,2,1,1
"20-06-2014",2,1,2,2,2,2,5,4,3,4,4,3,3,4,4,3,5,3,3,2,5,3,2,2
"21-06-2014",2,2,8,4,3,19,37,94,6,5,5,4,3,3,2,3,2,3,2,2,2,2,2,2
"22-06-2014",2,2,2,3,14,23,7,4,2,2,2,2,3,2,2,2,2,2,2,2,2,2,2,2
"23-06-2014",2,3,3,2,9,22,77,51,23,3,3,3,2,3,4,3,3,2,2,2,1,1,3,1
"24-06-2014",2,2,2,2,2,22,27,40,30,7,5,10,6,3,3,3,4,3,2,2,2,2,3,2
"25-06-2014",2,14,11,8,4,12,12,48,27,10,6,5,4,5,5,4,3,3,3,2,2,2,2,3
"26-06-2014",7,15,3,8,95,94,74,82,56,21,8,6,4,5,4,4,4,3,5,4,5,3,4,5
"27-06-2014",4,3,14,17,24,42,92,228,186,19,20,8,5,7,5,4,5,4,3,3,3,7,9,13
"28-06-2014",7,2,2,2,2,2,2,2,2,2,2,3,3,3,4,5,2,2,2,2,2,1,2,1
"29-06-2014",1,2,1,1,2,3,6,3,2,2,2,2,2,2,2,2,2,2,2,1,1,1,1,2
"30-06-2014",2,2,2,2,2,13,17,24,6,6,4,4,5,4,4,3,3,4,3,3,2,2,2,2
"01-07-2014",2,2,7,2,2,9,67,80,49,37,14,2,3,4,4,3,4,3,3,2,2,2,2,2
"02-07-2014",2,2,2,2,2,2,9,8,3,3,3,3,2,3,2,3,2,2,2,2,2,2,2,1
"03-07-2014",1,2,2,2,2,10,31,49,4,5,4,3,2,2,2,4,4,2,3,2,2,2,4,3
"04-07-2014",3,3,2,2,2,2,2,2,2,2,3,3,3,4,4,4,3,2,2,2,2,2,2,2
"05-07-2014",2,2,1,2,2,2,2,2,2,2,2,2,2,2,2,2,2,2,2,2,2,1,2,1
"06-07-2014",1,1,2,2,2,2,3,5,3,2,2,2,2,2,2,2,2,2,2,2,2,2,2,4
"07-07-2014",-9999,-9999,-9999,-9999,-9999,-9999,-9999,-9999,-9999,-9999,-9999,-9999,-9999,-9999,-9999,-9999,-9999,-9999,-9999,-9999,-9999,-9999,-9999,-9999
"08-07-2014",-9999,-9999,-9999,-9999,-9999,-9999,-9999,-9999,-9999,-9999,-9999,-9999,-9999,-9999,-9999,-9999,-9999,-9999,-9999,-9999,-9999,-9999,-9999,-9999
"09-07-2014",-9999,-9999,-9999,-9999,-9999,-9999,-9999,-9999,-9999,-9999,-9999,-9999,-9999,-9999,-9999,-9999,-9999,-9999,-9999,-9999,-9999,-9999,-9999,-9999
"10-07-2014",-9999,-9999,-9999,-9999,-9999,-9999,-9999,-9999,-9999,-9999,-9999,-9999,-9999,-9999,-9999,-9999,-9999,-9999,-9999,-9999,-9999,-9999,-9999,-9999
"11-07-2014",-9999,-9999,-9999,-9999,-9999,-9999,-9999,-9999,-9999,-9999,-9999,-9999,-9999,-9999,-9999,-9999,-9999,-9999,-9999,-9999,-9999,-9999,-9999,-9999
"12-07-2014",-9999,-9999,-9999,-9999,-9999,-9999,-9999,-9999,-9999,-9999,-9999,-9999,-9999,-9999,-9999,-9999,-9999,-9999,-9999,-9999,-9999,-9999,-9999,-9999
"13-07-2014",-9999,-9999,-9999,-9999,-9999,-9999,-9999,-9999,-9999,-9999,-9999,-9999,-9999,-9999,-9999,-9999,-9999,-9999,-9999,-9999,-9999,-9999,-9999,-9999
"14-07-2014",-9999,-9999,-9999,-9999,-9999,-9999,-9999,-9999,-9999,-9999,-9999,-9999,-9999,-9999,-9999,-9999,-9999,-9999,-9999,-9999,-9999,-9999,-9999,-9999
"15-07-2014",-9999,-9999,-9999,-9999,-9999,-9999,-9999,-9999,-9999,-9999,-9999,-9999,-9999,-9999,-9999,-9999,-9999,-9999,-9999,-9999,-9999,-9999,-9999,-9999
"16-07-2014",-9999,-9999,-9999,-9999,-9999,-9999,-9999,-9999,-9999,-9999,-9999,-9999,-9999,-9999,-9999,-9999,-9999,-9999,-9999,-9999,-9999,-9999,-9999,-9999
"17-07-2014",-9999,-9999,-9999,-9999,-9999,-9999,-9999,-9999,-9999,-9999,-9999,-9999,-9999,-9999,-9999,-9999,-9999,-9999,-9999,-9999,-9999,-9999,-9999,-9999
"18-07-2014",-9999,-9999,-9999,-9999,-9999,-9999,-9999,-9999,-9999,-9999,-9999,-9999,-9999,-9999,-9999,-9999,-9999,-9999,-9999,-9999,-9999,-9999,-9999,-9999
"19-07-2014",-9999,-9999,-9999,-9999,-9999,-9999,-9999,-9999,-9999,-9999,-9999,-9999,-9999,-9999,-9999,-9999,-9999,-9999,-9999,-9999,-9999,-9999,-9999,-9999
"20-07-2014",-9999,-9999,-9999,-9999,-9999,-9999,-9999,-9999,-9999,-9999,-9999,-9999,-9999,-9999,-9999,-9999,-9999,-9999,-9999,-9999,-9999,-9999,-9999,-9999
"21-07-2014",-9999,-9999,-9999,-9999,-9999,-9999,-9999,-9999,-9999,-9999,-9999,-9999,-9999,-9999,-9999,-9999,-9999,-9999,-9999,-9999,-9999,-9999,-9999,-9999
"22-07-2014",-9999,-9999,-9999,-9999,-9999,-9999,-9999,-9999,-9999,-9999,-9999,-9999,-9999,-9999,-9999,-9999,-9999,-9999,-9999,-9999,-9999,-9999,-9999,-9999
"23-07-2014",-9999,-9999,-9999,-9999,-9999,-9999,-9999,-9999,-9999,-9999,-9999,-9999,-9999,-9999,-9999,-9999,-9999,-9999,-9999,-9999,-9999,-9999,-9999,-9999
"24-07-2014",-9999,-9999,-9999,-9999,-9999,-9999,-9999,-9999,-9999,-9999,-9999,-9999,-9999,-9999,-9999,-9999,-9999,-9999,-9999,-9999,-9999,-9999,-9999,-9999
"25-07-2014",-9999,-9999,-9999,-9999,-9999,-9999,-9999,-9999,-9999,-9999,-9999,-9999,-9999,-9999,-9999,-9999,-9999,-9999,-9999,-9999,-9999,-9999,-9999,-9999
"26-07-2014",-9999,-9999,-9999,-9999,-9999,-9999,-9999,-9999,-9999,-9999,-9999,-9999,-9999,-9999,-9999,-9999,-9999,-9999,-9999,-9999,-9999,-9999,-9999,-9999
"27-07-2014",-9999,-9999,-9999,-9999,-9999,-9999,-9999,-9999,-9999,-9999,-9999,-9999,-9999,-9999,-9999,-9999,-9999,-9999,-9999,-9999,-9999,-9999,-9999,-9999
"28-07-2014",-9999,-9999,-9999,-9999,-9999,-9999,-9999,-9999,-9999,-9999,-9999,-9999,-9999,-9999,-9999,-9999,-9999,-9999,-9999,-9999,-9999,-9999,-9999,-9999
"29-07-2014",-9999,-9999,-9999,-9999,-9999,-9999,-9999,-9999,-9999,-9999,-9999,-9999,-9999,-9999,-9999,-9999,-9999,-9999,-9999,-9999,-9999,-9999,-9999,-9999
"30-07-2014",-9999,-9999,-9999,-9999,-9999,-9999,-9999,-9999,-9999,-9999,-9999,-9999,-9999,-9999,-9999,-9999,-9999,-9999,-9999,-9999,-9999,-9999,-9999,-9999
"31-07-2014",-9999,-9999,-9999,-9999,-9999,-9999,-9999,-9999,-9999,-9999,-9999,-9999,-9999,-9999,-9999,-9999,-9999,-9999,-9999,-9999,-9999,-9999,-9999,-9999
"01-08-2014",2,2,2,2,2,2,4,7,6,5,3,5,5,4,4,4,4,4,3,3,2,2,2,2
"02-08-2014",2,2,2,2,2,2,2,4,2,2,2,3,2,2,2,2,2,2,2,2,2,2,2,2
"03-08-2014",2,2,2,2,2,2,9,20,3,2,2,3,3,2,2,2,2,2,2,3,2,2,2,3
"04-08-2014",3,3,4,3,3,8,22,51,54,33,13,6,5,4,3,4,3,3,2,2,2,2,2,2
"05-08-2014",2,2,3,3,2,11,76,117,8,4,5,2,2,2,2,3,2,2,2,2,2,2,2,2
"06-08-2014",2,2,2,2,2,12,48,33,37,27,5,2,4,4,3,3,2,2,3,2,2,3,2,2
"07-08-2014",2,3,3,4,2,2,2,3,6,5,3,3,3,3,2,2,2,2,2,2,2,2,2,2
"08-08-2014",3,3,3,2,3,9,5,4,3,3,3,-9999,3,3,3,2,2,2,2,1,1,1,2,1
"09-08-2014",2,2,2,2,2,2,2,33,7,4,1,1,2,2,2,2,1,2,1,1,1,1,2,4
"10-08-2014",2,2,2,2,1,1,4,9,12,2,1,1,1,1,1,1,1,1,1,1,1,1,1,1
"11-08-2014",1,1,1,1,1,12,56,26,2,2,1,2,2,2,2,1,1,1,1,1,1,1,1,1
"12-08-2014",1,1,2,3,7,4,20,53,57,3,2,1,2,2,1,2,2,2,2,1,1,1,1,1
"13-08-2014",3,1,1,1,20,22,54,70,12,2,2,2,2,1,2,2,2,1,1,1,1,1,1,1
"14-08-2014",1,1,1,1,1,1,2,12,2,2,1,1,1,2,2,2,2,2,2,2,2,2,2,2
"15-08-2014",2,2,2,2,2,2,3,8,7,5,7,4,2,2,2,2,2,2,2,2,1,1,1,1
"16-08-2014",1,2,1,2,2,1,1,3,7,5,4,2,2,2,2,2,2,2,2,2,1,1,1,2
"17-08-2014",1,1,1,2,1,1,3,11,6,2,2,2,2,2,2,1,1,2,2,1,1,1,1,1
"18-08-2014",1,1,1,1,1,1,1,2,2,2,2,2,2,2,2,1,1,1,1,1,1,1,1,1
"19-08-2014",1,1,1,1,1,1,1,3,2,2,2,2,2,2,1,1,1,1,2,1,1,1,1,1
"20-08-2014",1,1,1,1,1,6,6,8,4,3,2,2,2,2,2,2,2,2,1,1,1,1,1,2
"21-08-2014",-9999,-9999,-9999,-9999,-9999,-9999,-9999,-9999,-9999,-9999,-9999,-9999,-9999,-9999,-9999,-9999,-9999,-9999,-9999,-9999,-9999,-9999,-9999,-9999
"22-08-2014",-9999,-9999,-9999,-9999,-9999,-9999,-9999,-9999,-9999,-9999,-9999,-9999,-9999,-9999,-9999,-9999,-9999,-9999,-9999,-9999,-9999,-9999,-9999,-9999
"23-08-2014",-9999,-9999,-9999,-9999,-9999,-9999,-9999,-9999,-9999,-9999,-9999,-9999,-9999,-9999,-9999,-9999,-9999,-9999,-9999,-9999,-9999,-9999,-9999,-9999
"24-08-2014",-9999,-9999,-9999,-9999,-9999,-9999,-9999,-9999,-9999,-9999,-9999,-9999,-9999,-9999,-9999,-9999,-9999,-9999,-9999,-9999,-9999,-9999,-9999,-9999
"25-08-2014",-9999,-9999,-9999,-9999,-9999,-9999,-9999,-9999,-9999,-9999,-9999,-9999,-9999,-9999,-9999,-9999,-9999,-9999,-9999,-9999,-9999,-9999,-9999,-9999
"26-08-2014",-9999,-9999,-9999,-9999,-9999,-9999,-9999,-9999,-9999,-9999,-9999,-9999,-9999,-9999,-9999,-9999,-9999,-9999,-9999,-9999,-9999,-9999,-9999,-9999
"27-08-2014",-9999,-9999,-9999,-9999,-9999,-9999,-9999,-9999,-9999,-9999,-9999,-9999,-9999,-9999,-9999,-9999,-9999,-9999,-9999,-9999,-9999,-9999,-9999,-9999
"28-08-2014",-9999,-9999,-9999,-9999,-9999,-9999,-9999,-9999,-9999,-9999,-9999,-9999,-9999,-9999,-9999,-9999,-9999,-9999,-9999,-9999,-9999,-9999,-9999,-9999
"29-08-2014",1,1,1,1,1,1,1,1,2,2,2,2,2,2,2,2,2,2,1,1,1,1,1,1
"30-08-2014",1,1,1,1,1,1,3,7,2,2,2,2,2,2,2,1,1,1,1,1,1,1,1,3
"31-08-2014",4,1,1,1,1,1,1,1,1,2,1,1,2,1,1,1,1,1,1,1,1,1,1,1
"01-09-2014",1,1,1,1,1,3,3,17,14,5,6,4,4,3,3,3,3,2,2,2,1,1,1,1
"02-09-2014",2,2,2,3,3,10,54,74,17,5,3,4,4,5,5,4,3,3,2,2,2,2,2,5
"03-09-2014",5,2,1,1,3,3,4,7,4,11,3,4,4,4,3,3,3,3,2,2,1,2,1,4
"04-09-2014",2,2,1,1,2,3,2,7,4,4,6,5,3,3,3,3,3,2,2,2,2,2,1,2
"05-09-2014",2,3,1,2,1,1,1,9,14,9,5,7,4,3,2,3,3,2,2,2,2,1,1,1
"06-09-2014",1,2,1,1,2,3,5,11,12,4,3,4,2,2,3,2,2,2,2,1,1,2,2,2
"07-09-2014",2,4,5,10,4,2,3,13,3,3,3,3,-9999,3,2,1,1,1,1,1,1,2,1,2
"08-09-2014",1,1,1,1,1,1,5,10,6,4,3,2,3,3,4,3,2,2,2,1,1,1,2,2
"09-09-2014",2,6,3,2,2,3,9,19,20,7,4,3,2,2,2,2,4,6,10,10,7,5,3,13
"10-09-2014",31,18,13,5,16,29,75,147,125,15,4,3,3,3,3,3,2,2,2,1,1,5,26,12
"11-09-2014",17,8,17,4,12,30,75,80,80,25,5,3,3,4,3,2,2,2,2,2,1,2,3,3
"12-09-2014",18,33,30,38,17,23,61,93,46,14,12,6,5,4,3,3,3,3,2,2,2,2,2,2
"13-09-2014",2,2,2,6,9,5,3,23,43,10,5,6,3,2,2,2,2,2,1,2,1,1,1,1
"14-09-2014",2,2,2,1,1,1,1,2,4,2,2,2,2,2,2,2,2,2,1,1,1,1,1,2
"15-09-2014",2,2,2,3,2,18,56,49,68,21,4,6,7,4,3,3,4,2,3,2,1,2,3,6
"16-09-2014",16,8,12,4,6,10,14,29,26,9,7,4,3,5,3,4,2,3,3,2,11,34,25,18
"17-09-2014",7,2,2,2,2,19,74,118,94,16,3,3,4,3,2,4,2,2,1,1,1,1,1,1
"18-09-2014",1,1,1,3,1,1,2,3,4,4,3,2,3,2,2,2,2,1,1,1,1,1,1,1
"19-09-2014",1,1,1,1,1,1,6,39,21,4,4,3,2,2,2,2,2,1,1,1,1,1,4,6
"20-09-2014",6,2,2,2,1,3,9,24,22,18,6,3,4,3,2,2,2,2,2,1,1,1,1,2
"21-09-2014",2,2,2,4,2,6,23,57,33,6,4,4,3,2,3,2,2,2,2,2,2,2,2,2
"22-09-2014",3,2,2,5,18,25,46,139,114,32,12,8,5,5,5,5,5,4,4,5,3,2,2,3
"23-09-2014",4,2,2,1,2,12,39,81,109,66,14,7,6,8,4,3,3,2,2,2,1,1,1,1
"24-09-2014",1,1,1,1,1,2,1,1,2,2,3,3,2,3,2,3,2,2,2,2,2,2,3,4
"25-09-2014",2,10,2,5,9,21,23,85,126,26,10,8,6,4,3,3,3,2,3,3,2,2,2,2
"26-09-2014",2,1,2,3,3,10,37,87,71,31,5,5,13,7,5,4,4,4,2,2,1,1,1,2
"27-09-2014",1,1,1,1,1,1,2,7,2,3,3,3,2,2,2,2,2,1,1,1,1,1,1,1
"28-09-2014",1,1,1,1,1,1,1,2,2,4,2,2,2,2,2,2,2,2,2,1,1,1,1,5
"29-09-2014",2,2,1,1,1,1,2,3,4,3,3,3,3,3,3,2,2,2,2,1,2,5,2,1
"30-09-2014",2,2,2,1,26,26,63,129,10,5,5,3,3,3,2,3,4,2,2,4,6,2,19,29
"01-10-2014",40,9,2,2,7,24,77,127,182,59,12,5,3,3,3,3,3,2,2,1,1,2,10,2
"02-10-2014",2,2,2,2,2,47,130,93,27,6,3,3,3,3,2,2,2,2,1,1,1,1,1,1
"03-10-2014",1,1,1,1,1,3,2,3,4,3,3,3,2,3,3,3,3,2,2,2,2,1,1,1
"04-10-2014",1,1,1,1,1,1,1,2,2,2,2,2,2,2,2,2,2,1,1,1,1,1,1,1
"05-10-2014",1,2,2,1,2,64,42,42,37,2,2,2,2,2,1,2,2,2,2,1,2,2,2,2
"06-10-2014",2,1,1,1,1,2,24,78,85,26,5,3,4,4,4,4,4,3,2,2,3,4,3,4
"07-10-2014",3,6,3,7,5,22,61,114,148,122,63,11,4,5,5,4,3,4,6,14,33,58,78,84
"08-10-2014",70,33,23,24,24,45,49,76,128,91,12,7,5,9,6,3,3,2,1,2,1,2,2,1
"09-10-2014",1,1,1,2,2,17,56,10,6,5,4,3,4,3,3,3,2,2,1,2,12,3,1,3
"10-10-2014",36,5,9,4,2,12,13,17,27,6,7,5,5,5,5,5,5,3,3,3,2,1,2,8
"11-10-2014",2,2,2,1,4,1,1,2,2,3,3,2,2,2,2,2,2,1,2,1,1,1,2,2
"12-10-2014",2,2,2,2,2,5,5,56,26,19,5,3,2,2,2,2,2,1,1,1,3,3,9,12
"13-10-2014",34,38,25,19,8,36,107,161,208,152,26,8,9,9,6,4,3,2,2,2,2,2,7,77
"14-10-2014",47,33,7,13,17,26,73,102,166,92,9,5,4,6,5,4,3,2,2,2,2,2,2,2
"15-10-2014",20,30,6,15,15,25,107,178,241,166,21,15,13,7,5,4,4,3,3,3,2,3,2,3
"16-10-2014",12,11,34,40,22,39,110,222,212,193,49,36,19,10,12,8,15,10,9,7,2,2,4,3
"17-10-2014",3,2,2,2,2,28,18,15,36,35,25,10,11,6,7,5,4,3,2,2,2,1,2,1
"18-10-2014",1,3,7,5,23,2,4,23,29,31,14,10,3,2,2,2,2,1,1,1,1,1,1,1
"19-10-2014",1,1,2,1,1,1,1,1,2,2,2,2,2,2,2,2,2,1,1,1,2,1,1,5
"20-10-2014",4,2,2,2,15,14,119,116,90,5,4,4,4,4,3,6,5,4,2,3,2,5,3,7
"21-10-2014",9,15,21,13,11,24,50,123,266,218,45,-9999,10,5,4,4,4,2,4,2,8,3,2,9
"22-10-2014",46,55,34,17,45,88,121,68,79,30,9,5,4,4,4,4,3,3,2,2,2,2,1,2
"23-10-2014",2,1,1,1,2,2,2,2,2,3,3,4,6,4,4,5,4,3,2,2,2,2,3,1
"24-10-2014",18,13,11,6,11,46,104,134,57,43,35,4,4,4,3,3,4,4,4,5,7,8,2,2
"25-10-2014",5,9,15,6,18,30,57,124,96,24,5,8,6,3,3,4,3,2,3,2,3,2,2,2
"26-10-2014",25,15,4,2,7,2,2,2,3,3,3,3,4,3,3,3,2,2,3,2,2,2,1,2
"27-10-2014",2,1,2,10,16,23,61,100,170,9,6,4,5,3,3,3,3,2,2,2,2,2,2,2
"28-10-2014",1,1,1,1,1,1,2,2,3,2,2,2,2,2,2,2,2,2,2,2,2,2,3,3
"29-10-2014",2,2,6,2,3,9,33,62,33,11,9,8,10,11,12,16,16,25,10,10,12,12,10,8
"30-10-2014",35,19,14,51,50,95,148,224,161,39,11,5,4,3,6,7,5,12,4,3,2,11,6,2
"31-10-2014",9,4,8,3,6,12,37,25,8,5,4,4,3,4,4,3,3,2,2,2,2,2,1,1
"01-11-2014",1,1,1,1,1,1,2,2,2,3,2,3,2,2,2,2,2,1,2,1,1,1,1,1
"02-11-2014",1,2,1,1,1,1,2,2,2,2,2,2,2,2,2,2,2,2,1,1,2,7,3,29
"03-11-2014",13,2,6,6,17,19,6,38,38,5,5,4,4,5,5,5,3,2,2,2,2,2,2,2
"04-11-2014",2,2,2,1,1,20,48,104,82,9,4,4,4,5,6,5,5,9,11,22,38,34,43,38
"05-11-2014",47,29,34,36,40,42,127,189,164,48,11,5,5,4,4,4,3,3,2,2,2,2,2,2
"06-11-2014",2,2,2,1,3,13,39,144,170,14,5,4,4,4,4,4,4,5,3,10,43,94,118,86
"07-11-2014",79,67,67,43,38,61,68,84,121,50,8,6,6,5,4,5,8,7,3,2,2,1,2,2
"08-11-2014",2,2,1,1,1,1,2,3,4,18,16,5,3,3,4,4,3,10,9,2,3,2,2,8
"09-11-2014",9,29,5,3,6,16,24,63,72,22,4,3,3,2,2,2,2,2,2,2,15,65,135,130
"10-11-2014",92,51,22,22,10,36,53,77,144,143,35,7,13,11,7,4,5,8,12,17,7,11,16,17
"11-11-2014",11,3,7,7,5,28,47,47,39,10,5,4,4,7,8,5,5,7,5,6,4,2,6,14
"12-11-2014",4,3,2,2,4,26,36,71,57,34,5,9,8,10,5,5,6,19,10,15,4,6,4,4
"13-11-2014",2,2,3,1,2,4,33,39,97,50,11,10,9,5,6,6,6,8,15,45,32,21,41,22
"14-11-2014",32,14,1,2,3,10,37,45,42,13,10,5,5,6,6,9,7,9,14,9,3,3,2,2
"15-11-2014",2,2,1,2,2,23,27,20,3,3,3,3,4,3,4,3,2,6,6,13,107,88,78,68
"16-11-2014",33,78,17,19,17,27,28,11,10,6,5,6,4,3,5,5,4,3,13,41,52,79,80,60
"17-11-2014",72,40,28,12,16,26,36,90,98,8,6,5,5,6,5,5,15,64,95,146,149,149,181,155
"18-11-2014",152,97,81,69,66,88,130,240,226,119,23,12,8,7,6,5,10,17,32,60,12,3,3,3
"19-11-2014",2,2,2,5,23,50,144,166,20,12,7,5,6,4,4,4,4,3,3,7,15,21,19,17
"20-11-2014",5,2,1,1,2,2,2,9,15,9,5,4,4,5,4,3,4,3,2,2,2,4,40,41
"21-11-2014",18,5,2,1,1,2,3,19,6,4,4,3,3,3,2,3,2,2,2,2,2,18,4,2
"22-11-2014",4,2,27,5,2,2,4,19,10,7,3,3,3,3,3,3,2,2,2,3,2,9,9,7
"23-11-2014",28,49,16,2,2,2,2,2,2,2,2,2,2,2,3,3,3,2,2,2,2,2,2,2
"24-11-2014",2,2,2,2,2,19,81,104,88,30,11,5,4,7,4,5,3,3,2,2,3,3,28,19
"25-11-2014",4,2,2,2,2,2,2,3,6,5,4,5,4,4,4,3,3,2,2,3,4,9,13,8
"26-11-2014",5,4,6,4,5,5,38,37,27,7,7,5,4,5,4,4,4,4,3,3,3,2,2,2
"27-11-2014",2,2,2,2,2,4,3,4,15,18,20,25,11,5,4,6,5,9,51,53,29,21,18,6
"28-11-2014",4,3,3,3,4,15,32,54,84,83,53,58,40,23,21,22,42,72,113,140,114,107,95,89
"29-11-2014",99,79,74,60,49,68,94,124,187,127,34,10,5,5,4,5,11,26,69,120,144,133,144,165
"30-11-2014",135,114,72,67,50,53,72,110,100,85,52,23,9,5,6,13,26,80,146,200,211,233,172,191
"01-12-2014",-9999,-9999,-9999,-9999,-9999,-9999,-9999,-9999,-9999,-9999,-9999,-9999,-9999,-9999,-9999,-9999,-9999,-9999,-9999,-9999,-9999,-9999,-9999,-9999
"02-12-2014",-9999,-9999,-9999,-9999,-9999,-9999,-9999,-9999,-9999,-9999,-9999,-9999,-9999,-9999,-9999,-9999,-9999,-9999,-9999,-9999,-9999,-9999,-9999,-9999
"03-12-2014",-9999,-9999,-9999,-9999,-9999,-9999,-9999,-9999,-9999,-9999,-9999,-9999,-9999,-9999,-9999,-9999,-9999,-9999,-9999,-9999,-9999,-9999,-9999,-9999
"04-12-2014",-9999,-9999,-9999,-9999,-9999,-9999,-9999,-9999,-9999,-9999,-9999,-9999,-9999,-9999,-9999,-9999,-9999,-9999,-9999,-9999,-9999,-9999,-9999,-9999
"05-12-2014",-9999,-9999,-9999,-9999,-9999,-9999,-9999,-9999,-9999,-9999,-9999,-9999,-9999,-9999,-9999,-9999,-9999,-9999,-9999,-9999,-9999,-9999,-9999,-9999
"06-12-2014",-9999,-9999,-9999,-9999,-9999,-9999,-9999,-9999,-9999,-9999,-9999,-9999,-9999,-9999,-9999,-9999,-9999,-9999,-9999,-9999,-9999,-9999,-9999,-9999
"07-12-2014",-9999,-9999,-9999,-9999,-9999,-9999,-9999,-9999,-9999,-9999,-9999,-9999,-9999,-9999,-9999,-9999,-9999,-9999,-9999,-9999,-9999,-9999,-9999,-9999
"08-12-2014",-9999,-9999,-9999,-9999,-9999,-9999,-9999,-9999,-9999,-9999,-9999,-9999,-9999,-9999,-9999,-9999,-9999,-9999,-9999,-9999,-9999,-9999,-9999,-9999
"09-12-2014",-9999,-9999,-9999,-9999,-9999,-9999,-9999,-9999,-9999,-9999,-9999,-9999,-9999,-9999,-9999,-9999,-9999,-9999,-9999,-9999,-9999,-9999,-9999,-9999
"10-12-2014",-9999,-9999,-9999,-9999,-9999,-9999,-9999,-9999,-9999,-9999,-9999,-9999,-9999,-9999,-9999,-9999,-9999,-9999,-9999,-9999,-9999,-9999,-9999,-9999
"11-12-2014",-9999,-9999,-9999,-9999,-9999,-9999,-9999,-9999,-9999,-9999,-9999,-9999,-9999,-9999,-9999,-9999,-9999,-9999,-9999,-9999,-9999,-9999,-9999,-9999
"12-12-2014",-9999,-9999,-9999,-9999,-9999,-9999,-9999,-9999,-9999,-9999,-9999,-9999,-9999,-9999,-9999,-9999,-9999,-9999,-9999,-9999,-9999,-9999,-9999,-9999
"13-12-2014",-9999,-9999,-9999,-9999,-9999,-9999,-9999,-9999,-9999,-9999,-9999,-9999,-9999,-9999,-9999,-9999,-9999,-9999,-9999,-9999,-9999,-9999,-9999,-9999
"14-12-2014",-9999,-9999,-9999,-9999,-9999,-9999,-9999,-9999,-9999,-9999,-9999,-9999,-9999,-9999,-9999,-9999,-9999,-9999,-9999,-9999,-9999,-9999,-9999,-9999
"15-12-2014",-9999,-9999,-9999,-9999,-9999,-9999,-9999,-9999,-9999,-9999,-9999,-9999,-9999,-9999,-9999,-9999,-9999,-9999,-9999,-9999,-9999,-9999,-9999,-9999
"16-12-2014",-9999,-9999,-9999,-9999,-9999,-9999,-9999,-9999,-9999,-9999,-9999,-9999,-9999,-9999,-9999,-9999,-9999,-9999,-9999,-9999,-9999,-9999,-9999,-9999
"17-12-2014",-9999,-9999,-9999,-9999,-9999,-9999,-9999,-9999,-9999,-9999,-9999,-9999,-9999,-9999,-9999,-9999,-9999,-9999,-9999,-9999,-9999,-9999,-9999,-9999
"18-12-2014",-9999,-9999,-9999,-9999,-9999,-9999,-9999,-9999,-9999,-9999,-9999,-9999,-9999,-9999,-9999,-9999,-9999,-9999,-9999,-9999,-9999,-9999,-9999,-9999
"19-12-2014",-9999,-9999,-9999,-9999,-9999,-9999,-9999,-9999,-9999,-9999,-9999,-9999,-9999,-9999,-9999,-9999,-9999,-9999,-9999,-9999,-9999,-9999,-9999,-9999
"20-12-2014",-9999,-9999,-9999,-9999,-9999,-9999,-9999,-9999,-9999,-9999,-9999,-9999,-9999,-9999,-9999,-9999,-9999,-9999,-9999,-9999,-9999,-9999,-9999,-9999
"21-12-2014",-9999,-9999,-9999,-9999,-9999,-9999,-9999,-9999,-9999,-9999,-9999,-9999,-9999,-9999,-9999,-9999,-9999,-9999,-9999,-9999,-9999,-9999,-9999,-9999
"22-12-2014",-9999,-9999,-9999,-9999,-9999,-9999,-9999,-9999,-9999,-9999,-9999,-9999,-9999,-9999,-9999,-9999,-9999,-9999,-9999,-9999,-9999,-9999,-9999,-9999
"23-12-2014",-9999,-9999,-9999,-9999,-9999,-9999,-9999,-9999,-9999,-9999,-9999,-9999,-9999,-9999,-9999,-9999,-9999,-9999,-9999,-9999,-9999,-9999,-9999,-9999
"24-12-2014",-9999,-9999,-9999,-9999,-9999,-9999,-9999,-9999,-9999,-9999,-9999,-9999,-9999,-9999,-9999,-9999,-9999,-9999,-9999,-9999,-9999,-9999,-9999,-9999
"25-12-2014",-9999,-9999,-9999,-9999,-9999,-9999,-9999,-9999,-9999,-9999,-9999,-9999,-9999,-9999,-9999,-9999,-9999,-9999,-9999,-9999,-9999,-9999,-9999,-9999
"26-12-2014",-9999,-9999,-9999,-9999,-9999,-9999,-9999,-9999,-9999,-9999,-9999,-9999,-9999,-9999,-9999,-9999,-9999,-9999,-9999,-9999,-9999,-9999,-9999,-9999
"27-12-2014",-9999,-9999,-9999,-9999,-9999,-9999,-9999,-9999,-9999,-9999,-9999,-9999,-9999,-9999,-9999,-9999,-9999,-9999,-9999,-9999,-9999,-9999,-9999,-9999
"28-12-2014",-9999,-9999,-9999,-9999,-9999,-9999,-9999,-9999,-9999,-9999,-9999,-9999,-9999,-9999,-9999,-9999,-9999,-9999,-9999,-9999,-9999,-9999,-9999,-9999
"29-12-2014",-9999,-9999,-9999,-9999,-9999,-9999,-9999,-9999,-9999,-9999,-9999,-9999,-9999,-9999,-9999,-9999,-9999,-9999,-9999,-9999,-9999,-9999,-9999,-9999
"30-12-2014",-9999,-9999,-9999,-9999,-9999,-9999,-9999,-9999,-9999,-9999,-9999,-9999,-9999,-9999,-9999,-9999,-9999,-9999,-9999,-9999,-9999,-9999,-9999,-9999
"31-12-2014",-9999,-9999,-9999,-9999,-9999,-9999,-9999,-9999,-9999,-9999,-9999,-9999,-9999,-9999,-9999,-9999,-9999,-9999,-9999,-9999,-9999,-9999,-9999,-9999
