"01-01-2014",35,24,32,40,21,32,22,19,11,7,11,10,20,20,33,36,36,25,17,11,5,7,15,8
"02-01-2014",4,7,4,4,7,5,4,3,3,18,35,37,42,45,38,39,32,15,12,11,5,4,4,4
"03-01-2014",4,4,4,4,4,4,3,3,3,4,10,27,37,39,35,34,24,11,4,4,5,5,5,4
"04-01-2014",4,4,4,4,5,4,4,3,4,4,18,37,49,59,63,62,48,20,4,4,5,5,5,5
"05-01-2014",4,4,4,4,4,3,3,3,3,4,11,37,51,54,56,58,51,38,21,10,5,17,33,29
"06-01-2014",8,5,4,11,50,54,49,49,51,55,59,60,62,62,60,60,46,21,5,5,7,5,10,17
"07-01-2014",10,37,35,42,47,47,45,41,34,33,39,46,54,54,53,56,57,52,45,46,24,11,4,4
"08-01-2014",4,4,4,4,3,4,4,4,6,22,32,37,44,45,49,47,41,37,41,36,22,25,39,41
"09-01-2014",11,5,8,15,6,4,3,4,4,4,21,43,52,51,52,46,36,9,4,4,5,4,5,4
"10-01-2014",4,5,4,4,4,4,4,4,4,4,9,23,29,36,44,48,42,20,14,17,15,12,5,5
"11-01-2014",5,5,4,4,4,4,4,3,4,6,13,36,42,48,56,58,45,25,24,11,5,4,5,5
"12-01-2014",5,5,5,4,4,4,4,4,4,5,17,49,58,63,62,60,58,33,11,6,5,5,5,5
"13-01-2014",5,5,4,7,5,4,4,4,4,4,19,35,27,31,30,36,35,12,5,4,5,4,4,6
"14-01-2014",13,12,13,8,7,4,4,4,4,6,20,23,41,49,45,41,37,13,6,4,5,4,5,5
"15-01-2014",4,4,4,4,4,4,4,4,4,4,21,45,52,56,50,47,44,50,49,49,48,48,46,51
"16-01-2014",43,38,18,8,6,4,4,4,5,4,14,47,35,35,47,37,20,8,4,5,5,5,5,4
"17-01-2014",4,4,4,4,4,4,4,4,4,4,5,18,35,41,44,49,37,18,5,5,5,5,5,4
"18-01-2014",4,6,5,4,4,4,4,3,4,21,43,47,42,45,50,58,37,10,4,4,4,4,5,5
"19-01-2014",5,5,4,4,4,3,3,3,4,6,25,52,55,57,60,61,61,59,56,54,46,33,41,51
"20-01-2014",61,56,63,63,57,49,35,31,35,53,62,64,69,73,75,73,71,68,74,71,75,69,66,66
"21-01-2014",73,67,57,35,10,27,32,8,5,22,56,61,69,73,75,68,70,54,36,60,62,52,45,33
"22-01-2014",17,16,9,52,60,31,4,4,5,24,49,60,59,62,58,57,58,51,45,31,10,5,4,4
"23-01-2014",4,4,4,4,4,4,4,4,5,24,45,52,57,63,63,62,56,49,15,4,15,17,21,24
"24-01-2014",50,44,47,27,5,4,4,4,4,4,4,8,14,26,52,46,60,57,52,67,71,73,78,72
"25-01-2014",42,12,9,16,54,50,61,59,45,48,52,57,62,65,54,57,56,33,40,34,8,5,31,40
"26-01-2014",47,32,28,47,69,68,62,66,57,53,46,50,48,49,51,48,43,44,37,37,34,15,26,32
"27-01-2014",42,47,42,37,45,36,26,14,13,19,25,31,35,37,37,42,21,13,8,5,5,5,5,5
"28-01-2014",4,6,21,16,6,4,3,4,4,4,4,4,11,11,20,8,4,4,4,4,6,9,26,10
"29-01-2014",9,36,19,21,24,33,43,35,26,51,47,57,60,61,61,53,53,36,42,33,39,10,8,6
"30-01-2014",5,5,4,4,4,4,4,4,4,5,8,-9999,-9999,52,55,44,35,40,23,21,4,4,4,4
"31-01-2014",5,8,14,27,40,40,36,30,32,41,43,52,59,60,61,61,62,63,58,51,52,54,57,59
"01-02-2014",61,62,65,66,63,59,60,59,57,56,56,57,53,53,54,51,55,53,48,48,49,52,58,58
"02-02-2014",53,59,60,61,64,59,59,58,58,59,57,58,57,58,58,63,63,59,59,59,59,66,68,68
"03-02-2014",68,70,71,70,68,67,59,56,54,62,65,67,70,72,74,73,73,72,68,66,67,67,69,73
"04-02-2014",75,75,75,78,67,46,17,30,30,44,51,59,62,63,53,58,55,57,43,24,48,50,50,52
"05-02-2014",65,65,70,67,62,58,52,42,35,35,46,52,54,58,39,23,33,41,40,35,7,4,5,5
"06-02-2014",5,6,16,16,12,4,4,4,5,7,26,43,52,61,64,66,52,44,13,10,36,47,62,58
"07-02-2014",72,64,63,70,70,65,57,47,47,53,58,64,74,71,63,52,60,23,40,25,6,5,5,5
"08-02-2014",7,6,6,5,5,5,5,5,5,8,40,63,72,77,76,79,80,78,74,68,55,27,13,6
"09-02-2014",5,5,5,5,5,23,46,21,6,11,32,61,69,76,73,75,71,61,26,25,24,14,34,30
"10-02-2014",60,70,53,22,11,5,5,5,5,16,52,62,76,80,79,75,55,49,23,5,5,5,6,6
"11-02-2014",6,5,5,5,5,5,5,5,4,9,25,67,74,73,76,74,69,68,60,53,8,5,5,5
"12-02-2014",12,6,5,5,6,5,4,5,9,48,64,69,72,74,83,80,77,76,75,71,75,73,72,44
"13-02-2014",17,31,19,8,8,4,5,5,9,27,45,56,66,71,78,68,66,61,49,31,12,5,5,5
"14-02-2014",5,4,4,4,4,4,5,4,7,23,53,66,71,71,72,64,50,51,20,15,14,17,11,6
"15-02-2014",5,11,11,5,5,21,43,16,39,59,66,72,74,69,70,71,72,68,57,46,13,22,19,14
"16-02-2014",7,13,5,5,4,4,4,5,6,15,37,46,72,86,89,91,90,78,51,29,15,10,5,5
"17-02-2014",5,5,4,4,4,4,5,5,5,9,28,40,63,73,80,80,78,67,43,9,11,5,5,5
"18-02-2014",5,5,5,5,5,4,4,4,4,5,15,38,53,64,67,68,49,21,14,5,5,5,5,5
"19-02-2014",5,5,5,5,5,5,4,4,5,9,23,36,47,49,52,55,58,51,26,16,5,5,5,5
"20-02-2014",24,46,47,24,61,54,42,10,19,37,50,57,61,64,63,63,65,60,50,41,44,17,7,5
"21-02-2014",20,31,12,6,7,5,5,5,5,7,44,46,37,42,41,34,27,24,31,16,5,5,5,5
"22-02-2014",6,7,12,16,12,17,15,8,9,25,49,55,55,63,78,73,75,66,56,35,23,24,30,27
"23-02-2014",33,18,33,22,5,5,5,5,27,57,66,69,70,77,74,82,77,66,61,59,55,54,38,40
"24-02-2014",50,54,56,55,58,58,52,51,51,58,62,64,63,61,55,54,55,56,57,55,57,54,51,57
"25-02-2014",60,61,62,60,60,41,17,28,39,39,50,47,42,45,50,55,53,49,37,28,26,15,7,16
"26-02-2014",16,31,38,37,29,16,6,7,29,46,53,49,47,51,60,66,62,66,56,54,44,28,20,6
"27-02-2014",5,5,5,4,4,4,5,4,5,15,26,39,50,65,77,77,77,76,71,65,45,8,5,5
"28-02-2014",5,5,5,5,5,5,5,5,5,5,19,43,60,64,60,56,49,60,50,50,60,64,65,65
"01-03-2014",69,64,42,24,12,8,5,5,5,7,14,57,62,61,59,62,62,44,9,19,23,16,12,6
"02-03-2014",5,14,34,66,69,55,16,14,25,62,72,75,85,92,94,93,92,85,64,49,24,6,6,16
"03-03-2014",65,75,83,86,86,85,83,84,80,76,71,68,65,67,66,56,61,51,47,29,44,22,6,5
"04-03-2014",5,9,57,55,38,27,49,28,28,53,70,82,82,88,83,81,77,75,67,73,55,38,70,70
"05-03-2014",65,51,17,9,9,5,4,5,5,5,29,49,63,70,81,77,69,53,38,14,6,5,6,6
"06-03-2014",6,5,5,5,5,4,4,4,5,26,70,75,85,84,89,89,93,82,77,62,56,41,14,5
"07-03-2014",5,9,38,45,28,6,5,5,6,41,76,79,85,87,72,56,42,46,54,53,33,-9999,80,19
"08-03-2014",31,43,44,50,62,67,66,66,66,70,76,76,77,78,73,71,69,69,64,54,55,61,63,65
"09-03-2014",70,67,67,61,62,59,60,73,72,71,72,72,72,76,74,76,81,77,76,79,79,82,79,80
"10-03-2014",77,72,70,69,67,54,38,24,29,44,-9999,-9999,-9999,-9999,-9999,-9999,-9999,-9999,-9999,-9999,-9999,-9999,-9999,-9999
"11-03-2014",-9999,-9999,-9999,-9999,-9999,-9999,-9999,-9999,-9999,-9999,-9999,-9999,-9999,-9999,-9999,-9999,-9999,-9999,-9999,-9999,-9999,-9999,-9999,-9999
"12-03-2014",-9999,-9999,-9999,-9999,-9999,-9999,-9999,-9999,-9999,-9999,-9999,-9999,-9999,-9999,-9999,-9999,-9999,-9999,-9999,-9999,-9999,-9999,-9999,-9999
"13-03-2014",-9999,-9999,-9999,-9999,-9999,-9999,-9999,-9999,-9999,-9999,-9999,-9999,-9999,-9999,-9999,-9999,-9999,-9999,-9999,-9999,-9999,-9999,-9999,-9999
"14-03-2014",-9999,-9999,-9999,-9999,-9999,-9999,-9999,-9999,-9999,-9999,-9999,-9999,-9999,-9999,-9999,-9999,-9999,-9999,-9999,-9999,-9999,-9999,-9999,-9999
"15-03-2014",-9999,-9999,-9999,-9999,-9999,-9999,-9999,-9999,-9999,-9999,-9999,-9999,-9999,-9999,-9999,-9999,-9999,-9999,-9999,-9999,-9999,-9999,-9999,-9999
"16-03-2014",-9999,-9999,-9999,-9999,-9999,-9999,-9999,-9999,-9999,-9999,-9999,-9999,-9999,-9999,-9999,-9999,-9999,-9999,-9999,-9999,-9999,-9999,-9999,-9999
"17-03-2014",-9999,-9999,-9999,-9999,-9999,-9999,-9999,-9999,-9999,-9999,-9999,-9999,-9999,-9999,-9999,-9999,-9999,-9999,-9999,-9999,-9999,-9999,-9999,-9999
"18-03-2014",-9999,-9999,-9999,-9999,-9999,-9999,-9999,-9999,-9999,-9999,-9999,-9999,-9999,-9999,-9999,-9999,-9999,-9999,-9999,-9999,-9999,-9999,-9999,-9999
"19-03-2014",-9999,-9999,-9999,-9999,-9999,-9999,-9999,-9999,-9999,-9999,-9999,-9999,-9999,-9999,-9999,-9999,-9999,-9999,-9999,-9999,-9999,-9999,-9999,-9999
"20-03-2014",-9999,-9999,-9999,-9999,-9999,-9999,-9999,-9999,-9999,-9999,-9999,-9999,-9999,-9999,-9999,-9999,-9999,-9999,-9999,-9999,-9999,-9999,-9999,-9999
"21-03-2014",-9999,-9999,-9999,-9999,-9999,-9999,-9999,-9999,-9999,-9999,-9999,-9999,-9999,-9999,-9999,-9999,-9999,-9999,-9999,-9999,-9999,-9999,-9999,-9999
"22-03-2014",-9999,-9999,-9999,-9999,-9999,-9999,-9999,-9999,-9999,-9999,-9999,-9999,-9999,-9999,-9999,-9999,-9999,-9999,-9999,-9999,-9999,-9999,-9999,-9999
"23-03-2014",-9999,-9999,-9999,-9999,-9999,-9999,-9999,-9999,-9999,-9999,-9999,-9999,-9999,-9999,-9999,-9999,-9999,-9999,-9999,-9999,-9999,-9999,-9999,-9999
"24-03-2014",-9999,-9999,-9999,-9999,-9999,-9999,-9999,-9999,-9999,35,48,68,63,71,80,81,85,87,84,67,47,27,20,17
"25-03-2014",46,72,78,78,69,78,81,84,83,86,87,89,91,92,93,93,92,91,84,77,79,54,50,77
"26-03-2014",74,74,74,59,29,14,14,29,54,73,81,91,96,98,96,93,90,91,79,72,74,72,55,66
"27-03-2014",77,79,82,80,76,39,8,9,27,51,73,85,93,88,89,87,81,74,79,81,49,12,55,79
"28-03-2014",83,80,75,49,45,37,45,62,77,81,87,88,90,99,103,101,93,85,66,48,43,38,53,36
"29-03-2014",17,21,50,50,47,55,52,69,60,84,87,83,87,92,97,97,94,89,87,84,64,49,45,44
"30-03-2014",53,36,89,103,95,86,84,89,93,93,95,96,96,97,97,97,95,94,86,77,72,59,65,55
"31-03-2014",44,65,59,39,12,5,6,-9999,7,33,65,92,81,87,107,104,105,101,101,87,70,50,50,17
"01-04-2014",24,29,35,19,13,6,5,5,6,26,46,57,63,87,106,111,107,96,100,99,71,43,18,10
"02-04-2014",9,16,6,6,6,5,5,5,5,11,31,48,72,95,104,108,98,100,96,79,49,25,12,5
"03-04-2014",7,6,5,5,5,5,5,5,5,14,62,90,91,113,123,125,116,108,108,80,78,66,63,40
"04-04-2014",19,25,18,10,11,5,7,40,65,75,83,86,96,103,103,99,99,100,98,95,92,87,95,94
"05-04-2014",89,86,91,93,71,65,43,18,-9999,-9999,-9999,-9999,-9999,-9999,-9999,-9999,-9999,-9999,89,82,76,76,78,77
"06-04-2014",74,60,44,43,42,20,16,8,36,79,93,101,103,108,105,97,77,75,63,75,30,7,7,6
"07-04-2014",5,6,14,17,20,16,22,51,46,57,52,46,75,81,78,73,70,52,48,42,54,66,66,71
"08-04-2014",68,54,23,18,6,5,5,5,12,43,69,83,80,78,81,86,88,97,88,67,51,34,16,7
"09-04-2014",5,5,7,6,7,5,5,5,5,17,27,57,82,90,97,96,96,102,99,89,76,47,29,63
"10-04-2014",76,65,92,92,65,42,15,18,21,48,78,83,93,94,79,85,90,83,78,65,75,67,75,77
"11-04-2014",72,77,64,60,52,18,8,10,30,68,81,80,89,94,94,101,101,96,91,60,59,56,55,29
"12-04-2014",30,45,69,60,52,34,14,21,20,50,72,89,93,98,104,101,108,110,103,95,94,89,83,65
"13-04-2014",22,14,25,16,36,26,8,8,24,91,98,105,106,106,106,108,101,102,89,78,62,51,43,30
"14-04-2014",11,11,15,33,33,9,6,6,41,87,88,96,102,100,102,84,76,95,93,85,30,13,16,28
"15-04-2014",32,12,6,6,9,6,5,5,8,39,60,81,97,102,106,107,108,105,101,91,79,41,39,41
"16-04-2014",85,74,43,27,16,6,5,6,16,67,84,95,88,88,87,88,87,81,82,79,63,52,63,51
"17-04-2014",45,44,55,55,44,60,33,31,52,60,70,83,69,53,44,64,80,89,82,84,83,83,84,69
"18-04-2014",51,50,73,58,41,32,12,15,55,77,85,94,96,98,98,95,93,93,91,89,80,71,71,66
"19-04-2014",71,53,46,72,62,25,43,23,59,78,81,88,95,97,95,95,97,98,89,88,80,71,55,82
"20-04-2014",59,46,35,16,12,6,6,10,40,88,92,107,112,112,111,111,110,108,102,101,86,66,55,48
"21-04-2014",36,37,32,33,75,83,73,61,77,87,78,76,83,82,82,89,100,95,85,71,55,19,15,51
"22-04-2014",77,57,42,22,17,13,6,6,9,20,52,59,70,94,88,97,94,91,93,87,68,46,13,6
"23-04-2014",14,6,6,7,6,6,5,5,5,6,8,30,40,55,50,17,11,38,13,29,53,43,87,71
"24-04-2014",43,26,43,40,55,47,18,16,35,52,56,79,87,92,93,90,89,82,82,82,79,68,52,55
"25-04-2014",62,44,65,57,48,20,23,30,40,59,69,82,89,85,86,86,90,91,92,81,65,51,31,8
"26-04-2014",7,10,17,25,27,18,9,9,13,30,55,87,90,96,97,94,99,99,93,77,56,45,33,26
"27-04-2014",32,36,43,54,75,65,72,77,77,78,73,93,76,88,102,98,86,90,77,74,51,57,39,17
"28-04-2014",9,23,30,9,7,5,5,5,18,63,94,94,95,93,85,84,87,94,94,91,91,91,94,93
"29-04-2014",89,91,92,89,76,70,65,60,69,72,73,70,81,91,93,91,93,90,85,88,85,81,77,88
"30-04-2014",85,54,72,76,53,55,55,65,64,82,91,91,92,90,88,88,99,100,97,86,81,74,63,35
"01-05-2014",66,52,57,69,51,53,33,23,62,68,85,102,100,109,114,114,116,114,112,100,82,82,84,60
"02-05-2014",51,55,47,51,50,11,22,7,25,47,68,83,86,97,100,100,102,103,96,85,75,67,73,60
"03-05-2014",52,58,50,43,50,31,31,36,65,82,88,93,94,96,95,94,91,81,77,72,66,65,63,59
"04-05-2014",56,68,60,56,38,23,20,29,32,50,86,92,100,104,107,102,100,98,99,93,86,75,52,57
"05-05-2014",40,60,61,43,26,38,50,45,49,77,69,82,91,104,114,97,82,89,81,77,52,35,17,15
"06-05-2014",57,71,61,43,20,27,9,16,42,58,77,83,83,80,76,74,80,84,81,78,72,73,66,68
"07-05-2014",69,70,74,68,65,13,50,51,63,70,81,85,84,85,84,85,84,87,84,79,76,68,60,52
"08-05-2014",38,52,54,53,33,5,6,30,67,81,86,92,100,103,101,101,106,100,97,92,87,84,80,80
"09-05-2014",79,72,88,89,67,46,85,73,77,89,97,99,99,94,98,100,100,99,98,85,85,83,62,53
"10-05-2014",56,60,43,17,59,35,35,37,69,91,98,104,107,112,112,113,116,112,107,102,86,70,50,29
"11-05-2014",10,37,33,27,7,7,6,7,23,42,60,78,106,112,111,110,115,117,112,107,97,73,58,29
"12-05-2014",17,9,17,23,12,6,5,8,38,80,96,103,105,105,107,111,114,106,99,96,86,84,85,47
"13-05-2014",59,57,37,32,36,25,14,10,-9999,-9999,-9999,-9999,-9999,94,98,96,92,98,90,75,76,57,60,48
"14-05-2014",39,47,30,10,12,7,6,7,21,40,81,90,98,102,100,101,97,92,96,93,95,101,103,102
"15-05-2014",101,98,91,92,89,86,73,76,83,85,83,83,81,81,84,85,86,90,93,93,95,92,96,90
"16-05-2014",70,91,82,90,83,64,72,73,81,84,89,91,92,94,101,100,105,105,100,84,81,78,68,87
"17-05-2014",89,73,79,91,82,81,44,66,89,96,101,102,107,111,112,108,109,110,105,101,91,96,96,88
"18-05-2014",77,67,67,67,58,61,14,27,51,82,91,92,99,104,105,106,111,106,105,100,94,89,72,70
"19-05-2014",50,33,31,25,8,5,6,6,7,37,69,62,78,87,94,87,75,74,86,74,68,56,59,74
"20-05-2014",51,38,34,45,35,15,6,8,10,30,66,72,86,102,133,136,139,136,132,120,61,12,6,6
"21-05-2014",5,36,21,13,14,5,6,60,83,92,102,101,101,107,107,107,108,108,109,107,98,94,83,79
"22-05-2014",19,66,65,91,40,7,7,9,69,89,98,97,92,91,91,89,91,93,90,87,79,69,67,78
"23-05-2014",73,65,58,24,37,41,14,9,35,64,86,88,89,83,111,106,121,102,87,69,74,45,38,24
"24-05-2014",7,5,8,10,6,6,8,9,17,39,75,99,107,116,117,110,107,103,105,96,92,82,73,65
"25-05-2014",59,59,35,25,32,17,14,13,37,65,76,95,115,130,127,130,130,120,102,96,78,57,14,20
"26-05-2014",50,49,48,56,27,5,6,6,11,31,74,92,103,101,114,110,106,108,100,95,76,50,34,14
"27-05-2014",5,6,14,48,61,49,18,15,27,35,31,81,106,116,120,119,122,115,98,89,72,61,39,42
"28-05-2014",67,48,44,46,14,13,7,10,27,59,63,76,84,104,101,100,101,100,86,85,46,48,56,50
"29-05-2014",45,58,42,59,43,9,6,5,18,39,73,84,79,88,89,78,72,73,74,72,71,67,59,49
"30-05-2014",74,91,98,98,96,89,85,86,90,89,93,91,89,88,85,85,86,81,85,81,73,79,80,80
"31-05-2014",83,80,83,82,68,42,49,53,77,81,93,95,94,95,96,99,96,102,99,89,96,92,92,85
"01-06-2014",73,72,50,59,50,39,38,61,78,85,91,94,95,98,94,94,93,91,90,88,91,79,69,61
"02-06-2014",80,78,56,66,62,55,49,42,68,82,83,88,91,92,93,86,96,99,103,93,86,81,69,69
"03-06-2014",57,67,62,57,56,21,6,6,48,75,58,58,67,73,85,84,89,80,90,82,84,82,87,89
"04-06-2014",91,83,81,79,70,63,40,45,39,39,49,66,68,65,59,66,69,68,70,69,69,51,42,46
"05-06-2014",23,8,8,18,19,8,5,7,29,48,61,72,82,85,84,90,93,83,78,80,74,53,18,26
"06-06-2014",18,6,5,5,5,5,5,14,64,77,81,79,91,95,98,98,105,82,83,90,79,76,57,46
"07-06-2014",41,23,9,8,7,8,5,7,25,59,102,104,100,106,109,69,61,83,90,90,67,43,14,6
"08-06-2014",8,9,5,5,5,5,5,5,14,72,94,81,88,102,102,104,100,98,98,96,90,85,84,84
"09-06-2014",87,84,86,90,87,80,77,73,78,85,89,98,98,98,99,102,105,107,104,102,94,96,96,94
"10-06-2014",90,90,91,90,87,83,81,77,67,85,93,97,105,106,105,105,107,108,109,106,102,81,71,65
"11-06-2014",56,81,69,79,69,64,43,27,63,87,97,96,95,98,98,99,104,107,106,89,59,52,34,38
"12-06-2014",24,5,5,23,17,59,80,61,58,73,88,93,96,98,99,99,94,91,94,89,90,85,63,67
"13-06-2014",57,40,38,42,49,37,9,16,57,94,96,98,96,95,101,122,134,135,110,90,72,51,64,42
"14-06-2014",26,28,16,13,7,5,5,13,31,74,77,112,130,129,130,128,132,119,114,108,91,81,64,28
"15-06-2014",48,60,48,31,30,20,8,17,50,45,60,72,87,105,109,99,89,75,65,60,53,30,26,23
"16-06-2014",24,22,9,18,14,6,6,6,23,51,50,66,107,120,114,102,100,92,89,82,73,68,74,56
"17-06-2014",46,42,31,15,12,6,6,8,27,44,61,78,87,100,107,96,99,89,86,72,59,45,30,27
"18-06-2014",29,22,9,6,8,11,10,22,39,46,57,64,71,70,59,68,76,75,73,72,56,28,37,36
"19-06-2014",30,12,8,11,8,5,5,6,14,31,67,79,85,87,90,91,92,89,85,89,84,80,88,89
"20-06-2014",82,78,79,75,60,58,49,60,84,86,87,92,92,90,87,83,73,83,80,76,39,44,77,74
"21-06-2014",59,40,21,17,19,6,6,6,46,60,77,90,104,100,107,115,115,99,100,100,98,95,79,62
"22-06-2014",52,51,45,32,11,6,12,38,77,95,102,109,116,120,117,107,103,107,101,92,73,65,56,55
"23-06-2014",41,17,19,24,22,5,5,9,32,81,90,95,96,120,135,151,148,140,115,85,81,78,49,53
"24-06-2014",39,39,43,30,29,8,7,9,22,62,80,75,106,144,157,148,124,115,117,102,100,80,61,41
"25-06-2014",28,7,7,7,11,8,13,7,20,55,76,96,113,109,105,109,121,109,103,86,66,58,56,42
"26-06-2014",24,13,36,16,5,5,5,5,14,35,60,72,77,74,73,73,93,85,70,63,43,27,19,10
"27-06-2014",11,17,5,5,5,5,5,5,7,40,42,69,92,84,88,92,79,78,73,62,47,18,12,17
"28-06-2014",32,47,84,82,84,91,82,84,85,86,91,89,92,87,88,85,93,96,96,95,89,92,93,92
"29-06-2014",93,91,86,81,58,54,46,70,83,84,87,91,92,93,96,95,94,94,94,92,91,87,84,90
"30-06-2014",82,57,49,58,48,18,7,14,55,72,93,109,117,117,129,130,121,97,92,88,81,76,80,66
"01-07-2014",57,54,25,55,46,13,5,7,16,28,62,101,104,103,98,101,105,101,94,86,78,67,63,43
"02-07-2014",47,57,59,40,48,26,15,55,88,93,94,99,99,101,122,111,100,100,96,91,85,85,80,77
"03-07-2014",75,65,50,45,43,29,6,23,70,72,90,109,107,102,104,117,116,106,91,87,84,70,32,39
"04-07-2014",23,30,77,86,80,76,76,77,84,92,91,95,97,98,97,94,91,97,92,94,97,89,84,82
"05-07-2014",80,80,85,89,92,86,80,83,86,91,91,91,93,95,97,98,99,100,102,102,94,93,98,92
"06-07-2014",90,91,87,64,67,31,32,37,73,98,103,102,101,120,143,143,132,103,100,91,83,74,76,44
"07-07-2014",10,10,20,29,33,20,11,8,37,71,97,110,112,119,117,135,122,117,110,86,49,50,36,32
"08-07-2014",13,36,33,47,32,10,5,6,19,83,97,101,108,153,149,124,127,121,117,102,87,79,85,79
"09-07-2014",66,61,28,34,30,26,28,28,42,64,84,86,73,84,96,93,98,94,82,72,75,78,52,47
"10-07-2014",64,54,61,73,57,43,16,37,44,60,74,81,84,90,94,100,97,95,93,80,67,51,35,39
"11-07-2014",50,50,46,23,48,33,9,24,49,59,78,75,81,88,95,93,94,99,79,76,75,69,72,72
"12-07-2014",71,74,78,71,71,68,65,62,79,85,96,95,96,99,94,94,93,99,96,92,92,86,69,59
"13-07-2014",24,49,67,70,53,42,25,24,52,63,84,100,105,109,113,102,104,104,89,89,82,72,72,64
"14-07-2014",37,52,42,39,46,37,26,43,56,72,86,93,98,95,98,91,98,125,94,94,85,58,70,51
"15-07-2014",33,46,60,50,57,52,25,28,45,61,81,85,83,86,92,99,98,98,91,87,70,64,57,61
"16-07-2014",74,81,83,76,73,70,59,64,77,85,96,102,100,87,84,89,89,99,101,98,94,82,74,65
"17-07-2014",54,47,61,50,42,22,12,70,77,85,99,104,111,87,93,101,105,110,119,113,108,94,77,64
"18-07-2014",43,30,34,22,12,11,6,6,16,43,68,108,113,128,139,143,147,135,108,83,91,73,51,31
"19-07-2014",24,36,29,29,28,8,17,8,62,88,110,116,126,104,69,59,73,57,61,81,69,47,32,20
"20-07-2014",13,19,27,25,11,10,15,14,72,83,89,91,88,88,88,90,92,92,91,89,82,76,67,53
"21-07-2014",33,50,33,62,59,55,51,28,57,78,91,92,92,98,114,135,126,115,101,87,80,69,62,39
"22-07-2014",27,40,35,17,12,9,5,8,22,49,87,105,107,116,115,98,95,95,93,86,76,70,64,44
"23-07-2014",42,47,57,45,52,35,19,37,77,82,84,88,93,91,92,83,84,83,81,76,61,71,75,75
"24-07-2014",69,66,59,57,60,60,36,32,46,54,70,84,90,103,109,102,98,93,92,85,76,76,72,68
"25-07-2014",63,57,42,27,11,6,6,8,29,83,92,99,96,94,80,114,118,103,85,81,73,65,63,42
"26-07-2014",26,19,8,41,32,39,24,22,64,91,92,93,91,93,95,94,105,104,94,88,83,65,30,27
"27-07-2014",59,32,25,29,21,19,11,18,35,63,90,104,102,105,106,112,107,96,96,99,86,75,68,59
"28-07-2014",60,52,42,35,19,6,6,9,13,33,62,93,98,110,110,100,92,90,84,75,57,48,27,15
"29-07-2014",9,29,34,69,58,20,18,17,38,53,64,69,80,95,106,99,98,87,82,65,66,74,72,58
"30-07-2014",55,25,23,33,37,11,5,5,26,51,51,101,110,121,114,116,103,81,82,80,82,70,52,40
"31-07-2014",44,43,34,26,17,15,6,7,32,65,72,79,82,86,91,100,99,99,94,89,75,63,44,63
"01-08-2014",71,67,61,55,59,62,45,39,53,67,81,79,79,85,85,87,89,92,83,81,75,70,75,77
"02-08-2014",80,72,75,64,72,63,63,56,72,79,84,90,94,93,91,88,89,92,92,83,77,76,77,62
"03-08-2014",41,43,45,68,82,71,30,35,79,94,93,95,100,110,114,113,112,115,106,88,94,78,64,48
"04-08-2014",40,38,35,22,37,12,6,6,12,30,58,80,97,108,106,100,115,102,99,92,89,84,67,61
"05-08-2014",47,32,25,24,28,11,5,6,39,81,91,90,88,90,92,101,99,90,90,83,76,63,60,45
"06-08-2014",24,23,24,26,24,8,5,9,15,36,97,124,117,118,127,133,103,75,75,84,76,50,64,57
"07-08-2014",43,44,29,38,79,75,76,44,25,52,73,85,91,95,97,101,97,99,104,111,98,92,80,52
"08-08-2014",48,30,25,34,24,42,36,45,73,93,108,114,-9999,98,114,128,130,131,106,109,112,100,85,75
"09-08-2014",60,34,23,33,41,28,23,8,38,78,112,121,129,123,130,120,123,115,102,94,87,92,63,23
"10-08-2014",35,31,27,38,63,50,12,15,28,94,117,116,111,110,110,111,111,109,109,106,98,85,77,51
"11-08-2014",44,40,48,60,55,16,5,13,81,108,118,117,115,116,115,112,111,107,103,99,92,85,82,87
"12-08-2014",85,50,41,22,10,17,9,5,16,84,119,119,116,114,113,129,155,146,131,97,83,76,79,64
"13-08-2014",34,60,38,42,24,5,5,6,38,100,107,106,104,103,103,102,100,99,95,91,82,81,81,76
"14-08-2014",47,51,50,52,46,50,60,34,76,97,104,112,109,109,119,126,123,116,88,68,78,75,57,53
"15-08-2014",52,31,42,33,31,34,17,12,29,52,64,90,116,116,124,117,109,117,120,105,89,74,69,77
"16-08-2014",67,50,52,45,43,61,63,54,47,71,88,107,101,98,102,99,94,91,86,82,77,71,64,44
"17-08-2014",57,44,57,49,59,56,21,20,47,79,84,85,89,88,86,86,85,89,84,80,78,78,77,75
"18-08-2014",73,73,68,70,67,66,61,58,62,65,67,68,68,70,70,71,71,71,70,70,66,60,56,59
"19-08-2014",67,69,55,56,54,66,59,59,67,74,79,79,80,81,82,80,80,79,77,77,74,73,69,67
"20-08-2014",55,47,56,60,48,20,17,18,64,85,94,108,109,119,132,131,123,111,106,89,78,68,64,63
"21-08-2014",65,62,56,38,26,11,6,5,10,45,60,85,122,126,119,134,124,111,103,88,70,58,43,10
"22-08-2014",6,5,10,12,5,5,5,5,5,15,36,73,111,131,124,95,102,106,100,71,60,46,29,12
"23-08-2014",10,11,7,5,5,5,5,5,7,32,64,80,105,139,142,129,99,89,88,74,64,48,40,17
"24-08-2014",17,36,31,26,17,10,6,6,20,48,49,75,102,115,119,117,102,96,99,86,61,33,18,13
"25-08-2014",7,13,38,28,7,5,5,6,13,55,83,101,106,110,120,136,94,91,84,75,72,77,84,84
"26-08-2014",86,89,90,84,73,74,64,62,69,77,79,84,89,88,90,94,103,103,86,77,72,60,42,29
"27-08-2014",15,24,34,28,34,11,6,6,15,51,50,72,113,134,140,128,124,106,91,68,60,64,64,54
"28-08-2014",48,23,5,9,9,6,5,5,8,42,79,59,98,138,168,158,129,90,84,83,82,94,96,92
"29-08-2014",90,85,81,75,72,67,63,61,60,65,67,69,69,71,73,73,75,77,79,77,77,77,76,75
"30-08-2014",75,73,71,68,67,63,50,35,68,79,75,75,75,74,73,73,71,70,69,67,67,66,68,40
"31-08-2014",35,53,71,81,78,73,67,64,72,75,77,76,75,76,76,74,72,73,69,67,61,45,53,49
"01-09-2014",54,56,61,68,49,32,21,11,29,62,70,85,99,116,111,95,87,89,87,85,81,75,73,67
"02-09-2014",54,59,59,45,19,12,5,5,27,56,69,61,56,47,61,67,67,66,61,58,61,69,59,30
"03-09-2014",28,65,81,79,57,54,48,30,46,46,76,75,77,79,83,80,76,72,74,66,69,60,51,31
"04-09-2014",40,57,65,62,36,38,54,36,52,66,71,82,95,93,84,84,85,84,76,69,68,62,67,47
"05-09-2014",33,32,47,54,57,51,42,21,20,42,68,73,92,102,115,97,87,85,78,74,66,64,66,56
"06-09-2014",45,26,42,51,48,19,9,11,26,65,85,90,99,96,67,85,98,80,73,74,76,58,42,41
"07-09-2014",41,29,14,10,17,29,24,10,41,57,75,83,-9999,-9999,-9999,-9999,-9999,-9999,-9999,-9999,-9999,-9999,-9999,-9999
"08-09-2014",-9999,-9999,-9999,-9999,-9999,-9999,-9999,-9999,-9999,-9999,-9999,-9999,-9999,-9999,-9999,-9999,-9999,-9999,-9999,-9999,-9999,-9999,-9999,-9999
"09-09-2014",-9999,-9999,-9999,-9999,-9999,-9999,-9999,-9999,-9999,-9999,-9999,-9999,-9999,-9999,-9999,-9999,-9999,-9999,-9999,-9999,-9999,-9999,-9999,-9999
"10-09-2014",-9999,-9999,-9999,-9999,-9999,-9999,-9999,-9999,-9999,-9999,-9999,-9999,-9999,30,97,98,93,89,89,81,74,43,6,8
"11-09-2014",5,7,6,8,6,6,6,6,7,27,75,104,115,126,146,151,137,122,115,101,96,73,45,13
"12-09-2014",5,5,5,5,5,5,5,5,9,32,46,69,82,95,96,97,91,100,94,73,64,61,52,45
"13-09-2014",32,22,14,9,5,8,16,7,8,35,62,65,100,121,136,125,117,109,99,88,77,74,66,71
"14-09-2014",44,20,45,42,58,67,52,45,43,78,94,104,112,115,104,96,95,92,88,81,72,68,59,38
"15-09-2014",30,26,16,18,26,6,4,5,7,28,73,80,88,111,85,87,78,91,78,72,65,23,17,8
"16-09-2014",9,11,5,6,6,6,5,6,13,36,57,77,95,90,82,77,78,61,46,38,13,4,5,4
"17-09-2014",9,26,16,21,23,7,4,5,8,33,70,73,80,87,86,84,88,87,85,80,80,81,77,77
"18-09-2014",78,75,62,40,50,37,39,39,45,63,68,75,76,75,80,78,79,78,74,71,70,72,75,68
"19-09-2014",63,52,62,62,58,47,22,7,22,56,70,75,77,72,74,72,69,71,69,59,51,32,11,9
"20-09-2014",8,19,29,23,34,21,6,6,12,24,63,88,96,110,128,125,106,94,81,73,69,67,73,50
"21-09-2014",29,48,50,30,22,9,6,5,9,50,67,75,84,85,82,80,80,74,63,67,63,60,50,40
"22-09-2014",24,30,21,8,5,5,5,5,7,16,37,48,61,71,73,66,65,58,49,30,45,45,49,37
"23-09-2014",39,43,40,55,44,14,5,5,6,10,36,49,53,50,58,58,56,58,59,54,56,46,60,71
"24-09-2014",70,73,72,71,70,65,61,54,54,58,61,61,68,74,83,88,81,76,74,63,57,59,46,32
"25-09-2014",34,7,15,7,6,6,5,5,6,35,53,63,77,89,93,86,79,70,53,46,50,54,53,53
"26-09-2014",40,43,32,19,21,8,5,5,6,15,42,43,37,61,67,67,69,64,64,65,64,65,67,67
"27-09-2014",65,63,59,50,46,47,52,35,48,55,56,59,58,56,56,58,57,57,57,58,56,56,55,48
"28-09-2014",43,47,50,47,49,38,39,35,45,48,47,49,52,55,58,58,58,57,57,47,32,35,44,14
"29-09-2014",44,37,37,60,57,51,35,39,43,52,55,97,-9999,74,76,80,81,81,80,76,61,44,50,76
"30-09-2014",66,62,61,67,18,9,5,6,31,58,67,-9999,-9999,89,95,99,90,89,79,56,45,33,5,5
"01-10-2014",5,8,14,17,7,5,5,5,6,20,49,71,88,91,94,93,94,94,84,63,54,50,33,36
"02-10-2014",46,73,48,17,13,6,6,7,43,64,86,80,99,100,103,104,104,102,97,95,96,93,89,84
"03-10-2014",78,80,76,73,65,41,47,38,50,70,74,71,80,81,79,73,75,76,69,61,63,62,66,66
"04-10-2014",67,67,69,73,77,72,65,60,62,69,68,66,70,72,73,71,72,70,67,67,63,69,63,53
"05-10-2014",63,58,65,52,21,7,5,6,22,74,85,81,87,86,88,78,81,73,59,68,56,44,32,44
"06-10-2014",33,52,67,64,52,30,11,6,7,25,75,85,91,89,85,76,76,79,67,53,33,14,26,14
"07-10-2014",17,9,13,9,10,6,6,6,7,8,14,51,71,76,68,47,51,44,19,8,6,5,5,6
"08-10-2014",5,5,5,5,5,5,5,5,5,6,24,41,59,54,68,77,79,73,70,58,57,42,47,63
"09-10-2014",66,77,74,59,41,16,6,15,33,54,66,68,76,81,83,84,85,81,75,56,28,33,55,40
"10-10-2014",9,27,11,28,50,15,20,15,22,55,65,63,76,79,81,78,75,74,69,56,40,51,23,12
"11-10-2014",35,51,45,74,62,66,58,66,67,71,78,77,87,93,98,95,93,87,78,69,57,54,36,21
"12-10-2014",22,28,47,45,38,17,11,5,10,33,69,88,102,112,119,117,115,108,79,54,27,17,8,5
"13-10-2014",5,5,5,5,6,5,5,5,5,6,31,58,73,78,103,121,107,99,90,68,63,56,21,6
"14-10-2014",5,5,7,5,5,5,5,6,6,8,52,77,98,99,108,125,134,113,100,80,56,53,44,29
"15-10-2014",7,6,10,6,5,5,5,5,5,7,29,42,52,69,80,93,89,82,72,60,43,25,23,13
"16-10-2014",5,5,5,5,5,5,5,6,5,5,16,21,34,44,41,52,30,27,20,24,51,53,27,44
"17-10-2014",34,42,43,41,55,9,10,8,9,12,22,35,37,45,48,57,58,57,55,59,66,70,52,62
"18-10-2014",63,42,30,29,7,47,30,9,11,20,43,47,83,89,85,79,84,85,86,88,78,84,87,86
"19-10-2014",80,77,74,70,68,65,70,69,68,69,72,72,77,80,81,81,80,78,76,75,73,72,61,37
"20-10-2014",38,56,62,62,25,46,6,6,10,59,73,77,92,94,93,82,80,77,68,56,44,11,19,10
"21-10-2014",6,6,6,6,10,6,5,5,6,6,29,47,61,81,98,105,101,113,92,77,39,45,51,31
"22-10-2014",6,6,6,6,6,6,6,7,7,24,54,84,99,104,101,96,98,92,83,79,77,81,96,94
"23-10-2014",88,90,88,85,80,76,80,81,78,80,77,54,52,71,70,63,67,70,71,65,64,45,47,44
"24-10-2014",17,8,6,9,7,6,6,6,6,8,14,74,54,69,72,72,65,74,67,56,43,54,60,51
"25-10-2014",49,11,8,9,6,6,6,6,6,24,43,34,43,59,45,49,56,59,48,30,19,29,28,28
"26-10-2014",10,9,25,27,14,21,24,38,25,36,32,44,48,51,53,45,47,44,43,37,41,43,45,37
"27-10-2014",43,45,37,14,9,7,6,5,6,40,45,52,46,54,61,62,60,51,47,53,57,58,62,60
"28-10-2014",59,61,62,59,62,53,54,51,51,53,54,55,58,59,59,60,55,47,44,45,44,25,20,16
"29-10-2014",18,26,15,25,15,10,7,6,13,30,32,31,34,28,20,15,10,7,9,8,8,12,10,13
"30-10-2014",7,8,6,6,6,6,6,6,7,17,42,62,70,68,51,49,43,19,28,26,26,9,16,28
"31-10-2014",14,11,7,17,11,9,6,11,33,51,62,64,62,65,63,58,60,60,65,70,71,71,75,77
"01-11-2014",78,77,77,78,81,77,69,74,75,73,78,80,84,82,79,82,80,78,72,71,70,70,68,72
"02-11-2014",70,64,62,66,69,66,63,59,64,68,69,70,71,73,73,70,66,58,60,54,56,40,50,14
"03-11-2014",21,22,23,22,16,38,20,14,32,62,69,73,75,74,72,67,63,54,50,52,50,41,36,29
"04-11-2014",23,22,44,67,52,12,6,6,8,54,76,79,83,82,79,80,63,25,9,12,7,7,6,7
"05-11-2014",7,6,6,6,6,5,6,6,7,17,37,66,84,85,84,81,75,67,69,74,71,75,74,78
"06-11-2014",78,84,81,72,58,19,7,7,8,52,77,86,80,80,83,73,69,48,51,13,6,6,6,6
"07-11-2014",6,6,6,5,6,6,6,7,7,18,55,69,67,69,73,54,36,26,47,58,70,78,80,68
"08-11-2014",58,88,93,87,69,49,41,30,55,18,15,46,51,53,51,42,42,34,17,63,31,56,43,51
"09-11-2014",12,7,20,15,8,6,6,6,7,31,78,94,98,103,100,102,91,71,49,37,13,7,8,7
"10-11-2014",7,7,6,6,7,6,6,6,6,7,31,66,60,67,79,81,62,22,14,7,11,7,6,6
"11-11-2014",7,16,6,7,11,9,5,6,10,40,64,79,83,71,70,78,61,36,24,17,29,44,21,7
"12-11-2014",12,20,31,24,13,5,6,6,9,25,65,51,44,45,53,50,26,8,9,8,24,12,20,17
"13-11-2014",43,36,27,45,28,17,6,7,7,17,46,56,60,74,66,60,44,31,18,6,7,7,6,6
"14-11-2014",6,19,53,35,26,8,6,7,10,20,29,42,40,31,24,18,15,13,8,14,24,31,30,41
"15-11-2014",39,46,48,40,32,8,21,24,48,53,55,51,55,51,48,44,43,17,21,23,6,6,6,6
"16-11-2014",6,7,8,6,7,6,6,8,16,31,35,38,60,71,61,55,51,30,10,6,7,7,7,7
"17-11-2014",8,7,6,7,7,6,6,6,7,36,46,59,59,58,60,56,25,6,6,6,6,7,6,7
"18-11-2014",7,6,6,6,5,5,6,6,6,9,21,45,47,55,51,52,22,7,7,7,9,39,40,40
"19-11-2014",52,45,27,13,8,6,6,7,17,30,47,55,56,61,61,58,54,53,43,27,14,9,12,9
"20-11-2014",26,72,78,72,71,60,48,30,28,49,62,73,76,75,77,76,60,43,49,49,40,25,8,8
"21-11-2014",11,23,39,49,52,46,26,12,37,52,59,62,69,74,79,75,66,50,56,47,39,21,15,39
"22-11-2014",23,45,21,27,31,32,19,16,28,47,68,77,84,90,81,74,67,55,48,32,49,22,10,9
"23-11-2014",7,7,11,42,60,71,67,61,62,63,57,55,54,46,40,39,40,45,52,49,50,57,60,63
"24-11-2014",64,61,52,58,42,21,6,7,7,13,24,41,44,34,50,47,48,49,51,46,31,24,8,7
"25-11-2014",26,66,68,71,68,62,58,43,48,65,73,72,71,72,69,73,67,58,52,41,30,10,7,12
"26-11-2014",12,11,8,16,15,16,6,14,17,34,40,44,50,47,49,41,32,32,37,43,40,43,49,55
"27-11-2014",63,65,62,65,61,48,38,27,11,13,15,12,24,34,39,27,25,14,6,6,7,7,6,8
"28-11-2014",12,16,15,21,15,7,7,6,7,7,8,9,11,16,16,10,7,6,7,7,7,7,8,8
"29-11-2014",8,8,8,7,7,6,6,6,6,6,12,32,45,51,48,38,19,7,6,8,9,9,9,9
"30-11-2014",9,8,8,7,7,7,7,6,6,6,7,12,22,34,29,16,7,6,7,7,8,9,9,9
"01-12-2014",9,8,7,6,6,6,6,6,6,7,9,16,23,21,22,13,9,7,7,7,7,7,7,7
"02-12-2014",7,6,7,6,6,6,6,6,6,6,14,31,36,36,42,35,25,37,39,48,30,16,33,37
"03-12-2014",49,25,23,9,8,7,6,6,6,7,17,46,53,53,57,53,54,56,67,63,60,66,65,68
"04-12-2014",67,68,66,61,50,28,7,6,6,9,27,44,54,66,71,58,16,11,6,6,7,8,7,7
"05-12-2014",6,6,6,6,6,6,6,6,7,7,17,38,61,57,49,41,28,20,6,7,7,7,6,6
"06-12-2014",6,6,6,20,53,53,52,48,43,42,62,66,68,70,74,68,41,11,12,13,7,7,7,9
"07-12-2014",8,8,8,7,7,7,6,7,6,7,17,33,42,62,61,54,37,31,20,8,8,8,33,67
"08-12-2014",72,78,77,76,71,29,12,12,14,30,50,56,51,53,56,37,11,7,7,14,39,43,49,50
"09-12-2014",46,22,22,25,26,10,7,7,9,15,26,32,39,49,46,40,21,18,7,8,7,7,7,8
"10-12-2014",8,7,6,8,8,6,6,6,6,7,7,8,14,16,8,8,7,7,7,8,9,10,15,21
"11-12-2014",28,28,30,25,18,11,7,6,6,7,8,9,14,23,15,8,8,9,13,8,14,22,51,52
"12-12-2014",38,23,15,8,21,11,21,47,28,32,45,32,32,36,10,17,10,13,30,36,27,28,39,45
"13-12-2014",53,25,44,56,20,7,6,5,6,20,45,58,60,66,68,65,48,33,8,7,7,7,7,6
"14-12-2014",7,6,6,7,6,10,12,8,9,14,34,60,73,73,76,69,37,11,7,7,7,7,7,8
"15-12-2014",7,7,7,8,8,7,6,6,6,7,9,37,38,33,31,22,15,6,6,7,7,7,8,8
"16-12-2014",8,7,7,6,7,6,6,6,6,6,6,18,45,51,47,43,33,36,34,43,53,55,42,44
"17-12-2014",59,68,65,63,56,64,67,68,62,54,54,52,52,31,17,21,9,8,7,6,7,7,7,7
"18-12-2014",7,7,7,7,6,6,6,7,7,11,27,22,35,38,35,46,29,8,6,6,7,7,7,7
"19-12-2014",7,7,7,6,6,6,6,6,6,7,21,34,32,40,45,48,23,6,7,8,7,7,8,8
"20-12-2014",8,7,6,7,7,6,6,6,6,6,15,33,45,58,67,61,49,19,8,7,7,8,8,8
"21-12-2014",8,8,8,7,7,7,6,6,6,7,29,50,59,65,62,65,55,37,24,12,51,55,68,73
"22-12-2014",73,75,74,74,57,21,8,7,14,32,54,64,73,74,67,67,50,12,7,7,7,7,8,8
"23-12-2014",8,7,7,6,6,6,6,6,6,6,7,20,33,44,51,47,28,6,6,7,8,8,8,8
"24-12-2014",7,7,7,7,7,6,7,7,6,7,7,11,25,36,41,47,30,9,6,7,7,8,8,8
"25-12-2014",8,7,7,7,7,6,7,6,6,7,19,42,52,68,68,72,63,44,37,16,10,27,61,63
"26-12-2014",47,37,17,7,7,7,6,6,6,6,7,7,7,15,49,61,36,18,7,7,8,7,7,8
"27-12-2014",7,7,7,6,6,6,6,6,6,20,42,53,55,54,57,60,55,33,9,13,9,7,7,7
"28-12-2014",8,12,8,8,6,6,6,6,6,8,15,36,43,56,68,68,72,72,69,65,54,59,59,69
"29-12-2014",77,75,78,71,57,63,60,47,19,20,34,63,62,63,62,56,54,52,27,18,8,7,10,43
"30-12-2014",47,51,55,58,57,51,49,44,34,36,35,22,34,40,46,45,41,37,36,37,41,41,43,45
"31-12-2014",40,45,53,58,59,59,59,58,56,55,57,58,53,54,51,55,58,56,53,52,53,52,54,60
