"01-01-2011",20,24,22,16,17,13,15,13,10,10,12,10,17,11,10,15,14,20,26,31,32,32,26,20
"02-01-2011",19,22,20,19,24,26,22,31,31,28,33,36,33,35,35,32,38,39,33,34,34,33,36,33
"03-01-2011",34,32,25,9,10,20,20,32,39,37,42,36,32,18,23,21,22,28,38,41,39,39,33,32
"04-01-2011",29,19,18,17,14,12,17,27,33,32,36,24,22,15,14,20,24,28,36,35,33,42,39,43
"05-01-2011",38,32,19,18,19,29,34,40,43,35,27,37,37,26,15,16,17,30,40,45,45,42,44,34
"06-01-2011",36,23,29,26,19,20,18,26,28,34,29,18,11,12,9,8,12,13,28,39,42,39,37,33
"07-01-2011",32,29,22,19,19,26,33,38,41,46,35,33,23,20,27,20,31,41,43,46,43,44,41,33
"08-01-2011",26,26,22,20,25,22,20,35,42,35,19,17,17,12,14,28,28,34,37,37,38,35,31,22
"09-01-2011",21,24,20,13,14,14,13,31,37,30,18,15,15,10,14,17,28,41,39,39,44,48,41,29
"10-01-2011",24,27,28,14,18,18,25,33,36,35,36,31,23,27,33,27,27,39,40,41,43,44,40,35
"11-01-2011",33,27,26,21,15,20,24,26,40,43,33,31,28,25,21,21,25,39,37,40,41,39,30,24
"12-01-2011",27,19,15,15,7,11,17,29,34,30,32,24,32,33,44,31,38,39,41,38,37,33,31,31
"13-01-2011",24,23,19,14,15,16,21,24,31,20,28,23,15,18,17,14,13,21,29,41,39,36,31,29
"14-01-2011",27,30,28,26,19,19,23,39,47,34,33,30,37,38,38,32,23,35,43,49,54,47,48,42
"15-01-2011",33,31,29,26,27,24,29,30,35,34,19,13,16,22,23,24,30,30,42,41,40,36,24,26
"16-01-2011",23,22,25,36,29,24,30,23,28,28,19,8,7,7,7,6,8,12,13,17,21,19,9,8
"17-01-2011",8,4,3,5,3,10,11,24,30,22,13,19,26,11,21,16,18,27,34,43,46,47,37,38
"18-01-2011",37,22,10,6,9,13,26,32,40,39,35,22,20,26,31,29,37,33,50,54,49,53,54,47
"19-01-2011",44,40,31,27,22,19,32,44,62,51,40,38,31,23,26,23,29,30,45,41,45,40,32,34
"20-01-2011",24,26,19,21,13,21,36,54,64,55,33,23,27,35,18,23,23,31,49,51,49,50,46,44
"21-01-2011",37,20,13,11,10,11,19,27,28,34,36,35,35,27,28,27,35,39,46,44,42,39,37,35
"22-01-2011",26,20,12,14,11,17,27,36,38,36,17,18,27,28,23,39,34,28,13,29,45,28,16,16
"23-01-2011",16,14,11,11,11,11,8,9,12,17,15,17,12,28,22,19,17,21,28,34,20,26,31,21
"24-01-2011",11,7,6,7,8,13,21,23,37,37,40,37,20,27,38,37,20,33,31,48,53,44,30,24
"25-01-2011",18,11,7,8,8,6,22,26,43,41,36,29,27,28,23,22,24,27,18,24,41,37,28,22
"26-01-2011",14,24,22,11,16,22,30,48,53,44,34,23,28,19,17,13,19,26,39,45,44,45,32,33
"27-01-2011",32,18,23,20,24,29,34,42,41,43,44,21,26,31,45,42,47,61,63,64,70,44,19,8
"28-01-2011",4,4,3,2,2,3,5,10,14,15,14,22,21,15,21,18,13,12,29,41,42,46,42,28
"29-01-2011",27,23,21,17,16,8,16,28,34,40,32,23,28,28,20,22,20,28,41,41,40,47,42,37
"30-01-2011",33,29,17,17,15,11,12,17,20,17,20,17,13,14,15,14,19,18,19,23,27,22,17,16
"31-01-2011",7,10,6,7,9,12,26,37,42,45,33,30,33,19,20,20,17,21,27,42,45,44,41,36
"01-02-2011",29,30,17,19,14,21,34,46,53,41,21,10,17,12,15,16,16,18,35,48,47,53,44,39
"02-02-2011",38,31,29,20,19,22,31,45,51,56,37,22,16,19,25,17,12,20,14,28,30,17,9,5
"03-02-2011",3,3,2,2,3,5,5,14,19,19,18,29,15,18,12,9,8,8,12,15,17,14,10,7
"04-02-2011",4,3,3,3,2,3,6,10,17,23,22,19,18,21,24,23,18,28,41,54,56,53,50,38
"05-02-2011",35,31,26,16,20,26,18,47,52,47,35,26,25,19,20,16,15,27,52,51,51,51,47,42
"06-02-2011",42,39,30,30,30,35,31,33,36,36,37,29,17,26,24,19,36,33,53,55,53,48,42,24
"07-02-2011",39,30,28,27,22,26,32,44,53,48,34,41,37,39,36,39,35,48,67,69,72,61,55,56
"08-02-2011",46,41,32,31,25,29,37,46,56,55,45,48,32,31,39,36,44,58,51,54,58,64,58,59
"09-02-2011",46,30,19,23,13,16,36,46,47,40,28,19,16,15,17,29,24,29,49,55,58,56,48,47
"10-02-2011",42,39,39,32,28,31,36,48,52,49,45,39,40,27,41,29,20,36,59,55,64,54,56,50
"11-02-2011",47,28,17,12,10,12,24,33,47,44,29,23,21,27,28,32,34,32,46,48,52,44,30,23
"12-02-2011",19,13,10,16,20,23,23,33,41,26,13,22,18,10,25,44,42,24,13,23,41,36,35,31
"13-02-2011",29,20,24,18,21,17,18,23,29,16,10,12,16,11,24,35,29,15,25,32,41,38,31,29
"14-02-2011",16,11,10,11,17,19,30,44,56,29,22,21,27,19,19,22,23,35,42,36,55,52,45,44
"15-02-2011",43,37,36,27,18,17,30,40,43,45,48,33,21,20,20,16,30,34,40,46,48,49,48,41
"16-02-2011",33,23,15,13,9,20,27,36,44,38,21,19,18,18,21,17,15,17,27,39,38,42,32,21
"17-02-2011",18,11,7,8,10,16,34,40,51,42,41,38,44,48,32,18,26,36,32,46,50,51,44,36
"18-02-2011",26,11,9,12,15,19,34,48,62,28,12,15,17,33,11,8,14,10,18,15,15,24,24,13
"19-02-2011",7,9,20,13,4,3,3,7,14,10,13,13,18,19,30,28,28,20,30,49,46,47,40,31
"20-02-2011",35,32,29,24,12,14,13,24,22,23,15,14,22,15,31,35,49,27,18,39,40,35,35,26
"21-02-2011",24,13,6,7,7,13,26,37,42,41,29,19,18,17,23,26,37,38,37,41,44,38,20,15
"22-02-2011",13,15,10,5,6,18,21,39,42,42,34,23,29,25,30,24,27,28,42,39,52,50,53,45
"23-02-2011",29,29,28,24,12,17,28,32,38,26,24,26,23,22,14,21,17,24,34,38,29,25,28,16
"24-02-2011",7,4,2,2,3,3,4,8,13,14,12,12,12,16,14,13,19,9,9,10,12,11,6,5
"25-02-2011",5,3,3,3,3,8,8,11,28,25,23,26,20,14,11,9,11,13,25,36,40,42,33,22
"26-02-2011",16,13,11,7,10,15,26,26,24,16,15,16,18,20,13,12,12,9,13,32,30,26,18,26
"27-02-2011",23,21,23,17,14,14,21,30,20,10,10,9,12,10,9,9,6,9,18,39,42,42,36,35
"28-02-2011",30,30,14,8,12,15,31,33,40,28,19,15,12,13,12,11,9,12,17,35,40,39,35,27
"01-03-2011",26,27,17,16,12,18,25,36,49,29,30,25,16,13,11,9,10,25,20,31,34,37,36,31
"02-03-2011",15,7,5,4,3,7,5,12,32,27,20,23,19,13,11,15,13,11,19,25,36,21,14,8
"03-03-2011",6,8,7,8,9,16,35,38,43,40,33,35,28,22,19,15,10,13,19,28,33,29,22,19
"04-03-2011",17,12,7,5,9,14,33,40,39,32,28,29,31,19,21,13,17,14,19,32,40,43,38,32
"05-03-2011",22,21,9,10,17,29,32,31,28,41,14,8,6,11,13,9,10,14,17,22,20,18,16,19
"06-03-2011",12,7,7,11,10,12,12,12,11,9,8,11,20,24,22,26,23,44,17,13,14,23,9,8
"07-03-2011",6,7,9,11,27,23,23,28,16,11,14,17,19,12,11,11,17,15,15,10,12,10,9,8
"08-03-2011",3,2,1,1,1,2,3,6,7,7,6,8,8,10,11,10,9,9,14,27,28,24,15,9
"09-03-2011",6,6,4,3,5,6,12,24,29,14,12,10,20,22,25,15,16,9,21,41,49,44,37,36
"10-03-2011",24,20,16,22,18,26,43,45,50,28,23,23,28,24,39,29,24,32,29,47,35,43,32,25
"11-03-2011",27,36,25,21,19,29,41,50,57,39,20,15,30,23,25,25,33,27,35,69,69,64,60,57
"12-03-2011",51,48,43,31,22,28,46,50,43,36,20,14,19,20,21,24,23,31,42,49,53,46,50,51
"13-03-2011",52,36,27,26,25,27,31,24,21,18,14,26,22,19,16,17,33,46,-9999,-9999,-9999,-9999,-9999,-9999
"14-03-2011",-9999,-9999,-9999,-9999,-9999,-9999,-9999,-9999,-9999,-9999,-9999,-9999,-9999,-9999,-9999,-9999,-9999,-9999,-9999,-9999,-9999,-9999,-9999,-9999
"15-03-2011",-9999,-9999,-9999,-9999,-9999,-9999,-9999,-9999,-9999,-9999,-9999,-9999,-9999,-9999,-9999,-9999,-9999,46,56,60,70,56,39,23
"16-03-2011",14,9,8,8,7,14,20,26,30,27,31,23,15,18,17,19,20,22,27,39,43,35,29,24
"17-03-2011",28,29,11,11,11,22,26,28,28,27,37,35,29,25,23,15,19,25,28,40,38,38,27,18
"18-03-2011",14,12,10,19,20,13,31,41,34,34,26,20,20,26,27,17,14,23,26,13,34,42,33,23
"19-03-2011",17,16,14,16,27,20,18,24,20,20,23,20,27,33,25,20,17,12,20,43,53,53,39,34
"20-03-2011",37,27,15,21,10,14,19,19,15,14,16,19,10,7,6,8,23,19,15,23,25,30,27,26
"21-03-2011",15,9,13,15,10,16,24,38,28,18,22,10,7,7,11,7,8,14,17,22,29,30,20,10
"22-03-2011",6,3,4,3,3,4,15,23,16,15,13,10,10,9,10,9,8,10,11,30,32,26,14,10
"23-03-2011",9,4,4,7,9,13,28,34,39,23,12,12,11,10,10,10,8,10,15,29,39,36,35,27
"24-03-2011",17,10,10,12,16,27,27,35,21,21,19,14,24,18,23,15,21,48,46,47,50,57,47,40
"25-03-2011",35,34,35,31,20,30,26,33,11,6,7,15,23,12,27,30,34,12,13,16,21,33,22,22
"26-03-2011",21,10,10,12,12,19,22,26,28,12,8,12,18,16,16,26,50,19,11,12,26,24,18,18
"27-03-2011",16,15,12,12,10,11,16,17,16,16,16,17,17,17,30,38,22,35,21,30,42,41,33,27
"28-03-2011",18,13,13,10,19,28,44,-9999,39,17,18,14,14,13,17,12,10,18,26,18,20,25,23,15
"29-03-2011",9,6,5,6,7,10,22,35,46,43,40,25,46,26,31,21,33,33,23,25,27,52,49,38
"30-03-2011",39,34,29,23,27,28,37,40,41,36,31,35,35,18,14,30,35,31,28,37,44,44,42,43
"31-03-2011",34,36,29,34,28,28,34,45,51,48,49,46,44,41,43,40,16,9,9,15,15,12,9,5
"01-04-2011",4,2,2,2,2,3,5,10,17,11,11,10,16,17,12,11,8,15,13,13,17,16,18,19
"02-04-2011",12,4,3,2,12,11,8,10,16,13,8,10,12,9,7,7,8,9,8,9,20,24,35,36
"03-04-2011",27,27,18,20,21,25,27,27,30,19,18,17,15,14,30,21,26,23,18,18,32,30,40,38
"04-04-2011",23,22,14,7,12,9,23,31,37,18,16,14,14,22,25,20,24,22,29,39,47,51,52,50
"05-04-2011",39,16,11,10,16,12,24,49,46,30,21,17,19,20,23,29,32,29,21,17,41,48,43,33
"06-04-2011",25,29,23,18,19,33,35,43,70,52,46,16,18,22,21,20,9,8,13,12,11,13,10,6
"07-04-2011",5,3,3,2,3,4,10,14,25,15,12,10,9,10,9,8,7,10,12,17,16,25,20,23
"08-04-2011",18,18,17,23,21,24,21,41,24,18,14,17,18,16,23,36,27,41,23,26,36,33,19,18
"09-04-2011",17,13,24,18,16,25,33,37,29,17,11,14,19,14,15,10,12,11,14,19,15,20,17,14
"10-04-2011",11,11,18,29,25,22,35,25,18,5,10,23,19,10,11,37,33,37,20,25,38,29,28,21
"11-04-2011",14,14,10,8,11,13,25,38,38,34,28,21,14,13,27,19,13,15,13,14,23,47,41,36
"12-04-2011",20,18,13,10,10,12,13,22,29,40,30,35,32,23,39,54,41,26,26,30,30,30,20,15
"13-04-2011",11,15,14,12,6,11,32,35,43,24,18,20,20,16,30,24,22,18,32,29,20,19,13,11
"14-04-2011",10,8,7,8,9,12,14,14,22,25,38,36,31,41,42,47,52,16,14,15,34,38,23,19
"15-04-2011",12,11,16,13,20,20,28,47,35,31,21,16,19,15,28,22,32,15,20,26,21,35,42,40
"16-04-2011",33,35,30,21,17,12,13,24,26,30,30,29,29,33,30,16,10,16,13,16,17,32,30,20
"17-04-2011",6,15,19,10,5,10,8,4,7,9,9,7,5,5,6,5,7,17,15,27,12,11,40,33
"18-04-2011",21,22,18,14,11,17,30,31,39,32,24,15,10,10,8,12,11,13,16,14,20,22,10,7
"19-04-2011",7,4,5,7,9,10,26,30,37,21,13,25,17,12,12,17,22,16,17,25,34,40,29,29
"20-04-2011",18,14,16,17,13,21,39,45,43,29,20,21,18,17,33,16,12,11,12,17,24,30,24,26
"21-04-2011",24,21,21,22,17,22,33,27,16,14,16,17,14,10,11,17,11,11,15,15,19,31,25,20
"22-04-2011",18,20,7,8,9,9,19,22,21,9,8,11,23,17,17,17,12,18,29,19,23,18,23,17
"23-04-2011",20,18,21,18,15,18,28,29,30,24,9,13,13,12,14,9,7,10,12,16,29,30,37,31
"24-04-2011",30,19,20,6,7,6,8,11,14,14,13,7,8,9,7,7,9,9,15,25,22,29,33,30
"25-04-2011",15,21,26,13,21,21,19,18,14,22,30,26,13,22,15,7,6,8,6,9,20,21,15,33
"26-04-2011",22,14,8,11,8,5,9,54,49,38,17,15,10,10,9,6,6,8,10,11,19,13,17,6
"27-04-2011",6,6,4,3,3,3,10,24,19,15,17,28,18,11,12,12,18,10,8,11,14,22,30,24
"28-04-2011",31,12,15,17,16,19,21,35,38,31,27,18,11,14,12,19,27,30,19,19,24,27,25,24
"29-04-2011",20,14,12,10,11,12,16,23,25,17,14,15,12,13,18,37,36,15,14,18,19,31,22,20
"30-04-2011",17,14,14,12,14,13,32,27,20,13,8,9,18,14,24,31,34,26,25,18,34,26,26,19
"01-05-2011",9,11,9,7,6,3,4,4,4,5,5,6,7,7,5,5,6,10,32,22,25,19,26,14
"02-05-2011",16,8,10,9,18,27,23,31,39,44,34,24,22,35,30,46,27,23,26,33,27,47,55,43
"03-05-2011",41,26,14,12,12,17,15,15,21,15,13,11,11,14,22,24,31,32,12,15,29,22,13,13
"04-05-2011",11,10,7,6,8,25,33,36,33,27,24,37,37,27,26,25,10,9,27,19,23,17,21,14
"05-05-2011",12,6,5,4,4,12,25,33,21,22,43,21,24,20,50,32,27,19,25,32,36,36,22,22
"06-05-2011",18,19,16,20,14,20,26,30,35,29,27,12,8,9,8,7,7,7,12,14,15,28,27,25
"07-05-2011",19,19,13,11,8,9,19,24,16,21,16,18,27,23,26,29,42,29,9,13,18,30,25,23
"08-05-2011",24,21,18,21,18,17,18,25,15,8,6,10,6,7,8,10,10,8,7,14,24,30,29,23
"09-05-2011",18,15,11,10,6,14,28,39,33,37,19,23,17,16,20,18,19,20,18,20,30,17,21,12
"10-05-2011",8,4,3,2,3,5,9,20,16,14,11,9,10,11,11,7,6,7,10,11,18,20,13,8
"11-05-2011",6,4,3,2,2,3,8,17,17,15,13,10,12,12,10,8,6,6,12,22,20,20,9,10
"12-05-2011",14,13,10,6,10,14,27,40,36,30,26,20,25,29,30,42,25,25,14,26,27,32,34,24
"13-05-2011",29,13,13,19,14,23,20,28,24,16,15,14,17,20,22,19,28,9,12,15,36,39,41,37
"14-05-2011",33,31,34,20,21,20,36,37,19,7,10,10,18,13,36,30,27,11,8,10,16,23,34,44
"15-05-2011",26,18,10,10,11,13,16,13,8,7,6,11,20,13,13,56,23,11,18,27,21,27,28,26
"16-05-2011",16,19,14,8,7,20,31,40,46,38,39,19,18,20,17,23,44,37,55,15,24,26,18,17
"17-05-2011",9,9,8,7,4,12,21,30,29,26,27,28,21,15,22,19,27,28,16,29,34,36,27,16
"18-05-2011",11,13,11,5,10,20,27,26,39,19,15,18,22,31,13,14,15,22,15,16,25,24,27,20
"19-05-2011",19,32,30,18,15,20,26,34,33,22,15,20,15,10,10,8,9,9,14,16,15,31,37,28
"20-05-2011",18,19,11,14,13,22,32,38,39,21,14,20,25,15,23,20,19,22,18,24,41,45,36,29
"21-05-2011",25,24,13,13,14,22,30,29,24,20,20,17,23,19,48,24,24,14,12,15,35,31,30,45
"22-05-2011",33,31,31,23,24,20,23,19,18,21,22,22,26,13,9,9,12,11,9,16,43,35,19,18
"23-05-2011",14,15,14,12,19,23,33,27,44,52,52,51,43,26,29,28,27,59,59,51,50,33,17,25
"24-05-2011",31,35,25,21,21,23,28,43,46,59,41,32,38,22,33,25,29,29,44,34,34,32,28,33
"25-05-2011",30,26,13,13,16,25,25,42,48,51,58,47,22,11,19,17,15,14,22,26,39,33,25,34
"26-05-2011",32,34,16,14,12,16,24,28,13,10,15,14,11,18,16,16,11,21,25,21,27,21,19,20
"27-05-2011",22,17,7,6,11,11,13,18,24,23,11,12,16,14,16,10,7,8,8,36,29,19,21,20
"28-05-2011",17,15,14,17,15,21,19,27,25,14,10,18,24,12,10,12,22,17,20,31,32,31,19,28
"29-05-2011",31,11,14,11,7,12,16,14,8,5,5,9,15,17,18,22,33,31,25,19,21,29,29,21
"30-05-2011",23,28,20,19,24,12,22,31,31,45,29,25,20,19,30,23,20,36,38,16,25,36,28,24
"31-05-2011",18,20,22,13,7,12,19,26,24,12,7,13,14,19,23,42,21,32,25,22,32,28,23,11
"01-06-2011",13,11,9,6,7,10,20,26,17,13,10,12,10,21,12,9,9,14,25,35,23,18,23,21
"02-06-2011",19,15,13,7,8,11,29,29,17,14,9,11,14,13,33,35,24,29,24,18,29,24,28,20
"03-06-2011",23,20,19,15,17,12,17,29,33,15,12,13,27,19,15,41,34,11,15,11,25,18,23,13
"04-06-2011",9,8,8,12,9,7,21,24,16,10,12,12,12,12,19,30,30,26,25,15,24,12,19,23
"05-06-2011",25,13,12,12,9,9,15,10,6,6,11,13,10,8,8,19,52,31,11,17,33,35,39,23
"06-06-2011",16,12,10,10,13,16,25,33,32,15,37,44,15,17,16,18,15,14,18,29,33,46,46,27
"07-06-2011",24,15,15,15,17,21,24,20,44,30,27,18,17,23,18,13,11,10,13,15,20,52,44,30
"08-06-2011",33,23,19,14,16,12,28,31,13,14,15,14,13,12,15,13,12,13,11,11,15,32,32,29
"09-06-2011",26,24,28,12,10,23,28,37,23,15,13,16,24,21,14,15,14,8,12,10,22,26,27,20
"10-06-2011",15,9,8,7,7,11,18,32,24,16,14,13,23,14,10,15,20,20,14,26,23,29,27,24
"11-06-2011",20,16,13,10,6,10,17,23,13,10,10,11,15,18,9,8,9,9,7,6,21,23,16,15
"12-06-2011",13,12,13,10,6,6,8,13,9,8,5,8,10,14,8,21,23,22,17,15,24,21,22,16
"13-06-2011",16,16,14,10,10,9,11,15,15,6,10,9,13,16,6,13,10,20,33,14,26,32,25,19
"14-06-2011",18,11,11,6,6,9,17,33,22,11,12,12,18,27,13,14,17,16,14,22,31,23,19,20
"15-06-2011",14,10,8,5,5,15,11,22,31,28,21,17,18,16,20,8,8,21,25,18,15,20,21,19
"16-06-2011",14,10,11,10,13,17,28,30,31,29,33,18,13,14,14,10,13,39,25,22,43,42,28,26
"17-06-2011",19,15,8,8,8,17,38,29,11,10,13,12,10,13,15,16,35,29,26,42,32,36,37,32
"18-06-2011",17,27,24,13,12,16,25,30,19,10,9,15,10,23,19,14,22,22,21,35,39,34,32,23
"19-06-2011",22,22,21,14,11,8,16,15,17,12,14,12,24,27,27,27,31,25,17,13,15,21,22,18
"20-06-2011",13,17,15,12,12,33,26,31,40,24,14,18,29,33,23,11,29,25,36,21,29,23,24,18
"21-06-2011",29,14,10,10,13,22,27,25,28,18,18,24,18,15,11,12,18,39,24,25,43,38,27,26
"22-06-2011",17,21,24,12,19,17,26,23,19,22,24,22,11,12,15,18,8,8,9,10,12,15,16,10
"23-06-2011",8,7,6,4,3,5,14,26,32,35,40,34,11,14,12,14,8,12,19,17,21,25,24,15
"24-06-2011",9,6,5,6,11,14,46,39,39,23,21,26,14,14,17,27,1,3,31,45,43,27,27,24
"25-06-2011",25,18,14,15,13,15,15,12,12,11,13,12,18,16,15,-9999,-9999,9,10,9,13,15,15,10
"26-06-2011",9,5,7,8,7,10,11,16,11,5,6,5,5,5,4,4,4,4,6,10,8,19,25,22
"27-06-2011",11,8,8,7,9,11,22,28,22,16,14,15,14,15,25,29,18,29,16,27,31,30,29,17
"28-06-2011",15,10,7,6,9,10,28,29,31,11,10,18,9,15,1,13,21,10,24,27,34,31,24,36
"29-06-2011",26,28,31,9,9,12,18,27,34,32,10,12,14,16,23,17,15,17,24,20,41,32,31,36
"30-06-2011",23,17,18,15,19,14,24,17,12,27,18,18,15,31,34,32,19,36,53,51,61,48,33,21
"01-07-2011",31,23,7,10,33,17,24,37,26,13,32,27,18,25,33,28,26,10,22,27,34,32,21,20
"02-07-2011",15,15,13,7,7,9,13,16,13,8,10,9,15,34,14,9,13,10,16,14,13,10,11,13
"03-07-2011",14,9,8,4,6,7,10,15,10,6,7,11,7,17,21,13,6,22,13,11,10,13,14,18
"04-07-2011",14,13,10,6,7,13,25,41,42,28,26,32,46,37,27,39,29,14,13,20,30,21,32,27
"05-07-2011",24,11,8,6,12,15,22,31,22,15,17,14,17,19,12,8,9,9,12,12,30,17,14,16
"06-07-2011",14,16,10,9,11,12,23,33,28,11,8,10,13,28,25,10,19,20,18,20,23,19,15,11
"07-07-2011",15,12,5,6,6,15,27,36,31,23,23,29,30,21,17,15,15,26,16,35,34,31,29,33
"08-07-2011",18,14,18,17,21,20,24,33,19,24,23,14,14,26,23,19,15,16,13,21,29,32,29,27
"09-07-2011",30,20,22,24,25,27,28,22,24,28,27,19,10,13,12,8,6,5,6,13,21,23,18,21
"10-07-2011",39,27,15,13,16,10,9,6,8,11,20,13,10,14,13,13,10,10,11,10,14,23,22,24
"11-07-2011",28,22,13,8,11,15,18,28,37,50,37,21,16,16,14,13,9,14,13,15,22,25,29,24
"12-07-2011",26,18,13,6,5,21,27,27,33,23,20,12,14,17,14,11,11,12,14,15,19,24,25,19
"13-07-2011",14,14,8,6,5,14,22,26,29,25,26,16,11,15,12,10,8,8,10,9,29,24,19,11
"14-07-2011",18,9,8,22,12,8,25,31,35,32,23,22,20,17,18,20,10,24,14,26,41,27,36,33
"15-07-2011",25,20,20,22,17,22,38,34,38,25,33,22,20,19,25,17,17,33,29,27,34,32,28,34
"16-07-2011",33,37,29,27,19,26,19,24,23,12,12,15,14,18,11,16,16,15,13,15,31,16,23,26
"17-07-2011",13,11,12,8,8,10,15,11,11,11,10,21,14,8,8,10,12,10,19,8,14,19,22,18
"18-07-2011",14,9,9,6,6,12,20,28,30,9,10,10,11,9,17,10,9,15,14,9,28,22,22,15
"19-07-2011",25,17,10,6,6,14,25,22,12,6,11,14,23,10,9,13,12,20,23,20,27,29,29,21
"20-07-2011",19,15,17,10,8,20,22,29,26,23,14,19,10,14,11,13,12,14,7,8,11,10,17,10
"21-07-2011",8,4,5,3,4,6,18,22,18,14,11,13,12,12,12,5,6,10,28,30,33,28,18,13
"22-07-2011",10,7,7,5,5,10,15,28,28,14,13,13,17,10,9,16,8,11,15,16,13,17,19,21
"23-07-2011",17,13,10,8,6,9,28,21,14,11,12,13,11,10,12,10,14,16,22,35,45,21,17,22
"24-07-2011",25,22,19,14,10,9,10,20,15,16,16,10,11,14,9,6,8,18,9,10,16,15,16,12
"25-07-2011",16,8,6,5,3,8,15,21,24,14,14,14,16,12,8,14,13,14,14,19,25,15,15,18
"26-07-2011",15,10,7,4,5,6,10,12,15,17,9,6,6,12,15,9,7,12,13,10,13,11,15,16
"27-07-2011",11,10,7,5,5,8,14,18,23,18,10,13,12,14,10,15,14,24,30,20,25,19,25,22
"28-07-2011",25,15,11,7,6,14,31,37,27,29,14,11,11,14,9,18,15,16,18,17,31,35,25,30
"29-07-2011",22,13,14,13,10,11,26,23,17,16,18,15,18,9,13,17,12,18,15,21,23,25,22,21
"30-07-2011",14,8,6,4,4,8,16,21,18,8,8,9,10,10,10,8,7,7,8,9,18,19,14,10
"31-07-2011",11,9,9,8,6,6,8,10,9,10,10,13,9,11,11,11,11,9,10,10,27,19,18,17
"01-08-2011",15,9,8,7,10,12,21,30,30,13,15,12,13,14,15,14,11,12,12,9,17,17,23,14
"02-08-2011",14,7,8,5,4,8,13,20,26,17,17,10,12,7,13,11,10,16,10,17,22,16,13,18
"03-08-2011",14,16,8,8,11,14,26,27,23,22,19,17,15,14,13,12,11,16,13,20,25,23,20,15
"04-08-2011",24,12,13,13,16,13,21,34,23,22,16,15,13,11,18,16,13,8,18,13,27,26,18,10
"05-08-2011",16,17,10,8,9,10,16,17,13,9,7,5,10,12,13,16,16,16,18,25,29,24,20,16
"06-08-2011",18,16,16,11,10,12,22,24,23,21,12,14,15,14,15,13,13,7,11,12,20,22,14,7
"07-08-2011",7,7,9,7,6,5,5,11,15,10,8,11,12,13,5,18,27,15,12,14,14,35,17,18
"08-08-2011",15,12,10,8,9,11,22,19,18,14,10,9,12,23,11,17,11,14,14,12,28,16,13,22
"09-08-2011",20,8,8,6,6,11,14,18,14,9,6,9,13,12,9,8,9,15,11,17,29,22,13,14
"10-08-2011",10,8,9,5,8,11,15,18,15,12,9,11,10,16,16,10,8,13,13,12,21,20,15,20
"11-08-2011",11,6,8,5,5,10,14,21,27,25,13,9,10,11,12,13,11,12,10,13,15,21,8,9
"12-08-2011",8,12,13,9,9,10,26,33,30,26,17,11,9,20,11,8,12,19,21,14,19,23,22,21
"13-08-2011",16,12,8,5,7,9,13,18,14,13,12,11,14,11,8,6,16,15,11,16,19,25,26,18
"14-08-2011",18,14,10,13,9,5,7,13,7,9,7,8,8,8,8,11,19,10,15,12,35,24,29,16
"15-08-2011",11,15,12,10,6,7,11,12,12,9,5,10,8,5,8,11,8,12,21,17,43,30,26,24
"16-08-2011",23,14,9,5,6,16,18,32,11,11,9,12,12,28,14,12,19,18,12,18,24,25,19,15
"17-08-2011",10,12,9,8,8,11,19,25,29,26,27,19,17,13,19,17,13,10,11,15,24,30,29,26
"18-08-2011",25,26,14,23,25,28,30,30,26,31,19,13,15,10,10,7,6,10,12,13,17,22,16,17
"19-08-2011",17,8,11,4,5,7,11,18,20,15,18,14,14,12,14,9,12,12,12,12,11,11,13,15
"20-08-2011",12,10,8,6,9,13,14,13,18,11,10,14,12,10,11,13,7,11,7,8,17,14,15,10
"21-08-2011",9,9,17,7,8,13,11,4,5,9,4,5,5,6,4,3,5,6,8,13,14,12,11,12
"22-08-2011",6,3,3,2,2,4,4,10,13,10,8,11,7,7,7,5,6,5,6,9,17,20,30,28
"23-08-2011",35,12,13,10,6,11,14,22,32,28,20,17,12,9,9,8,8,9,12,10,14,23,14,12
"24-08-2011",16,14,10,7,12,14,17,28,37,28,29,27,22,10,10,10,8,6,6,9,10,14,19,11
"25-08-2011",12,12,7,6,4,5,6,7,11,11,12,12,13,10,13,9,8,10,10,14,16,17,5,6
"26-08-2011",6,4,6,6,3,5,9,15,14,16,13,14,12,9,12,7,7,8,10,14,20,22,24,23
"27-08-2011",19,15,14,7,6,7,18,24,24,18,11,15,9,6,8,8,6,4,6,11,16,16,20,14
"28-08-2011",14,9,10,10,10,8,15,11,13,12,14,10,7,10,8,10,7,6,6,9,10,11,21,13
"29-08-2011",13,9,11,10,10,8,20,24,30,20,18,32,27,16,36,31,29,17,14,23,32,33,26,26
"30-08-2011",25,18,12,9,8,11,13,19,16,11,16,12,11,17,12,12,9,7,22,23,30,17,19,20
"31-08-2011",19,8,9,5,8,13,16,25,25,14,11,9,9,8,8,10,7,4,10,8,16,14,17,16
"01-09-2011",12,11,10,11,13,17,24,31,22,17,15,14,14,13,13,11,10,11,10,12,38,34,32,28
"02-09-2011",21,17,18,9,8,12,20,31,40,21,13,10,12,19,11,16,15,17,23,19,42,43,39,31
"03-09-2011",30,32,21,25,12,15,25,28,28,19,14,16,10,11,13,11,19,8,10,11,18,16,15,19
"04-09-2011",17,26,20,10,9,10,9,17,25,16,21,18,9,7,6,5,6,7,11,9,8,18,24,31
"05-09-2011",23,11,11,7,6,9,18,31,32,20,20,18,17,18,19,22,16,23,17,24,22,36,40,31
"06-09-2011",23,16,16,9,10,13,19,25,24,28,31,18,11,19,15,12,9,22,28,25,23,18,14,15
"07-09-2011",14,9,8,6,5,10,17,22,25,24,18,19,21,25,15,11,12,12,17,10,19,18,26,18
"08-09-2011",12,10,10,7,6,7,13,18,15,12,12,15,12,10,10,11,14,12,15,20,31,25,24,21
"09-09-2011",22,12,11,8,5,8,15,32,41,23,7,10,9,11,8,8,11,16,16,20,28,30,29,24
"10-09-2011",23,18,18,21,10,10,13,23,16,18,16,19,21,10,10,9,7,16,7,18,18,17,12,20
"11-09-2011",15,14,13,7,10,8,7,9,7,7,10,11,9,6,7,7,12,15,20,25,24,23,23,27
"12-09-2011",25,25,15,9,9,10,24,35,33,28,24,15,17,13,15,9,7,11,13,19,21,20,22,14
"13-09-2011",28,21,18,14,10,21,28,31,33,28,16,16,23,20,10,24,11,12,15,18,38,27,21,22
"14-09-2011",20,21,16,18,15,22,39,44,45,41,53,48,47,24,18,17,10,11,23,30,56,42,28,31
"15-09-2011",23,18,15,6,8,15,25,31,37,29,21,17,16,15,11,12,12,12,19,20,45,32,28,35
"16-09-2011",26,18,15,14,12,19,25,28,33,23,25,12,14,11,20,14,17,17,31,34,42,22,11,8
"17-09-2011",10,9,12,8,15,10,11,23,27,39,32,19,9,13,15,9,9,14,15,21,19,15,43,51
"18-09-2011",28,20,20,8,6,5,6,8,17,12,17,25,17,9,10,9,5,5,8,9,17,22,33,21
"19-09-2011",22,25,15,16,18,22,35,47,34,29,30,28,21,18,14,16,13,14,17,20,17,25,21,20
"20-09-2011",12,7,6,7,5,8,13,24,23,17,16,20,17,17,19,14,11,11,13,21,20,5,11,11
"21-09-2011",8,10,6,6,10,15,22,28,25,28,31,15,13,11,9,6,10,13,19,14,23,22,19,20
"22-09-2011",21,14,7,3,8,10,12,15,18,19,14,9,10,10,9,8,7,7,11,16,19,17,11,11
"23-09-2011",9,6,5,6,8,24,35,34,27,20,13,10,10,17,14,10,9,11,14,17,26,24,34,30
"24-09-2011",24,26,21,17,14,15,22,29,33,27,22,17,7,6,8,5,7,5,11,20,21,18,24,25
"25-09-2011",33,25,13,14,13,16,19,19,18,11,19,24,18,14,9,6,7,9,14,16,26,35,27,42
"26-09-2011",31,21,24,17,21,22,39,42,47,39,32,16,19,13,17,10,5,6,12,15,19,17,16,15
"27-09-2011",27,17,6,8,10,10,10,22,28,20,10,6,7,6,7,6,4,6,6,11,14,22,30,21
"28-09-2011",9,6,6,7,4,12,17,37,40,11,19,15,10,13,10,7,9,10,11,17,26,15,8,7
"29-09-2011",4,2,2,2,2,5,7,16,17,12,14,15,12,12,13,9,10,11,13,15,21,31,41,42
"30-09-2011",34,30,12,11,9,6,24,33,40,40,24,27,18,13,13,12,10,13,13,19,28,18,13,20
"01-10-2011",36,17,11,16,8,5,7,15,19,9,8,7,7,9,10,8,7,6,7,11,17,9,11,13
"02-10-2011",7,7,9,16,18,16,14,16,15,11,9,10,11,13,8,7,8,9,8,13,19,20,21,20
"03-10-2011",15,17,11,5,13,8,11,24,36,24,17,13,12,15,13,13,9,11,13,19,21,25,23,30
"04-10-2011",18,8,10,11,9,8,14,25,35,22,18,16,16,14,14,15,12,15,15,16,20,26,31,32
"05-10-2011",33,23,18,16,18,22,29,37,38,33,25,16,18,18,9,12,10,11,9,14,30,22,23,22
"06-10-2011",17,27,22,16,13,26,28,33,38,36,26,18,14,12,8,10,10,13,10,13,18,17,18,17
"07-10-2011",15,12,7,8,7,12,20,17,30,26,18,9,9,10,8,8,3,9,6,11,16,13,11,10
"08-10-2011",9,9,7,8,9,14,11,15,20,19,17,18,17,7,6,8,7,6,12,17,14,7,8,4
"09-10-2011",-9999,-9999,-9999,-9999,-9999,-9999,-9999,-9999,-9999,-9999,-9999,-9999,-9999,-9999,-9999,-9999,-9999,-9999,-9999,-9999,-9999,-9999,-9999,-9999
"10-10-2011",-9999,-9999,-9999,-9999,-9999,-9999,-9999,-9999,-9999,-9999,-9999,-9999,-9999,-9999,-9999,-9999,-9999,-9999,-9999,-9999,-9999,-9999,-9999,-9999
"11-10-2011",-9999,-9999,-9999,-9999,-9999,-9999,-9999,-9999,-9999,-9999,-9999,-9999,-9999,-9999,-9999,-9999,-9999,-9999,-9999,-9999,-9999,-9999,-9999,-9999
"12-10-2011",-9999,-9999,-9999,-9999,-9999,-9999,-9999,-9999,-9999,-9999,-9999,-9999,-9999,-9999,-9999,-9999,-9999,-9999,-9999,-9999,-9999,-9999,-9999,-9999
"13-10-2011",-9999,-9999,-9999,-9999,-9999,-9999,-9999,-9999,-9999,-9999,-9999,-9999,-9999,-9999,-9999,-9999,-9999,-9999,-9999,-9999,-9999,-9999,-9999,-9999
"14-10-2011",-9999,-9999,-9999,-9999,-9999,-9999,-9999,-9999,-9999,-9999,-9999,-9999,-9999,-9999,-9999,-9999,-9999,-9999,-9999,-9999,-9999,-9999,-9999,-9999
"15-10-2011",-9999,-9999,-9999,-9999,-9999,-9999,-9999,-9999,-9999,-9999,-9999,-9999,-9999,-9999,-9999,-9999,-9999,-9999,-9999,-9999,-9999,-9999,-9999,-9999
"16-10-2011",-9999,-9999,-9999,-9999,-9999,-9999,-9999,-9999,-9999,-9999,-9999,-9999,-9999,-9999,-9999,-9999,-9999,-9999,-9999,-9999,-9999,-9999,-9999,-9999
"17-10-2011",-9999,-9999,-9999,-9999,-9999,-9999,-9999,-9999,-9999,-9999,-9999,-9999,-9999,-9999,-9999,-9999,-9999,-9999,-9999,-9999,-9999,-9999,-9999,-9999
"18-10-2011",-9999,-9999,-9999,-9999,-9999,-9999,-9999,-9999,-9999,-9999,-9999,-9999,-9999,-9999,-9999,-9999,-9999,-9999,-9999,-9999,-9999,-9999,-9999,-9999
"19-10-2011",-9999,-9999,-9999,-9999,-9999,-9999,-9999,-9999,-9999,-9999,-9999,-9999,-9999,-9999,-9999,-9999,-9999,-9999,-9999,-9999,-9999,-9999,-9999,-9999
"20-10-2011",-9999,-9999,-9999,-9999,-9999,-9999,-9999,-9999,-9999,-9999,-9999,-9999,-9999,-9999,-9999,-9999,-9999,-9999,-9999,-9999,-9999,-9999,-9999,-9999
"21-10-2011",-9999,-9999,-9999,-9999,-9999,-9999,-9999,-9999,-9999,-9999,-9999,-9999,-9999,-9999,-9999,-9999,-9999,-9999,-9999,-9999,-9999,-9999,-9999,-9999
"22-10-2011",-9999,-9999,-9999,-9999,-9999,-9999,-9999,-9999,-9999,-9999,-9999,-9999,-9999,-9999,-9999,-9999,-9999,-9999,-9999,-9999,-9999,-9999,-9999,-9999
"23-10-2011",-9999,-9999,-9999,-9999,-9999,-9999,-9999,-9999,-9999,-9999,-9999,-9999,-9999,-9999,-9999,-9999,-9999,-9999,-9999,-9999,-9999,-9999,-9999,-9999
"24-10-2011",-9999,-9999,-9999,-9999,-9999,-9999,-9999,-9999,-9999,-9999,-9999,-9999,-9999,-9999,-9999,-9999,-9999,-9999,-9999,-9999,-9999,-9999,-9999,-9999
"25-10-2011",-9999,-9999,-9999,-9999,-9999,-9999,-9999,-9999,-9999,-9999,-9999,-9999,-9999,-9999,-9999,-9999,-9999,-9999,-9999,-9999,-9999,-9999,-9999,-9999
"26-10-2011",-9999,-9999,-9999,-9999,-9999,-9999,-9999,-9999,-9999,-9999,-9999,-9999,-9999,-9999,-9999,-9999,-9999,-9999,-9999,-9999,-9999,-9999,-9999,-9999
"27-10-2011",-9999,-9999,-9999,-9999,-9999,-9999,-9999,-9999,-9999,-9999,-9999,-9999,-9999,-9999,-9999,-9999,-9999,-9999,-9999,-9999,-9999,-9999,-9999,-9999
"28-10-2011",-9999,-9999,-9999,-9999,-9999,-9999,-9999,-9999,-9999,-9999,-9999,-9999,-9999,-9999,-9999,-9999,-9999,-9999,-9999,-9999,-9999,-9999,-9999,-9999
"29-10-2011",-9999,-9999,-9999,-9999,-9999,-9999,-9999,-9999,-9999,-9999,-9999,-9999,-9999,-9999,-9999,-9999,-9999,-9999,-9999,-9999,-9999,-9999,-9999,-9999
"30-10-2011",-9999,-9999,-9999,-9999,-9999,-9999,-9999,-9999,-9999,-9999,-9999,-9999,-9999,-9999,-9999,-9999,-9999,-9999,-9999,-9999,-9999,-9999,-9999,-9999
"31-10-2011",-9999,-9999,-9999,-9999,-9999,-9999,-9999,-9999,-9999,-9999,-9999,-9999,-9999,-9999,-9999,-9999,-9999,-9999,-9999,-9999,-9999,-9999,-9999,-9999
"01-11-2011",-9999,-9999,-9999,-9999,-9999,-9999,-9999,-9999,-9999,-9999,-9999,-9999,-9999,-9999,-9999,-9999,-9999,-9999,-9999,-9999,-9999,-9999,-9999,-9999
"02-11-2011",-9999,-9999,-9999,-9999,-9999,-9999,-9999,-9999,-9999,-9999,-9999,-9999,-9999,-9999,-9999,-9999,-9999,-9999,-9999,-9999,-9999,-9999,-9999,-9999
"03-11-2011",-9999,-9999,-9999,-9999,-9999,-9999,-9999,-9999,-9999,-9999,-9999,-9999,-9999,-9999,-9999,-9999,-9999,-9999,-9999,-9999,-9999,-9999,-9999,-9999
"04-11-2011",-9999,-9999,-9999,-9999,-9999,-9999,-9999,-9999,-9999,-9999,-9999,-9999,-9999,-9999,-9999,-9999,-9999,-9999,-9999,-9999,-9999,-9999,-9999,-9999
"05-11-2011",-9999,-9999,-9999,-9999,-9999,-9999,-9999,-9999,-9999,-9999,-9999,-9999,-9999,-9999,-9999,-9999,-9999,-9999,-9999,-9999,-9999,-9999,-9999,-9999
"06-11-2011",-9999,-9999,-9999,-9999,-9999,-9999,-9999,-9999,-9999,-9999,-9999,-9999,-9999,-9999,-9999,-9999,-9999,-9999,-9999,-9999,-9999,-9999,-9999,-9999
"07-11-2011",-9999,-9999,-9999,-9999,-9999,-9999,-9999,-9999,-9999,-9999,-9999,-9999,-9999,-9999,-9999,-9999,-9999,-9999,-9999,-9999,-9999,-9999,-9999,-9999
"08-11-2011",-9999,-9999,-9999,-9999,-9999,-9999,-9999,-9999,-9999,-9999,-9999,-9999,-9999,-9999,-9999,-9999,-9999,-9999,-9999,-9999,-9999,-9999,-9999,-9999
"09-11-2011",-9999,-9999,-9999,-9999,-9999,-9999,-9999,-9999,-9999,-9999,-9999,-9999,-9999,-9999,-9999,-9999,-9999,-9999,-9999,-9999,-9999,-9999,-9999,-9999
"10-11-2011",-9999,-9999,-9999,-9999,-9999,-9999,-9999,-9999,-9999,-9999,-9999,-9999,-9999,-9999,-9999,-9999,-9999,-9999,-9999,-9999,-9999,-9999,-9999,-9999
"11-11-2011",-9999,-9999,-9999,-9999,-9999,-9999,-9999,-9999,-9999,-9999,-9999,-9999,-9999,-9999,-9999,-9999,-9999,-9999,-9999,-9999,-9999,-9999,-9999,-9999
"12-11-2011",-9999,-9999,-9999,-9999,-9999,-9999,-9999,-9999,-9999,-9999,-9999,-9999,-9999,-9999,-9999,-9999,-9999,-9999,-9999,-9999,-9999,-9999,-9999,-9999
"13-11-2011",-9999,-9999,-9999,-9999,-9999,-9999,-9999,-9999,-9999,-9999,-9999,-9999,-9999,-9999,-9999,-9999,-9999,-9999,-9999,-9999,-9999,-9999,-9999,-9999
"14-11-2011",-9999,-9999,-9999,-9999,-9999,-9999,-9999,-9999,-9999,-9999,-9999,-9999,-9999,-9999,-9999,-9999,-9999,-9999,-9999,-9999,-9999,-9999,-9999,-9999
"15-11-2011",-9999,-9999,-9999,-9999,-9999,-9999,-9999,-9999,-9999,-9999,-9999,-9999,-9999,-9999,-9999,-9999,-9999,-9999,-9999,-9999,-9999,-9999,-9999,-9999
"16-11-2011",-9999,-9999,-9999,-9999,-9999,-9999,-9999,-9999,-9999,-9999,-9999,-9999,-9999,-9999,-9999,-9999,-9999,-9999,-9999,-9999,-9999,-9999,-9999,-9999
"17-11-2011",-9999,-9999,-9999,-9999,-9999,-9999,-9999,-9999,-9999,-9999,-9999,-9999,-9999,-9999,-9999,-9999,-9999,-9999,-9999,-9999,-9999,-9999,-9999,-9999
"18-11-2011",-9999,-9999,-9999,-9999,-9999,-9999,-9999,-9999,-9999,-9999,-9999,-9999,-9999,-9999,-9999,-9999,-9999,-9999,-9999,-9999,-9999,-9999,-9999,-9999
"19-11-2011",-9999,-9999,-9999,-9999,-9999,-9999,-9999,-9999,-9999,-9999,-9999,-9999,-9999,-9999,-9999,-9999,-9999,-9999,-9999,-9999,-9999,-9999,-9999,-9999
"20-11-2011",-9999,-9999,-9999,-9999,-9999,-9999,-9999,-9999,-9999,-9999,-9999,-9999,-9999,-9999,-9999,-9999,-9999,-9999,-9999,-9999,-9999,-9999,-9999,-9999
"21-11-2011",-9999,-9999,-9999,-9999,-9999,-9999,-9999,-9999,-9999,-9999,-9999,-9999,-9999,-9999,-9999,-9999,-9999,-9999,-9999,-9999,-9999,-9999,-9999,-9999
"22-11-2011",-9999,-9999,-9999,-9999,-9999,-9999,-9999,-9999,-9999,-9999,-9999,-9999,-9999,-9999,-9999,-9999,-9999,-9999,-9999,-9999,-9999,-9999,-9999,-9999
"23-11-2011",-9999,-9999,-9999,-9999,-9999,-9999,-9999,-9999,-9999,-9999,-9999,-9999,-9999,-9999,-9999,-9999,-9999,-9999,-9999,-9999,-9999,-9999,-9999,-9999
"24-11-2011",-9999,-9999,-9999,-9999,-9999,-9999,-9999,-9999,-9999,-9999,-9999,-9999,-9999,-9999,-9999,-9999,-9999,-9999,-9999,-9999,-9999,-9999,-9999,-9999
"25-11-2011",-9999,-9999,-9999,-9999,-9999,-9999,-9999,-9999,-9999,-9999,-9999,-9999,-9999,-9999,-9999,-9999,-9999,-9999,-9999,-9999,-9999,-9999,-9999,-9999
"26-11-2011",-9999,-9999,-9999,-9999,-9999,-9999,-9999,-9999,-9999,-9999,-9999,-9999,-9999,-9999,-9999,-9999,-9999,-9999,-9999,-9999,-9999,-9999,-9999,-9999
"27-11-2011",-9999,-9999,-9999,-9999,-9999,-9999,-9999,-9999,-9999,-9999,-9999,-9999,-9999,-9999,-9999,-9999,-9999,-9999,-9999,-9999,-9999,-9999,-9999,-9999
"28-11-2011",-9999,-9999,-9999,-9999,-9999,-9999,-9999,-9999,-9999,-9999,-9999,-9999,-9999,-9999,-9999,-9999,-9999,-9999,-9999,-9999,-9999,-9999,-9999,-9999
"29-11-2011",-9999,-9999,-9999,-9999,-9999,-9999,-9999,-9999,-9999,-9999,-9999,-9999,-9999,-9999,-9999,-9999,-9999,-9999,-9999,-9999,-9999,-9999,-9999,-9999
"30-11-2011",-9999,-9999,-9999,-9999,-9999,-9999,-9999,-9999,-9999,-9999,-9999,-9999,-9999,-9999,-9999,-9999,-9999,-9999,-9999,-9999,-9999,-9999,-9999,-9999
"01-12-2011",-9999,-9999,-9999,-9999,-9999,-9999,-9999,-9999,-9999,-9999,-9999,-9999,-9999,-9999,-9999,-9999,-9999,-9999,-9999,-9999,-9999,-9999,-9999,-9999
"02-12-2011",-9999,-9999,-9999,-9999,-9999,-9999,-9999,-9999,-9999,-9999,-9999,-9999,-9999,-9999,-9999,-9999,-9999,-9999,-9999,-9999,-9999,-9999,-9999,-9999
"03-12-2011",-9999,-9999,-9999,-9999,-9999,-9999,-9999,-9999,-9999,-9999,-9999,-9999,-9999,-9999,-9999,-9999,-9999,-9999,-9999,-9999,-9999,-9999,-9999,-9999
"04-12-2011",-9999,-9999,-9999,-9999,-9999,-9999,-9999,-9999,-9999,-9999,-9999,-9999,-9999,-9999,-9999,-9999,-9999,-9999,-9999,-9999,-9999,-9999,-9999,-9999
"05-12-2011",-9999,-9999,-9999,-9999,-9999,-9999,-9999,-9999,-9999,-9999,-9999,-9999,-9999,-9999,-9999,-9999,-9999,-9999,-9999,-9999,-9999,-9999,-9999,-9999
"06-12-2011",-9999,-9999,-9999,-9999,-9999,-9999,-9999,-9999,-9999,-9999,-9999,-9999,-9999,-9999,-9999,-9999,-9999,-9999,-9999,-9999,-9999,-9999,-9999,-9999
"07-12-2011",-9999,-9999,-9999,-9999,-9999,-9999,-9999,-9999,-9999,-9999,-9999,-9999,-9999,-9999,-9999,-9999,-9999,-9999,-9999,-9999,-9999,-9999,-9999,-9999
"08-12-2011",-9999,-9999,-9999,-9999,-9999,-9999,-9999,-9999,-9999,-9999,-9999,-9999,-9999,-9999,-9999,-9999,-9999,-9999,-9999,-9999,-9999,-9999,-9999,-9999
"09-12-2011",-9999,-9999,-9999,-9999,-9999,-9999,-9999,-9999,-9999,-9999,-9999,-9999,-9999,-9999,-9999,-9999,-9999,-9999,-9999,-9999,-9999,-9999,-9999,-9999
"10-12-2011",-9999,-9999,-9999,-9999,-9999,-9999,-9999,-9999,-9999,-9999,-9999,-9999,-9999,-9999,-9999,-9999,-9999,-9999,-9999,-9999,-9999,-9999,-9999,-9999
"11-12-2011",-9999,-9999,-9999,-9999,-9999,-9999,-9999,-9999,-9999,-9999,-9999,-9999,-9999,-9999,-9999,-9999,-9999,-9999,-9999,-9999,-9999,-9999,-9999,-9999
"12-12-2011",-9999,-9999,-9999,-9999,-9999,-9999,-9999,-9999,-9999,-9999,-9999,-9999,-9999,-9999,-9999,-9999,-9999,-9999,-9999,-9999,-9999,-9999,-9999,-9999
"13-12-2011",-9999,-9999,-9999,-9999,-9999,-9999,-9999,-9999,-9999,-9999,-9999,-9999,-9999,-9999,-9999,-9999,-9999,-9999,-9999,-9999,-9999,-9999,-9999,-9999
"14-12-2011",-9999,-9999,-9999,-9999,-9999,-9999,-9999,-9999,-9999,-9999,-9999,-9999,-9999,-9999,-9999,-9999,-9999,-9999,-9999,-9999,-9999,-9999,-9999,-9999
"15-12-2011",-9999,-9999,-9999,-9999,-9999,-9999,-9999,-9999,-9999,-9999,-9999,-9999,-9999,-9999,-9999,-9999,-9999,-9999,-9999,-9999,-9999,-9999,-9999,-9999
"16-12-2011",-9999,-9999,-9999,-9999,-9999,-9999,-9999,-9999,-9999,-9999,-9999,-9999,-9999,-9999,-9999,-9999,-9999,-9999,-9999,-9999,-9999,-9999,-9999,-9999
"17-12-2011",-9999,-9999,-9999,-9999,-9999,-9999,-9999,-9999,-9999,-9999,-9999,-9999,-9999,-9999,-9999,-9999,-9999,-9999,-9999,-9999,-9999,-9999,-9999,-9999
"18-12-2011",-9999,-9999,-9999,-9999,-9999,-9999,-9999,-9999,-9999,-9999,-9999,-9999,-9999,-9999,-9999,-9999,-9999,-9999,-9999,-9999,-9999,-9999,-9999,-9999
"19-12-2011",-9999,-9999,-9999,-9999,-9999,-9999,-9999,-9999,-9999,-9999,-9999,-9999,-9999,-9999,-9999,-9999,-9999,-9999,-9999,-9999,-9999,-9999,-9999,-9999
"20-12-2011",-9999,-9999,-9999,-9999,-9999,-9999,-9999,-9999,-9999,-9999,-9999,-9999,-9999,-9999,-9999,-9999,-9999,-9999,-9999,-9999,-9999,-9999,-9999,-9999
"21-12-2011",-9999,-9999,-9999,-9999,-9999,-9999,-9999,-9999,-9999,-9999,-9999,-9999,-9999,-9999,-9999,-9999,-9999,-9999,-9999,-9999,-9999,-9999,-9999,-9999
"22-12-2011",-9999,-9999,-9999,-9999,-9999,-9999,-9999,-9999,-9999,-9999,-9999,-9999,-9999,-9999,-9999,-9999,-9999,-9999,-9999,-9999,-9999,-9999,-9999,-9999
"23-12-2011",-9999,-9999,-9999,-9999,-9999,-9999,-9999,-9999,-9999,-9999,-9999,-9999,-9999,-9999,-9999,-9999,-9999,-9999,-9999,-9999,-9999,-9999,-9999,-9999
"24-12-2011",-9999,-9999,-9999,-9999,-9999,-9999,-9999,-9999,-9999,-9999,-9999,-9999,-9999,-9999,-9999,-9999,-9999,-9999,-9999,-9999,-9999,-9999,-9999,-9999
"25-12-2011",-9999,-9999,-9999,-9999,-9999,-9999,-9999,-9999,-9999,-9999,-9999,-9999,-9999,-9999,-9999,-9999,-9999,-9999,-9999,-9999,-9999,-9999,-9999,-9999
"26-12-2011",-9999,-9999,-9999,-9999,-9999,-9999,-9999,-9999,-9999,-9999,-9999,-9999,-9999,-9999,-9999,-9999,-9999,-9999,-9999,-9999,-9999,-9999,-9999,-9999
"27-12-2011",-9999,-9999,-9999,-9999,-9999,-9999,-9999,-9999,-9999,-9999,-9999,-9999,-9999,-9999,-9999,-9999,-9999,-9999,-9999,-9999,-9999,-9999,-9999,-9999
"28-12-2011",-9999,-9999,-9999,-9999,-9999,-9999,-9999,-9999,-9999,-9999,-9999,-9999,-9999,-9999,-9999,-9999,-9999,-9999,-9999,-9999,-9999,-9999,-9999,-9999
"29-12-2011",-9999,-9999,-9999,-9999,-9999,-9999,-9999,-9999,-9999,-9999,-9999,-9999,-9999,-9999,-9999,-9999,-9999,-9999,-9999,-9999,-9999,-9999,-9999,-9999
"30-12-2011",-9999,-9999,-9999,-9999,-9999,-9999,-9999,-9999,-9999,-9999,-9999,-9999,-9999,-9999,-9999,-9999,-9999,-9999,-9999,-9999,-9999,-9999,-9999,-9999
"31-12-2011",-9999,-9999,-9999,-9999,-9999,-9999,-9999,-9999,-9999,-9999,-9999,-9999,-9999,-9999,-9999,-9999,-9999,-9999,-9999,-9999,-9999,-9999,-9999,-9999
