"01-01-2011",28,26,27,32,29,35,36,38,41,43,45,60,57,63,66,58,56,44,32,25,24,22,27,36
"02-01-2011",35,27,29,30,25,25,30,22,24,30,30,29,35,32,38,39,29,25,26,25,24,24,23,24
"03-01-2011",23,23,24,42,45,33,40,31,26,28,27,35,39,54,47,49,46,38,22,22,23,22,21,21
"04-01-2011",21,24,25,26,31,36,31,26,23,25,24,41,49,62,67,59,55,47,30,32,36,27,26,20
"05-01-2011",19,24,38,40,36,24,21,19,20,28,44,36,36,49,63,60,58,35,19,18,18,18,19,19
"06-01-2011",18,26,21,23,30,30,34,28,26,23,32,50,59,60,65,65,60,55,31,19,20,19,19,19
"07-01-2011",19,18,23,25,24,20,18,19,19,20,27,34,47,48,45,54,41,29,23,22,21,21,23,27
"08-01-2011",33,34,39,43,38,42,44,26,23,31,45,55,61,69,67,48,49,39,28,30,28,32,36,47
"09-01-2011",48,35,38,49,48,52,61,35,23,34,51,63,66,73,72,71,54,37,30,28,24,21,22,30
"10-01-2011",35,30,26,47,36,36,28,22,22,25,26,33,40,44,40,46,43,28,23,22,22,23,22,21
"11-01-2011",21,22,21,23,29,27,24,24,21,22,28,31,40,45,53,54,45,25,23,21,21,21,26,30
"12-01-2011",27,35,41,37,58,59,48,34,28,29,27,36,32,34,28,34,29,25,24,23,22,22,22,22
"13-01-2011",24,24,24,29,30,32,31,30,27,34,31,40,55,51,52,55,56,45,33,22,23,25,26,23
"14-01-2011",24,20,20,21,27,26,28,20,20,25,27,36,38,48,41,37,51,34,22,21,21,21,21,21
"15-01-2011",20,20,20,21,20,22,20,21,20,23,33,40,42,51,47,51,47,50,32,30,32,34,40,37
"16-01-2011",48,52,45,30,33,35,30,41,32,34,45,58,65,72,75,74,66,58,56,47,41,46,60,59
"17-01-2011",58,65,65,60,66,55,53,38,32,43,57,52,47,65,55,61,58,41,29,18,17,17,19,18
"18-01-2011",17,31,51,58,50,45,30,27,19,24,32,54,60,52,48,53,42,46,20,17,19,16,17,18
"19-01-2011",18,17,20,23,29,38,24,19,19,21,37,39,34,51,52,60,52,53,28,28,23,28,37,37
"20-01-2011",44,33,48,48,63,46,32,20,20,26,43,56,54,47,67,62,62,51,28,21,21,23,25,26
"21-01-2011",28,52,67,65,69,57,40,38,40,36,33,32,34,44,45,46,37,26,22,21,21,20,21,23
"22-01-2011",25,30,45,44,52,45,31,24,24,28,54,58,51,54,56,35,35,43,66,46,27,48,66,64
"23-01-2011",67,72,80,81,80,78,83,82,75,65,70,68,79,57,61,68,68,66,53,45,67,58,48,61
"24-01-2011",76,85,87,79,76,70,62,54,40,39,37,39,64,57,44,42,65,49,47,23,22,24,35,42
"25-01-2011",50,71,71,70,71,75,56,54,30,32,44,49,50,52,57,57,55,53,64,54,23,25,39,49
"26-01-2011",58,37,41,57,49,36,30,18,19,24,35,52,52,66,69,75,68,57,33,30,27,24,36,32
"27-01-2011",26,47,35,35,30,27,25,20,22,26,34,56,53,51,36,36,26,17,16,17,17,28,55,79
"28-01-2011",88,88,89,92,93,91,86,79,74,71,74,61,62,71,61,63,71,74,48,32,31,26,27,37
"29-01-2011",37,41,43,43,47,66,56,38,30,27,39,50,50,51,57,56,57,42,23,22,22,19,19,18
"30-01-2011",18,19,33,36,35,48,50,45,38,44,46,52,59,59,56,56,47,49,48,44,39,45,49,49
"31-01-2011",60,51,56,55,42,39,26,22,22,24,34,39,38,53,52,51,54,49,42,23,19,19,19,19
"01-02-2011",19,19,31,30,39,35,22,19,19,29,58,72,65,70,69,69,70,63,40,22,23,17,18,20
"02-02-2011",18,24,24,36,38,35,33,21,19,20,46,62,70,66,57,68,76,64,75,52,48,64,76,83
"03-02-2011",89,92,93,94,93,89,91,75,67,66,68,51,69,66,75,81,82,80,76,71,68,74,80,86
"04-02-2011",91,94,93,94,96,94,89,84,74,63,65,70,72,70,65,67,73,56,33,19,17,19,18,29
"05-02-2011",31,35,42,57,54,45,66,26,22,29,50,66,74,80,78,85,86,62,21,18,19,17,17,17
"06-02-2011",16,16,21,24,28,19,25,22,23,28,37,54,71,59,59,72,48,52,20,16,17,18,24,45
"07-02-2011",23,27,24,23,31,34,27,19,20,25,34,31,47,45,49,43,52,36,19,19,19,18,18,19
"08-02-2011",18,17,20,20,26,22,20,17,17,20,31,35,53,60,47,52,44,27,25,23,17,16,16,17
"09-02-2011",17,26,42,38,53,52,28,19,21,28,42,51,58,72,73,56,60,56,29,22,18,17,18,17
"10-02-2011",17,19,19,23,24,23,25,18,18,22,31,43,45,65,52,66,79,52,17,19,16,18,17,17
"11-02-2011",17,33,46,59,65,63,45,36,22,26,47,66,77,72,69,65,60,61,38,32,27,35,54,63
"12-02-2011",67,78,79,64,62,57,58,47,39,61,86,75,86,98,76,48,50,83,96,80,43,49,51,51
"13-02-2011",48,61,57,68,65,70,71,59,40,65,77,77,78,93,75,57,67,87,73,55,39,37,49,50
"14-02-2011",66,76,75,72,57,49,43,36,25,53,65,69,65,81,83,79,75,55,41,47,20,19,21,20
"15-02-2011",18,20,19,31,44,47,31,21,25,29,34,53,70,67,68,75,55,43,29,23,18,19,18,19
"16-02-2011",23,34,49,50,53,38,29,23,22,33,57,61,63,63,57,65,67,63,48,29,26,22,32,45
"17-02-2011",49,58,67,62,58,48,25,24,23,31,30,37,30,30,49,68,57,38,41,24,19,19,20,20
"18-02-2011",28,57,60,55,50,47,31,18,17,52,73,71,69,48,81,86,75,79,74,94,99,83,74,96
"19-02-2011",103,95,62,74,106,110,111,104,89,94,93,91,82,82,71,59,54,61,41,18,19,18,21,24
"20-02-2011",19,21,21,27,42,47,50,37,38,42,57,64,54,69,50,46,28,57,69,34,28,33,32,38
"21-02-2011",40,59,72,66,65,55,33,25,21,24,36,47,51,56,46,42,30,31,29,25,25,33,56,60
"22-02-2011",62,54,65,71,75,52,60,33,30,33,43,58,53,61,55,65,59,58,38,34,20,19,19,20
"23-02-2011",27,25,27,32,54,44,30,30,24,43,52,55,58,62,75,60,67,58,46,32,44,46,40,60
"24-02-2011",74,83,87,87,85,85,82,73,61,57,61,61,64,56,56,58,49,65,67,63,60,61,69,70
"25-02-2011",70,72,74,73,72,62,63,58,35,40,45,40,51,60,65,69,67,63,44,28,23,20,26,42
"26-02-2011",50,53,56,63,57,49,36,37,41,56,60,62,60,61,70,69,65,65,62,32,34,40,53,38
"27-02-2011",36,39,36,45,48,49,38,27,45,73,78,81,81,85,88,82,82,73,56,27,18,19,22,21
"28-02-2011",25,24,45,54,48,42,27,27,23,39,56,65,69,71,74,75,76,70,60,33,21,23,26,33
"01-03-2011",30,28,42,43,50,39,30,25,20,41,48,54,65,68,67,70,67,44,49,34,29,24,21,27
"02-03-2011",51,64,70,75,76,67,75,63,35,41,49,45,51,61,63,56,56,60,49,40,27,43,53,62
"03-03-2011",65,61,63,63,58,42,25,22,23,26,31,30,39,43,48,52,58,53,44,31,26,31,39,41
"04-03-2011",43,47,60,66,60,50,23,20,26,35,43,44,45,57,54,66,59,62,53,36,26,23,26,30
"05-03-2011",48,50,73,71,55,32,32,37,48,25,71,82,86,78,75,79,76,70,64,57,60,60,61,50
"06-03-2011",62,72,73,63,66,62,62,59,60,68,70,66,58,57,64,51,55,33,59,70,72,62,82,81
"07-03-2011",87,88,87,77,46,51,45,38,56,69,67,65,66,73,74,79,72,70,68,76,76,78,78,80
"08-03-2011",88,92,92,94,94,91,87,82,81,80,82,80,80,78,78,81,82,83,74,52,50,55,66,76
"09-03-2011",83,82,86,88,86,82,71,55,46,74,79,82,70,69,67,83,79,91,72,35,20,24,33,26
"10-03-2011",42,44,49,34,46,37,21,19,22,52,61,67,58,65,48,57,66,56,64,35,48,34,47,59
"11-03-2011",55,32,43,44,44,31,21,18,19,35,68,83,65,73,73,78,64,75,62,16,16,16,16,16
"12-03-2011",16,16,17,30,42,38,18,17,30,46,69,79,76,82,83,77,77,63,47,33,23,32,23,20
"13-03-2011",17,33,45,42,44,41,34,50,55,60,77,65,79,87,96,101,78,63,-9999,-9999,-9999,-9999,-9999,-9999
"14-03-2011",-9999,-9999,-9999,-9999,-9999,-9999,-9999,-9999,-9999,-9999,-9999,-9999,-9999,-9999,-9999,-9999,-9999,-9999,-9999,-9999,-9999,-9999,-9999,-9999
"15-03-2011",-9999,-9999,-9999,-9999,-9999,-9999,-9999,-9999,-9999,-9999,-9999,-9999,-9999,-9999,-9999,-9999,-9999,55,43,36,16,19,31,51
"16-03-2011",65,72,72,69,71,61,50,44,42,49,45,63,80,80,85,85,84,78,69,51,39,49,56,60
"17-03-2011",50,40,67,76,74,46,43,53,59,57,41,41,50,60,66,82,79,65,58,39,39,38,50,61
"18-03-2011",62,59,61,42,38,48,26,22,27,34,46,65,72,70,72,87,86,74,67,83,52,37,51,69
"19-03-2011",76,77,82,74,56,63,66,57,71,79,77,81,72,60,66,81,86,93,83,42,25,22,28,31
"20-03-2011",25,33,50,38,52,48,41,40,53,63,71,73,81,89,88,84,58,62,70,55,47,37,42,39
"21-03-2011",62,76,65,65,68,63,51,36,54,71,67,84,91,93,88,95,93,81,73,65,54,56,70,86
"22-03-2011",97,102,99,103,101,96,77,66,74,74,82,86,87,90,90,92,91,87,85,57,52,60,79,84
"23-03-2011",85,93,93,81,78,69,46,42,40,66,83,83,86,89,88,88,90,85,80,52,34,36,39,47
"24-03-2011",63,75,77,64,54,46,51,36,57,61,68,81,70,88,85,97,88,48,51,45,33,27,36,35
"25-03-2011",42,34,32,36,61,51,53,42,72,81,86,76,75,95,75,67,66,98,99,89,81,58,73,66
"26-03-2011",65,85,76,75,84,77,72,69,73,104,109,104,96,107,106,86,42,85,93,89,62,64,76,76
"27-03-2011",77,79,89,92,98,98,90,84,87,88,86,82,80,77,55,51,74,52,71,55,33,37,42,49
"28-03-2011",55,53,53,63,48,42,27,-9999,32,59,57,71,76,78,73,80,83,75,62,69,64,57,57,68
"29-03-2011",75,81,85,75,66,64,49,34,27,34,33,58,39,64,58,72,57,56,69,65,61,26,22,29
"30-03-2011",22,23,26,31,27,28,24,21,23,30,36,39,44,72,84,64,57,66,66,51,37,28,29,25
"31-03-2011",33,23,31,24,32,34,30,22,23,26,25,27,30,36,36,39,73,85,82,73,72,77,82,87
"01-04-2011",92,97,97,99,96,93,88,79,70,79,78,79,72,69,76,79,84,74,78,77,69,71,66,61
"02-04-2011",72,92,95,98,74,74,85,81,70,82,91,88,82,86,88,88,85,85,88,85,63,55,36,31
"03-04-2011",38,35,46,42,44,32,32,32,32,54,59,67,74,76,54,71,69,77,87,87,63,64,42,37
"04-04-2011",56,53,62,73,64,67,51,40,38,64,73,81,86,78,80,88,86,87,81,69,50,33,29,24
"05-04-2011",30,66,74,73,58,74,59,31,36,53,65,76,82,90,89,84,85,94,105,109,62,42,39,47
"06-04-2011",61,49,59,66,58,35,36,36,23,44,52,97,95,88,93,92,106,105,93,95,93,86,90,94
"07-04-2011",97,99,94,92,94,94,85,83,68,79,84,85,89,87,92,95,98,96,90,83,85,67,67,59
"08-04-2011",61,62,61,49,48,45,58,34,56,68,81,80,86,98,92,74,86,64,90,84,69,62,81,81
"09-04-2011",77,76,51,65,66,54,52,37,49,90,99,98,96,105,107,118,123,119,113,99,96,84,83,83
"10-04-2011",79,91,74,53,59,70,52,58,66,85,88,75,92,115,113,79,89,84,107,101,79,79,78,85
"11-04-2011",98,91,88,89,82,76,58,44,46,57,73,89,103,108,89,100,110,105,108,105,88,52,50,54
"12-04-2011",71,70,77,89,85,81,82,64,55,37,52,57,69,86,66,46,65,82,83,74,68,69,87,96
"13-04-2011",100,88,81,85,94,91,52,51,42,77,88,89,99,110,89,97,100,104,80,82,95,90,95,100
"14-04-2011",102,102,106,107,108,97,93,92,78,72,55,56,64,52,52,44,40,92,97,94,63,48,64,71
"15-04-2011",82,83,75,71,57,55,43,24,41,44,64,80,83,96,90,99,89,104,92,82,89,64,41,39
"16-04-2011",41,39,54,63,70,73,76,53,56,56,61,64,65,62,65,87,98,86,91,86,82,51,51,71
"17-04-2011",98,82,71,84,100,83,94,104,96,93,96,100,104,105,101,103,99,80,86,67,91,93,46,50
"18-04-2011",64,58,55,62,66,61,46,52,44,55,68,81,91,92,96,88,88,82,77,80,68,64,84,87
"19-04-2011",86,95,85,74,69,73,53,47,39,66,88,72,85,94,95,91,82,91,88,75,62,52,64,61
"20-04-2011",74,78,68,60,70,53,25,24,33,51,65,69,85,91,72,95,99,97,96,88,73,56,59,52
"21-04-2011",50,54,52,49,52,45,37,48,69,88,94,92,103,109,107,95,106,104,99,98,89,67,76,78
"22-04-2011",78,70,93,90,84,84,58,57,66,99,106,106,89,99,103,102,114,106,87,106,96,99,75,77
"23-04-2011",66,65,52,53,61,49,44,43,47,65,96,98,100,104,102,114,120,113,106,97,65,60,43,50
"24-04-2011",50,65,63,86,81,81,81,80,78,82,90,105,106,108,114,114,111,110,100,81,82,63,49,55
"25-04-2011",79,64,47,68,52,54,47,55,72,64,59,75,104,91,105,112,115,113,116,107,87,86,99,69
"26-04-2011",84,91,102,89,96,102,97,28,34,54,84,84,92,95,97,101,105,100,97,89,75,82,75,91
"27-04-2011",90,89,94,98,97,93,81,59,70,79,77,61,75,86,84,83,76,91,92,92,83,72,54,62
"28-04-2011",43,65,55,51,45,35,39,37,38,50,61,82,92,88,92,83,73,64,80,77,69,54,54,43
"29-04-2011",49,60,48,55,53,49,47,35,42,57,68,74,79,80,81,62,64,97,101,92,89,71,78,77
"30-04-2011",79,75,73,80,82,77,44,50,62,75,80,88,85,95,88,76,74,86,83,90,60,69,63,71
"01-05-2011",86,76,81,80,83,95,96,96,91,87,96,94,98,100,105,116,119,110,77,86,78,81,65,76
"02-05-2011",71,84,89,87,80,68,70,56,43,44,64,79,83,67,76,55,78,85,89,79,83,48,37,39
"03-05-2011",34,46,61,67,74,64,61,66,67,74,82,86,93,94,87,92,76,71,96,91,66,75,86,83
"04-05-2011",91,95,100,105,105,74,57,53,58,66,69,61,73,90,90,90,111,108,76,90,93,98,85,96
"05-05-2011",96,105,109,111,105,89,73,62,81,80,61,90,86,100,59,75,82,93,85,72,58,54,68,68
"06-05-2011",66,58,61,52,57,46,39,37,37,51,60,87,101,102,106,109,109,108,97,92,89,68,56,57
"07-05-2011",63,63,71,73,80,75,61,53,66,67,85,89,82,90,93,90,72,98,121,114,105,77,82,84
"08-05-2011",71,68,75,73,81,88,83,73,93,114,120,116,126,126,136,133,137,141,139,128,111,89,76,80
"09-05-2011",89,97,100,98,104,89,48,47,53,67,82,87,104,101,97,97,93,88,91,78,57,76,67,79
"10-05-2011",92,103,112,116,106,104,98,81,90,90,93,93,92,90,90,95,100,98,95,95,86,84,96,104
"11-05-2011",111,117,119,122,122,123,112,97,96,98,103,109,107,104,108,110,113,111,102,88,87,80,103,100
"12-05-2011",88,83,91,100,90,80,57,47,53,64,77,84,82,83,82,70,95,84,98,75,62,47,40,48
"13-05-2011",37,62,67,55,63,46,55,46,55,67,72,80,88,90,88,97,93,120,117,111,80,62,49,52
"14-05-2011",48,48,39,52,53,57,32,34,62,86,90,98,100,117,84,92,101,126,132,127,119,98,68,45
"15-05-2011",67,77,90,92,91,83,74,80,90,95,107,109,104,120,121,70,110,128,119,97,107,86,80,90
"16-05-2011",93,81,85,108,102,82,60,54,57,73,69,103,112,108,121,103,64,74,51,108,97,88,96,95
"17-05-2011",104,103,102,104,111,100,84,72,78,87,82,84,92,101,96,93,79,79,88,73,55,51,58,70
"18-05-2011",74,73,72,80,76,54,44,49,37,71,79,82,82,67,99,100,97,85,93,88,75,62,61,82
"19-05-2011",78,47,44,61,61,56,46,40,43,58,72,73,92,106,110,114,112,111,105,101,102,68,56,62
"20-05-2011",71,61,73,62,61,46,39,37,40,67,77,74,77,95,89,94,96,97,103,93,66,51,54,61
"21-05-2011",66,62,72,73,75,55,43,47,56,68,65,72,68,88,57,96,94,109,115,112,79,83,79,47
"22-05-2011",55,60,55,67,62,65,57,67,72,76,90,98,104,111,116,112,108,109,115,105,59,71,99,94
"23-05-2011",103,88,88,85,67,57,57,70,49,42,54,61,77,96,91,93,94,49,44,58,56,73,88,69
"24-05-2011",55,43,54,62,61,62,67,47,49,50,72,83,81,93,79,86,81,83,64,77,76,81,77,64
"25-05-2011",65,67,80,79,73,54,59,39,40,41,47,69,100,113,100,104,105,105,93,87,68,79,83,65
"26-05-2011",63,54,77,89,90,88,80,74,102,106,98,98,102,94,96,97,109,94,83,86,74,81,81,77
"27-05-2011",73,79,105,109,105,99,91,84,80,86,115,114,108,109,106,112,117,112,111,69,81,92,82,74
"28-05-2011",80,77,76,59,62,56,58,53,60,76,91,86,85,102,104,107,102,111,138,88,84,83,92,62
"29-05-2011",56,76,70,68,75,66,61,65,77,87,97,103,106,102,102,97,88,88,89,88,81,65,63,69
"30-05-2011",61,52,59,66,47,64,50,46,52,42,68,76,85,95,87,90,95,83,78,98,84,61,67,64
"31-05-2011",70,65,60,71,81,72,62,56,58,80,94,94,106,102,97,65,102,87,94,90,75,67,66,88
"01-06-2011",74,85,79,82,81,82,63,56,75,86,101,101,103,90,103,107,107,97,84,76,87,89,72,63
"02-06-2011",66,73,72,87,81,76,48,55,84,91,98,98,96,93,73,75,100,90,85,93,77,75,64,69
"03-06-2011",63,62,61,63,60,70,67,55,55,76,89,98,93,111,117,83,91,114,104,108,90,97,75,92
"04-06-2011",102,93,86,77,77,78,57,58,76,90,91,99,108,114,106,90,84,103,99,112,97,107,98,79
"05-06-2011",69,84,81,80,85,85,70,84,94,102,103,108,114,116,116,103,65,92,114,104,83,82,65,92
"06-06-2011",100,102,102,96,86,78,70,64,76,106,92,86,117,120,128,126,130,132,125,113,98,81,80,97
"07-06-2011",92,99,92,90,91,80,77,103,65,90,100,117,121,112,120,130,136,162,163,144,126,70,73,90
"08-06-2011",75,98,95,94,92,101,78,75,108,110,114,118,128,138,126,145,141,137,149,163,145,106,97,97
"09-06-2011",90,87,65,80,84,67,60,51,74,101,109,107,99,108,115,110,113,121,107,109,87,92,89,100
"10-06-2011",109,116,112,108,109,106,93,80,93,109,116,117,102,118,130,113,107,106,111,96,100,87,85,87
"11-06-2011",93,96,99,103,116,111,101,90,108,116,119,115,117,122,138,126,128,130,135,135,114,105,118,115
"12-06-2011",120,123,116,119,124,119,107,107,123,125,133,127,128,119,130,109,99,108,110,114,108,108,104,109
"13-06-2011",107,101,90,92,92,91,100,91,91,108,108,123,109,99,116,113,119,103,87,119,99,87,94,101
"14-06-2011",96,102,101,106,107,105,94,62,81,98,93,96,99,93,121,116,103,104,106,96,82,103,86,75
"15-06-2011",88,91,89,85,92,78,71,56,52,58,76,93,100,108,105,117,118,96,87,102,106,100,84,79
"16-06-2011",76,81,76,78,74,67,53,54,59,66,77,99,109,115,116,121,118,77,100,107,77,73,84,83
"17-06-2011",85,88,91,84,88,72,47,58,82,84,96,111,119,115,117,120,101,107,106,78,93,89,73,77
"18-06-2011",98,69,73,85,90,84,74,75,97,110,110,100,114,103,111,129,114,112,115,88,79,92,89,99
"19-06-2011",98,94,90,95,98,104,89,94,103,117,114,112,95,95,95,94,86,100,111,109,103,88,80,82
"20-06-2011",85,74,77,83,90,53,67,64,60,79,100,94,79,69,100,110,81,90,76,92,85,91,83,91
"21-06-2011",75,89,94,84,75,67,58,67,70,95,107,108,115,119,126,123,113,85,105,100,70,77,86,85
"22-06-2011",96,79,69,86,77,71,62,72,84,90,99,101,115,115,113,110,124,122,118,114,112,106,101,109
"23-06-2011",110,107,105,111,112,110,90,75,77,85,85,91,110,106,108,104,110,106,98,104,94,84,82,97
"24-06-2011",103,107,107,102,85,76,35,44,52,83,98,99,120,123,121,106,1,29,92,72,82,105,100,88
"25-06-2011",82,98,99,91,93,97,109,106,107,117,126,128,120,130,127,-9999,-9999,101,119,125,125,117,112,119
"26-06-2011",118,123,114,105,109,101,100,92,97,105,109,113,115,116,120,122,124,125,124,120,125,104,90,95
"27-06-2011",109,106,98,97,88,89,72,70,88,101,107,110,113,112,95,93,114,93,117,98,91,85,72,86
"28-06-2011",86,98,101,100,89,86,58,60,68,104,114,106,134,123,1,148,115,126,107,94,78,82,88,65
"29-06-2011",79,73,71,101,99,88,82,77,79,88,124,124,122,117,109,121,127,123,113,121,78,96,90,78
"30-06-2011",93,95,91,93,82,88,70,90,99,88,115,121,125,97,88,91,107,88,58,62,50,69,80,91
"01-07-2011",67,85,111,105,68,86,73,59,90,113,85,98,115,98,86,95,99,123,109,103,94,92,105,106
"02-07-2011",110,107,114,118,115,113,107,100,117,132,133,137,125,104,141,142,143,148,135,133,132,135,126,111
"03-07-2011",101,110,113,120,111,104,98,90,113,126,123,120,130,116,104,111,119,99,121,127,126,124,121,107
"04-07-2011",108,105,105,110,106,94,73,57,73,93,97,87,63,91,111,90,107,132,135,126,108,119,88,87
"05-07-2011",83,115,118,122,96,87,83,72,98,114,120,126,117,124,132,137,136,141,141,130,97,114,108,97
"06-07-2011",102,93,96,97,90,90,77,66,86,118,127,125,111,90,98,123,110,109,113,117,115,121,120,122
"07-07-2011",92,95,118,107,105,92,63,54,72,91,99,99,103,120,130,134,133,112,130,96,102,98,90,88
"08-07-2011",102,100,89,83,75,73,67,64,93,104,118,136,133,117,115,117,121,121,127,118,110,97,99,95
"09-07-2011",79,92,80,73,63,59,58,76,79,85,105,116,124,119,119,126,130,132,130,121,108,101,104,94
"10-07-2011",62,74,93,100,92,101,109,119,122,122,112,123,126,126,125,122,126,125,119,123,126,104,108,94
"11-07-2011",84,87,97,109,103,97,92,79,69,69,104,109,111,110,112,120,123,119,126,125,114,105,92,95
"12-07-2011",89,98,105,109,111,64,59,73,69,96,111,135,133,116,116,120,121,121,118,113,107,98,95,101
"13-07-2011",104,103,109,112,116,98,86,79,81,100,106,114,126,119,124,129,130,130,128,132,104,109,111,122
"14-07-2011",108,114,111,81,94,102,73,69,72,84,106,114,125,143,136,136,140,116,131,115,92,115,82,80
"15-07-2011",86,91,90,85,94,89,64,61,68,98,98,120,122,130,120,151,150,97,101,112,99,101,102,80
"16-07-2011",73,68,74,71,80,65,84,74,86,111,122,134,142,131,147,139,138,132,147,139,108,134,113,102
"17-07-2011",120,122,125,126,124,108,100,115,122,137,141,114,132,147,156,147,144,148,132,142,134,125,113,122
"18-07-2011",123,125,125,130,118,104,86,79,88,140,142,139,133,134,133,147,146,131,133,134,97,108,97,108
"19-07-2011",83,89,112,115,110,94,81,94,115,125,128,126,124,131,141,127,131,128,115,122,102,91,74,98
"20-07-2011",92,71,78,97,95,69,66,75,79,90,101,103,117,110,119,112,122,127,127,126,114,109,92,113
"21-07-2011",118,123,117,121,115,109,86,77,89,103,115,118,115,123,118,128,128,120,94,92,88,96,108,110
"22-07-2011",113,114,113,113,105,95,87,69,80,110,113,113,112,123,124,107,116,111,104,111,116,96,86,81
"23-07-2011",81,86,93,89,95,89,61,83,95,105,113,113,111,114,112,124,124,112,106,87,68,111,113,89
"24-07-2011",75,74,81,90,94,97,96,79,92,108,123,139,148,138,141,141,134,122,119,114,107,107,100,107
"25-07-2011",101,112,114,111,116,106,94,83,90,110,120,122,108,121,127,116,122,111,107,104,92,108,104,88
"26-07-2011",90,89,95,98,95,95,99,98,96,100,111,116,122,118,105,118,118,109,111,118,109,109,88,87
"27-07-2011",97,98,100,99,94,86,79,75,82,102,120,112,111,105,123,109,110,92,89,100,95,109,79,68
"28-07-2011",62,75,86,98,98,79,45,44,64,75,107,118,121,125,136,130,133,115,110,116,99,92,98,81
"29-07-2011",89,89,87,93,88,87,69,78,94,103,106,117,107,124,123,131,135,113,120,105,97,89,89,92
"30-07-2011",123,139,137,135,126,113,93,79,101,126,129,125,132,138,146,140,134,141,136,127,111,106,112,120
"31-07-2011",117,105,94,95,103,98,101,97,110,122,122,116,126,127,130,131,128,133,128,128,100,108,107,104
"01-08-2011",113,116,105,108,104,99,79,59,85,129,130,133,130,126,123,133,152,143,142,141,124,125,104,100
"02-08-2011",98,109,104,112,107,104,94,87,80,113,120,132,133,145,138,148,142,139,145,130,121,127,124,114
"03-08-2011",114,99,110,108,98,88,71,71,93,104,117,133,120,121,129,131,131,123,137,132,112,119,114,124
"04-08-2011",96,110,104,95,88,93,78,61,86,94,117,121,145,152,130,130,148,144,130,144,108,118,127,140
"05-08-2011",119,112,123,114,109,98,96,110,113,129,142,150,146,149,151,129,131,125,139,129,92,100,111,118
"06-08-2011",93,91,81,94,91,85,68,67,78,97,129,120,123,128,123,128,134,155,162,159,140,139,141,146
"07-08-2011",137,133,126,123,115,107,115,98,95,118,136,137,122,124,154,134,110,141,143,142,146,102,127,135
"08-08-2011",115,109,104,96,105,101,81,91,103,114,126,132,134,118,143,134,128,151,142,136,109,125,121,94
"09-08-2011",95,109,103,102,106,97,94,92,104,119,130,128,141,133,137,139,131,121,136,124,96,116,123,108
"10-08-2011",105,104,96,104,94,90,89,94,105,120,129,132,137,127,130,142,140,143,144,138,117,113,112,100
"11-08-2011",109,116,113,119,112,105,93,87,87,96,98,102,104,107,108,113,113,113,118,110,104,98,116,114
"12-08-2011",113,93,99,95,90,92,66,55,73,87,112,125,131,115,140,160,152,130,122,140,135,131,110,84
"13-08-2011",94,98,110,114,102,100,98,90,106,115,130,138,136,143,154,158,138,149,149,137,128,102,98,114
"14-08-2011",105,96,105,108,102,113,113,104,127,132,140,137,133,132,137,151,129,145,144,155,103,113,95,110
"15-08-2011",124,109,96,97,109,110,102,99,113,138,147,136,130,143,138,142,130,141,137,138,89,95,107,107
"16-08-2011",85,93,120,117,114,96,96,75,112,121,138,138,144,117,132,132,113,143,168,142,116,112,119,122
"17-08-2011",128,119,116,111,108,106,89,87,73,78,85,104,122,135,126,122,114,122,124,121,95,75,69,77
"18-08-2011",72,69,90,74,69,60,59,60,77,73,101,131,134,125,123,127,126,128,133,130,121,107,118,112
"19-08-2011",111,117,107,118,116,109,104,93,97,114,114,117,120,124,123,132,129,126,128,131,131,129,120,106
"20-08-2011",104,108,114,116,110,100,97,99,97,119,127,125,133,141,138,129,140,128,120,120,108,110,107,112
"21-08-2011",110,113,96,111,108,98,103,123,129,125,130,131,129,127,131,136,132,130,126,115,114,119,118,113
"22-08-2011",123,134,134,136,140,135,134,122,119,127,127,123,124,124,125,128,124,122,119,112,97,88,77,82
"23-08-2011",59,90,88,92,99,87,95,84,73,84,100,101,110,113,111,110,108,105,101,105,104,88,103,111
"24-08-2011",100,105,100,107,99,95,90,76,69,93,93,108,104,107,115,105,110,115,113,110,108,99,91,106
"25-08-2011",105,108,122,121,127,125,121,121,116,117,117,116,114,116,113,120,120,120,121,114,113,115,131,129
"26-08-2011",133,140,142,143,141,136,124,111,112,106,111,106,110,113,109,119,119,117,112,103,94,91,92,90
"27-08-2011",106,106,114,127,125,125,99,87,88,107,123,110,118,119,119,122,124,125,123,116,107,109,95,113
"28-08-2011",107,112,109,104,101,106,92,97,100,111,117,125,133,127,127,122,121,124,124,126,122,119,93,105
"29-08-2011",98,112,109,106,107,110,89,81,75,100,106,91,98,116,86,95,93,116,134,122,99,87,93,91
"30-08-2011",86,92,99,102,109,106,101,91,101,117,114,122,131,129,136,134,155,159,138,130,115,135,124,112
"31-08-2011",109,126,119,126,110,107,102,71,88,116,127,138,143,136,127,123,137,154,158,137,114,111,93,95
"01-09-2011",93,81,84,81,79,71,64,51,77,92,97,105,121,125,133,152,161,153,156,147,93,84,91,91
"02-09-2011",90,93,89,105,110,103,89,76,65,111,132,137,140,125,147,142,159,150,135,148,107,78,85,85
"03-09-2011",85,71,84,80,103,100,74,72,78,108,124,121,147,162,148,163,149,146,140,127,95,94,97,78
"04-09-2011",85,64,72,89,90,84,96,79,71,99,106,127,144,131,133,139,137,133,122,129,134,107,86,67
"05-09-2011",82,100,95,100,105,97,79,65,66,89,94,108,117,119,118,111,126,109,127,113,118,80,73,89
"06-09-2011",90,99,96,113,99,102,98,87,86,88,83,118,139,128,149,136,119,104,97,106,114,118,109,107
"07-09-2011",109,109,112,96,92,87,80,77,78,92,106,115,114,114,124,131,126,121,103,126,109,100,74,78
"08-09-2011",89,92,95,100,100,98,86,75,90,103,107,115,118,127,140,149,145,160,144,132,117,101,79,88
"09-09-2011",86,94,102,113,119,113,100,80,64,113,151,146,147,140,156,169,155,139,143,135,121,89,92,91
"10-09-2011",89,97,99,87,106,109,107,89,94,102,123,147,131,139,152,152,149,137,167,153,142,141,146,126
"11-09-2011",117,120,111,125,113,117,119,110,117,118,118,129,139,141,143,142,146,163,154,134,128,126,105,90
"12-09-2011",90,88,104,110,107,89,70,56,66,84,110,121,116,122,119,129,138,135,126,118,116,113,102,116
"13-09-2011",73,82,80,84,94,76,66,64,69,92,100,110,106,129,144,118,118,114,107,103,71,82,88,80
"14-09-2011",80,73,75,75,77,65,43,41,45,61,66,85,83,80,95,111,109,140,97,80,41,61,73,71
"15-09-2011",85,92,82,113,107,90,76,69,67,88,104,116,125,132,126,146,146,143,127,122,77,100,82,70
"16-09-2011",80,93,98,97,99,94,83,81,79,109,110,133,135,146,118,121,113,115,92,86,72,100,113,118
"17-09-2011",114,112,104,110,92,111,110,90,86,76,99,108,122,112,112,123,126,118,117,106,109,113,61,41
"18-09-2011",77,87,84,113,115,119,119,119,98,115,114,123,132,133,135,139,144,142,134,133,118,103,68,85
"19-09-2011",77,69,85,79,76,66,50,38,63,71,83,101,127,135,136,143,150,128,127,133,125,86,94,96
"20-09-2011",115,134,125,115,114,104,96,73,75,88,93,77,96,44,-9999,-9999,-9999,-9999,-9999,-9999,-9999,-9999,-9999,-9999
"21-09-2011",-9999,-9999,-9999,-9999,-9999,-9999,-9999,-9999,-9999,-9999,-9999,-9999,-9999,-9999,-9999,-9999,-9999,-9999,-9999,-9999,-9999,-9999,-9999,-9999
"22-09-2011",-9999,-9999,-9999,-9999,-9999,-9999,-9999,-9999,-9999,-9999,-9999,-9999,-9999,-9999,-9999,-9999,-9999,-9999,-9999,-9999,-9999,-9999,-9999,-9999
"23-09-2011",-9999,-9999,-9999,-9999,-9999,-9999,-9999,-9999,-9999,-9999,-9999,-9999,-9999,-9999,-9999,-9999,-9999,-9999,-9999,-9999,-9999,-9999,-9999,-9999
"24-09-2011",-9999,-9999,-9999,-9999,-9999,-9999,-9999,-9999,-9999,-9999,-9999,-9999,-9999,-9999,-9999,-9999,-9999,-9999,-9999,-9999,-9999,-9999,-9999,-9999
"25-09-2011",-9999,-9999,-9999,-9999,-9999,-9999,-9999,-9999,-9999,-9999,-9999,-9999,-9999,-9999,-9999,-9999,-9999,-9999,-9999,-9999,-9999,-9999,-9999,-9999
"26-09-2011",-9999,-9999,-9999,-9999,-9999,-9999,-9999,-9999,-9999,-9999,-9999,-9999,-9999,-9999,-9999,-9999,-9999,-9999,-9999,-9999,-9999,-9999,-9999,-9999
"27-09-2011",-9999,-9999,-9999,-9999,-9999,-9999,-9999,-9999,-9999,-9999,-9999,-9999,-9999,-9999,-9999,-9999,-9999,-9999,-9999,-9999,-9999,-9999,-9999,-9999
"28-09-2011",-9999,-9999,-9999,-9999,-9999,-9999,-9999,-9999,-9999,-9999,-9999,-9999,-9999,-9999,-9999,-9999,-9999,-9999,-9999,-9999,-9999,-9999,-9999,-9999
"29-09-2011",-9999,-9999,-9999,-9999,-9999,-9999,-9999,-9999,-9999,-9999,-9999,-9999,-9999,-9999,-9999,-9999,-9999,-9999,-9999,-9999,-9999,-9999,-9999,-9999
"30-09-2011",-9999,-9999,-9999,-9999,-9999,-9999,-9999,-9999,-9999,-9999,-9999,-9999,-9999,-9999,-9999,-9999,-9999,-9999,-9999,-9999,-9999,-9999,-9999,-9999
"01-10-2011",-9999,-9999,-9999,-9999,-9999,-9999,-9999,-9999,-9999,-9999,-9999,-9999,-9999,-9999,-9999,-9999,-9999,-9999,-9999,-9999,-9999,-9999,-9999,-9999
"02-10-2011",-9999,-9999,-9999,-9999,-9999,-9999,-9999,-9999,-9999,-9999,-9999,-9999,-9999,-9999,-9999,-9999,-9999,-9999,-9999,-9999,-9999,-9999,-9999,-9999
"03-10-2011",-9999,-9999,-9999,-9999,-9999,-9999,-9999,-9999,-9999,-9999,-9999,-9999,-9999,-9999,-9999,-9999,-9999,-9999,-9999,-9999,-9999,-9999,-9999,-9999
"04-10-2011",-9999,-9999,-9999,-9999,-9999,-9999,-9999,-9999,-9999,-9999,-9999,-9999,-9999,-9999,-9999,-9999,-9999,-9999,-9999,-9999,-9999,-9999,-9999,-9999
"05-10-2011",-9999,-9999,-9999,-9999,-9999,-9999,-9999,-9999,-9999,-9999,-9999,-9999,-9999,-9999,-9999,-9999,-9999,-9999,-9999,-9999,-9999,-9999,-9999,-9999
"06-10-2011",-9999,-9999,-9999,-9999,-9999,-9999,-9999,-9999,-9999,-9999,-9999,-9999,-9999,-9999,-9999,-9999,-9999,-9999,-9999,-9999,-9999,-9999,-9999,-9999
"07-10-2011",-9999,-9999,-9999,-9999,-9999,-9999,-9999,-9999,-9999,-9999,-9999,-9999,-9999,-9999,-9999,-9999,-9999,-9999,-9999,-9999,-9999,-9999,-9999,-9999
"08-10-2011",-9999,-9999,-9999,-9999,-9999,-9999,-9999,-9999,-9999,-9999,-9999,-9999,-9999,-9999,-9999,-9999,-9999,-9999,-9999,-9999,-9999,-9999,-9999,-9999
"09-10-2011",-9999,-9999,-9999,-9999,-9999,-9999,-9999,-9999,-9999,-9999,-9999,-9999,-9999,-9999,-9999,-9999,-9999,-9999,-9999,-9999,-9999,-9999,-9999,-9999
"10-10-2011",-9999,-9999,-9999,-9999,-9999,-9999,-9999,-9999,-9999,-9999,-9999,-9999,-9999,-9999,-9999,-9999,-9999,-9999,-9999,-9999,-9999,-9999,-9999,-9999
"11-10-2011",-9999,-9999,-9999,-9999,-9999,-9999,-9999,-9999,-9999,-9999,-9999,-9999,-9999,-9999,-9999,-9999,-9999,-9999,-9999,-9999,-9999,-9999,-9999,-9999
"12-10-2011",-9999,-9999,-9999,-9999,-9999,-9999,-9999,-9999,-9999,-9999,-9999,-9999,-9999,-9999,-9999,-9999,-9999,-9999,-9999,-9999,-9999,-9999,-9999,-9999
"13-10-2011",-9999,-9999,-9999,-9999,-9999,-9999,-9999,-9999,-9999,-9999,-9999,-9999,-9999,-9999,-9999,-9999,-9999,-9999,-9999,-9999,-9999,-9999,-9999,-9999
"14-10-2011",-9999,-9999,-9999,-9999,-9999,-9999,-9999,-9999,-9999,-9999,-9999,-9999,-9999,-9999,-9999,-9999,-9999,-9999,-9999,-9999,-9999,-9999,-9999,-9999
"15-10-2011",-9999,-9999,-9999,-9999,-9999,-9999,-9999,-9999,-9999,-9999,-9999,-9999,-9999,-9999,-9999,-9999,-9999,-9999,-9999,-9999,-9999,-9999,-9999,-9999
"16-10-2011",-9999,-9999,-9999,-9999,-9999,-9999,-9999,-9999,-9999,-9999,-9999,-9999,-9999,-9999,-9999,-9999,-9999,-9999,-9999,-9999,-9999,-9999,-9999,-9999
"17-10-2011",-9999,-9999,-9999,-9999,-9999,-9999,-9999,-9999,-9999,-9999,-9999,-9999,-9999,-9999,-9999,-9999,-9999,-9999,-9999,-9999,-9999,-9999,-9999,-9999
"18-10-2011",-9999,-9999,-9999,-9999,-9999,-9999,-9999,-9999,-9999,-9999,-9999,-9999,-9999,-9999,-9999,-9999,-9999,-9999,-9999,-9999,-9999,-9999,-9999,-9999
"19-10-2011",-9999,-9999,-9999,-9999,-9999,-9999,-9999,-9999,-9999,-9999,-9999,-9999,-9999,-9999,-9999,-9999,-9999,-9999,-9999,-9999,-9999,-9999,-9999,-9999
"20-10-2011",-9999,-9999,-9999,-9999,-9999,-9999,-9999,-9999,-9999,-9999,-9999,-9999,-9999,-9999,-9999,-9999,-9999,-9999,-9999,-9999,-9999,-9999,-9999,-9999
"21-10-2011",-9999,-9999,-9999,-9999,-9999,-9999,-9999,-9999,-9999,-9999,-9999,-9999,-9999,-9999,-9999,-9999,-9999,-9999,-9999,-9999,-9999,-9999,-9999,-9999
"22-10-2011",-9999,-9999,-9999,-9999,-9999,-9999,-9999,-9999,-9999,-9999,-9999,-9999,-9999,-9999,-9999,-9999,-9999,-9999,-9999,-9999,-9999,-9999,-9999,-9999
"23-10-2011",-9999,-9999,-9999,-9999,-9999,-9999,-9999,-9999,-9999,-9999,-9999,-9999,-9999,-9999,-9999,-9999,-9999,-9999,-9999,-9999,-9999,-9999,-9999,-9999
"24-10-2011",-9999,-9999,-9999,-9999,-9999,-9999,-9999,-9999,-9999,-9999,-9999,-9999,-9999,-9999,-9999,-9999,-9999,-9999,-9999,-9999,-9999,-9999,-9999,-9999
"25-10-2011",-9999,-9999,-9999,-9999,-9999,-9999,-9999,-9999,-9999,-9999,-9999,-9999,-9999,-9999,-9999,-9999,-9999,-9999,-9999,-9999,-9999,-9999,-9999,-9999
"26-10-2011",-9999,-9999,-9999,-9999,-9999,-9999,-9999,-9999,-9999,-9999,-9999,-9999,-9999,-9999,-9999,-9999,-9999,-9999,-9999,-9999,-9999,-9999,-9999,-9999
"27-10-2011",-9999,-9999,-9999,-9999,-9999,-9999,-9999,-9999,-9999,-9999,-9999,-9999,-9999,-9999,-9999,-9999,-9999,-9999,-9999,-9999,-9999,-9999,-9999,-9999
"28-10-2011",-9999,-9999,-9999,-9999,-9999,-9999,-9999,-9999,-9999,-9999,-9999,-9999,-9999,-9999,-9999,-9999,-9999,-9999,-9999,-9999,-9999,-9999,-9999,-9999
"29-10-2011",-9999,-9999,-9999,-9999,-9999,-9999,-9999,-9999,-9999,-9999,-9999,-9999,-9999,-9999,-9999,-9999,-9999,-9999,-9999,-9999,-9999,-9999,-9999,-9999
"30-10-2011",-9999,-9999,-9999,-9999,-9999,-9999,-9999,-9999,-9999,-9999,-9999,-9999,-9999,-9999,-9999,-9999,-9999,-9999,-9999,-9999,-9999,-9999,-9999,-9999
"31-10-2011",-9999,-9999,-9999,-9999,-9999,-9999,-9999,-9999,-9999,-9999,-9999,-9999,-9999,-9999,-9999,-9999,-9999,-9999,-9999,-9999,-9999,-9999,-9999,-9999
"01-11-2011",-9999,-9999,-9999,-9999,-9999,-9999,-9999,-9999,-9999,-9999,-9999,-9999,-9999,-9999,-9999,-9999,-9999,-9999,-9999,-9999,-9999,-9999,-9999,-9999
"02-11-2011",-9999,-9999,-9999,-9999,-9999,-9999,-9999,-9999,-9999,-9999,-9999,-9999,-9999,-9999,-9999,-9999,-9999,-9999,-9999,-9999,-9999,-9999,-9999,-9999
"03-11-2011",-9999,-9999,-9999,-9999,-9999,-9999,-9999,-9999,-9999,-9999,-9999,-9999,-9999,-9999,-9999,-9999,-9999,-9999,-9999,-9999,-9999,-9999,-9999,-9999
"04-11-2011",-9999,-9999,-9999,-9999,-9999,-9999,-9999,-9999,-9999,-9999,-9999,-9999,-9999,-9999,-9999,-9999,-9999,-9999,-9999,-9999,-9999,-9999,-9999,-9999
"05-11-2011",-9999,-9999,-9999,-9999,-9999,-9999,-9999,-9999,-9999,-9999,-9999,-9999,-9999,-9999,-9999,-9999,-9999,-9999,-9999,-9999,-9999,-9999,-9999,-9999
"06-11-2011",-9999,-9999,-9999,-9999,-9999,-9999,-9999,-9999,-9999,-9999,-9999,-9999,-9999,-9999,-9999,-9999,-9999,-9999,-9999,-9999,-9999,-9999,-9999,-9999
"07-11-2011",-9999,-9999,-9999,-9999,-9999,-9999,-9999,-9999,-9999,-9999,-9999,-9999,-9999,-9999,-9999,-9999,-9999,-9999,-9999,-9999,-9999,-9999,-9999,-9999
"08-11-2011",-9999,-9999,-9999,-9999,-9999,-9999,-9999,-9999,-9999,-9999,-9999,-9999,-9999,-9999,-9999,-9999,-9999,-9999,-9999,-9999,-9999,-9999,-9999,-9999
"09-11-2011",-9999,-9999,-9999,-9999,-9999,-9999,-9999,-9999,-9999,-9999,-9999,-9999,-9999,-9999,-9999,-9999,-9999,-9999,-9999,-9999,-9999,-9999,-9999,-9999
"10-11-2011",-9999,-9999,-9999,-9999,-9999,-9999,-9999,-9999,-9999,-9999,-9999,-9999,-9999,-9999,-9999,-9999,-9999,-9999,-9999,-9999,-9999,-9999,-9999,-9999
"11-11-2011",-9999,-9999,-9999,-9999,-9999,-9999,-9999,-9999,-9999,-9999,-9999,-9999,-9999,-9999,-9999,-9999,-9999,-9999,-9999,-9999,-9999,-9999,-9999,-9999
"12-11-2011",-9999,-9999,-9999,-9999,-9999,-9999,-9999,-9999,-9999,-9999,-9999,-9999,-9999,-9999,-9999,-9999,-9999,-9999,-9999,-9999,-9999,-9999,-9999,-9999
"13-11-2011",-9999,-9999,-9999,-9999,-9999,-9999,-9999,-9999,-9999,-9999,-9999,-9999,-9999,-9999,-9999,-9999,-9999,-9999,-9999,-9999,-9999,-9999,-9999,-9999
"14-11-2011",-9999,-9999,-9999,-9999,-9999,-9999,-9999,-9999,-9999,-9999,-9999,-9999,-9999,-9999,-9999,-9999,-9999,-9999,-9999,-9999,-9999,-9999,-9999,-9999
"15-11-2011",-9999,-9999,-9999,-9999,-9999,-9999,-9999,-9999,-9999,-9999,-9999,-9999,-9999,-9999,-9999,-9999,-9999,-9999,-9999,-9999,-9999,-9999,-9999,-9999
"16-11-2011",-9999,-9999,-9999,-9999,-9999,-9999,-9999,-9999,-9999,-9999,-9999,-9999,-9999,-9999,-9999,-9999,-9999,-9999,-9999,-9999,-9999,-9999,-9999,-9999
"17-11-2011",-9999,-9999,-9999,-9999,-9999,-9999,-9999,-9999,-9999,-9999,-9999,-9999,-9999,-9999,-9999,-9999,-9999,-9999,-9999,-9999,-9999,-9999,-9999,-9999
"18-11-2011",-9999,-9999,-9999,-9999,-9999,-9999,-9999,-9999,-9999,-9999,-9999,-9999,-9999,-9999,-9999,-9999,-9999,-9999,-9999,-9999,-9999,-9999,-9999,-9999
"19-11-2011",-9999,-9999,-9999,-9999,-9999,-9999,-9999,-9999,-9999,-9999,-9999,-9999,-9999,-9999,-9999,-9999,-9999,-9999,-9999,-9999,-9999,-9999,-9999,-9999
"20-11-2011",-9999,-9999,-9999,-9999,-9999,-9999,-9999,-9999,-9999,-9999,-9999,-9999,-9999,-9999,-9999,-9999,-9999,-9999,-9999,-9999,-9999,-9999,-9999,-9999
"21-11-2011",-9999,-9999,-9999,-9999,-9999,-9999,-9999,-9999,-9999,-9999,-9999,-9999,-9999,-9999,-9999,-9999,-9999,-9999,-9999,-9999,-9999,-9999,-9999,-9999
"22-11-2011",-9999,-9999,-9999,-9999,-9999,-9999,-9999,-9999,-9999,-9999,-9999,-9999,-9999,-9999,-9999,-9999,-9999,-9999,-9999,-9999,-9999,-9999,-9999,-9999
"23-11-2011",-9999,-9999,-9999,-9999,-9999,-9999,-9999,-9999,-9999,-9999,-9999,-9999,-9999,-9999,-9999,-9999,-9999,-9999,-9999,-9999,-9999,-9999,-9999,-9999
"24-11-2011",-9999,-9999,-9999,-9999,-9999,-9999,-9999,-9999,-9999,-9999,-9999,-9999,-9999,-9999,-9999,-9999,-9999,-9999,-9999,-9999,-9999,-9999,-9999,-9999
"25-11-2011",-9999,-9999,-9999,-9999,-9999,-9999,-9999,-9999,-9999,-9999,-9999,-9999,-9999,-9999,-9999,-9999,-9999,-9999,-9999,-9999,-9999,-9999,-9999,-9999
"26-11-2011",-9999,-9999,-9999,-9999,-9999,-9999,-9999,-9999,-9999,-9999,-9999,-9999,-9999,-9999,-9999,-9999,-9999,-9999,-9999,-9999,-9999,-9999,-9999,-9999
"27-11-2011",-9999,-9999,-9999,-9999,-9999,-9999,-9999,-9999,-9999,-9999,-9999,-9999,-9999,-9999,-9999,-9999,-9999,-9999,-9999,-9999,-9999,-9999,-9999,-9999
"28-11-2011",-9999,-9999,-9999,-9999,-9999,-9999,-9999,-9999,-9999,-9999,-9999,-9999,-9999,-9999,-9999,-9999,-9999,-9999,-9999,-9999,-9999,-9999,-9999,-9999
"29-11-2011",-9999,-9999,-9999,-9999,-9999,-9999,-9999,-9999,-9999,-9999,-9999,-9999,-9999,-9999,-9999,-9999,-9999,-9999,-9999,-9999,-9999,-9999,-9999,-9999
"30-11-2011",-9999,-9999,-9999,-9999,-9999,-9999,-9999,-9999,-9999,-9999,-9999,-9999,-9999,-9999,-9999,-9999,-9999,-9999,-9999,-9999,-9999,-9999,-9999,-9999
"01-12-2011",-9999,-9999,-9999,-9999,-9999,-9999,-9999,-9999,-9999,-9999,-9999,-9999,-9999,-9999,-9999,-9999,-9999,-9999,-9999,-9999,-9999,-9999,-9999,-9999
"02-12-2011",-9999,-9999,-9999,-9999,-9999,-9999,-9999,-9999,-9999,-9999,-9999,-9999,-9999,-9999,-9999,-9999,-9999,-9999,-9999,-9999,-9999,-9999,-9999,-9999
"03-12-2011",-9999,-9999,-9999,-9999,-9999,-9999,-9999,-9999,-9999,-9999,-9999,-9999,-9999,-9999,-9999,-9999,-9999,-9999,-9999,-9999,-9999,-9999,-9999,-9999
"04-12-2011",-9999,-9999,-9999,-9999,-9999,-9999,-9999,-9999,-9999,-9999,-9999,-9999,-9999,-9999,-9999,-9999,-9999,-9999,-9999,-9999,-9999,-9999,-9999,-9999
"05-12-2011",-9999,-9999,-9999,-9999,-9999,-9999,-9999,-9999,-9999,-9999,-9999,-9999,-9999,-9999,-9999,-9999,-9999,-9999,-9999,-9999,-9999,-9999,-9999,-9999
"06-12-2011",-9999,-9999,-9999,-9999,-9999,-9999,-9999,-9999,-9999,-9999,-9999,-9999,-9999,-9999,-9999,-9999,-9999,-9999,-9999,-9999,-9999,-9999,-9999,-9999
"07-12-2011",-9999,-9999,-9999,-9999,-9999,-9999,-9999,-9999,-9999,-9999,-9999,-9999,-9999,-9999,-9999,-9999,-9999,-9999,-9999,-9999,-9999,-9999,-9999,-9999
"08-12-2011",-9999,-9999,-9999,-9999,-9999,-9999,-9999,-9999,-9999,-9999,-9999,-9999,-9999,-9999,-9999,-9999,-9999,-9999,-9999,-9999,-9999,-9999,-9999,-9999
"09-12-2011",-9999,-9999,-9999,-9999,-9999,-9999,-9999,-9999,-9999,-9999,-9999,-9999,-9999,-9999,-9999,-9999,-9999,-9999,-9999,-9999,-9999,-9999,-9999,-9999
"10-12-2011",-9999,-9999,-9999,-9999,-9999,-9999,-9999,-9999,-9999,-9999,-9999,-9999,-9999,-9999,-9999,-9999,-9999,-9999,-9999,-9999,-9999,-9999,-9999,-9999
"11-12-2011",-9999,-9999,-9999,-9999,-9999,-9999,-9999,-9999,-9999,-9999,-9999,-9999,-9999,-9999,-9999,-9999,-9999,-9999,-9999,-9999,-9999,-9999,-9999,-9999
"12-12-2011",-9999,-9999,-9999,-9999,-9999,-9999,-9999,-9999,-9999,-9999,-9999,-9999,-9999,-9999,-9999,-9999,-9999,-9999,-9999,-9999,-9999,-9999,-9999,-9999
"13-12-2011",-9999,-9999,-9999,-9999,-9999,-9999,-9999,-9999,-9999,-9999,-9999,-9999,-9999,-9999,-9999,-9999,-9999,-9999,-9999,-9999,-9999,-9999,-9999,-9999
"14-12-2011",-9999,-9999,-9999,-9999,-9999,-9999,-9999,-9999,-9999,-9999,-9999,-9999,-9999,-9999,-9999,-9999,-9999,-9999,-9999,-9999,-9999,-9999,-9999,-9999
"15-12-2011",-9999,-9999,-9999,-9999,-9999,-9999,-9999,-9999,-9999,-9999,-9999,-9999,-9999,-9999,-9999,-9999,-9999,-9999,-9999,-9999,-9999,-9999,-9999,-9999
"16-12-2011",-9999,-9999,-9999,-9999,-9999,-9999,-9999,-9999,-9999,-9999,-9999,-9999,-9999,-9999,-9999,-9999,-9999,-9999,-9999,-9999,-9999,-9999,-9999,-9999
"17-12-2011",-9999,-9999,-9999,-9999,-9999,-9999,-9999,-9999,-9999,-9999,-9999,-9999,-9999,-9999,-9999,-9999,-9999,-9999,-9999,-9999,-9999,-9999,-9999,-9999
"18-12-2011",-9999,-9999,-9999,-9999,-9999,-9999,-9999,-9999,-9999,-9999,-9999,-9999,-9999,-9999,-9999,-9999,-9999,-9999,-9999,-9999,-9999,-9999,-9999,-9999
"19-12-2011",-9999,-9999,-9999,-9999,-9999,-9999,-9999,-9999,-9999,-9999,-9999,-9999,-9999,-9999,-9999,-9999,-9999,-9999,-9999,-9999,-9999,-9999,-9999,-9999
"20-12-2011",-9999,-9999,-9999,-9999,-9999,-9999,-9999,-9999,-9999,-9999,-9999,-9999,-9999,-9999,-9999,-9999,-9999,-9999,-9999,-9999,-9999,-9999,-9999,-9999
"21-12-2011",-9999,-9999,-9999,-9999,-9999,-9999,-9999,-9999,-9999,-9999,-9999,-9999,-9999,-9999,-9999,-9999,-9999,-9999,-9999,-9999,-9999,-9999,-9999,-9999
"22-12-2011",-9999,-9999,-9999,-9999,-9999,-9999,-9999,-9999,-9999,-9999,-9999,-9999,-9999,-9999,-9999,-9999,-9999,-9999,-9999,-9999,-9999,-9999,-9999,-9999
"23-12-2011",-9999,-9999,-9999,-9999,-9999,-9999,-9999,-9999,-9999,-9999,-9999,-9999,-9999,-9999,-9999,-9999,-9999,-9999,-9999,-9999,-9999,-9999,-9999,-9999
"24-12-2011",-9999,-9999,-9999,-9999,-9999,-9999,-9999,-9999,-9999,-9999,-9999,-9999,-9999,-9999,-9999,-9999,-9999,-9999,-9999,-9999,-9999,-9999,-9999,-9999
"25-12-2011",-9999,-9999,-9999,-9999,-9999,-9999,-9999,-9999,-9999,-9999,-9999,-9999,-9999,-9999,-9999,-9999,-9999,-9999,-9999,-9999,-9999,-9999,-9999,-9999
"26-12-2011",-9999,-9999,-9999,-9999,-9999,-9999,-9999,-9999,-9999,-9999,-9999,-9999,-9999,-9999,-9999,-9999,-9999,-9999,-9999,-9999,-9999,-9999,-9999,-9999
"27-12-2011",-9999,-9999,-9999,-9999,-9999,-9999,-9999,-9999,-9999,-9999,-9999,-9999,-9999,-9999,-9999,-9999,-9999,-9999,-9999,-9999,-9999,-9999,-9999,-9999
"28-12-2011",-9999,-9999,-9999,-9999,-9999,-9999,-9999,-9999,-9999,-9999,-9999,-9999,-9999,-9999,-9999,-9999,-9999,-9999,-9999,-9999,-9999,-9999,-9999,-9999
"29-12-2011",-9999,-9999,-9999,-9999,-9999,-9999,-9999,-9999,-9999,-9999,-9999,-9999,-9999,-9999,-9999,-9999,-9999,-9999,-9999,-9999,-9999,-9999,-9999,-9999
"30-12-2011",-9999,-9999,-9999,-9999,-9999,-9999,-9999,-9999,-9999,-9999,-9999,-9999,-9999,-9999,-9999,-9999,-9999,-9999,-9999,-9999,-9999,-9999,-9999,-9999
"31-12-2011",-9999,-9999,-9999,-9999,-9999,-9999,-9999,-9999,-9999,-9999,-9999,-9999,-9999,-9999,-9999,-9999,-9999,-9999,-9999,-9999,-9999,-9999,-9999,-9999
