"01-01-2010",65,67,64,57,58,53,55,56,42,49,61,73,73,75,75,79,86,87,88,90,87,88,91,89
"02-01-2010",88,88,90,96,94,97,93,92,93,89,87,86,87,85,85,84,78,79,77,75,76,73,75,80
"03-01-2010",81,80,78,73,73,71,73,76,77,72,75,72,73,83,84,81,82,81,76,87,87,80,81,78
"04-01-2010",74,73,73,71,70,68,65,68,67,67,66,63,55,52,60,59,57,68,74,73,75,76,79,78
"05-01-2010",75,69,66,63,68,62,58,62,58,53,53,36,44,52,50,68,70,62,57,55,57,60,65,72
"06-01-2010",70,70,70,68,69,63,65,68,66,65,67,69,73,74,75,72,69,63,60,63,56,56,58,56
"07-01-2010",57,58,57,59,61,56,46,33,25,33,41,49,49,44,44,54,59,28,30,48,49,47,48,41
"08-01-2010",36,50,66,72,75,72,60,43,59,58,48,51,51,54,64,62,62,52,50,58,64,60,46,37
"09-01-2010",61,53,59,57,63,70,72,76,72,69,77,83,86,83,84,88,89,86,86,84,81,75,76,76
"10-01-2010",73,68,69,68,79,65,64,69,78,69,82,87,89,90,88,86,87,83,82,83,79,81,86,89
"11-01-2010",87,85,86,83,86,88,86,71,29,56,63,72,73,76,75,70,63,75,68,73,76,75,78,62
"12-01-2010",56,48,60,80,74,59,73,68,65,59,36,62,37,43,58,58,46,21,33,25,25,29,31,45
"13-01-2010",46,54,46,30,63,36,35,37,56,43,32,50,74,70,72,67,55,49,67,71,72,70,69,67
"14-01-2010",72,75,80,79,72,66,57,54,57,55,60,63,62,59,59,56,55,56,56,61,62,56,58,61
"15-01-2010",61,56,58,60,58,58,56,57,58,59,45,58,53,50,50,54,55,58,61,64,64,62,61,61
"16-01-2010",57,58,59,59,58,58,59,59,59,60,61,63,63,61,60,61,61,58,57,58,60,62,62,60
"17-01-2010",58,55,54,57,56,53,55,55,55,54,54,54,57,57,55,56,57,55,53,52,53,53,50,53
"18-01-2010",52,55,47,44,38,48,41,28,23,16,23,26,41,46,49,50,50,53,51,48,50,47,59,60
"19-01-2010",62,61,61,60,62,61,59,59,59,61,59,62,63,59,57,66,64,65,68,70,70,68,68,67
"20-01-2010",64,63,63,61,59,61,53,53,42,52,53,41,51,65,70,69,57,65,59,49,61,43,52,56
"21-01-2010",59,62,61,61,61,60,47,52,65,63,57,63,71,69,70,77,76,77,77,75,80,83,85,86
"22-01-2010",86,88,86,85,84,83,81,79,82,80,74,69,66,71,73,72,69,68,69,69,68,64,64,65
"23-01-2010",66,66,66,65,63,62,62,61,60,59,62,61,62,61,57,60,64,67,70,72,72,72,71,71
"24-01-2010",73,72,70,72,72,69,70,68,68,61,50,64,70,76,75,75,74,69,72,69,67,63,68,73
"25-01-2010",73,69,79,80,80,77,69,71,74,74,78,78,79,82,83,84,85,86,88,87,86,86,86,86
"26-01-2010",84,84,85,85,85,84,83,84,84,83,84,83,83,82,82,83,83,82,83,86,88,90,88,87
"27-01-2010",89,87,85,85,87,87,85,83,79,78,79,77,75,75,74,75,73,66,68,74,75,75,75,68
"28-01-2010",66,62,61,58,67,64,80,75,72,67,65,59,49,33,26,44,47,53,40,43,44,46,54,65
"29-01-2010",64,63,65,56,56,57,55,57,69,71,74,66,66,65,66,72,58,63,61,62,71,71,74,57
"30-01-2010",48,58,81,82,73,65,64,63,73,69,56,72,76,78,80,80,79,73,67,60,47,66,77,77
"31-01-2010",62,62,72,77,80,75,79,80,81,79,77,81,82,84,82,83,82,86,86,88,87,69,80,69
"01-02-2010",80,77,69,81,77,77,79,71,68,65,79,77,78,78,83,83,85,84,85,88,87,88,62,44
"02-02-2010",49,69,51,47,46,63,60,74,76,81,81,81,81,81,83,87,84,86,86,86,82,84,85,84
"03-02-2010",85,85,84,84,82,83,83,85,88,85,88,90,85,87,90,91,88,87,73,73,66,73,73,84
"04-02-2010",85,86,86,77,73,69,62,55,63,55,57,66,78,84,92,93,92,90,93,83,87,85,82,84
"05-02-2010",81,89,96,96,92,88,77,84,75,82,85,81,82,84,84,86,89,86,92,93,95,95,95,94
"06-02-2010",92,88,80,64,68,57,58,51,73,67,62,41,44,55,68,70,80,75,76,71,68,67,70,70
"07-02-2010",68,64,68,69,67,-9999,-9999,-9999,-9999,-9999,-9999,-9999,-9999,-9999,-9999,-9999,-9999,-9999,-9999,-9999,-9999,-9999,-9999,-9999
"08-02-2010",-9999,-9999,-9999,-9999,-9999,-9999,-9999,-9999,-9999,-9999,-9999,-9999,-9999,-9999,-9999,-9999,-9999,-9999,-9999,-9999,-9999,-9999,-9999,-9999
"09-02-2010",-9999,-9999,-9999,-9999,-9999,-9999,-9999,-9999,-9999,-9999,-9999,-9999,-9999,-9999,-9999,-9999,-9999,-9999,-9999,-9999,-9999,-9999,-9999,-9999
"10-02-2010",-9999,-9999,-9999,-9999,-9999,-9999,-9999,-9999,-9999,-9999,-9999,-9999,-9999,-9999,-9999,-9999,-9999,-9999,-9999,-9999,-9999,-9999,-9999,-9999
"11-02-2010",-9999,-9999,-9999,-9999,-9999,-9999,-9999,-9999,-9999,-9999,-9999,-9999,-9999,-9999,-9999,-9999,-9999,-9999,-9999,-9999,-9999,-9999,-9999,-9999
"12-02-2010",-9999,-9999,-9999,-9999,-9999,-9999,-9999,-9999,-9999,-9999,-9999,-9999,-9999,-9999,-9999,-9999,-9999,-9999,-9999,-9999,-9999,-9999,-9999,-9999
"13-02-2010",-9999,-9999,-9999,-9999,-9999,-9999,-9999,-9999,-9999,-9999,-9999,-9999,-9999,-9999,-9999,-9999,-9999,-9999,-9999,-9999,-9999,-9999,-9999,-9999
"14-02-2010",-9999,-9999,-9999,-9999,-9999,-9999,-9999,-9999,-9999,-9999,-9999,-9999,-9999,-9999,-9999,-9999,-9999,-9999,-9999,-9999,-9999,-9999,-9999,-9999
"15-02-2010",-9999,-9999,-9999,-9999,-9999,-9999,-9999,-9999,-9999,-9999,-9999,-9999,-9999,-9999,-9999,-9999,-9999,-9999,-9999,-9999,-9999,-9999,-9999,-9999
"16-02-2010",-9999,-9999,-9999,-9999,-9999,-9999,-9999,-9999,-9999,-9999,-9999,-9999,-9999,-9999,-9999,-9999,-9999,-9999,-9999,-9999,-9999,-9999,-9999,-9999
"17-02-2010",-9999,-9999,-9999,-9999,-9999,-9999,-9999,-9999,-9999,-9999,-9999,-9999,-9999,-9999,-9999,-9999,-9999,-9999,-9999,-9999,-9999,-9999,-9999,-9999
"18-02-2010",-9999,-9999,-9999,-9999,-9999,-9999,-9999,-9999,-9999,-9999,-9999,-9999,-9999,-9999,-9999,-9999,-9999,-9999,-9999,-9999,-9999,-9999,-9999,-9999
"19-02-2010",-9999,-9999,-9999,-9999,-9999,-9999,-9999,-9999,-9999,-9999,-9999,-9999,-9999,-9999,-9999,-9999,-9999,-9999,-9999,-9999,-9999,-9999,-9999,-9999
"20-02-2010",-9999,-9999,-9999,-9999,-9999,-9999,-9999,-9999,-9999,-9999,-9999,-9999,-9999,-9999,-9999,-9999,-9999,-9999,-9999,-9999,-9999,-9999,-9999,-9999
"21-02-2010",-9999,-9999,-9999,-9999,-9999,-9999,-9999,-9999,-9999,-9999,-9999,-9999,-9999,-9999,-9999,-9999,-9999,-9999,-9999,-9999,-9999,-9999,-9999,-9999
"22-02-2010",-9999,-9999,-9999,-9999,-9999,-9999,-9999,-9999,-9999,-9999,-9999,-9999,-9999,-9999,-9999,-9999,-9999,-9999,-9999,-9999,-9999,-9999,-9999,-9999
"23-02-2010",-9999,-9999,-9999,-9999,-9999,-9999,-9999,-9999,-9999,-9999,-9999,-9999,-9999,-9999,-9999,-9999,-9999,-9999,-9999,-9999,-9999,-9999,-9999,-9999
"24-02-2010",-9999,-9999,-9999,-9999,-9999,-9999,-9999,-9999,-9999,-9999,-9999,-9999,-9999,-9999,-9999,-9999,-9999,-9999,-9999,-9999,-9999,-9999,-9999,-9999
"25-02-2010",-9999,-9999,-9999,-9999,-9999,-9999,-9999,-9999,-9999,-9999,-9999,-9999,-9999,-9999,-9999,-9999,-9999,-9999,-9999,-9999,-9999,-9999,-9999,-9999
"26-02-2010",-9999,-9999,-9999,-9999,-9999,-9999,-9999,-9999,-9999,-9999,-9999,-9999,-9999,-9999,-9999,-9999,-9999,-9999,-9999,-9999,-9999,-9999,-9999,-9999
"27-02-2010",-9999,-9999,-9999,-9999,-9999,-9999,-9999,-9999,-9999,-9999,-9999,-9999,-9999,-9999,-9999,-9999,-9999,-9999,-9999,-9999,-9999,-9999,-9999,-9999
"28-02-2010",-9999,-9999,-9999,-9999,-9999,-9999,-9999,-9999,-9999,-9999,-9999,-9999,-9999,-9999,-9999,-9999,-9999,-9999,-9999,-9999,-9999,-9999,-9999,-9999
"01-03-2010",-9999,-9999,-9999,-9999,-9999,-9999,-9999,-9999,-9999,-9999,-9999,-9999,-9999,-9999,-9999,-9999,-9999,-9999,-9999,-9999,-9999,-9999,-9999,-9999
"02-03-2010",-9999,-9999,-9999,-9999,-9999,-9999,-9999,-9999,-9999,-9999,-9999,-9999,-9999,-9999,-9999,-9999,-9999,-9999,-9999,-9999,-9999,-9999,-9999,-9999
"03-03-2010",-9999,-9999,-9999,-9999,-9999,-9999,-9999,-9999,-9999,-9999,-9999,-9999,-9999,-9999,-9999,-9999,-9999,-9999,-9999,-9999,-9999,-9999,-9999,-9999
"04-03-2010",-9999,-9999,-9999,-9999,-9999,-9999,-9999,-9999,-9999,-9999,-9999,-9999,-9999,-9999,-9999,85,81,72,47,50,65,81,91,93
"05-03-2010",86,90,89,91,70,74,77,75,81,79,82,80,84,86,86,87,88,89,89,89,89,79,73,90
"06-03-2010",92,94,92,84,87,83,67,66,65,66,71,85,90,86,85,90,89,91,86,89,84,76,68,65
"07-03-2010",75,75,83,85,86,83,76,82,81,78,79,80,76,82,79,80,78,83,82,85,87,86,88,88
"08-03-2010",87,86,86,87,83,81,77,76,76,76,74,74,75,76,77,76,77,75,73,71,68,73,68,52
"09-03-2010",52,37,31,31,23,28,30,27,32,44,52,57,59,60,62,61,60,57,63,66,65,60,65,66
"10-03-2010",69,71,72,74,76,75,70,70,69,66,65,65,62,62,65,64,66,72,75,73,73,70,67,71
"11-03-2010",76,75,71,65,68,62,53,46,42,47,57,56,53,59,55,55,57,50,42,35,36,63,97,101
"12-03-2010",96,94,83,83,70,66,70,64,62,64,83,90,95,94,97,95,97,99,96,87,95,102,93,85
"13-03-2010",81,98,81,82,76,67,84,85,78,80,84,84,82,87,94,97,95,96,93,94,102,103,111,105
"14-03-2010",106,103,98,93,97,104,104,98,96,93,98,96,93,95,94,94,95,96,96,97,97,98,95,93
"15-03-2010",94,94,100,100,96,92,85,83,82,83,82,83,79,82,85,87,88,87,79,83,79,72,67,81
"16-03-2010",89,81,83,80,86,82,88,88,91,91,93,88,87,88,84,81,90,95,84,88,59,68,72,85
"17-03-2010",91,91,94,99,102,100,96,99,97,93,96,100,101,105,105,103,97,97,97,95,91,91,87,87
"18-03-2010",87,87,84,76,78,74,51,52,58,60,62,80,86,88,94,93,79,72,41,40,52,68,66,55
"19-03-2010",66,73,76,79,76,78,80,86,71,55,91,102,103,102,104,100,101,99,95,84,70,78,72,80
"20-03-2010",86,86,91,92,93,89,83,85,103,100,96,97,101,105,115,115,112,105,84,65,62,74,91,93
"21-03-2010",81,77,74,77,74,70,82,76,76,75,84,92,106,109,114,114,103,102,89,48,60,64,62,54
"22-03-2010",55,57,59,60,59,62,62,59,61,61,65,53,62,83,91,90,89,80,41,31,34,27,31,42
"23-03-2010",59,72,65,64,82,86,87,77,58,91,99,102,102,103,109,111,110,108,99,101,110,122,124,109
"24-03-2010",98,79,77,72,74,73,68,71,73,68,72,85,86,84,84,83,84,57,65,43,51,40,46,46
"25-03-2010",52,54,50,62,67,74,89,93,92,93,92,101,109,109,108,109,106,105,107,108,111,111,110,104
"26-03-2010",102,103,102,103,103,99,98,100,100,100,100,101,102,102,102,100,100,100,100,101,96,88,84,76
"27-03-2010",78,83,91,92,91,85,71,71,83,81,94,96,106,106,97,97,101,100,88,81,92,87,95,84
"28-03-2010",81,65,55,53,77,96,102,98,97,94,93,97,97,101,99,100,102,96,93,90,91,98,101,103
"29-03-2010",102,102,99,94,93,69,56,-9999,59,51,73,94,95,102,102,103,104,100,89,59,71,73,69,81
"30-03-2010",82,67,58,93,102,93,46,57,32,55,73,72,73,89,98,107,112,107,101,87,76,69,93,77
"31-03-2010",92,89,83,105,97,85,63,73,81,83,85,94,95,93,96,98,95,91,82,47,45,48,34,59
"01-04-2010",91,77,77,75,74,69,69,61,58,51,57,59,80,81,86,91,90,82,71,52,52,56,52,57
"02-04-2010",53,61,74,68,74,69,47,46,51,67,55,58,47,27,52,80,87,95,94,76,80,88,63,59
"03-04-2010",67,53,72,64,73,81,83,75,84,78,86,91,99,33,103,98,98,97,86,76,71,71,85,88
"04-04-2010",89,77,91,98,106,104,99,104,110,105,111,112,113,110,109,109,109,108,107,105,91,94,92,90
"05-04-2010",90,75,68,70,82,82,85,83,94,93,100,105,111,103,106,119,120,120,110,101,94,88,86,108
"06-04-2010",111,110,111,107,94,89,96,88,86,98,101,96,91,98,97,100,97,98,95,94,93,90,92,72
"07-04-2010",84,77,70,64,53,54,51,70,76,78,72,78,77,85,87,86,88,87,86,85,97,107,96,79
"08-04-2010",103,113,112,104,98,90,85,87,89,97,102,100,100,103,106,108,110,110,110,107,111,116,117,117
"09-04-2010",115,112,113,114,114,111,109,108,104,106,105,108,114,117,115,117,117,114,116,116,124,127,127,125
"10-04-2010",123,121,117,116,115,113,110,104,100,104,106,113,118,118,120,121,120,117,116,112,113,115,118,116
"11-04-2010",118,118,119,119,118,116,114,111,109,115,111,114,116,119,119,120,120,120,116,112,116,122,117,118
"12-04-2010",118,117,113,112,110,106,107,94,90,102,105,102,101,104,106,100,96,93,85,68,52,55,66,64
"13-04-2010",71,71,85,84,82,71,72,64,84,91,101,100,103,107,110,110,112,109,99,78,59,63,66,86
"14-04-2010",104,112,110,108,101,95,67,71,62,55,63,58,77,89,99,110,118,116,97,95,98,114,121,129
"15-04-2010",126,118,111,122,113,117,101,110,92,64,79,91,101,104,112,115,113,108,102,96,100,97,110,110
"16-04-2010",115,112,102,111,91,84,88,89,86,84,78,90,92,90,94,95,97,93,93,93,95,100,99,97
"17-04-2010",88,96,91,84,84,79,73,69,70,85,87,88,93,95,96,96,95,97,92,78,55,73,62,66
"18-04-2010",75,67,66,66,79,67,103,95,99,95,97,96,95,95,96,97,97,95,90,77,80,77,70,69
"19-04-2010",70,73,70,81,89,78,90,67,69,61,74,81,99,106,97,102,100,96,93,89,83,73,73,65
"20-04-2010",56,45,43,38,59,92,93,95,85,82,89,93,93,96,106,112,120,123,123,122,123,121,107,112
"21-04-2010",108,113,110,111,106,97,99,99,99,99,100,93,91,89,81,78,81,85,88,80,80,108,112,98
"22-04-2010",114,89,77,81,75,74,47,53,58,57,52,69,102,108,126,124,124,123,115,109,110,113,105,114
"23-04-2010",112,108,95,88,93,82,78,77,80,89,97,112,126,136,132,133,129,122,112,97,87,112,123,132
"24-04-2010",130,128,123,126,116,89,98,108,117,120,126,128,129,129,129,123,107,101,105,85,74,105,112,102
"25-04-2010",99,100,100,94,90,94,110,123,121,137,137,127,134,136,136,137,136,137,135,136,130,130,137,139
"26-04-2010",134,133,128,125,124,124,121,118,108,112,113,117,115,116,118,118,117,114,114,115,115,111,111,111
"27-04-2010",112,113,114,109,107,105,101,99,104,105,107,110,111,112,115,116,114,110,109,108,113,115,111,113
"28-04-2010",108,107,109,112,117,114,114,113,113,111,113,112,113,115,116,118,117,115,113,110,112,117,114,116
"29-04-2010",118,118,117,116,117,112,108,109,110,112,113,113,114,115,116,117,116,116,115,116,118,120,122,123
"30-04-2010",122,121,122,122,118,114,114,113,111,111,113,114,115,115,114,115,113,112,111,109,106,108,111,114
"01-05-2010",114,118,118,115,115,113,115,113,109,110,109,109,110,112,112,115,115,114,110,95,72,77,92,99
"02-05-2010",92,94,98,97,91,95,89,92,98,94,105,106,121,144,151,157,163,151,133,101,115,115,124,98
"03-05-2010",98,100,96,94,97,94,84,79,97,106,99,108,115,124,119,119,115,110,116,95,85,90,91,105
"04-05-2010",102,105,107,108,104,97,94,68,104,99,101,118,122,128,139,146,135,132,119,88,90,92,91,120
"05-05-2010",121,121,129,135,121,122,111,102,110,113,106,106,120,129,131,126,126,124,113,99,103,109,109,120
"06-05-2010",110,108,104,101,105,95,94,59,86,87,108,117,113,117,120,140,139,132,118,98,113,114,124,124
"07-05-2010",126,119,111,106,94,75,61,67,73,69,80,102,109,112,113,114,112,107,136,138,111,85,84,65
"08-05-2010",72,73,93,110,105,90,93,93,87,107,112,108,112,120,126,132,135,120,110,105,103,95,117,117
"09-05-2010",113,111,108,107,112,108,108,104,96,89,107,108,109,104,102,102,102,122,121,107,102,104,109,98
"10-05-2010",91,90,82,97,93,72,76,69,70,80,108,108,113,128,129,157,155,153,126,102,74,93,97,103
"11-05-2010",108,102,102,97,98,91,78,71,92,103,109,118,125,146,161,160,167,165,149,95,93,96,95,102
"12-05-2010",116,115,123,121,124,91,74,63,86,100,94,106,90,138,142,119,114,113,112,106,106,109,105,103
"13-05-2010",96,103,100,95,92,79,74,53,83,112,108,118,113,101,100,102,108,105,104,110,94,86,80,68
"14-05-2010",62,71,74,75,80,76,71,62,62,67,78,90,113,110,109,113,103,104,107,98,90,100,83,76
"15-05-2010",66,59,52,40,33,40,43,61,50,41,34,47,56,70,79,91,96,95,86,71,84,101,123,121
"16-05-2010",126,124,119,115,113,111,108,105,99,99,99,97,100,102,103,107,104,105,106,101,99,97,99,99
"17-05-2010",100,102,102,104,105,101,101,102,107,101,106,103,105,104,107,107,110,109,106,108,109,107,111,112
"18-05-2010",113,113,106,98,96,84,83,94,90,95,96,92,92,86,88,78,86,87,89,76,56,49,66,65
"19-05-2010",74,69,66,62,65,59,46,58,53,65,75,78,79,80,84,82,96,95,95,87,55,80,74,83
"20-05-2010",85,83,86,72,70,72,75,71,76,78,85,89,96,-9999,-9999,101,106,98,93,88,83,79,83,78
"21-05-2010",59,54,50,49,37,27,33,40,51,67,68,75,73,89,69,85,82,89,80,87,96,91,90,91
"22-05-2010",93,92,68,97,100,95,96,97,103,104,92,97,101,105,108,103,100,97,96,97,98,95,93,94
"23-05-2010",91,75,68,72,66,64,62,75,70,70,74,79,67,81,75,65,67,68,64,47,70,60,55,63
"24-05-2010",55,50,57,57,50,44,47,51,68,74,81,91,84,99,107,105,109,101,98,93,67,70,70,56
"25-05-2010",65,64,66,67,71,55,40,77,87,90,98,102,104,108,110,107,118,107,97,68,49,49,62,74
"26-05-2010",93,94,96,95,84,69,100,106,81,104,104,109,112,132,140,154,149,135,120,79,82,74,69,89
"27-05-2010",94,88,85,91,83,92,81,81,90,87,96,108,121,154,172,168,169,142,127,92,73,84,93,108
"28-05-2010",105,97,82,74,79,75,62,65,63,68,63,81,112,134,116,116,118,124,121,102,78,60,81,90
"29-05-2010",92,88,82,85,103,69,73,80,86,86,107,106,106,105,105,105,108,145,144,120,94,101,98,106
"30-05-2010",94,76,79,59,74,98,84,84,86,96,104,128,146,153,160,124,129,104,91,80,58,72,57,83
"31-05-2010",86,79,77,82,89,89,51,51,85,75,99,112,134,128,122,118,115,107,105,98,84,86,98,89
"01-06-2010",97,91,88,97,99,89,88,85,91,87,95,99,96,103,104,100,100,90,78,78,85,86,79,83
"02-06-2010",80,58,49,48,49,51,44,47,74,91,83,83,92,91,90,102,91,91,85,80,71,66,57,65
"03-06-2010",69,67,61,58,51,48,44,44,68,84,92,101,112,120,109,104,122,118,124,93,83,89,99,96
"04-06-2010",85,74,63,50,46,37,24,35,40,59,77,93,107,111,109,110,101,93,83,77,69,60,70,71
"05-06-2010",73,90,87,70,63,65,57,79,71,53,59,66,80,74,80,85,95,94,96,92,74,53,44,53
"06-06-2010",107,109,107,101,97,91,95,93,92,96,100,101,100,100,99,98,94,94,94,93,86,83,86,85
"07-06-2010",85,86,87,85,83,85,79,78,62,88,91,90,91,90,95,97,105,111,90,92,93,68,61,71
"08-06-2010",84,99,103,108,104,92,69,71,95,88,84,107,110,110,109,119,120,125,121,99,81,88,76,95
"09-06-2010",92,98,99,109,111,100,94,94,92,85,82,94,99,98,82,103,101,107,117,91,85,103,101,112
"10-06-2010",117,116,114,114,115,105,108,105,106,102,99,95,90,95,104,108,112,112,107,106,104,114,121,124
"11-06-2010",121,118,117,117,116,113,111,115,114,113,114,115,119,117,119,120,123,124,129,129,125,121,121,125
"12-06-2010",127,124,125,125,126,121,120,119,122,123,120,121,118,122,120,116,116,116,118,111,104,104,106,103
"13-06-2010",89,85,93,96,91,93,88,82,98,103,108,130,129,149,163,158,145,140,117,101,68,81,89,86
"14-06-2010",91,101,114,108,107,99,76,82,99,104,92,127,130,202,217,197,211,214,153,116,98,106,98,127
"15-06-2010",119,104,92,85,75,64,55,63,79,76,99,146,208,245,217,182,155,155,146,114,79,87,77,78
"16-06-2010",73,67,69,67,60,55,63,65,63,47,61,104,160,137,147,135,134,128,127,96,88,103,84,74
"17-06-2010",74,74,53,61,53,51,59,48,69,78,88,100,117,110,112,110,108,108,109,105,89,64,78,73
"18-06-2010",87,95,112,116,117,112,115,115,109,106,70,46,-9999,113,111,108,108,106,103,82,93,108,107,106
"19-06-2010",108,116,112,105,99,85,84,80,91,106,110,119,147,176,169,158,148,128,120,98,94,108,108,119
"20-06-2010",124,122,114,101,88,76,78,70,75,94,98,104,110,115,117,119,123,116,113,112,115,116,116,108
"21-06-2010",114,120,116,97,96,83,54,83,73,93,113,122,123,120,127,132,124,121,121,113,110,112,113,113
"22-06-2010",114,112,110,114,114,99,97,103,106,97,103,95,100,102,102,104,110,114,115,110,116,116,115,110
"23-06-2010",101,98,102,100,94,88,81,55,64,82,84,85,87,91,87,89,83,85,94,87,67,66,64,77
"24-06-2010",68,90,89,64,61,54,63,60,56,54,60,68,79,75,76,65,54,62,65,65,79,87,-9999,-9999
"25-06-2010",69,95,97,93,86,77,90,88,85,88,91,90,97,103,106,93,102,99,95,114,124,93,86,109
"26-06-2010",116,103,90,87,89,93,70,71,85,95,104,110,121,129,135,136,131,128,120,118,108,93,89,92
"27-06-2010",93,90,78,83,89,80,88,78,88,82,89,79,-9999,-9999,-9999,-9999,-9999,-9999,-9999,-9999,-9999,-9999,-9999,-9999
"28-06-2010",-9999,-9999,-9999,-9999,-9999,-9999,-9999,-9999,-9999,-9999,-9999,-9999,-9999,-9999,-9999,-9999,-9999,-9999,-9999,-9999,-9999,-9999,-9999,-9999
"29-06-2010",-9999,-9999,-9999,-9999,-9999,-9999,-9999,-9999,-9999,-9999,-9999,-9999,-9999,-9999,-9999,-9999,-9999,-9999,-9999,-9999,-9999,-9999,-9999,-9999
"30-06-2010",-9999,-9999,-9999,-9999,-9999,-9999,-9999,-9999,-9999,-9999,-9999,-9999,-9999,-9999,-9999,-9999,-9999,-9999,-9999,-9999,-9999,-9999,-9999,-9999
"01-07-2010",-9999,-9999,-9999,-9999,-9999,-9999,-9999,-9999,-9999,-9999,-9999,77,103,98,98,97,91,118,98,68,55,56,65,90
"02-07-2010",101,99,89,95,101,88,84,97,87,99,105,112,117,113,111,106,109,109,99,95,65,103,92,86
"03-07-2010",103,100,109,107,113,106,94,102,114,115,110,116,114,117,117,115,110,116,113,111,100,83,80,113
"04-07-2010",90,104,123,113,122,124,121,121,106,115,115,123,122,125,122,119,117,122,120,111,108,98,93,87
"05-07-2010",82,111,116,116,117,118,116,87,92,111,105,113,121,120,119,125,119,106,109,106,92,75,77,88
"06-07-2010",96,105,113,123,123,118,116,118,116,112,116,128,125,125,130,135,124,115,114,107,71,68,87,96
"07-07-2010",93,96,109,113,122,119,120,114,110,108,119,123,130,133,138,134,137,137,131,116,98,98,103,106
"08-07-2010",113,108,105,108,110,109,103,90,98,103,103,102,105,107,113,112,111,111,112,113,111,108,105,102
"09-07-2010",98,94,91,88,79,75,79,77,81,86,93,97,102,101,106,104,106,107,107,102,99,97,106,89
"10-07-2010",100,100,101,101,106,103,101,96,103,102,105,106,106,108,112,113,108,110,110,108,106,105,106,106
"11-07-2010",102,102,105,103,102,100,100,97,97,101,101,103,105,106,109,112,116,114,115,111,102,84,84,94
"12-07-2010",92,86,92,112,108,105,108,109,93,108,108,114,115,117,118,116,110,107,102,90,75,80,102,129
"13-07-2010",134,117,109,112,100,98,101,101,89,107,125,147,168,185,152,167,165,129,148,123,72,103,119,113
"14-07-2010",123,116,114,110,118,118,128,127,134,138,137,122,123,124,119,114,116,116,118,113,103,86,104,115
"15-07-2010",116,114,112,110,112,105,108,107,109,108,116,117,115,118,119,124,120,124,123,118,112,115,115,121
"16-07-2010",120,120,123,118,120,116,109,110,110,113,114,116,117,120,120,121,116,117,118,121,123,127,128,129
"17-07-2010",129,127,126,125,123,119,118,115,121,127,128,129,130,129,123,124,122,122,121,120,119,123,132,139
"18-07-2010",138,132,132,135,133,130,129,128,123,124,124,125,128,129,129,131,129,125,126,126,126,130,122,128
"19-07-2010",130,130,130,131,128,126,119,109,109,112,117,123,122,126,123,125,126,127,127,130,124,121,126,131
"20-07-2010",134,133,131,131,129,122,124,120,113,116,122,124,126,125,129,128,130,129,132,129,118,123,128,130
"21-07-2010",131,132,129,129,129,109,112,121,104,124,126,129,123,126,114,153,191,148,152,129,108,104,110,111
"22-07-2010",134,134,137,136,136,135,134,132,121,122,123,126,130,132,133,132,131,127,131,130,128,137,139,138
"23-07-2010",140,139,139,143,142,129,120,112,114,116,116,117,119,119,124,128,127,127,125,124,124,124,124,130
"24-07-2010",131,130,131,130,133,111,113,91,110,125,137,165,137,215,223,180,170,162,144,138,122,119,119,134
"25-07-2010",134,109,120,127,124,111,100,94,85,102,121,128,130,124,119,99,91,109,114,110,84,87,77,76
"26-07-2010",113,116,125,114,119,121,124,114,100,114,117,133,152,112,118,107,113,99,82,82,61,77,95,95
"27-07-2010",96,96,89,89,85,75,74,79,79,92,100,116,124,119,121,146,150,156,119,108,114,119,121,120
"28-07-2010",117,112,114,112,109,107,103,85,95,103,114,116,118,123,125,122,124,126,119,113,104,116,121,125
"29-07-2010",122,117,118,109,109,104,100,99,100,108,112,112,110,111,111,116,120,122,118,116,113,121,124,124
"30-07-2010",127,134,134,133,129,127,124,120,117,122,123,123,125,131,132,133,134,131,129,127,132,131,115,123
"31-07-2010",118,128,125,122,118,115,116,111,109,115,127,145,146,139,110,98,92,94,92,91,61,60,52,55
"01-08-2010",69,75,72,81,85,90,85,73,77,84,110,125,118,106,101,97,97,97,96,94,100,106,86,93
"02-08-2010",93,110,112,119,122,114,112,108,100,102,105,106,107,107,108,110,108,108,109,106,100,80,105,106
"03-08-2010",108,110,114,114,117,115,108,109,113,115,120,122,123,124,126,128,131,133,137,135,126,126,124,123
"04-08-2010",137,139,150,148,149,134,121,134,125,126,132,132,129,134,133,121,124,125,125,130,119,125,134,151
"05-08-2010",153,129,129,130,130,125,124,115,106,111,124,135,138,133,132,122,116,115,112,101,74,53,62,58
"06-08-2010",65,62,77,82,78,60,93,64,79,99,118,149,162,142,144,144,128,114,105,101,86,80,89,107
"07-08-2010",87,62,63,64,73,71,69,55,61,74,91,111,149,178,175,173,168,157,123,91,71,59,60,64
"08-08-2010",80,86,88,99,93,92,87,110,88,99,112,120,124,121,106,103,102,95,92,86,79,63,82,85
"09-08-2010",101,109,126,126,118,111,103,102,104,101,101,99,98,102,105,108,112,112,104,102,102,109,104,110
"10-08-2010",115,117,119,118,116,113,106,100,100,100,101,108,108,113,117,119,120,121,121,120,118,119,123,124
"11-08-2010",127,133,130,131,126,110,85,95,103,107,118,124,129,133,135,136,139,137,135,136,124,113,105,99
"12-08-2010",104,106,94,96,102,103,106,93,106,119,138,155,152,153,148,149,153,149,152,150,123,122,100,129
"13-08-2010",136,138,137,146,130,118,122,114,130,135,146,146,155,156,152,148,137,136,134,132,133,140,140,127
"14-08-2010",132,126,127,132,134,132,130,127,127,129,130,128,127,127,127,132,132,136,139,138,135,132,132,130
"15-08-2010",138,139,140,141,143,137,132,122,113,119,125,122,121,121,122,124,124,128,129,127,126,127,134,134
"16-08-2010",133,135,138,136,134,131,127,127,126,127,125,128,129,130,127,130,131,130,132,128,130,135,138,139
"17-08-2010",134,125,124,124,129,128,116,102,119,128,136,151,182,210,219,212,185,158,131,115,102,122,124,108
"18-08-2010",115,108,109,103,133,127,130,113,107,136,141,141,139,142,139,143,124,123,123,124,132,138,141,125
"19-08-2010",132,115,104,124,132,138,146,149,141,145,142,140,145,145,142,143,142,143,139,133,133,138,139,139
"20-08-2010",135,131,134,135,138,143,143,140,137,137,133,132,137,137,133,132,131,131,130,129,130,130,133,134
"21-08-2010",134,135,130,120,110,109,115,117,117,121,124,124,122,123,122,120,120,119,121,123,121,120,119,111
"22-08-2010",108,108,110,108,107,107,106,104,103,104,108,111,112,112,110,108,108,108,111,113,116,117,115,111
"23-08-2010",107,108,110,110,108,108,107,107,108,109,110,110,110,109,110,115,115,114,115,111,110,115,121,122
"24-08-2010",122,120,120,118,117,112,98,80,92,103,107,110,110,113,114,114,117,117,117,118,108,109,98,95
"25-08-2010",85,69,76,72,89,87,85,98,102,106,114,114,121,123,126,131,128,127,127,120,121,123,110,121
"26-08-2010",115,125,133,133,130,131,126,126,125,128,128,131,131,133,129,128,133,136,133,127,124,124,125,126
"27-08-2010",126,125,125,131,134,120,117,116,114,111,111,108,109,109,108,110,112,113,115,116,115,103,91,104
"28-08-2010",101,97,92,91,88,80,87,99,98,103,114,127,111,132,212,212,183,156,138,120,115,110,119,122
"29-08-2010",112,100,91,88,92,92,88,71,68,79,101,131,137,155,167,152,137,128,123,106,71,69,65,75
"30-08-2010",86,84,89,75,94,91,96,73,77,88,101,104,103,108,103,98,97,95,94,89,77,61,45,55
"31-08-2010",56,64,62,81,79,66,86,73,76,77,91,114,142,147,121,99,103,101,100,96,106,110,114,114
"01-09-2010",103,104,105,94,99,87,97,94,90,90,95,102,108,109,113,113,109,112,113,109,94,76,71,79
"02-09-2010",67,77,85,81,71,88,90,85,84,86,90,94,89,95,108,115,103,104,104,94,80,71,72,80
"03-09-2010",87,89,77,79,76,85,93,98,102,99,107,108,107,110,115,116,120,122,125,126,129,123,110,95
"04-09-2010",101,97,100,101,98,89,124,128,124,123,124,121,124,144,177,147,155,146,129,113,112,105,108,111
"05-09-2010",102,102,104,100,103,102,109,110,107,107,109,111,102,98,98,97,95,97,97,94,92,94,95,98
"06-09-2010",105,106,108,106,103,98,96,95,72,71,93,91,93,97,88,96,98,99,96,65,78,76,76,98
"07-09-2010",97,92,100,94,93,79,89,104,92,76,89,109,110,115,112,118,110,114,112,110,100,104,97,90
"08-09-2010",97,101,101,99,99,92,103,100,84,94,110,115,119,121,123,125,126,125,119,94,67,71,76,86
"09-09-2010",107,110,115,121,114,101,106,89,98,110,117,121,120,120,128,128,142,120,110,104,99,94,98,88
"10-09-2010",86,99,123,116,91,107,84,88,94,96,95,120,149,120,119,110,108,110,102,103,106,100,95,95
"11-09-2010",104,85,84,101,100,100,84,80,90,93,95,93,95,97,96,95,89,83,62,58,43,46,54,45
"12-09-2010",48,93,85,80,105,98,100,102,76,83,93,96,90,93,94,100,99,96,89,85,89,81,67,61
"13-09-2010",60,81,61,72,61,51,39,64,66,65,77,86,87,93,87,92,96,99,96,78,81,71,60,85
"14-09-2010",91,89,91,96,110,114,113,113,114,117,116,117,118,117,120,113,117,114,111,101,104,106,112,112
"15-09-2010",117,116,115,114,111,103,99,102,99,102,102,107,108,112,114,115,117,115,115,114,111,111,113,114
"16-09-2010",114,114,121,124,126,124,121,121,116,115,116,119,122,121,119,122,126,123,122,111,110,85,90,101
"17-09-2010",111,104,98,99,103,98,106,107,109,110,95,109,133,145,149,140,138,137,101,59,55,80,98,98
"18-09-2010",96,96,96,98,102,84,92,86,96,98,104,110,121,148,171,190,147,129,112,64,63,74,69,65
"19-09-2010",71,72,72,81,82,91,89,94,83,90,96,114,132,139,148,148,128,111,98,54,60,52,56,54
"20-09-2010",59,73,80,77,75,67,60,63,62,76,60,64,89,108,103,102,95,98,95,99,113,111,106,107
"21-09-2010",116,120,124,119,104,96,94,86,82,87,90,91,91,96,99,102,103,104,103,101,101,102,100,103
"22-09-2010",102,99,96,93,90,81,82,83,84,87,87,89,92,98,101,99,99,102,100,97,98,98,102,104
"23-09-2010",106,104,99,98,98,97,94,91,91,92,91,93,95,95,95,97,97,95,94,93,97,102,102,95
"24-09-2010",90,78,73,81,82,72,66,67,76,76,92,95,95,93,98,96,87,93,95,94,91,86,81,81
"25-09-2010",77,75,76,76,83,83,71,70,64,67,69,73,78,78,64,63,66,66,57,46,46,42,56,59
"26-09-2010",56,50,51,53,56,58,60,53,49,50,60,71,79,85,91,89,86,80,61,47,51,77,85,93
"27-09-2010",89,89,72,80,71,73,57,60,53,44,78,90,98,104,105,101,103,97,88,84,91,69,87,88
"28-09-2010",89,94,89,85,76,64,49,50,43,44,46,55,72,85,91,94,87,58,45,42,39,39,51,67
"29-09-2010",73,56,63,54,57,35,15,22,41,49,57,63,-9999,-9999,70,71,68,65,55,62,74,74,77,86
"30-09-2010",88,83,83,83,79,72,78,66,61,56,66,81,92,106,93,92,92,92,89,79,81,78,72,59
"01-10-2010",64,66,66,79,79,87,86,92,93,89,91,86,87,89,91,103,110,102,100,83,70,75,81,86
"02-10-2010",83,69,74,68,61,84,92,92,89,89,90,91,93,94,94,95,95,97,98,99,97,93,90,97
"03-10-2010",96,96,98,98,98,98,94,93,94,95,95,95,96,97,100,100,102,103,103,101,98,99,97,96
"04-10-2010",96,95,94,92,84,85,79,80,80,81,89,92,95,94,98,94,100,97,93,91,89,90,94,88
"05-10-2010",87,78,82,77,73,86,84,71,62,76,73,79,82,85,90,92,92,91,90,90,77,75,52,68
"06-10-2010",73,70,80,76,73,53,52,45,51,56,58,52,67,77,78,87,80,78,71,62,57,50,42,51
"07-10-2010",44,54,53,60,67,65,63,60,61,61,63,64,66,67,68,70,74,77,75,75,74,71,69,71
"08-10-2010",72,72,73,70,68,66,69,70,71,70,74,73,70,71,71,69,66,69,72,74,70,71,72,71
"09-10-2010",69,66,66,68,72,70,69,68,66,67,68,72,67,64,66,68,70,71,68,63,47,51,50,44
"10-10-2010",53,55,54,56,53,51,44,49,65,67,67,67,64,64,64,59,60,61,64,70,73,73,68,67
"11-10-2010",67,67,68,67,69,56,57,64,58,55,65,67,66,70,66,43,55,62,55,63,66,68,72,76
"12-10-2010",72,70,66,55,65,66,59,54,42,41,44,35,36,35,33,35,44,46,44,40,38,44,37,46
"13-10-2010",38,33,29,33,30,28,22,29,25,33,43,29,27,27,17,30,33,25,25,22,20,18,17,29
"14-10-2010",33,38,34,39,43,18,24,25,28,30,41,44,45,47,53,51,58,61,37,30,29,23,26,31
"15-10-2010",33,35,41,36,43,32,37,55,62,31,29,46,51,48,53,66,54,43,29,22,25,31,30,33
"16-10-2010",54,46,48,49,46,44,51,50,52,49,62,72,78,84,88,85,86,79,70,68,75,70,80,76
"17-10-2010",83,81,82,78,66,57,69,72,72,65,68,95,97,90,92,95,88,86,81,77,-9999,-9999,-9999,-9999
"18-10-2010",-9999,-9999,-9999,-9999,-9999,-9999,-9999,-9999,-9999,-9999,-9999,-9999,-9999,-9999,-9999,-9999,-9999,-9999,-9999,-9999,-9999,-9999,-9999,-9999
"19-10-2010",-9999,-9999,-9999,-9999,-9999,-9999,-9999,-9999,-9999,-9999,-9999,-9999,-9999,-9999,-9999,-9999,-9999,-9999,-9999,-9999,-9999,-9999,-9999,-9999
"20-10-2010",-9999,-9999,-9999,-9999,-9999,-9999,-9999,-9999,-9999,-9999,-9999,-9999,-9999,-9999,-9999,-9999,-9999,-9999,-9999,-9999,-9999,-9999,-9999,-9999
"21-10-2010",-9999,-9999,-9999,-9999,-9999,-9999,-9999,-9999,-9999,-9999,-9999,-9999,-9999,-9999,-9999,-9999,-9999,-9999,-9999,-9999,-9999,-9999,-9999,-9999
"22-10-2010",-9999,-9999,-9999,-9999,-9999,-9999,-9999,-9999,-9999,-9999,-9999,-9999,-9999,-9999,-9999,-9999,-9999,-9999,-9999,-9999,-9999,-9999,-9999,-9999
"23-10-2010",-9999,-9999,-9999,-9999,-9999,-9999,-9999,-9999,-9999,-9999,-9999,-9999,-9999,-9999,-9999,-9999,-9999,-9999,-9999,-9999,-9999,-9999,-9999,-9999
"24-10-2010",-9999,-9999,-9999,-9999,-9999,-9999,-9999,-9999,-9999,-9999,-9999,-9999,-9999,-9999,-9999,-9999,-9999,-9999,-9999,-9999,-9999,-9999,-9999,-9999
"25-10-2010",-9999,-9999,-9999,-9999,-9999,-9999,-9999,-9999,-9999,-9999,-9999,-9999,-9999,-9999,-9999,-9999,-9999,-9999,-9999,-9999,-9999,-9999,-9999,-9999
"26-10-2010",-9999,-9999,-9999,-9999,-9999,-9999,-9999,-9999,-9999,-9999,-9999,-9999,-9999,-9999,-9999,-9999,-9999,-9999,-9999,-9999,-9999,-9999,-9999,-9999
"27-10-2010",-9999,-9999,-9999,-9999,-9999,-9999,-9999,-9999,-9999,-9999,-9999,-9999,-9999,-9999,-9999,-9999,-9999,-9999,-9999,-9999,-9999,-9999,-9999,-9999
"28-10-2010",-9999,-9999,-9999,-9999,-9999,-9999,-9999,-9999,-9999,-9999,-9999,-9999,-9999,-9999,-9999,-9999,-9999,-9999,-9999,-9999,-9999,-9999,-9999,-9999
"29-10-2010",-9999,-9999,-9999,-9999,-9999,-9999,-9999,-9999,-9999,-9999,-9999,-9999,-9999,-9999,-9999,-9999,-9999,-9999,-9999,-9999,-9999,-9999,-9999,-9999
"30-10-2010",-9999,-9999,-9999,-9999,-9999,-9999,-9999,-9999,-9999,-9999,-9999,-9999,-9999,-9999,-9999,-9999,-9999,-9999,-9999,-9999,-9999,-9999,-9999,-9999
"31-10-2010",-9999,-9999,-9999,-9999,-9999,-9999,-9999,-9999,-9999,-9999,-9999,-9999,-9999,-9999,-9999,-9999,-9999,-9999,-9999,-9999,-9999,-9999,-9999,-9999
"01-11-2010",-9999,-9999,-9999,-9999,-9999,-9999,-9999,-9999,-9999,-9999,-9999,-9999,-9999,-9999,-9999,-9999,-9999,-9999,-9999,-9999,-9999,-9999,-9999,-9999
"02-11-2010",-9999,-9999,-9999,-9999,-9999,-9999,-9999,-9999,-9999,-9999,-9999,-9999,-9999,73,84,89,66,61,58,39,43,38,46,50
"03-11-2010",51,49,51,48,47,49,36,43,52,65,59,61,55,42,51,51,55,59,52,26,31,24,27,26
"04-11-2010",30,36,32,32,31,36,34,30,42,43,46,42,46,52,60,60,38,51,47,50,43,58,69,66
"05-11-2010",69,67,70,75,71,68,74,79,76,75,81,80,79,80,77,75,61,46,54,54,53,53,58,61
"06-11-2010",62,61,61,58,57,55,54,41,49,65,54,57,77,93,123,92,49,42,30,48,54,54,48,56
"07-11-2010",55,50,48,55,60,62,59,52,54,49,50,53,51,85,91,74,55,46,41,43,56,59,52,57
"08-11-2010",57,32,35,55,61,57,61,60,63,61,63,63,67,65,61,64,62,64,62,61,61,66,69,65
"09-11-2010",70,68,70,70,68,59,48,55,56,69,74,74,76,75,75,75,72,71,66,65,65,66,62,68
"10-11-2010",63,64,67,73,70,68,64,54,45,58,61,60,63,68,69,69,73,73,69,57,57,61,53,55
"11-11-2010",43,53,61,48,46,42,49,52,56,61,53,55,68,68,61,50,35,34,54,46,53,56,55,65
"12-11-2010",77,75,68,63,63,63,64,62,53,61,49,53,48,54,54,53,40,26,18,30,44,56,50,62
"13-11-2010",60,60,63,62,63,64,63,61,61,62,62,62,64,70,67,67,73,75,79,81,81,80,78,76
"14-11-2010",76,76,75,73,70,69,69,66,71,73,73,71,70,73,74,79,79,78,78,77,79,84,87,89
"15-11-2010",93,95,94,91,93,89,91,89,69,55,50,46,39,38,40,-9999,-9999,-9999,-9999,-9999,-9999,-9999,-9999,-9999
"16-11-2010",-9999,-9999,-9999,-9999,-9999,-9999,-9999,-9999,-9999,-9999,-9999,-9999,-9999,-9999,-9999,-9999,-9999,-9999,-9999,-9999,-9999,-9999,-9999,-9999
"17-11-2010",-9999,-9999,-9999,-9999,-9999,-9999,-9999,-9999,-9999,-9999,-9999,-9999,-9999,-9999,-9999,-9999,-9999,-9999,-9999,-9999,-9999,-9999,-9999,-9999
"18-11-2010",-9999,-9999,-9999,-9999,-9999,-9999,-9999,-9999,-9999,-9999,-9999,-9999,-9999,-9999,-9999,-9999,-9999,-9999,-9999,-9999,-9999,-9999,-9999,-9999
"19-11-2010",-9999,-9999,-9999,-9999,-9999,-9999,-9999,-9999,-9999,-9999,-9999,-9999,-9999,-9999,-9999,-9999,-9999,-9999,-9999,-9999,-9999,-9999,-9999,-9999
"20-11-2010",-9999,-9999,-9999,-9999,-9999,-9999,-9999,-9999,-9999,-9999,-9999,-9999,-9999,-9999,-9999,-9999,-9999,-9999,-9999,-9999,-9999,-9999,-9999,-9999
"21-11-2010",-9999,-9999,-9999,-9999,-9999,-9999,-9999,-9999,-9999,-9999,-9999,-9999,-9999,-9999,-9999,-9999,-9999,-9999,-9999,-9999,-9999,-9999,-9999,-9999
"22-11-2010",-9999,-9999,-9999,-9999,-9999,-9999,-9999,-9999,-9999,-9999,-9999,-9999,-9999,-9999,-9999,-9999,-9999,-9999,-9999,-9999,-9999,-9999,-9999,-9999
"23-11-2010",-9999,-9999,-9999,-9999,-9999,-9999,-9999,-9999,-9999,-9999,-9999,-9999,-9999,-9999,-9999,-9999,-9999,-9999,-9999,-9999,-9999,-9999,-9999,-9999
"24-11-2010",-9999,-9999,-9999,-9999,-9999,-9999,-9999,-9999,-9999,-9999,-9999,-9999,-9999,-9999,-9999,-9999,-9999,-9999,-9999,-9999,-9999,-9999,-9999,-9999
"25-11-2010",-9999,-9999,-9999,-9999,-9999,-9999,-9999,-9999,-9999,-9999,-9999,-9999,-9999,-9999,-9999,-9999,-9999,-9999,-9999,-9999,-9999,-9999,-9999,-9999
"26-11-2010",-9999,-9999,-9999,-9999,-9999,-9999,-9999,-9999,-9999,-9999,-9999,64,57,66,67,63,60,54,60,56,57,53,65,66
"27-11-2010",64,61,57,54,54,50,41,46,44,43,50,56,56,64,64,62,52,48,49,51,54,56,53,51
"28-11-2010",50,47,45,42,44,45,51,49,47,51,53,53,50,50,52,53,54,53,51,50,47,54,59,57
"29-11-2010",56,53,49,48,49,47,38,44,34,31,37,43,43,51,52,49,39,54,62,63,62,63,71,54
"30-11-2010",51,66,73,66,73,69,51,22,32,62,53,36,37,51,26,-9999,-9999,-9999,-9999,-9999,-9999,-9999,-9999,-9999
"01-12-2010",-9999,-9999,-9999,-9999,-9999,-9999,-9999,-9999,-9999,-9999,-9999,-9999,-9999,-9999,-9999,-9999,-9999,-9999,-9999,-9999,-9999,-9999,-9999,-9999
"02-12-2010",-9999,-9999,-9999,-9999,-9999,-9999,-9999,-9999,-9999,-9999,-9999,-9999,-9999,-9999,-9999,-9999,-9999,-9999,-9999,-9999,-9999,-9999,-9999,-9999
"03-12-2010",-9999,-9999,-9999,-9999,-9999,-9999,-9999,-9999,-9999,-9999,-9999,-9999,-9999,63,61,57,56,54,50,48,37,34,39,53
"04-12-2010",59,55,56,56,57,61,57,57,53,50,60,66,69,72,72,74,69,66,74,69,69,75,73,71
"05-12-2010",80,81,79,71,68,68,63,67,60,65,75,76,78,75,77,76,75,70,67,65,51,59,55,67
"06-12-2010",69,70,67,58,59,55,50,48,53,66,58,57,53,55,63,69,62,52,62,41,51,44,54,56
"07-12-2010",61,56,58,55,57,49,52,39,46,49,41,39,55,57,62,58,34,19,27,24,32,24,31,45
"08-12-2010",50,48,50,54,53,45,41,38,37,39,34,53,61,68,71,65,66,37,45,47,48,52,44,38
"09-12-2010",35,31,35,34,29,18,13,12,25,38,28,45,54,56,57,54,52,67,68,54,64,63,68,68
"10-12-2010",67,61,68,71,67,61,61,57,40,44,50,58,61,67,69,67,67,67,66,69,71,71,69,68
"11-12-2010",69,-9999,-9999,-9999,-9999,-9999,-9999,-9999,-9999,-9999,-9999,-9999,-9999,-9999,-9999,-9999,-9999,-9999,-9999,-9999,-9999,-9999,-9999,-9999
"12-12-2010",-9999,-9999,-9999,-9999,-9999,-9999,-9999,-9999,-9999,-9999,-9999,-9999,-9999,-9999,-9999,-9999,-9999,-9999,-9999,-9999,-9999,-9999,-9999,-9999
"13-12-2010",-9999,-9999,-9999,-9999,-9999,-9999,-9999,-9999,-9999,-9999,-9999,-9999,-9999,-9999,-9999,-9999,-9999,-9999,-9999,-9999,-9999,-9999,-9999,-9999
"14-12-2010",-9999,-9999,-9999,-9999,-9999,-9999,-9999,-9999,-9999,-9999,-9999,-9999,-9999,-9999,-9999,-9999,-9999,-9999,-9999,-9999,-9999,-9999,-9999,-9999
"15-12-2010",-9999,-9999,-9999,-9999,-9999,-9999,-9999,-9999,-9999,-9999,-9999,-9999,-9999,-9999,-9999,-9999,-9999,-9999,-9999,-9999,-9999,-9999,-9999,-9999
"16-12-2010",-9999,-9999,-9999,-9999,-9999,-9999,-9999,-9999,-9999,-9999,-9999,-9999,-9999,-9999,45,29,36,57,59,62,59,58,39,21
"17-12-2010",29,23,31,33,60,55,39,32,50,31,13,13,41,41,47,67,72,70,71,67,72,73,69,69
"18-12-2010",70,70,65,69,68,61,65,62,62,58,59,65,63,69,67,63,58,58,55,66,70,72,71,72
"19-12-2010",77,74,81,81,79,75,65,75,75,68,69,69,67,59,41,43,33,39,43,49,47,54,44,55
"20-12-2010",61,56,52,64,62,56,56,58,62,55,55,49,57,59,54,49,54,56,59,61,63,69,67,66
"21-12-2010",71,70,63,59,65,67,67,64,62,65,68,72,78,76,72,69,62,66,64,63,54,57,60,65
"22-12-2010",66,66,70,78,76,78,74,60,66,72,72,70,63,63,66,65,65,61,66,64,67,62,50,48
"23-12-2010",50,53,57,58,60,59,61,60,64,68,73,64,54,61,64,62,52,49,50,54,56,57,58,55
"24-12-2010",56,59,60,63,66,62,59,60,59,63,62,62,63,70,68,66,63,59,71,64,65,63,66,15
"25-12-2010",-9999,-9999,-9999,-9999,-9999,-9999,-9999,-9999,-9999,-9999,-9999,-9999,-9999,-9999,-9999,-9999,-9999,-9999,-9999,-9999,-9999,-9999,-9999,-9999
"26-12-2010",-9999,-9999,-9999,-9999,-9999,-9999,-9999,-9999,-9999,-9999,-9999,-9999,-9999,-9999,-9999,-9999,-9999,-9999,-9999,-9999,-9999,-9999,-9999,-9999
"27-12-2010",-9999,-9999,-9999,-9999,-9999,-9999,-9999,-9999,-9999,-9999,-9999,-9999,-9999,58,41,40,32,32,45,66,38,37,39,42
"28-12-2010",44,37,45,58,54,39,51,47,38,29,27,26,22,23,26,22,14,17,32,18,19,23,26,23
"29-12-2010",45,39,40,50,49,43,45,46,40,45,47,48,54,53,53,55,57,57,58,59,58,57,56,55
"30-12-2010",55,55,57,55,57,58,60,61,60,-9999,-9999,65,65,67,65,66,59,58,58,41,36,44,35,53
"31-12-2010",55,68,65,65,63,56,42,42,44,49,45,56,62,65,63,65,46,32,44,43,45,56,54,56
"01-01-2011",58,-9999,-9999,-9999,-9999,-9999,-9999,-9999,-9999,-9999,-9999,-9999,-9999,-9999,-9999,-9999,-9999,-9999,-9999,-9999,-9999,-9999,-9999,-9999
