"01-01-2011",81,70,96,102,90,78,86,97,81,75,63,50,40,32,27,23,26,54,72,64,52,50,101,106
"02-01-2011",98,74,64,38,37,30,34,39,52,59,65,70,62,52,44,49,82,103,125,134,100,59,46,39
"03-01-2011",33,26,23,16,14,14,17,28,40,45,39,38,38,28,20,17,15,14,14,12,13,12,10,10
"04-01-2011",9,9,9,9,9,10,12,25,28,27,25,26,26,38,50,46,41,43,43,43,40,35,22,14
"05-01-2011",12,11,11,11,11,11,15,23,36,45,47,43,43,33,50,37,33,30,32,26,22,20,18,16
"06-01-2011",16,14,13,14,14,13,13,13,17,18,22,25,28,27,28,29,30,29,37,34,29,32,31,38
"07-01-2011",37,37,38,46,71,96,157,257,336,410,416,331,266,202,161,135,121,127,172,164,165,208,236,224
"08-01-2011",202,163,116,100,105,108,136,159,222,310,289,239,201,163,129,105,89,96,127,146,171,188,165,141
"09-01-2011",111,99,83,69,60,60,85,94,109,155,143,127,112,88,70,60,55,76,148,160,134,107,83,101
"10-01-2011",107,102,77,71,64,97,196,344,417,483,428,361,303,254,214,182,173,174,205,179,167,136,112,94
"11-01-2011",82,79,70,67,65,68,110,188,283,360,369,345,333,310,271,228,196,182,184,167,143,139,127,100
"12-01-2011",79,61,49,41,39,38,43,59,94,163,199,230,240,259,223,164,124,101,92,113,122,98,80,71
"13-01-2011",58,48,42,45,54,62,79,93,134,166,178,165,152,139,119,105,99,114,128,129,162,206,185,166
"14-01-2011",164,137,118,98,96,92,134,236,272,242,223,202,179,158,133,108,88,79,81,87,151,212,232,220
"15-01-2011",196,156,125,94,80,77,116,160,218,234,226,211,190,171,148,126,118,119,117,114,89,48,24,15
"16-01-2011",13,13,12,11,11,10,10,10,10,11,12,12,12,11,11,11,11,11,12,13,12,13,22,22
"17-01-2011",19,16,20,21,26,39,72,101,200,210,216,183,150,122,100,81,78,86,176,240,244,194,146,117
"18-01-2011",97,91,100,77,64,71,126,231,366,494,459,390,330,271,228,190,156,132,176,258,283,235,190,140
"19-01-2011",119,100,78,63,58,59,78,123,183,356,402,341,281,231,183,142,121,121,188,190,157,120,103,90
"20-01-2011",70,51,41,33,35,44,74,128,187,252,280,274,267,254,230,192,166,151,137,125,98,76,58,45
"21-01-2011",33,27,25,21,18,20,39,64,107,161,220,208,175,187,211,211,185,165,145,128,121,116,99,95
"22-01-2011",132,110,93,71,57,64,60,61,61,61,64,61,58,60,59,54,50,49,52,58,65,64,77,95
"23-01-2011",89,73,56,44,37,33,34,40,41,40,42,43,43,40,32,28,30,33,40,56,66,64,76,80
"24-01-2011",92,78,64,50,47,45,77,204,399,411,317,242,165,117,96,85,75,64,50,39,29,21,16,13
"25-01-2011",10,10,9,9,9,9,10,13,15,14,11,11,11,12,12,11,11,10,10,11,10,10,10,11
"26-01-2011",11,9,9,11,13,21,44,95,137,135,137,99,73,52,41,38,37,59,108,95,71,59,60,44
"27-01-2011",30,19,12,15,18,27,60,124,202,220,228,218,195,166,137,111,89,93,120,141,118,81,49,32
"28-01-2011",64,41,20,13,26,17,12,17,29,30,33,27,24,15,15,16,17,36,58,71,73,82,110,144
"29-01-2011",111,95,68,48,42,38,45,80,131,170,164,119,87,64,52,42,33,27,26,19,16,16,15,14
"30-01-2011",15,14,11,11,11,11,11,11,11,11,11,13,16,16,16,19,22,24,24,25,39,46,36,19
"31-01-2011",13,11,12,11,11,14,34,27,28,27,21,18,19,19,19,18,18,20,32,56,42,30,20,25
"01-02-2011",15,11,10,10,9,10,11,13,17,36,35,22,16,17,18,19,24,34,46,60,60,45,26,16
"02-02-2011",17,10,10,10,10,10,41,70,129,136,147,127,103,73,53,39,31,41,61,76,81,100,103,74
"03-02-2011",65,40,16,11,11,11,31,85,131,138,123,82,57,43,36,29,26,28,41,52,56,45,31,21
"04-02-2011",15,11,10,10,11,12,25,70,112,136,99,80,61,38,25,19,17,23,37,41,50,71,131,143
"05-02-2011",102,79,46,18,12,14,32,62,70,55,38,33,25,21,20,20,23,26,33,84,113,114,104,113
"06-02-2011",115,122,116,97,88,63,32,38,72,85,67,59,48,41,34,29,24,34,77,85,88,98,129,150
"07-02-2011",135,79,34,15,13,14,19,44,50,42,32,21,23,21,21,21,24,29,54,148,200,190,181,156
"08-02-2011",122,100,72,53,40,54,118,217,291,360,322,272,236,204,172,134,110,90,105,143,159,182,197,208
"09-02-2011",189,151,109,75,58,65,90,102,93,46,27,15,15,14,14,14,16,16,21,21,15,14,17,24
"10-02-2011",20,14,12,10,10,10,12,19,21,22,20,17,14,13,14,14,13,17,37,43,31,19,13,16
"11-02-2011",21,35,30,25,18,35,111,216,315,370,328,265,201,143,96,64,45,35,43,75,80,71,95,125
"12-02-2011",110,93,85,77,79,89,121,157,200,256,245,190,137,91,54,38,36,34,42,82,80,33,18,13
"13-02-2011",12,11,11,12,12,12,13,15,19,15,17,18,17,16,15,15,15,15,19,22,28,28,29,22
"14-02-2011",16,14,13,12,13,13,16,21,29,35,35,33,33,32,29,25,24,26,32,50,72,73,55,36
"15-02-2011",24,18,17,16,14,14,18,26,36,32,28,26,27,34,37,29,29,32,35,34,23,15,14,13
"16-02-2011",13,13,13,12,12,12,14,23,29,23,18,16,15,14,17,18,17,15,15,13,13,13,13,13
"17-02-2011",12,11,11,11,11,12,13,18,21,20,18,17,17,19,21,24,27,38,39,44,64,68,63,62
"18-02-2011",69,64,57,53,53,54,67,100,151,197,231,256,251,235,225,218,224,183,119,47,14,12,11,12
"19-02-2011",11,11,11,12,13,14,24,32,41,57,66,63,56,55,49,39,28,25,22,18,17,16,23,36
"20-02-2011",34,28,23,18,14,12,12,11,11,12,14,15,14,14,13,13,13,16,20,24,27,29,27,20
"21-02-2011",17,14,14,14,15,16,18,22,29,24,18,14,13,13,13,13,13,12,12,12,12,12,12,12
"22-02-2011",12,11,10,10,10,11,12,14,17,17,19,24,23,22,21,25,28,29,33,34,30,24,20,16
"23-02-2011",15,13,12,12,12,12,15,25,38,30,21,18,16,20,24,26,25,28,35,42,43,48,44,31
"24-02-2011",18,13,12,12,12,12,16,37,56,44,33,22,14,14,25,27,27,30,31,31,26,27,26,22
"25-02-2011",17,14,13,13,13,13,17,36,50,37,45,54,54,53,58,55,46,46,48,47,39,29,26,22
"26-02-2011",17,14,13,13,13,14,21,27,36,42,46,34,34,28,31,34,34,33,41,48,44,36,31,29
"27-02-2011",20,17,15,11,11,11,10,11,11,11,11,11,12,14,15,16,16,16,18,24,27,20,16,15
"28-02-2011",12,11,11,11,11,11,14,18,24,28,31,38,40,37,34,35,36,36,36,42,43,35,25,19
"01-03-2011",15,12,11,11,10,11,13,17,28,29,28,26,20,18,18,26,37,23,17,15,13,12,15,13
"02-03-2011",11,11,10,10,10,10,10,11,12,11,10,10,11,12,13,12,11,11,11,11,11,11,11,11
"03-03-2011",11,11,10,10,11,11,12,22,31,22,17,13,11,12,13,12,16,19,19,28,46,38,27,19
"04-03-2011",14,12,12,11,11,11,11,15,23,26,30,31,27,25,28,30,31,33,30,27,31,42,39,32
"05-03-2011",22,15,12,11,11,12,14,14,18,24,36,46,51,57,64,63,58,54,55,53,51,53,50,55
"06-03-2011",53,42,34,26,23,22,18,18,18,20,16,13,13,13,13,13,13,12,12,11,10,10,10,9
"07-03-2011",9,9,9,8,9,9,9,9,9,9,9,10,10,9,10,10,10,11,11,13,14,14,12,11
"08-03-2011",15,16,11,10,11,10,11,19,32,23,14,12,12,12,14,14,12,11,15,23,21,16,18,14
"09-03-2011",10,9,9,9,9,9,16,54,72,42,22,13,11,11,11,11,11,11,11,17,21,24,41,25
"10-03-2011",13,9,9,9,9,11,25,62,104,88,56,-9999,20,15,12,13,13,15,19,25,46,58,53,32
"11-03-2011",19,24,18,12,14,13,12,87,206,187,148,107,71,50,40,27,16,14,17,19,25,46,53,48
"12-03-2011",37,43,42,28,26,30,46,57,69,93,82,72,53,32,19,14,14,14,15,19,42,64,61,47
"13-03-2011",42,33,29,21,15,13,15,23,26,25,24,18,14,14,13,13,13,14,15,17,21,37,39,41
"14-03-2011",57,40,27,21,26,30,46,92,95,104,111,93,71,42,22,16,15,15,17,20,34,54,58,51
"15-03-2011",52,44,36,27,23,33,58,114,143,136,113,90,71,55,34,25,21,22,25,31,75,93,99,89
"16-03-2011",82,67,49,37,37,32,47,81,98,97,81,67,51,33,25,21,19,19,20,20,23,20,13,18
"17-03-2011",19,17,15,14,16,17,17,33,56,74,76,69,63,60,56,45,37,38,43,48,63,77,79,55
"18-03-2011",41,28,18,16,26,34,49,138,184,183,176,154,129,109,88,62,47,42,41,15,-9999,-9999,-9999,-9999
"19-03-2011",-9999,-9999,-9999,-9999,-9999,-9999,-9999,-9999,-9999,-9999,-9999,-9999,-9999,-9999,-9999,-9999,-9999,-9999,-9999,-9999,-9999,-9999,-9999,-9999
"20-03-2011",-9999,-9999,-9999,-9999,-9999,-9999,-9999,-9999,-9999,-9999,-9999,-9999,-9999,-9999,-9999,-9999,-9999,-9999,-9999,-9999,-9999,-9999,-9999,-9999
"21-03-2011",-9999,-9999,-9999,-9999,-9999,-9999,-9999,-9999,42,60,48,30,17,8,5,8,12,12,6,6,10,11,1,-9999
"22-03-2011",-9999,-9999,-9999,-9999,-9999,-9999,-9999,-9999,-9999,-9999,-9999,-9999,-9999,-9999,-9999,-9999,-9999,-9999,-9999,-9999,-9999,-9999,-9999,-9999
"23-03-2011",-9999,-9999,-9999,-9999,-9999,-9999,-9999,-9999,-9999,-9999,-9999,-9999,-9999,-9999,-9999,-9999,-9999,-9999,-9999,-9999,-9999,-9999,-9999,-9999
"24-03-2011",-9999,-9999,-9999,-9999,-9999,-9999,-9999,-9999,-9999,-9999,-9999,-9999,-9999,-9999,-9999,-9999,-9999,-9999,-9999,-9999,-9999,-9999,-9999,-9999
"25-03-2011",-9999,-9999,-9999,-9999,-9999,-9999,-9999,-9999,-9999,-9999,-9999,-9999,-9999,-9999,-9999,-9999,-9999,-9999,-9999,-9999,-9999,-9999,-9999,-9999
"26-03-2011",-9999,-9999,-9999,-9999,-9999,-9999,-9999,-9999,-9999,-9999,-9999,-9999,-9999,-9999,-9999,-9999,-9999,-9999,-9999,-9999,-9999,-9999,-9999,-9999
"27-03-2011",57,57,50,42,38,35,43,48,44,24,12,-9999,-9999,-9999,-9999,-9999,-9999,-9999,-9999,-9999,-9999,-9999,-9999,-9999
"28-03-2011",-9999,-9999,-9999,-9999,-9999,-9999,-9999,-9999,-9999,-9999,-9999,-9999,-9999,-9999,-9999,-9999,-9999,-9999,-9999,-9999,-9999,-9999,-9999,-9999
"29-03-2011",-9999,-9999,-9999,-9999,-9999,-9999,-9999,-9999,-9999,-9999,-9999,-9999,-9999,-9999,-9999,-9999,-9999,-9999,-9999,-9999,-9999,-9999,-9999,-9999
"30-03-2011",-9999,-9999,-9999,-9999,-9999,-9999,-9999,-9999,-9999,-9999,-9999,-9999,-9999,-9999,-9999,-9999,-9999,-9999,37,14,24,13,18,11
"31-03-2011",8,5,5,5,6,28,86,54,33,32,38,10,7,8,18,15,16,17,19,14,19,26,18,12
"01-04-2011",9,6,5,6,8,11,36,119,155,87,40,30,52,45,35,24,17,23,20,11,24,44,26,18
"02-04-2011",16,14,9,5,6,8,10,71,86,22,16,16,14,13,15,10,11,8,12,10,9,11,9,9
"03-04-2011",8,14,10,8,14,7,12,27,51,35,21,11,11,10,10,9,7,7,7,9,7,9,9,9
"04-04-2011",19,7,5,5,8,10,31,130,164,131,44,33,25,16,11,10,10,9,10,12,14,29,11,8
"05-04-2011",9,9,8,6,6,11,38,57,72,57,32,24,20,17,20,16,13,15,30,25,62,78,59,16
"06-04-2011",10,6,5,5,6,7,16,28,24,20,22,21,17,22,19,15,18,19,13,15,14,17,15,10
"07-04-2011",8,6,6,8,10,11,70,176,197,102,50,27,20,11,14,11,12,12,9,16,18,24,23,36
"08-04-2011",65,42,14,13,13,55,112,445,263,207,114,65,43,51,22,16,12,15,10,12,9,11,10,16
"09-04-2011",7,5,6,6,6,6,13,26,19,17,16,20,14,14,13,14,7,7,9,7,9,8,8,8
"10-04-2011",5,5,5,5,3,4,6,7,7,7,8,9,9,8,7,7,6,9,9,6,10,8,9,7
"11-04-2011",4,4,4,4,7,5,17,35,19,14,12,13,11,11,9,8,9,10,9,9,10,7,11,6
"12-04-2011",5,5,5,6,14,20,103,119,160,72,38,30,17,14,11,10,8,10,8,14,10,17,54,12
"13-04-2011",9,6,8,5,6,8,33,66,418,123,69,39,15,11,12,12,9,11,8,6,6,7,7,7
"14-04-2011",6,5,4,4,5,6,13,23,20,12,14,10,13,13,13,13,11,11,12,8,11,9,9,5
"15-04-2011",5,6,5,6,6,11,30,83,140,60,21,16,14,13,14,13,17,15,12,9,13,9,15,31
"16-04-2011",11,10,6,5,5,6,13,31,23,21,8,10,11,15,12,14,14,26,14,11,18,17,10,7
"17-04-2011",14,12,5,7,6,5,10,12,11,6,6,6,8,7,6,6,7,9,9,8,11,9,12,11
"18-04-2011",6,5,5,5,5,5,20,49,31,48,36,30,26,29,29,22,21,19,19,29,22,11,7,11
"19-04-2011",16,8,6,6,11,10,63,177,82,94,34,21,16,15,14,14,9,10,11,9,10,9,13,16
"20-04-2011",8,7,8,7,8,10,138,409,643,335,103,54,41,41,23,10,11,10,14,20,15,10,11,10
"21-04-2011",6,6,4,4,5,5,13,19,33,22,20,13,11,10,9,9,9,11,9,12,21,10,7,6
"22-04-2011",8,8,5,5,4,6,13,12,23,15,11,8,7,8,7,7,9,7,8,13,10,8,8,6
"23-04-2011",7,6,6,5,5,4,6,8,16,15,9,10,7,10,9,9,6,7,7,10,8,9,9,8
"24-04-2011",10,18,7,5,5,5,5,9,13,10,8,9,7,5,6,6,5,5,6,7,8,7,5,12
"25-04-2011",8,7,8,7,5,4,10,9,17,10,7,8,7,7,6,6,6,9,8,7,8,8,12,6
"26-04-2011",6,6,4,4,5,6,13,34,42,28,20,15,13,27,15,9,11,11,13,13,21,9,23,16
"27-04-2011",9,6,8,7,9,10,46,33,62,39,15,13,7,8,27,26,11,33,24,23,31,27,27,23
"28-04-2011",11,9,6,7,5,8,21,134,87,42,40,19,27,26,23,11,10,10,23,13,11,15,14,20
"29-04-2011",18,24,14,9,8,14,40,55,65,43,44,21,13,13,12,9,11,10,10,11,12,17,11,22
"30-04-2011",71,33,17,13,25,9,47,124,93,47,27,17,15,10,9,10,8,8,9,8,13,9,8,7
"01-05-2011",6,7,23,10,6,6,8,8,24,12,12,13,7,8,8,8,6,9,10,11,15,18,10,13
"02-05-2011",11,6,6,6,7,10,158,286,197,84,29,20,12,8,10,9,11,10,12,16,10,10,30,22
"03-05-2011",10,8,6,6,9,10,22,104,59,23,32,15,29,23,21,17,21,21,13,16,26,42,56,31
"04-05-2011",14,9,7,6,7,8,53,132,197,117,41,26,16,14,13,9,15,14,16,18,14,17,16,8
"05-05-2011",7,7,6,6,5,6,15,29,23,14,35,29,24,24,23,20,16,13,20,13,11,10,7,8
"06-05-2011",5,5,4,4,4,5,18,17,18,22,9,8,10,13,11,10,12,12,12,11,14,13,7,6
"07-05-2011",11,11,7,7,7,12,20,27,47,31,12,8,9,8,9,9,8,8,9,6,11,13,8,10
"08-05-2011",10,7,6,12,8,16,24,36,46,27,18,14,10,9,8,8,8,6,7,6,5,8,6,5
"09-05-2011",5,4,5,4,5,4,4,9,8,10,12,9,7,8,8,29,27,22,15,18,27,37,20,21
"10-05-2011",13,19,12,9,14,46,200,357,150,81,39,27,19,22,14,13,11,12,11,19,32,83,35,14
"11-05-2011",12,14,8,7,16,25,101,117,87,68,34,31,50,25,17,18,18,13,16,10,18,28,11,7
"12-05-2011",7,7,6,7,30,35,68,181,161,87,47,24,17,27,24,37,42,30,25,21,51,58,153,70
"13-05-2011",32,36,18,13,14,15,22,61,53,41,23,18,12,13,13,13,13,9,12,8,13,27,16,19
"14-05-2011",14,13,20,11,41,34,162,209,74,62,27,14,14,9,9,10,8,7,9,10,12,10,8,22
"15-05-2011",35,14,15,15,10,13,11,16,24,14,11,9,10,8,7,7,8,7,9,8,10,11,10,20
"16-05-2011",17,12,9,12,38,16,47,130,92,46,28,25,15,14,11,12,14,13,11,11,18,24,18,10
"17-05-2011",10,9,6,6,7,12,31,71,76,12,8,7,6,6,5,5,5,6,6,15,7,6,12,10
"18-05-2011",6,6,6,7,8,12,47,62,85,24,12,8,9,13,16,10,8,7,11,15,11,9,15,13
"19-05-2011",13,8,8,8,9,8,19,52,73,51,35,29,20,23,28,21,23,20,24,21,24,122,38,76
"20-05-2011",65,26,17,52,33,45,297,259,239,99,66,35,24,24,13,12,10,16,13,15,28,131,20,38
"21-05-2011",52,20,36,19,32,22,102,99,98,39,32,21,10,13,7,13,7,9,8,11,10,13,48,23
"22-05-2011",18,14,13,15,13,17,26,40,25,24,24,13,9,6,6,8,5,7,7,10,11,13,86,48
"23-05-2011",18,16,13,13,15,12,12,34,24,64,50,15,8,8,9,11,9,11,11,9,11,19,13,17
"24-05-2011",15,11,13,13,14,18,26,84,82,73,35,15,10,8,6,8,8,8,10,8,17,61,16,13
"25-05-2011",10,10,12,16,27,42,117,63,83,60,28,16,9,13,10,12,10,15,12,13,12,11,19,14
"26-05-2011",20,7,6,7,11,16,44,150,111,39,20,13,7,8,5,5,7,10,8,12,14,22,14,7
"27-05-2011",8,6,8,8,13,16,26,66,93,51,19,18,16,17,11,17,10,14,12,13,17,16,15,17
"28-05-2011",12,15,14,17,16,17,49,66,43,37,22,14,11,9,9,9,11,8,8,8,9,11,12,24
"29-05-2011",14,13,12,11,12,11,9,15,12,19,11,11,6,9,7,7,8,9,8,8,11,13,18,14
"30-05-2011",13,10,8,9,13,16,64,132,78,39,19,19,28,13,15,12,10,7,9,9,11,7,13,10
"31-05-2011",8,6,7,8,10,26,45,134,70,48,42,24,17,11,13,10,13,9,10,10,17,10,15,12
"01-06-2011",14,15,12,11,18,20,91,100,82,36,24,16,8,8,9,14,15,10,8,9,10,13,16,13
"02-06-2011",12,10,10,10,26,34,65,103,197,63,31,18,12,11,7,23,26,13,14,12,15,55,16,39
"03-06-2011",29,33,53,43,63,59,189,164,86,29,18,7,10,11,17,15,22,17,13,17,26,26,30,18
"04-06-2011",19,17,16,24,17,13,15,31,40,26,19,12,11,11,10,7,7,8,10,9,10,9,14,10
"05-06-2011",11,10,17,26,12,23,14,26,20,20,15,8,6,6,6,5,5,5,5,7,10,10,30,15
"06-06-2011",20,15,14,12,7,6,11,63,59,28,15,10,13,8,10,8,8,11,11,8,10,8,13,16
"07-06-2011",13,11,9,7,8,18,24,109,72,27,21,11,11,9,8,8,6,8,9,9,8,18,13,13
"08-06-2011",9,10,12,10,8,8,37,66,62,37,16,10,11,10,9,16,9,11,6,7,8,11,15,19
"09-06-2011",16,10,8,9,10,27,48,104,184,39,23,13,11,16,9,9,8,7,20,9,13,13,240,48
"10-06-2011",14,11,9,5,5,6,13,21,18,13,14,12,13,10,10,12,10,12,9,8,11,14,11,8
"11-06-2011",5,6,5,4,5,5,7,10,12,7,11,10,10,11,12,9,7,7,8,7,8,8,9,5
"12-06-2011",5,4,6,5,8,5,6,6,9,7,8,9,7,7,7,6,6,6,10,7,15,31,19,19
"13-06-2011",19,10,5,5,5,5,9,9,10,8,8,7,7,6,6,7,6,6,8,10,12,19,17,17
"14-06-2011",24,22,14,11,13,17,88,106,48,18,11,13,10,13,15,6,6,7,12,8,7,16,7,6
"15-06-2011",6,6,6,7,5,5,9,16,17,16,12,10,12,8,13,11,6,11,9,13,15,14,20,12
"16-06-2011",10,9,6,5,5,6,11,51,110,62,29,16,16,11,9,13,10,9,8,7,16,10,10,9
"17-06-2011",7,6,7,8,8,42,173,225,101,73,37,29,11,9,8,10,7,9,10,10,13,15,17,42
"18-06-2011",22,16,16,9,8,40,142,62,44,40,20,15,7,7,9,7,6,6,8,7,9,9,9,10
"19-06-2011",11,11,10,11,13,11,26,19,19,26,11,6,7,6,5,5,5,4,6,5,5,10,8,9
"20-06-2011",18,10,9,10,16,47,119,30,18,22,10,11,15,15,12,9,10,8,12,10,8,10,12,8
"21-06-2011",7,5,5,5,8,8,15,50,19,14,13,17,10,10,9,12,8,9,8,9,14,16,13,15
"22-06-2011",14,11,10,18,10,12,21,26,43,30,16,10,6,9,9,8,9,7,9,10,10,15,13,13
"23-06-2011",17,12,10,10,10,11,53,100,140,64,22,17,9,7,9,9,8,13,9,12,15,16,36,19
"24-06-2011",19,12,8,7,9,16,89,30,59,45,17,9,9,9,13,8,10,-9999,-9999,15,16,17,9,8
"25-06-2011",15,33,12,8,8,7,10,16,17,8,11,7,-9999,-9999,-9999,9,8,8,8,8,-9999,-9999,8,9
"26-06-2011",8,6,5,4,5,4,5,7,6,6,6,7,9,12,6,6,7,7,8,6,6,8,7,7
"27-06-2011",6,5,5,6,5,6,15,25,21,12,11,12,15,13,13,9,11,9,10,7,7,12,8,6
"28-06-2011",6,5,4,4,5,6,14,24,22,19,14,11,14,-9999,-9999,11,10,11,10,9,10,12,10,7
"29-06-2011",5,6,6,5,4,6,14,19,16,16,10,17,10,10,9,14,15,12,10,12,12,11,10,11
"30-06-2011",8,6,6,6,11,31,75,118,106,48,50,21,11,13,13,8,10,9,10,11,9,10,11,15
"01-07-2011",19,10,9,11,16,22,69,22,18,10,14,12,14,12,12,15,11,9,10,10,12,10,7,8
"02-07-2011",7,4,4,4,5,5,6,9,10,12,14,11,9,9,10,9,9,6,6,6,10,6,8,7
"03-07-2011",6,7,7,7,10,12,15,23,11,9,9,7,7,6,7,7,6,6,7,6,7,18,14,12
"04-07-2011",9,6,7,7,10,22,33,96,68,30,20,14,19,13,10,14,8,9,9,7,7,7,8,17
"05-07-2011",20,10,6,8,8,27,88,38,48,34,24,12,8,9,9,9,11,9,8,7,10,9,10,23
"06-07-2011",11,8,5,8,6,18,73,71,34,14,10,14,11,13,12,12,10,8,9,10,10,7,7,6
"07-07-2011",6,5,13,5,6,12,101,186,60,30,33,15,10,10,9,9,12,8,10,8,11,20,11,12
"08-07-2011",12,9,7,6,6,18,63,216,107,39,22,13,8,8,13,13,8,8,9,8,14,22,14,11
"09-07-2011",11,21,12,11,8,7,7,19,33,29,13,14,8,7,8,6,6,8,9,8,13,10,10,22
"10-07-2011",14,14,11,7,6,7,14,24,24,18,9,8,7,5,5,4,4,5,5,5,7,16,42,10
"11-07-2011",11,7,7,8,13,10,71,114,26,20,16,16,12,8,8,7,6,7,7,8,11,14,24,21
"12-07-2011",18,11,11,8,7,9,55,95,36,24,15,11,9,8,6,8,7,7,9,7,15,12,11,9
"13-07-2011",11,7,8,8,9,8,20,34,66,25,9,7,7,5,8,7,7,6,7,14,12,13,7,8
"14-07-2011",18,10,9,10,13,21,159,111,57,17,9,7,7,7,7,7,7,8,8,10,7,8,7,7
"15-07-2011",8,14,10,9,13,13,22,33,83,24,13,8,8,8,11,12,9,11,7,15,9,12,8,9
"16-07-2011",7,8,8,7,7,7,20,36,26,16,6,9,9,8,8,8,6,7,9,7,8,7,6,8
"17-07-2011",11,7,6,8,7,7,7,10,12,10,5,7,5,4,6,4,6,5,7,5,6,7,14,12
"18-07-2011",9,8,6,10,6,7,35,108,52,25,19,10,8,9,7,9,7,7,8,8,11,9,12,11
"19-07-2011",8,8,8,11,8,18,31,51,41,25,12,6,7,5,7,7,7,7,7,9,10,9,7,15
"20-07-2011",7,7,11,5,6,12,23,57,92,44,22,7,7,10,11,9,9,9,6,8,11,15,14,19
"21-07-2011",7,6,5,6,6,17,51,38,22,29,15,10,11,10,10,10,10,10,11,8,17,26,36,22
"22-07-2011",23,10,10,12,12,16,76,76,92,30,23,14,8,8,9,10,8,9,9,8,9,13,9,7
"23-07-2011",6,13,8,8,11,10,12,35,17,14,14,11,9,10,14,8,6,7,7,8,7,8,8,8
"24-07-2011",7,7,7,6,6,5,9,7,16,14,11,6,6,4,5,5,5,5,5,6,8,8,9,6
"25-07-2011",7,8,11,9,9,15,21,36,29,27,10,9,9,7,7,8,7,7,7,7,7,8,7,8
"26-07-2011",8,6,6,8,6,8,18,28,32,26,16,15,9,8,10,8,7,8,8,11,10,7,5,6
"27-07-2011",6,7,7,8,8,19,42,47,21,17,30,13,10,10,9,10,14,8,9,8,7,6,6,10
"28-07-2011",20,7,7,7,6,10,39,27,56,48,39,11,8,6,9,7,8,9,8,8,15,10,10,17
"29-07-2011",16,10,12,10,10,18,96,161,37,33,17,10,10,8,10,7,10,11,8,9,9,9,10,14
"30-07-2011",8,8,11,8,7,7,23,26,24,23,9,11,9,10,11,8,6,6,7,8,7,9,6,6
"31-07-2011",5,4,5,4,5,5,6,12,7,8,9,7,6,7,6,5,5,6,6,7,6,8,8,12
"01-08-2011",7,7,6,7,7,10,14,58,53,28,19,11,14,7,10,6,9,7,13,9,8,10,13,17
"02-08-2011",15,15,15,17,18,30,66,35,35,33,19,15,11,11,12,6,7,10,8,7,9,12,10,9
"03-08-2011",8,6,8,8,8,9,23,29,24,23,20,13,11,11,14,11,11,10,9,11,19,14,12,23
"04-08-2011",26,23,16,13,14,27,32,103,92,30,18,10,9,7,9,7,8,7,10,8,11,12,11,9
"05-08-2011",9,11,9,8,10,13,51,53,29,26,16,12,6,8,7,7,7,8,8,9,10,12,15,11
"06-08-2011",13,12,13,14,14,13,23,67,41,27,17,9,8,7,9,8,6,5,7,6,9,7,10,7
"07-08-2011",8,13,11,9,8,9,15,13,15,12,7,7,5,5,5,4,4,5,7,8,8,7,8,8
"08-08-2011",6,6,8,8,9,8,21,73,46,26,13,11,7,9,8,6,7,9,9,9,13,10,8,8
"09-08-2011",12,17,14,8,11,10,65,193,101,37,19,7,7,9,7,6,5,7,9,7,9,9,13,10
"10-08-2011",14,9,8,6,6,10,53,51,25,25,14,12,12,10,12,12,11,9,9,9,10,10,7,8
"11-08-2011",7,5,6,6,7,7,17,15,29,17,15,13,10,11,11,10,12,11,10,9,11,11,9,9
"12-08-2011",7,5,5,5,5,5,8,12,16,19,13,11,10,11,9,8,12,9,9,8,9,13,8,10
"13-08-2011",17,9,12,16,18,14,13,24,43,32,20,11,15,8,6,7,7,5,5,6,9,9,8,11
"14-08-2011",7,7,7,6,6,9,16,38,32,27,13,8,6,5,5,5,5,5,6,6,10,7,9,11
"15-08-2011",12,7,5,8,7,6,10,16,17,11,11,9,4,5,5,5,5,5,5,7,11,7,7,8
"16-08-2011",9,8,8,7,12,32,77,153,85,80,30,12,11,8,7,5,7,6,7,6,8,13,27,13
"17-08-2011",13,9,10,9,14,35,64,104,109,43,15,10,8,6,7,6,6,6,7,7,8,12,12,18
"18-08-2011",9,8,7,6,7,9,10,52,30,11,13,11,6,7,7,7,6,6,9,12,10,9,8,12
"19-08-2011",9,9,7,8,7,10,39,16,31,10,16,11,8,8,7,7,6,6,10,8,10,8,6,6
"20-08-2011",13,8,6,7,7,6,13,21,23,11,12,7,9,10,7,8,5,6,6,8,10,9,15,10
"21-08-2011",11,7,8,7,7,5,6,6,7,7,8,8,5,10,5,8,5,6,6,10,7,10,20,10
"22-08-2011",10,6,5,5,8,8,19,27,26,13,11,10,11,8,8,7,8,6,7,8,10,7,8,24
"23-08-2011",11,8,7,7,6,7,10,54,31,23,23,13,7,9,8,6,6,6,8,9,10,13,14,8
"24-08-2011",6,8,8,10,16,11,76,52,101,31,20,13,8,8,8,8,10,7,8,11,18,19,33,31
"25-08-2011",7,7,6,6,6,29,51,18,150,27,15,17,7,7,7,7,5,7,7,9,14,20,26,22
"26-08-2011",24,7,7,7,7,7,9,18,20,16,7,6,8,8,8,6,7,9,12,8,7,10,8,11
"27-08-2011",9,8,6,7,7,10,12,10,9,14,8,8,7,8,9,8,16,7,6,8,13,8,12,7
"28-08-2011",13,14,8,7,8,6,10,7,9,7,9,11,7,9,6,6,6,6,7,9,8,14,32,21
"29-08-2011",12,8,9,7,8,16,38,95,85,51,24,12,11,9,10,8,7,8,10,10,7,7,10,11
"30-08-2011",10,8,6,7,7,8,33,140,207,59,40,14,10,11,9,7,11,7,7,12,12,9,9,9
"31-08-2011",13,6,6,6,6,8,10,14,33,28,21,18,15,10,10,9,11,9,7,9,8,14,8,24
"01-09-2011",14,11,9,7,14,23,149,291,158,54,51,26,11,11,8,7,8,14,9,11,14,20,21,40
"02-09-2011",13,11,10,8,18,48,191,344,217,78,48,26,12,10,10,8,8,9,9,27,17,23,23,15
"03-09-2011",8,13,9,13,16,32,36,51,36,11,13,11,10,11,15,9,8,10,10,8,7,8,8,16
"04-09-2011",11,11,7,6,6,5,7,7,8,15,8,8,6,8,6,7,5,5,7,13,10,10,7,6
"05-09-2011",11,7,8,6,6,16,21,81,119,63,42,11,7,-9999,-9999,-9999,-9999,-9999,-9999,-9999,-9999,-9999,-9999,-9999
"06-09-2011",-9999,-9999,-9999,-9999,-9999,-9999,-9999,-9999,-9999,-9999,-9999,-9999,-9999,-9999,-9999,-9999,-9999,-9999,-9999,-9999,-9999,-9999,-9999,-9999
"07-09-2011",-9999,-9999,-9999,-9999,-9999,-9999,-9999,-9999,-9999,-9999,-9999,-9999,-9999,-9999,-9999,-9999,-9999,-9999,-9999,-9999,-9999,-9999,-9999,-9999
"08-09-2011",-9999,-9999,-9999,-9999,-9999,-9999,-9999,-9999,-9999,-9999,-9999,-9999,-9999,-9999,-9999,-9999,-9999,-9999,-9999,-9999,-9999,-9999,-9999,-9999
"09-09-2011",49,50,58,73,73,85,109,228,266,147,115,72,44,29,15,11,9,9,10,9,14,67,40,34
"10-09-2011",27,24,22,25,25,20,27,38,37,38,24,17,12,14,13,10,6,8,13,15,20,16,16,21
"11-09-2011",27,29,28,27,28,31,46,51,43,41,38,28,18,11,7,6,6,6,9,11,11,17,18,33
"12-09-2011",32,41,33,29,25,25,50,98,124,70,74,36,23,13,9,7,8,8,10,13,16,16,15,17
"13-09-2011",34,18,20,20,22,33,79,151,189,128,62,32,20,13,12,6,7,8,9,14,11,18,11,7
"14-09-2011",9,13,11,12,11,27,98,444,215,89,66,54,28,15,9,9,14,11,12,14,17,51,29,12
"15-09-2011",8,7,10,15,36,29,211,463,363,174,101,42,39,19,9,7,8,11,11,15,14,16,14,18
"16-09-2011",12,10,12,13,20,55,162,233,236,170,91,47,31,19,10,10,8,10,15,22,55,38,21,19
"17-09-2011",14,18,12,10,13,31,44,79,176,194,58,30,16,10,9,9,7,11,14,18,34,28,49,22
"18-09-2011",12,7,7,9,22,26,19,47,89,38,26,13,7,6,5,6,6,8,8,9,15,12,13,14
"19-09-2011",8,7,7,7,10,10,13,28,35,23,16,10,13,11,9,9,9,10,9,11,10,8,13,8
"20-09-2011",8,7,6,5,9,8,13,15,13,27,14,10,10,8,7,9,5,5,6,5,4,4,4,4
"21-09-2011",6,4,5,5,6,12,21,42,39,18,10,17,16,15,15,27,36,17,10,9,13,12,14,20
"22-09-2011",10,8,8,6,7,11,28,28,26,23,20,16,15,15,14,15,13,18,33,32,20,52,19,49
"23-09-2011",42,14,11,10,9,15,98,86,102,31,35,22,12,15,10,13,14,12,19,33,188,96,65,36
"24-09-2011",102,31,34,32,32,64,48,117,135,63,29,16,12,11,11,9,9,9,13,14,19,85,82,27
"25-09-2011",20,19,17,15,14,22,13,10,22,20,16,14,8,7,7,6,8,7,10,11,14,20,13,11
"26-09-2011",9,7,6,6,6,12,21,37,25,36,25,18,10,11,10,10,9,8,10,11,14,14,16,13
"27-09-2011",10,11,8,7,7,11,17,34,99,44,18,16,16,14,20,9,11,11,13,12,11,27,28,16
"28-09-2011",28,15,10,7,6,6,47,46,78,59,45,27,21,13,13,8,17,10,10,9,7,8,9,7
"29-09-2011",14,8,12,12,18,85,146,389,218,116,80,45,26,19,13,8,11,15,17,20,24,55,62,71
"30-09-2011",31,9,5,6,6,6,9,36,35,21,13,11,18,14,8,8,9,8,10,15,8,6,6,6
"01-10-2011",8,5,7,5,10,10,18,39,27,30,22,17,13,35,15,11,8,8,10,15,14,13,8,17
"02-10-2011",23,12,12,12,20,18,22,50,47,33,14,10,8,10,9,10,9,7,11,8,12,28,147,32
"03-10-2011",17,11,7,6,5,6,17,32,41,-9999,-9999,-9999,-9999,-9999,-9999,-9999,-9999,-9999,-9999,-9999,-9999,-9999,-9999,-9999
"04-10-2011",-9999,-9999,-9999,-9999,-9999,-9999,-9999,-9999,-9999,-9999,-9999,-9999,-9999,-9999,-9999,-9999,-9999,-9999,-9999,-9999,-9999,-9999,-9999,-9999
"05-10-2011",-9999,-9999,-9999,-9999,-9999,-9999,-9999,-9999,-9999,-9999,-9999,-9999,-9999,-9999,-9999,-9999,-9999,-9999,-9999,-9999,-9999,-9999,-9999,-9999
"06-10-2011",-9999,-9999,-9999,-9999,-9999,-9999,-9999,-9999,-9999,-9999,-9999,-9999,-9999,-9999,-9999,-9999,-9999,-9999,-9999,-9999,-9999,-9999,-9999,-9999
"07-10-2011",-9999,-9999,-9999,-9999,-9999,-9999,-9999,-9999,-9999,-9999,-9999,-9999,-9999,-9999,-9999,-9999,-9999,-9999,-9999,-9999,-9999,-9999,-9999,-9999
"08-10-2011",-9999,-9999,-9999,-9999,-9999,-9999,-9999,-9999,-9999,-9999,-9999,-9999,-9999,-9999,-9999,-9999,-9999,-9999,-9999,-9999,-9999,-9999,-9999,-9999
"09-10-2011",-9999,-9999,-9999,-9999,-9999,-9999,-9999,-9999,-9999,-9999,-9999,-9999,-9999,-9999,-9999,-9999,-9999,-9999,-9999,-9999,-9999,-9999,-9999,-9999
"10-10-2011",-9999,-9999,-9999,-9999,-9999,-9999,-9999,-9999,-9999,-9999,-9999,-9999,-9999,-9999,-9999,-9999,-9999,-9999,-9999,-9999,-9999,-9999,-9999,-9999
"11-10-2011",-9999,-9999,-9999,-9999,-9999,-9999,-9999,-9999,-9999,-9999,-9999,-9999,-9999,-9999,-9999,-9999,-9999,-9999,-9999,-9999,-9999,-9999,-9999,-9999
"12-10-2011",-9999,-9999,-9999,-9999,-9999,-9999,-9999,-9999,-9999,-9999,-9999,-9999,-9999,-9999,-9999,-9999,-9999,-9999,-9999,-9999,-9999,-9999,-9999,-9999
"13-10-2011",-9999,-9999,-9999,-9999,-9999,-9999,-9999,-9999,-9999,-9999,-9999,-9999,-9999,-9999,-9999,-9999,-9999,-9999,-9999,-9999,-9999,-9999,-9999,-9999
"14-10-2011",-9999,-9999,-9999,-9999,-9999,-9999,-9999,-9999,-9999,-9999,-9999,-9999,-9999,-9999,-9999,-9999,-9999,-9999,-9999,-9999,-9999,-9999,-9999,-9999
"15-10-2011",-9999,-9999,-9999,-9999,-9999,-9999,-9999,-9999,-9999,-9999,-9999,-9999,-9999,-9999,-9999,-9999,-9999,-9999,-9999,-9999,-9999,-9999,-9999,-9999
"16-10-2011",-9999,-9999,-9999,-9999,-9999,-9999,-9999,-9999,-9999,-9999,-9999,-9999,-9999,-9999,-9999,-9999,-9999,-9999,-9999,-9999,-9999,-9999,-9999,-9999
"17-10-2011",-9999,-9999,-9999,-9999,-9999,-9999,-9999,-9999,-9999,-9999,-9999,-9999,-9999,-9999,-9999,-9999,-9999,-9999,-9999,-9999,-9999,-9999,-9999,-9999
"18-10-2011",-9999,-9999,-9999,-9999,-9999,-9999,-9999,-9999,-9999,-9999,-9999,-9999,-9999,-9999,-9999,-9999,-9999,-9999,-9999,-9999,-9999,-9999,-9999,-9999
"19-10-2011",-9999,-9999,-9999,-9999,-9999,-9999,-9999,-9999,-9999,-9999,-9999,-9999,-9999,-9999,-9999,-9999,-9999,-9999,-9999,-9999,-9999,-9999,-9999,-9999
"20-10-2011",-9999,-9999,-9999,-9999,-9999,-9999,-9999,-9999,-9999,-9999,-9999,-9999,-9999,-9999,-9999,-9999,-9999,-9999,-9999,-9999,-9999,-9999,-9999,-9999
"21-10-2011",-9999,-9999,-9999,-9999,-9999,-9999,-9999,-9999,-9999,-9999,-9999,-9999,-9999,-9999,-9999,-9999,-9999,-9999,-9999,-9999,-9999,-9999,-9999,-9999
"22-10-2011",-9999,-9999,-9999,-9999,-9999,-9999,-9999,-9999,-9999,-9999,-9999,-9999,-9999,-9999,-9999,-9999,-9999,-9999,-9999,-9999,-9999,-9999,-9999,-9999
"23-10-2011",-9999,-9999,-9999,-9999,-9999,-9999,-9999,-9999,-9999,-9999,-9999,-9999,-9999,-9999,-9999,-9999,-9999,-9999,-9999,-9999,-9999,-9999,-9999,-9999
"24-10-2011",-9999,-9999,-9999,-9999,-9999,-9999,-9999,-9999,-9999,-9999,-9999,-9999,-9999,-9999,-9999,-9999,-9999,-9999,-9999,-9999,-9999,-9999,-9999,-9999
"25-10-2011",-9999,-9999,-9999,-9999,-9999,-9999,-9999,-9999,-9999,-9999,-9999,-9999,-9999,-9999,-9999,-9999,-9999,-9999,-9999,-9999,-9999,-9999,-9999,-9999
"26-10-2011",-9999,-9999,-9999,-9999,-9999,-9999,-9999,-9999,-9999,-9999,-9999,-9999,-9999,-9999,-9999,-9999,-9999,-9999,-9999,-9999,-9999,-9999,-9999,-9999
"27-10-2011",-9999,-9999,-9999,-9999,-9999,-9999,-9999,-9999,-9999,-9999,-9999,-9999,-9999,-9999,-9999,-9999,-9999,-9999,-9999,-9999,-9999,-9999,-9999,-9999
"28-10-2011",-9999,-9999,-9999,-9999,-9999,-9999,-9999,-9999,-9999,-9999,-9999,-9999,-9999,-9999,-9999,-9999,-9999,-9999,-9999,-9999,-9999,-9999,-9999,-9999
"29-10-2011",-9999,-9999,-9999,-9999,-9999,-9999,-9999,-9999,-9999,-9999,-9999,-9999,-9999,-9999,-9999,-9999,-9999,-9999,-9999,-9999,-9999,-9999,-9999,-9999
"30-10-2011",-9999,-9999,-9999,-9999,-9999,-9999,-9999,-9999,-9999,-9999,-9999,-9999,-9999,-9999,-9999,-9999,-9999,-9999,-9999,-9999,-9999,-9999,-9999,-9999
"31-10-2011",-9999,-9999,-9999,-9999,-9999,-9999,-9999,-9999,-9999,-9999,-9999,-9999,-9999,-9999,-9999,-9999,-9999,-9999,-9999,-9999,-9999,-9999,-9999,-9999
"01-11-2011",-9999,-9999,-9999,-9999,-9999,-9999,-9999,-9999,-9999,-9999,-9999,-9999,-9999,-9999,-9999,-9999,-9999,-9999,-9999,-9999,-9999,-9999,-9999,-9999
"02-11-2011",-9999,-9999,-9999,-9999,-9999,-9999,-9999,-9999,-9999,-9999,-9999,-9999,-9999,-9999,-9999,-9999,-9999,-9999,-9999,-9999,-9999,-9999,-9999,-9999
"03-11-2011",-9999,-9999,-9999,-9999,-9999,-9999,-9999,-9999,-9999,-9999,-9999,96,45,31,20,22,33,74,477,100,49,24,16,10
"04-11-2011",9,10,8,9,17,83,129,253,404,324,201,119,55,25,19,20,29,43,70,159,92,31,18,12
"05-11-2011",9,8,8,8,16,32,64,53,188,200,96,43,36,26,24,19,17,114,93,51,35,20,13,11
"06-11-2011",12,10,24,8,9,9,9,29,44,65,49,31,16,11,11,14,22,113,120,34,20,16,13,12
"07-11-2011",10,8,8,7,7,13,33,32,18,12,14,14,36,126,103,102,87,95,66,75,91,182,175,77
"08-11-2011",90,74,29,21,14,13,21,62,79,59,41,58,83,59,58,65,57,94,91,81,64,68,41,31
"09-11-2011",25,23,61,27,27,162,91,97,247,67,65,43,35,39,33,26,34,45,155,138,120,115,98,169
"10-11-2011",75,66,66,22,45,110,156,346,375,138,111,48,70,67,36,39,36,67,32,40,52,32,16,15
"11-11-2011",11,10,8,7,9,10,18,23,24,16,14,17,15,17,17,13,16,17,13,14,14,12,13,8
"12-11-2011",7,7,7,6,6,8,9,12,11,21,27,27,25,36,47,42,28,28,48,37,39,97,159,159
"13-11-2011",73,56,36,16,16,17,10,17,18,31,20,19,17,17,16,18,23,16,21,16,17,27,11,13
"14-11-2011",17,11,8,7,7,11,48,94,67,106,58,50,45,40,35,38,63,97,89,29,17,29,15,15
"15-11-2011",10,8,7,8,11,34,53,63,44,31,33,32,16,20,27,24,98,139,264,101,60,41,29,15
"16-11-2011",11,9,8,9,17,53,82,374,411,411,180,89,38,25,24,38,51,138,165,87,153,83,55,81
"17-11-2011",72,29,29,13,11,47,39,36,222,203,176,120,60,37,29,26,33,301,99,46,36,27,18,14
"18-11-2011",10,9,8,30,26,281,180,260,357,220,146,76,38,32,31,27,33,264,153,84,64,97,78,24
"19-11-2011",13,17,63,23,28,29,19,179,456,249,90,63,39,26,25,34,45,76,115,70,31,17,13,12
"20-11-2011",18,15,11,24,39,16,31,122,308,217,85,66,54,23,32,14,19,316,206,88,54,62,32,21
"21-11-2011",53,24,15,9,51,54,475,331,635,245,178,104,91,68,44,29,58,364,236,68,130,35,18,31
"22-11-2011",19,8,10,16,29,90,252,521,569,565,243,181,115,72,57,62,126,613,491,256,314,201,102,39
"23-11-2011",39,19,13,12,11,46,246,280,240,310,134,62,68,143,179,210,239,243,222,160,229,180,178,106
"24-11-2011",117,74,17,10,11,13,22,28,21,16,13,13,14,29,49,69,99,116,99,114,222,248,161,79
"25-11-2011",23,16,9,7,7,8,17,28,35,31,27,20,18,40,40,57,84,127,119,44,29,32,17,13
"26-11-2011",11,10,9,8,9,9,13,26,34,41,51,43,30,30,34,31,29,57,36,27,20,17,12,10
"27-11-2011",10,8,8,10,9,10,15,11,20,18,14,15,14,16,15,20,24,61,50,77,118,56,19,33
"28-11-2011",73,17,64,79,28,184,339,-9999,-9999,521,305,93,56,53,40,51,147,264,251,475,267,233,168,91
"29-11-2011",131,21,12,11,12,10,16,31,103,248,189,77,41,36,65,97,151,148,142,33,17,27,17,32
"30-11-2011",49,29,20,13,9,204,306,642,241,557,153,111,86,66,42,42,273,338,315,283,257,227,202,175
"01-12-2011",154,102,50,133,169,445,465,-9999,-9999,522,292,186,146,95,59,56,100,429,384,185,77,98,195,182
"02-12-2011",115,98,38,16,13,15,349,448,-9999,-9999,523,209,98,64,47,56,146,365,186,108,420,232,110,200
"03-12-2011",154,58,33,28,31,147,356,529,363,262,128,84,38,38,41,26,40,368,181,100,201,202,68,61
"04-12-2011",118,182,26,25,24,37,100,106,193,144,65,46,36,20,20,24,28,143,401,87,54,62,35,31
"05-12-2011",36,27,22,12,29,51,222,336,194,131,112,93,74,69,93,66,131,213,148,113,153,132,312,344
"06-12-2011",430,191,136,203,228,141,200,270,444,134,191,201,256,137,196,163,196,111,83,168,226,477,127,123
"07-12-2011",51,89,25,21,25,57,300,649,555,464,124,66,40,37,46,34,30,34,32,18,22,16,20,15
"08-12-2011",43,30,19,10,30,58,307,600,538,509,273,213,103,100,40,25,19,27,18,15,18,17,11,11
"09-12-2011",9,10,7,7,9,13,40,156,200,122,91,50,29,31,41,34,69,543,428,191,131,139,55,82
"10-12-2011",36,12,10,29,63,68,239,314,347,283,195,97,71,64,46,66,108,146,210,201,185,59,22,15
"11-12-2011",39,47,50,26,10,12,36,98,95,176,125,51,45,45,47,55,100,214,209,392,304,461,455,467
"12-12-2011",327,78,34,57,67,17,22,234,219,253,478,294,287,197,99,130,186,283,284,365,179,270,168,172
"13-12-2011",156,119,42,28,48,17,34,53,152,251,134,50,56,57,61,70,92,133,97,126,229,278,140,65
"14-12-2011",126,152,92,76,58,116,219,393,570,351,351,248,219,249,163,173,164,144,184,236,202,149,64,93
"15-12-2011",109,82,51,56,65,135,275,602,573,539,297,249,61,39,63,38,72,190,461,273,321,204,100,35
"16-12-2011",28,21,14,13,36,56,91,129,183,-9999,-9999,-9999,34,42,40,47,89,271,288,340,263,143,104,116
"17-12-2011",52,30,15,10,15,8,12,13,13,12,13,18,22,19,26,38,44,68,173,142,54,32,29,12
"18-12-2011",12,12,12,6,7,14,7,8,18,19,16,20,19,25,21,14,32,124,34,46,27,17,22,10
"19-12-2011",8,5,4,4,5,14,27,38,84,67,64,66,80,58,33,72,136,109,170,115,98,93,44,77
"20-12-2011",49,27,23,23,31,38,96,205,271,195,149,117,74,65,79,55,122,143,85,59,35,31,19,22
"21-12-2011",10,6,6,7,13,20,154,697,-9999,409,217,82,62,56,24,73,111,120,67,116,28,18,16,8
"22-12-2011",8,9,4,4,10,9,25,33,24,20,17,16,21,20,23,21,18,19,18,18,16,14,14,9
"23-12-2011",7,6,8,7,6,6,13,24,34,30,30,23,27,29,23,23,18,21,16,19,24,22,13,10
"24-12-2011",9,6,5,4,6,5,6,12,19,22,35,27,23,23,28,24,24,45,34,38,12,12,20,25
"25-12-2011",20,8,39,52,51,14,18,19,10,17,21,17,10,10,11,12,26,23,115,61,48,35,18,19
"26-12-2011",5,5,5,4,5,8,7,15,25,9,10,16,15,12,21,16,23,30,63,61,76,166,188,185
"27-12-2011",214,122,23,26,63,51,50,40,169,62,37,38,41,43,32,40,34,41,104,247,211,191,151,194
"28-12-2011",74,66,41,23,23,63,98,228,492,223,98,58,44,44,37,28,42,100,237,279,289,326,245,94
"29-12-2011",98,67,67,61,70,57,172,264,341,486,292,171,106,82,69,75,57,380,598,314,236,243,158,314
"30-12-2011",261,150,70,142,180,171,369,445,451,442,322,220,249,298,324,232,250,258,326,378,282,118,115,105
"31-12-2011",76,29,18,16,29,16,17,20,23,28,31,28,23,23,30,22,25,19,14,12,11,11,10,-9999
