"01-01-2010",15.76,16.19,13.29,11.04,10.04,10.21,9.52,9.56,8.70,9.91,5.88,2.03,3.72,3.76,3.33,5.54,3.33,4.11,3.54,5.06,9.78,9.69,6.53,6.27
"02-01-2010",3.54,1.77,1.77,1.55,0.90,1.08,1.20,1.90,1.29,1.12,2.81,2.94,4.76,5.06,3.76,2.94,3.33,3.80,3.41,4.32,3.54,4.58,3.89,5.49
"03-01-2010",4.02,3.37,4.32,2.50,2.68,3.28,2.59,2.42,2.72,2.81,2.89,2.68,3.50,3.24,2.76,2.59,3.72,4.67,2.94,3.80,4.50,5.19,3.98,4.37
"04-01-2010",3.50,3.80,4.37,2.38,1.29,1.90,2.68,2.38,2.16,2.20,2.55,2.63,4.71,3.67,6.36,2.94,1.68,1.68,1.08,1.81,2.07,1.60,1.46,0.99
"05-01-2010",1.16,1.94,1.72,0.73,1.20,2.24,4.76,3.85,5.67,10.52,3.63,7.79,7.48,3.89,3.46,2.98,3.37,2.63,-9999,3.85,3.11,2.89,1.98,1.25
"06-01-2010",0.99,0.99,0.69,0.60,0.51,0.51,0.60,0.60,0.69,0.86,0.99,1.08,0.82,0.90,1.29,0.86,1.38,1.03,1.55,2.07,2.16,1.77,1.42,1.20
"07-01-2010",0.99,1.03,1.03,0.77,0.73,0.90,1.16,1.20,2.07,3.20,2.85,3.76,4.89,4.58,5.71,4.50,4.19,5.10,6.27,11.99,10.99,18.44,17.31,13.81
"08-01-2010",9.95,6.14,5.62,4.50,4.89,6.10,6.53,8.22,10.43,14.80,9.52,6.06,6.32,8.48,5.93,7.74,6.36,5.75,5.97,5.62,9.91,5.32,3.15,3.50
"09-01-2010",1.29,2.24,1.29,1.42,1.68,2.12,3.37,2.63,2.03,4.63,4.32,5.15,2.85,2.59,2.20,3.37,1.77,1.72,1.64,1.98,2.85,3.20,1.55,2.89
"10-01-2010",2.50,1.64,1.51,3.50,3.37,3.54,3.76,4.15,3.50,3.54,4.50,3.02,3.98,3.67,5.06,2.76,2.81,2.72,4.58,4.50,4.45,3.89,4.32,5.19
"11-01-2010",2.42,2.98,1.42,0.90,1.86,1.16,2.03,8.74,9.87,7.70,5.36,4.93,5.71,7.35,8.05,10.86,7.96,8.22,8.65,9.35,7.87,8.44,6.40,5.15
"12-01-2010",4.58,3.11,2.50,2.07,1.81,2.63,4.93,5.02,7.87,9.95,8.35,9.35,6.66,9.82,9.82,9.61,7.66,11.17,9.04,8.48,14.02,15.71,8.74,8.18
"13-01-2010",5.88,4.84,3.98,2.89,3.98,2.03,3.41,7.18,7.57,9.91,7.66,4.67,7.18,7.79,9.35,11.12,10.17,10.34,2.98,1.51,1.72,3.07,5.97,3.50
"14-01-2010",2.89,2.16,1.42,1.03,0.86,0.95,1.51,1.98,3.80,3.80,3.72,4.15,1.90,2.85,4.58,4.06,3.24,4.06,3.41,4.84,3.67,5.36,3.46,2.24
"15-01-2010",5.41,4.97,2.16,1.64,1.81,1.34,2.72,5.62,4.89,6.62,6.66,6.23,9.78,6.32,2.55,3.98,3.67,5.54,3.20,3.80,3.67,2.12,2.72,1.98
"16-01-2010",1.42,1.29,1.08,1.16,1.12,0.86,1.29,1.03,1.29,1.64,1.64,1.68,2.42,2.42,2.12,2.24,2.42,2.33,2.03,1.86,1.98,1.51,1.64,1.86
"17-01-2010",1.42,1.20,1.08,2.33,1.38,1.12,1.03,1.16,1.42,1.38,1.64,2.03,2.38,1.77,1.72,1.72,1.64,1.81,1.81,3.02,3.37,4.58,5.54,5.45
"18-01-2010",4.58,4.67,3.59,4.06,1.90,3.24,3.24,7.61,10.43,7.53,10.04,6.45,4.84,7.01,7.14,9.78,8.00,6.79,5.19,5.10,5.23,7.70,4.58,3.93
"19-01-2010",4.89,2.89,2.07,2.12,3.37,2.85,3.76,7.09,10.47,13.37,8.35,9.09,9.39,8.31,8.48,6.01,2.81,5.32,5.49,5.54,4.84,2.76,4.11,6.10
"20-01-2010",3.89,2.85,2.38,1.94,1.94,1.81,5.19,7.57,8.35,11.81,4.24,6.53,7.40,5.28,8.05,6.53,7.53,7.31,5.93,4.89,5.06,7.87,9.04,9.22
"21-01-2010",8.48,8.52,7.27,6.79,10.52,5.45,8.39,10.52,-9999,19.26,14.37,6.70,8.18,-9999,2.68,2.03,1.90,1.72,2.03,1.98,3.11,4.02,3.54,3.20
"22-01-2010",2.89,1.12,1.20,0.90,0.77,0.77,1.86,3.54,5.49,4.02,3.89,4.67,3.02,4.50,2.42,2.42,2.42,2.89,2.98,2.42,2.12,2.63,2.81,2.38
"23-01-2010",3.15,2.42,2.07,2.24,1.55,1.55,1.90,2.89,2.55,3.20,2.89,3.98,3.80,4.58,3.11,3.50,3.37,4.41,4.37,3.59,2.42,2.03,2.76,3.46
"24-01-2010",3.11,2.98,2.85,1.81,1.86,2.12,3.63,2.68,2.03,2.03,2.89,4.58,2.50,2.68,2.20,2.50,1.90,3.50,3.46,3.28,3.37,3.54,2.59,2.03
"25-01-2010",1.94,1.72,1.64,-9999,-9999,-9999,-9999,-9999,-9999,-9999,-9999,-9999,-9999,-9999,-9999,-9999,-9999,-9999,-9999,-9999,-9999,-9999,-9999,-9999
"26-01-2010",-9999,-9999,-9999,-9999,-9999,-9999,-9999,-9999,-9999,-9999,-9999,-9999,-9999,-9999,-9999,-9999,-9999,-9999,-9999,-9999,-9999,-9999,-9999,-9999
"27-01-2010",-9999,-9999,-9999,-9999,-9999,-9999,-9999,-9999,-9999,-9999,-9999,3.02,4.71,3.63,3.98,4.32,3.85,5.97,3.89,3.93,4.93,4.32,3.33,2.85
"28-01-2010",4.71,3.33,2.55,2.76,2.33,3.20,3.72,5.62,6.27,8.83,7.01,10.17,8.70,8.74,7.87,9.78,11.30,8.52,6.88,9.91,11.17,12.20,9.74,9.78
"29-01-2010",8.09,7.53,8.44,6.49,4.89,5.67,10.08,14.37,13.50,7.14,8.87,13.24,9.09,6.44,9.13,5.58,5.97,6.49,9.00,9.34,14.02,14.93,14.37,13.76
"30-01-2010",11.81,12.81,9.09,9.86,5.80,8.44,10.99,10.39,12.68,11.03,8.31,7.31,7.01,7.05,7.61,6.23,6.62,6.14,8.87,10.30,11.12,9.99,6.44,6.83
"31-01-2010",8.91,5.28,2.89,2.85,2.07,3.80,3.67,4.37,-9999,4.24,4.32,4.28,5.23,3.72,3.72,4.80,3.98,4.58,4.93,5.19,4.06,4.58,5.49,5.28
"01-02-2010",6.05,4.28,1.64,1.34,1.16,1.08,4.06,5.58,7.01,8.09,6.36,5.79,8.00,5.54,4.93,5.23,6.92,7.70,9.09,8.83,13.24,8.74,7.09,6.40
"02-02-2010",6.83,6.40,2.50,1.77,1.29,0.69,3.54,4.37,3.59,5.66,3.63,4.71,3.24,3.89,4.50,6.40,5.14,4.58,7.40,7.09,6.14,4.50,3.33,2.94
"03-02-2010",2.12,1.81,1.12,0.95,0.90,0.95,2.59,3.11,-9999,6.31,6.96,3.02,5.54,4.58,5.36,8.13,6.06,6.75,5.02,7.35,6.36,4.97,6.23,13.50
"04-02-2010",13.63,13.29,13.63,8.52,7.09,6.06,8.83,11.21,19.22,14.50,11.55,8.83,7.83,9.00,6.05,4.76,6.62,8.35,6.96,3.76,9.99,13.16,12.03,17.23
"05-02-2010",17.44,17.40,8.78,12.64,10.30,-9999,14.07,15.24,13.63,16.32,6.10,7.61,7.44,3.41,4.15,1.90,1.72,1.64,2.33,4.41,9.26,5.62,5.28,3.54
"06-02-2010",2.76,2.98,2.20,3.37,4.15,3.15,6.19,5.71,6.66,4.58,3.46,3.28,3.37,2.12,1.98,2.50,1.34,2.50,1.60,1.46,1.46,1.46,1.51,1.94
"07-02-2010",1.94,2.33,2.38,1.94,1.20,0.64,1.64,2.50,3.07,4.28,4.93,5.67,3.67,1.98,-9999,2.42,2.29,2.33,4.11,6.23,6.75,5.28,6.14,7.36
"08-02-2010",3.50,3.63,5.84,5.67,4.41,3.67,3.24,4.41,3.98,9.96,7.10,6.75,6.49,-9999,8.57,9.13,6.75,8.65,7.57,2.85,4.76,3.24,3.11,3.85
"09-02-2010",2.89,1.72,1.90,2.33,1.42,2.85,4.84,4.06,7.35,9.69,8.18,8.39,7.35,7.96,8.31,10.60,7.57,6.79,6.53,3.07,1.64,1.81,1.42,1.42
"10-02-2010",1.81,2.68,1.72,1.03,0.99,0.73,1.51,-9999,2.33,4.02,2.24,1.34,1.12,1.90,1.60,1.51,0.73,0.86,1.20,0.94,0.64,0.90,0.73,1.03
"11-02-2010",3.33,1.68,1.46,2.37,2.20,2.37,2.85,8.74,9.21,7.65,8.39,5.54,5.02,4.93,4.58,5.32,7.01,6.92,6.27,10.43,8.57,10.52,5.19,5.23
"12-02-2010",5.02,3.28,3.11,2.42,1.90,3.11,6.32,8.26,6.06,10.91,8.44,6.49,5.41,5.54,4.80,2.81,1.77,1.98,2.16,5.62,3.11,3.89,3.15,3.63
"13-02-2010",2.68,3.46,2.33,2.55,2.46,2.29,3.59,5.10,4.15,4.84,3.24,3.02,3.07,3.93,3.80,6.14,4.75,4.63,5.62,5.40,4.71,4.93,5.49,3.24
"14-02-2010",4.71,3.63,4.02,4.63,5.19,4.41,5.79,5.19,3.67,3.28,5.49,4.80,4.93,6.05,3.89,3.67,3.28,3.15,4.67,6.05,5.53,9.39,5.40,6.10
"15-02-2010",7.09,3.59,2.16,1.90,2.16,1.59,2.20,1.68,1.72,2.46,1.59,3.24,3.46,3.24,2.42,3.63,2.72,2.85,5.58,5.71,5.58,4.58,7.78,4.58
"16-02-2010",4.32,4.63,4.84,3.98,4.19,5.32,7.01,11.16,10.99,14.06,-9999,9.91,8.87,7.87,9.00,-9999,7.22,8.39,7.70,5.88,9.30,8.30,8.74,7.66
"17-02-2010",6.57,4.15,4.50,2.37,2.37,2.33,3.85,6.88,11.42,10.60,9.91,7.14,-9999,-9999,4.37,4.76,4.11,4.84,6.31,6.49,7.44,7.87,7.09,5.79
"18-02-2010",4.93,4.50,3.37,1.81,1.90,2.11,3.67,6.66,7.31,6.75,6.79,6.40,5.62,5.36,5.06,5.14,4.80,5.45,7.40,8.74,8.48,7.48,4.93,2.50
"19-02-2010",3.15,2.89,1.64,1.29,1.29,1.85,4.54,5.79,9.99,9.69,9.43,10.30,9.99,6.79,5.36,7.01,5.45,5.10,6.79,3.54,2.16,4.41,3.28,3.72
"20-02-2010",3.07,2.33,2.50,2.03,1.77,1.77,2.37,3.24,6.14,7.05,6.75,5.88,4.58,3.80,3.63,3.54,3.20,2.76,1.64,1.81,1.55,1.64,1.03,1.72
"21-02-2010",2.59,2.24,2.03,1.90,1.68,-9999,-9999,-9999,-9999,-9999,-9999,-9999,-9999,-9999,-9999,-9999,-9999,-9999,-9999,-9999,-9999,-9999,-9999,-9999
"22-02-2010",-9999,-9999,-9999,-9999,-9999,-9999,-9999,-9999,-9999,-9999,-9999,-9999,-9999,-9999,-9999,-9999,-9999,-9999,-9999,-9999,-9999,-9999,-9999,-9999
"23-02-2010",-9999,-9999,-9999,-9999,-9999,-9999,-9999,-9999,-9999,-9999,-9999,8.57,8.09,8.05,6.01,4.11,3.20,2.50,5.54,6.57,10.47,7.44,3.46,2.89
"24-02-2010",3.20,5.23,5.79,4.89,5.19,3.98,6.53,13.50,12.64,7.22,9.09,7.70,7.35,8.31,7.27,7.14,6.27,8.09,7.87,8.65,7.87,7.61,5.97,3.37
"25-02-2010",2.63,3.20,2.68,1.34,1.20,1.94,3.59,7.44,9.13,4.41,5.62,5.32,5.45,4.80,5.45,7.53,5.71,8.13,7.31,11.42,8.70,9.17,6.83,5.19
"26-02-2010",3.72,4.06,3.50,2.16,1.98,2.81,4.80,8.65,10.26,10.82,7.70,6.92,6.66,7.40,6.14,6.18,7.27,4.84,5.28,4.97,4.84,6.57,5.23,5.62
"27-02-2010",5.14,5.54,3.41,4.37,2.29,3.15,-9999,4.24,4.71,6.79,4.24,3.89,4.76,3.80,4.89,3.15,5.54,4.84,4.84,4.28,4.58,4.50,3.11,2.68
"28-02-2010",1.64,1.81,1.55,-9999,1.16,1.25,1.16,1.25,2.29,1.34,4.84,-9999,3.80,3.72,3.67,3.02,3.37,5.45,7.18,6.75,5.75,4.93,5.49,4.84
"01-03-2010",3.20,4.06,2.37,2.68,1.81,3.93,7.61,8.31,10.56,9.69,9.60,8.74,8.35,9.47,6.49,7.96,6.96,10.17,10.69,8.52,9.39,7.57,8.91,10.90
"02-03-2010",9.86,11.86,9.99,9.26,6.23,5.88,8.82,13.59,16.79,12.81,8.91,7.96,8.09,5.58,6.57,7.27,6.05,7.83,9.60,7.18,7.01,7.44,5.88,5.49
"03-03-2010",3.41,3.72,3.46,1.46,1.03,1.34,2.42,4.06,2.63,6.49,4.41,4.58,3.24,3.33,5.62,4.84,7.35,4.41,1.55,2.46,1.72,9.04,8.22,3.98
"04-03-2010",4.32,4.93,3.15,1.98,2.42,3.07,3.37,2.89,6.92,-9999,5.32,2.37,3.98,3.41,5.14,2.98,5.62,7.27,7.53,11.38,12.64,9.26,5.97,3.93
"05-03-2010",4.71,3.85,3.20,2.16,2.16,-9999,3.54,9.47,11.25,11.60,6.88,4.58,5.45,5.92,5.45,5.19,5.62,6.49,4.84,7.70,6.75,8.31,5.49,5.02
"06-03-2010",3.85,9.78,2.50,2.07,1.98,3.37,4.15,5.10,4.84,5.36,5.28,4.06,6.10,6.18,6.40,5.58,3.63,3.37,-9999,3.02,2.37,5.19,3.28,3.37
"07-03-2010",2.46,-9999,1.08,1.72,0.94,1.12,1.55,1.03,1.34,2.20,2.37,2.07,2.03,1.64,2.50,2.68,2.11,2.33,1.90,1.72,2.50,2.37,1.98,1.20
"08-03-2010",1.08,1.12,0.82,0.60,0.77,0.69,0.86,1.29,1.46,2.07,2.29,3.11,3.98,4.06,2.55,3.02,4.15,3.67,2.42,3.28,3.07,2.63,1.86,1.72
"09-03-2010",3.24,3.07,1.55,1.98,1.12,1.72,3.85,6.06,7.96,6.92,4.89,6.27,6.62,5.88,4.84,4.06,5.28,1.77,1.42,1.81,3.15,2.33,2.20,2.12
"10-03-2010",1.72,1.38,0.82,0.86,1.20,1.34,1.03,3.07,3.02,3.20,2.12,2.81,2.07,3.15,2.63,3.37,3.67,2.42,2.81,2.81,2.50,3.72,2.42,3.20
"11-03-2010",2.12,1.42,1.38,2.24,2.29,2.33,3.67,5.58,7.40,10.13,7.96,6.23,6.58,5.28,5.41,6.19,5.54,5.54,6.79,9.69,7.66,6.57,7.27,5.23
"12-03-2010",4.06,4.28,2.24,1.68,2.24,1.81,5.10,9.61,9.35,8.22,7.18,6.23,5.23,5.92,5.41,5.49,6.44,5.23,5.71,5.58,6.66,5.97,4.63,6.14
"13-03-2010",4.32,4.24,3.54,1.64,2.63,2.55,4.15,4.15,5.54,5.19,4.67,4.15,4.80,5.32,7.05,8.05,5.19,3.72,-9999,5.10,5.71,-9999,2.24,4.54
"14-03-2010",4.67,3.50,1.90,1.51,1.68,1.03,1.38,1.72,1.51,2.24,1.03,1.34,1.81,3.28,1.98,1.94,2.12,1.64,3.11,3.11,4.80,4.63,3.80,4.32
"15-03-2010",2.24,2.07,1.98,1.51,1.42,1.20,2.76,6.96,7.09,3.67,7.57,6.01,6.58,4.63,5.23,5.88,6.49,4.28,3.59,5.80,7.48,7.01,6.62,4.50
"16-03-2010",4.07,3.72,3.33,1.77,1.60,2.16,3.72,8.27,8.31,5.54,5.75,8.70,4.58,5.49,3.63,1.81,0.90,1.29,1.20,1.55,4.45,-9999,8.57,7.96
"17-03-2010",7.44,4.41,2.76,2.55,2.94,4.37,6.40,10.78,10.90,10.99,5.88,4.45,5.32,4.76,3.93,6.18,3.67,4.63,2.33,3.46,5.10,5.14,4.06,1.90
"18-03-2010",1.34,1.12,1.03,1.03,1.20,1.42,3.76,4.76,7.05,4.02,2.46,4.32,3.41,3.76,4.02,4.41,4.41,6.10,5.45,6.79,-9999,6.49,5.02,3.20
"19-03-2010",6.75,4.45,4.93,3.85,3.76,4.80,6.66,11.21,11.42,8.52,6.92,3.76,6.53,6.14,6.27,6.62,6.14,8.39,2.81,2.76,7.57,6.83,7.18,7.14
"20-03-2010",5.19,6.40,4.84,6.96,6.05,-9999,-9999,-9999,-9999,-9999,-9999,-9999,-9999,-9999,-9999,-9999,-9999,-9999,-9999,-9999,-9999,-9999,-9999,-9999
"21-03-2010",-9999,-9999,-9999,-9999,-9999,-9999,-9999,-9999,-9999,-9999,-9999,-9999,-9999,-9999,-9999,-9999,-9999,-9999,-9999,-9999,-9999,-9999,-9999,-9999
"22-03-2010",-9999,-9999,-9999,-9999,-9999,-9999,-9999,-9999,-9999,-9999,-9999,6.96,6.40,6.40,5.54,6.40,7.96,7.14,8.39,6.92,8.22,7.05,5.23,4.58
"23-03-2010",6.05,4.71,3.63,3.89,3.63,4.45,9.04,10.25,12.20,11.25,9.48,7.70,9.26,7.70,8.48,8.87,7.27,3.28,2.11,2.24,5.06,10.04,6.40,4.97
"24-03-2010",3.98,3.15,2.24,3.20,3.07,3.28,4.02,3.98,3.93,6.40,3.63,5.66,5.97,6.36,6.44,6.88,7.18,5.54,6.57,6.01,7.31,8.09,7.09,5.19
"25-03-2010",3.80,2.50,1.55,2.33,2.16,1.29,1.38,2.81,1.85,1.38,1.16,3.89,3.28,2.68,0.81,1.55,1.12,2.37,3.11,3.54,3.24,2.24,1.51,1.85
"26-03-2010",3.54,1.90,1.68,1.03,0.94,2.94,-9999,3.15,4.41,7.05,6.75,2.85,1.29,2.46,4.71,5.10,-9999,4.41,5.41,9.04,6.31,4.41,1.90,4.76
"27-03-2010",2.11,2.63,3.24,2.37,1.90,3.24,5.32,8.65,9.09,5.41,6.27,6.66,8.65,4.93,6.79,7.05,4.41,5.97,9.09,6.70,8.78,7.70,5.79,5.32
"28-03-2010",3.72,4.32,4.32,3.07,2.76,3.07,3.50,1.68,1.12,2.12,2.42,3.02,2.37,1.98,2.33,1.20,1.72,2.37,3.15,4.32,5.41,5.97,4.84,4.24
"29-03-2010",2.24,1.77,1.55,1.42,1.29,3.02,6.31,-9999,7.79,6.88,6.19,7.96,5.28,5.41,6.10,4.84,5.58,4.02,1.46,5.28,3.85,7.61,8.39,5.54
"30-03-2010",3.67,4.15,2.89,3.02,3.54,3.93,5.88,9.69,11.16,13.46,9.00,8.13,6.40,5.66,5.49,6.14,5.19,4.97,5.49,6.05,10.21,10.21,6.79,3.89
"31-03-2010",4.32,5.32,4.24,3.41,2.33,0.90,1.98,1.60,1.20,1.46,3.15,2.76,3.76,5.28,3.24,3.02,3.41,4.84,6.40,9.39,6.57,8.74,5.10,4.24
"01-04-2010",4.32,3.46,3.80,2.07,1.68,1.98,4.80,6.27,6.96,7.22,6.79,5.10,7.27,6.53,6.75,6.10,5.79,3.98,4.97,7.83,7.14,7.87,6.79,5.71
"02-04-2010",3.63,3.46,4.19,4.63,3.80,3.89,2.76,5.06,4.02,3.59,4.32,5.66,3.50,5.41,6.44,6.40,3.02,4.58,5.28,5.45,7.96,3.80,3.80,3.37
"03-04-2010",2.63,1.68,2.76,2.85,1.29,3.37,4.67,2.68,2.89,2.85,4.32,3.98,4.02,4.32,5.02,2.68,3.80,2.50,1.16,4.32,2.85,3.89,4.89,4.63
"04-04-2010",3.07,3.11,3.98,3.63,3.07,3.37,4.50,2.16,0.99,1.03,1.03,1.77,1.55,1.16,1.34,0.77,0.73,0.60,0.60,0.73,1.29,1.98,2.85,1.64
"05-04-2010",2.29,2.03,2.07,3.28,2.42,1.81,2.29,2.59,2.94,1.81,2.42,1.98,3.20,2.33,1.98,2.33,2.59,2.11,2.37,2.85,4.80,5.28,4.41,3.63
"06-04-2010",2.76,1.85,1.55,1.29,0.94,1.46,1.90,3.98,5.71,4.28,3.85,2.89,3.67,4.15,3.93,3.15,3.46,4.58,4.54,3.37,3.02,3.63,2.29,2.29
"07-04-2010",3.15,2.24,1.60,1.12,1.38,1.51,-9999,5.88,5.28,6.49,6.44,5.10,4.02,3.80,3.28,4.67,4.41,4.63,4.50,3.11,2.68,3.02,1.64,2.59
"08-04-2010",4.58,3.11,3.11,3.02,2.11,2.29,4.50,11.99,11.25,8.96,5.36,2.94,3.37,4.28,3.46,2.37,2.37,1.81,2.07,1.42,2.94,6.57,4.67,2.76
"09-04-2010",3.54,3.67,2.24,3.24,2.68,2.68,2.50,5.28,3.11,4.02,4.24,2.29,2.68,2.37,1.46,1.12,1.51,2.07,1.29,1.20,2.37,3.72,2.63,1.98
"10-04-2010",2.07,1.64,1.46,1.55,0.90,0.90,3.37,1.46,1.46,2.59,3.15,2.59,1.25,2.16,2.50,2.94,1.08,1.94,2.68,1.98,3.67,1.64,1.77,3.28
"11-04-2010",2.85,3.11,2.16,1.90,1.51,3.76,2.07,3.20,2.16,2.42,2.07,2.37,2.59,3.24,3.20,1.16,1.55,1.46,1.94,2.55,1.55,1.60,1.60,2.94
"12-04-2010",3.02,2.76,1.20,0.69,0.69,0.90,1.38,2.33,5.71,5.02,3.46,3.20,-9999,1.29,3.80,7.14,2.76,1.81,2.50,5.02,3.89,6.40,5.19,4.15
"13-04-2010",3.93,3.63,3.33,3.02,2.72,2.81,3.76,7.83,8.65,8.22,6.19,7.01,6.31,8.74,6.49,7.61,5.75,7.01,7.01,8.91,4.32,5.49,3.54,2.89
"14-04-2010",2.85,2.37,2.85,2.16,1.46,2.16,3.46,4.71,8.13,6.23,8.61,-9999,7.01,6.05,4.93,4.24,4.71,6.36,7.09,6.83,8.13,7.44,7.61,5.62
"15-04-2010",3.46,3.72,3.24,2.42,2.07,2.72,4.41,4.58,9.00,10.56,8.87,7.48,8.05,6.53,8.52,6.14,7.83,6.92,7.52,10.21,8.43,8.52,8.69,6.05
"16-04-2010",5.06,5.49,2.16,2.20,1.72,1.38,3.80,-9999,-9999,-9999,-9999,-9999,-9999,-9999,-9999,-9999,-9999,-9999,-9999,-9999,-9999,-9999,-9999,-9999
"17-04-2010",-9999,-9999,-9999,-9999,-9999,-9999,-9999,-9999,-9999,-9999,-9999,-9999,-9999,-9999,-9999,-9999,-9999,-9999,-9999,-9999,-9999,-9999,-9999,0.21
"18-04-2010",-9999,-9999,-9999,-9999,-9999,-9999,-9999,-9999,-9999,-9999,-9999,-9999,-9999,-9999,-9999,-9999,-9999,-9999,-9999,-9999,-9999,-9999,-9999,-9999
"19-04-2010",-9999,-9999,-9999,-9999,-9999,-9999,-9999,-9999,-9999,-9999,-9999,4.24,5.45,5.62,3.80,4.19,2.85,3.89,3.72,4.32,5.10,3.98,2.16,1.29
"20-04-2010",1.94,2.16,2.07,1.85,1.03,2.50,3.63,8.39,7.18,5.45,5.97,4.80,5.75,3.72,3.98,4.41,4.41,6.83,4.71,2.68,4.71,4.75,4.58,1.98
"21-04-2010",2.46,2.03,1.29,0.86,0.99,1.38,2.81,3.80,4.02,4.32,3.89,4.50,3.80,6.05,3.59,5.79,4.63,3.98,3.46,3.85,4.11,5.10,6.96,6.96
"22-04-2010",5.62,4.11,3.54,4.76,3.54,2.85,3.98,9.34,9.21,7.66,8.00,5.97,5.97,5.36,5.27,5.02,6.75,5.75,5.71,7.96,7.74,10.47,7.83,8.30
"23-04-2010",6.10,4.41,4.11,3.80,3.24,3.54,6.75,11.59,12.72,12.55,6.10,5.97,7.66,6.92,7.18,4.89,6.57,5.71,5.10,6.14,10.86,3.72,6.31,6.14
"24-04-2010",4.71,4.19,2.81,2.16,1.77,1.72,4.15,3.72,4.93,3.24,4.97,5.62,4.71,5.27,6.49,5.01,5.58,5.84,3.28,3.89,6.83,8.30,3.20,4.41
"25-04-2010",5.58,8.48,5.97,4.84,4.32,3.63,4.24,-9999,2.98,1.55,2.24,1.94,1.55,2.85,1.72,1.98,1.29,1.08,1.08,1.81,1.64,1.29,1.16,0.99
"26-04-2010",1.90,3.46,2.59,1.94,2.55,1.16,1.90,3.63,2.89,3.41,4.19,3.85,3.98,4.32,2.72,2.16,1.29,2.33,1.64,1.68,3.02,1.68,2.29,2.20
"27-04-2010",1.68,1.72,1.12,0.69,0.56,0.69,0.69,1.03,2.33,2.59,4.06,2.29,1.98,2.03,1.77,1.55,2.33,1.85,2.50,1.90,2.85,4.84,2.07,1.38
"28-04-2010",1.77,1.12,0.77,0.60,0.51,0.94,2.50,3.98,6.53,4.97,3.80,3.80,1.85,1.20,1.38,2.94,1.55,1.29,1.81,2.37,1.64,1.68,2.07,2.33
"29-04-2010",1.55,1.64,1.25,1.42,0.86,1.46,3.67,6.18,7.09,6.40,4.24,3.11,3.20,3.72,5.10,3.63,3.02,2.03,2.42,1.85,2.55,2.29,2.68,1.90
"30-04-2010",1.94,1.29,1.08,0.56,1.08,1.46,4.93,4.76,9.17,5.41,3.72,2.16,2.89,4.06,2.20,2.76,3.15,2.76,3.41,4.32,2.33,3.11,1.38,1.20
"01-05-2010",2.46,1.34,3.07,4.76,3.89,2.33,2.42,3.54,2.94,3.11,2.98,0.86,0.77,1.03,1.94,3.37,2.76,1.98,2.94,3.67,5.71,4.41,4.11,6.10
"02-05-2010",5.40,4.19,3.11,3.59,4.15,4.75,4.19,4.50,3.54,4.58,3.54,3.63,3.98,3.07,3.46,2.63,2.50,2.59,3.24,4.24,4.88,5.36,5.01,5.53
"03-05-2010",4.67,4.67,5.19,5.79,5.27,5.19,6.53,10.47,15.36,12.33,8.22,6.14,6.05,5.97,5.49,5.36,5.45,6.36,6.23,5.58,7.31,7.74,6.18,5.45
"04-05-2010",5.36,3.89,-9999,4.50,4.67,4.58,6.92,10.25,9.69,9.08,10.17,10.69,-9999,7.27,5.92,6.40,4.97,6.05,6.83,9.82,8.69,8.13,9.78,5.84
"05-05-2010",6.83,7.52,6.57,5.92,6.36,8.04,7.83,13.93,14.67,12.46,10.64,8.09,14.67,5.88,6.83,8.39,-9999,6.44,6.31,6.23,6.27,8.22,6.49,6.75
"06-05-2010",4.80,4.15,3.02,2.33,3.59,2.29,4.11,6.66,9.43,11.85,12.29,10.56,8.69,7.09,-9999,7.27,6.23,6.14,5.01,6.57,8.52,8.52,6.83,4.97
"07-05-2010",3.98,3.63,3.15,2.16,2.16,4.19,4.58,7.96,6.75,9.78,7.91,6.87,6.10,5.97,4.41,5.92,5.27,5.10,5.40,6.40,6.14,4.93,5.58,4.80
"08-05-2010",4.24,3.54,3.54,4.02,3.85,4.19,5.66,5.36,4.93,5.36,6.18,-9999,6.01,5.14,1.81,1.98,1.38,5.79,1.72,1.16,3.93,8.48,9.30,6.23
"09-05-2010",6.92,6.62,4.71,3.11,2.07,3.11,2.55,4.50,4.58,2.37,2.37,2.59,3.11,2.63,2.33,2.24,2.55,2.59,3.15,2.94,5.01,5.19,4.32,5.10
"10-05-2010",4.41,3.80,2.29,1.85,2.07,2.33,4.67,7.96,9.26,8.61,8.78,7.22,7.52,8.26,6.49,5.97,-9999,6.01,7.52,7.05,7.01,8.35,6.57,6.18
"11-05-2010",4.89,3.07,4.67,3.98,3.33,3.24,6.27,11.42,8.61,11.94,10.08,12.16,9.30,7.22,6.05,6.75,6.40,5.58,7.01,8.04,8.22,8.26,9.30,8.31
"12-05-2010",4.24,6.49,5.41,6.23,4.89,6.27,8.22,12.72,-9999,18.61,13.89,7.70,6.61,7.05,8.78,6.61,7.00,6.23,7.52,7.96,7.31,9.56,9.78,7.18
"13-05-2010",7.05,7.05,5.23,4.93,3.80,3.28,5.10,9.47,13.33,13.54,9.04,4.88,5.40,5.58,4.63,2.85,3.67,1.85,5.19,6.31,8.00,8.78,7.83,5.54
"14-05-2010",5.32,5.97,3.80,3.37,3.33,2.07,-9999,-9999,-9999,-9999,-9999,-9999,-9999,-9999,-9999,-9999,-9999,-9999,-9999,-9999,-9999,-9999,-9999,-9999
"15-05-2010",-9999,-9999,-9999,-9999,-9999,-9999,-9999,-9999,-9999,-9999,-9999,-9999,-9999,-9999,-9999,-9999,-9999,-9999,-9999,-9999,-9999,-9999,-9999,-9999
"16-05-2010",-9999,-9999,-9999,-9999,-9999,-9999,-9999,-9999,-9999,-9999,-9999,-9999,-9999,-9999,-9999,-9999,-9999,-9999,-9999,-9999,-9999,-9999,-9999,-9999
"17-05-2010",-9999,-9999,-9999,-9999,-9999,-9999,-9999,-9999,-9999,5.49,4.76,3.72,4.11,4.32,4.63,4.58,5.45,4.80,3.54,3.93,3.85,4.63,3.89,3.41
"18-05-2010",2.37,1.72,1.20,0.95,0.77,1.12,3.37,5.49,6.53,5.54,5.79,5.79,4.32,5.41,5.06,5.45,3.85,6.19,4.89,5.28,5.84,5.32,5.80,4.80
"19-05-2010",2.94,2.98,2.98,1.81,1.20,2.29,3.89,5.62,7.57,7.74,4.11,6.92,8.22,6.32,6.32,6.49,5.45,3.15,6.27,2.51,4.46,2.46,2.98,5.45
"20-05-2010",4.28,3.54,3.76,2.33,2.64,2.76,4.46,10.35,9.13,7.87,5.23,6.88,4.28,4.11,4.24,4.89,5.02,3.85,3.94,4.98,5.41,6.62,5.28,5.02
"21-05-2010",2.98,2.03,0.99,0.95,1.42,1.47,3.46,4.67,8.53,6.97,7.10,6.62,6.62,7.36,5.32,5.88,3.41,6.10,3.76,1.47,1.77,2.07,1.73,0.90
"22-05-2010",1.03,1.29,1.08,1.81,1.42,1.73,2.76,2.68,3.07,2.20,3.28,2.42,2.76,2.12,4.63,3.94,1.42,2.12,4.20,3.63,4.37,5.58,7.10,4.85
"23-05-2010",5.67,6.66,6.14,3.89,5.80,6.23,5.97,5.45,6.10,4.54,3.24,4.32,3.24,3.11,3.11,2.29,2.29,1.47,2.42,4.93,5.71,6.92,-9999,5.67
"24-05-2010",7.18,6.84,4.93,4.07,3.59,2.16,7.10,7.57,6.32,5.36,5.45,5.23,5.58,4.32,5.02,4.58,2.29,3.46,2.33,4.24,3.94,4.11,4.15,4.54
"25-05-2010",3.94,5.02,3.85,2.51,1.90,2.85,4.80,9.13,7.92,8.22,5.88,8.74,6.23,7.09,6.92,6.83,5.80,5.36,8.09,7.27,8.65,7.53,6.62,4.32
"26-05-2010",4.24,-9999,2.76,2.63,2.59,3.80,6.19,10.21,12.81,11.94,10.56,9.04,7.09,5.84,6.79,7.01,6.01,6.10,7.36,6.58,8.61,6.66,7.92,6.32
"27-05-2010",5.62,3.85,5.23,5.32,4.63,4.63,6.79,12.30,10.86,10.30,12.55,8.35,6.49,6.57,6.58,6.10,5.80,5.36,6.10,6.88,7.83,9.09,8.48,8.22
"28-05-2010",6.32,6.06,2.24,1.29,1.20,2.94,4.89,9.39,8.78,12.29,8.22,5.54,6.18,6.49,5.45,3.63,4.37,3.80,3.76,7.01,6.10,8.44,4.58,4.76
"29-05-2010",3.37,3.67,3.37,3.98,4.11,3.59,5.10,8.52,5.88,6.01,5.58,5.41,4.63,5.19,4.58,3.98,3.67,3.85,3.76,4.37,4.89,6.40,6.83,5.71
"30-05-2010",5.79,5.36,3.72,4.32,3.76,4.58,7.27,6.49,4.06,4.63,6.53,4.41,4.06,4.41,2.59,4.02,-9999,3.76,3.54,1.77,4.28,6.79,7.35,5.02
"31-05-2010",5.10,5.10,3.85,2.24,3.33,2.98,4.76,4.06,5.15,5.28,6.88,5.71,9.78,7.48,3.85,3.59,3.50,3.15,3.20,3.93,2.55,3.93,6.62,3.76
"01-06-2010",3.72,2.89,2.03,2.24,1.98,1.86,5.02,5.23,7.66,5.36,-9999,4.24,4.76,8.31,3.20,4.71,5.93,4.15,5.71,8.61,6.96,1.94,0.73,0.64
"02-06-2010",2.63,1.16,0.73,0.60,1.16,1.55,3.20,3.41,2.16,4.06,6.57,8.35,6.18,9.21,5.62,5.58,5.80,6.49,5.84,3.46,4.76,6.01,5.79,4.11
"03-06-2010",2.46,2.07,2.76,1.03,-9999,2.37,5.02,8.26,9.86,13.07,8.13,8.00,6.05,7.01,7.66,7.96,5.36,5.28,5.10,6.27,6.92,7.01,7.83,6.57
"04-06-2010",5.62,4.15,2.68,2.11,0.77,1.16,4.41,7.83,10.82,7.87,7.83,6.75,5.54,8.91,4.32,4.84,5.32,7.27,4.71,7.35,8.13,7.18,5.66,5.10
"05-06-2010",4.11,2.24,3.63,3.07,2.07,1.98,2.29,1.90,3.11,3.85,3.37,2.81,3.37,6.27,4.80,4.06,3.80,3.24,3.54,4.80,3.63,6.05,5.79,3.80
"06-06-2010",2.85,3.15,5.36,4.02,3.67,2.07,2.63,2.24,3.02,1.68,1.98,1.72,1.68,1.68,2.37,2.98,1.42,2.24,1.46,2.63,2.94,3.15,4.50,3.02
"07-06-2010",3.33,3.24,2.50,1.55,1.20,2.29,4.15,5.23,4.93,7.57,-9999,4.84,2.76,6.14,5.23,7.05,4.93,6.75,6.57,5.10,7.44,6.44,7.35,6.27
"08-06-2010",5.28,3.11,3.98,2.94,3.11,3.46,4.76,9.17,12.98,10.38,9.52,8.31,7.27,5.97,4.67,7.09,5.54,4.50,-9999,7.44,8.39,10.90,6.83,6.05
"09-06-2010",5.02,4.32,2.55,2.55,2.55,3.07,4.93,3.07,5.58,4.63,8.78,5.19,2.16,6.40,7.09,4.93,6.49,6.40,6.57,9.60,8.74,10.08,9.78,8.44
"10-06-2010",6.96,5.28,3.33,2.50,2.50,2.76,5.97,9.17,12.38,7.09,-9999,-9999,-9999,1.90,1.68,1.64,1.29,1.12,1.12,2.59,2.24,3.76,4.50,2.37
"11-06-2010",3.63,3.02,1.98,1.77,1.16,1.98,2.89,5.58,5.10,3.15,3.28,2.37,1.86,2.55,1.98,1.03,1.86,1.77,2.07,1.98,1.77,1.81,3.89,2.11
"12-06-2010",4.84,2.50,2.68,2.59,1.51,1.77,1.64,2.59,2.50,2.68,1.03,1.86,1.29,0.60,0.60,0.90,1.60,3.37,3.02,1.46,0.69,1.29,1.86,4.02
"13-06-2010",2.89,3.02,2.94,3.15,4.19,2.94,4.24,4.63,5.71,3.72,5.28,3.02,3.15,2.63,2.94,1.68,1.98,1.51,1.81,2.59,3.93,4.15,4.84,7.87
"14-06-2010",3.54,3.28,1.90,2.20,2.11,2.50,4.15,6.05,5.80,6.57,6.18,5.32,5.32,4.67,3.89,3.63,3.46,4.19,2.98,4.54,4.76,5.23,5.36,6.05
"15-06-2010",4.84,4.41,4.50,2.42,3.72,3.63,5.79,3.28,7.96,6.01,7.01,6.49,7.22,6.01,3.76,3.76,3.37,4.37,6.36,4.32,8.74,8.31,5.06,5.62
"16-06-2010",4.84,3.72,4.50,3.67,4.76,5.06,7.70,7.35,11.64,11.21,7.96,6.23,5.02,5.79,6.14,5.62,4.15,4.06,4.58,4.50,4.97,4.50,4.41,4.41
"17-06-2010",3.85,4.19,3.85,2.55,2.16,3.02,5.71,7.01,7.57,9.17,6.57,5.19,3.89,5.32,3.80,6.18,4.54,0.90,2.07,1.03,2.24,3.02,2.33,2.42
"18-06-2010",1.20,1.46,0.69,0.95,0.77,1.77,1.81,5.02,1.51,1.60,4.80,1.81,1.90,2.33,3.07,2.20,0.73,0.69,1.81,3.80,4.76,3.28,1.16,1.55
"19-06-2010",0.73,0.82,1.55,2.29,1.68,2.07,2.16,3.46,1.90,1.03,1.77,3.76,3.24,3.80,2.94,2.63,3.28,2.68,2.20,3.37,3.76,5.19,3.33,3.72
"20-06-2010",3.20,2.59,2.38,2.12,1.03,1.60,1.12,2.20,2.16,2.16,2.07,3.76,2.16,1.72,2.29,1.38,1.38,1.25,2.46,1.90,2.24,3.20,3.28,3.41
"21-06-2010",4.32,1.64,1.60,1.03,0.99,1.51,2.33,3.93,7.96,8.35,4.45,3.72,3.98,3.54,4.93,1.98,2.37,3.89,3.76,3.50,3.67,3.98,3.76,3.02
"22-06-2010",1.86,1.25,0.90,0.73,1.64,0.86,2.29,4.41,5.02,3.89,4.32,5.71,4.41,5.10,4.15,4.50,4.63,3.63,2.76,3.98,3.20,4.19,2.76,1.29
"23-06-2010",1.98,1.51,1.64,0.99,1.60,1.46,4.41,3.28,6.32,4.32,3.46,3.15,3.85,4.89,4.63,3.85,2.38,1.64,1.86,3.28,3.28,4.93,5.71,4.58
"24-06-2010",2.16,2.16,1.51,1.55,1.98,1.55,1.81,1.51,3.76,4.84,2.59,2.81,3.93,4.84,6.19,4.76,3.20,5.80,5.23,5.80,6.53,6.83,3.72,1.29
"25-06-2010",0.69,0.56,0.73,0.86,1.25,1.29,2.89,4.24,2.89,3.98,2.16,2.42,3.24,3.46,5.23,4.54,2.72,3.15,3.15,4.32,4.15,4.32,3.28,3.07
"26-06-2010",2.76,2.42,2.03,1.90,1.34,1.29,2.29,-9999,-9999,-9999,-9999,-9999,-9999,-9999,-9999,-9999,-9999,-9999,-9999,-9999,-9999,-9999,-9999,-9999
"27-06-2010",-9999,-9999,-9999,-9999,-9999,-9999,-9999,-9999,-9999,-9999,-9999,-9999,-9999,-9999,-9999,-9999,-9999,-9999,-9999,-9999,-9999,-9999,-9999,-9999
"28-06-2010",-9999,-9999,-9999,-9999,-9999,-9999,-9999,-9999,-9999,-9999,-9999,-9999,-9999,-9999,-9999,-9999,-9999,-9999,-9999,-9999,-9999,-9999,-9999,-9999
"29-06-2010",-9999,-9999,-9999,-9999,-9999,-9999,-9999,-9999,-9999,-9999,-9999,-9999,-9999,-9999,-9999,-9999,-9999,-9999,-9999,-9999,-9999,-9999,-9999,-9999
"30-06-2010",-9999,-9999,-9999,-9999,-9999,-9999,-9999,-9999,-9999,-9999,-9999,4.41,7.61,5.80,5.67,4.41,4.45,4.84,5.36,6.14,6.79,7.01,7.09,7.09
"01-07-2010",6.58,7.35,5.28,5.41,4.84,5.19,7.27,12.55,12.77,8.91,5.88,4.63,6.62,7.09,5.97,4.80,5.71,5.02,5.32,7.79,8.18,8.74,7.09,6.27
"02-07-2010",5.62,4.76,3.50,3.54,3.54,4.24,6.88,9.30,9.35,8.48,5.79,3.07,1.81,8.00,5.19,4.06,4.80,6.70,5.80,7.05,7.57,7.40,7.01,7.14
"03-07-2010",4.02,3.76,3.80,2.59,1.94,1.51,2.38,5.10,5.45,0.12,4.58,4.76,5.36,2.59,2.59,3.24,0.60,0.64,0.82,0.82,1.20,3.54,3.37,4.63
"04-07-2010",4.28,3.28,4.67,4.19,2.85,2.94,2.07,3.80,2.07,1.08,1.46,1.64,2.16,1.60,2.16,2.16,1.81,1.94,2.68,3.46,4.54,4.15,5.10,3.98
"05-07-2010",3.85,1.86,1.90,2.07,2.24,3.54,6.49,7.53,10.21,8.91,8.05,4.71,3.89,4.50,4.89,2.94,0.81,0.60,0.60,1.20,3.37,2.33,5.49,5.54
"06-07-2010",2.68,3.11,2.94,2.59,1.77,1.03,2.38,2.29,2.59,1.98,5.88,4.84,4.45,4.71,5.49,5.79,3.11,5.71,6.49,7.27,7.01,7.70,5.49,3.93
"07-07-2010",5.10,2.94,3.24,2.76,2.24,3.72,6.40,6.79,5.71,6.10,5.66,3.46,3.54,4.02,3.89,2.16,3.46,5.14,1.68,1.38,3.24,5.02,4.32,3.80
"08-07-2010",4.32,4.37,3.15,2.42,2.76,2.85,4.37,7.96,9.69,8.87,3.85,2.24,1.68,2.76,3.11,2.85,4.06,3.24,1.72,1.68,4.37,2.33,1.72,2.63
"09-07-2010",2.59,1.68,1.51,1.51,0.69,1.51,1.38,2.16,2.89,3.98,3.98,3.46,4.19,2.85,1.60,2.07,1.46,1.77,2.24,1.77,1.20,1.60,6.19,2.76
"10-07-2010",1.03,1.20,1.16,1.12,0.86,0.99,0.99,3.02,3.33,2.68,2.16,1.90,3.46,1.94,1.86,4.32,1.55,-9999,1.20,1.03,1.46,1.20,0.95,0.77
"11-07-2010",0.73,0.82,0.69,2.03,2.42,3.28,2.07,1.03,0.90,1.98,3.98,0.64,0.90,0.69,0.64,0.43,1.51,0.47,0.43,0.64,0.69,3.85,3.76,2.76
"12-07-2010",3.33,4.41,3.76,2.50,3.11,4.19,6.32,9.78,10.56,9.17,6.31,3.11,1.38,4.45,4.32,4.24,5.75,3.54,2.16,4.71,6.40,5.97,5.88,5.62
"13-07-2010",5.32,4.93,3.63,3.37,3.28,3.59,3.89,7.48,8.83,7.66,6.92,6.57,6.14,6.27,6.18,4.11,5.02,5.06,5.36,5.19,7.22,8.13,6.88,6.36
"14-07-2010",2.89,4.45,3.46,5.02,3.72,4.41,5.32,7.53,6.83,-9999,6.57,5.27,3.71,3.63,3.89,3.54,3.11,3.72,4.67,5.88,6.66,5.14,5.71,5.19
"15-07-2010",5.88,3.76,3.11,2.76,2.68,2.24,5.71,7.35,10.77,8.22,3.50,2.42,2.85,2.50,2.16,5.53,0.86,0.81,0.86,1.29,1.29,1.38,3.33,1.29
"16-07-2010",1.03,0.90,1.08,0.69,0.43,0.56,0.69,0.81,0.90,3.63,2.33,2.72,1.98,3.93,2.37,2.16,2.07,1.38,1.68,3.28,3.67,3.07,2.50,1.64
"17-07-2010",2.68,1.51,1.29,1.03,0.90,0.77,1.25,2.76,1.29,1.94,1.20,1.08,1.25,-9999,1.12,1.08,1.68,1.08,0.99,1.25,1.60,3.15,1.98,1.98
"18-07-2010",1.20,2.94,3.72,2.68,2.29,2.20,4.15,3.20,2.94,2.16,2.42,1.64,1.81,1.68,1.42,0.81,0.81,1.03,1.03,1.03,2.24,1.81,1.60,1.77
"19-07-2010",1.46,1.85,2.81,1.12,1.20,2.24,3.37,4.45,2.94,5.19,3.89,2.81,3.28,3.80,3.15,4.02,2.20,2.50,3.37,3.07,4.02,4.71,5.10,4.71
"20-07-2010",3.11,2.68,2.24,2.07,1.12,1.38,4.19,6.57,4.93,5.53,3.50,2.33,3.24,1.46,2.55,1.94,1.25,3.02,1.90,2.29,3.41,4.41,1.94,3.63
"21-07-2010",1.34,1.42,1.64,0.99,0.99,2.59,4.63,7.01,7.35,7.61,6.01,3.37,4.23,4.10,5.10,3.72,5.53,5.58,4.28,5.79,5.54,5.19,6.14,3.89
"22-07-2010",4.54,4.63,2.68,2.24,3.24,2.37,4.45,4.11,5.66,8.22,3.63,3.19,3.89,3.85,3.02,1.77,1.46,1.42,1.55,1.81,3.02,2.55,2.63,4.89
"23-07-2010",1.85,2.89,1.90,2.59,1.29,1.46,2.37,3.37,2.76,6.05,3.89,2.16,2.37,2.76,2.81,1.81,2.29,2.20,2.38,3.50,2.16,2.46,1.72,1.77
"24-07-2010",1.98,1.98,2.94,3.02,2.72,2.42,4.24,8.22,8.70,5.10,4.06,-9999,7.78,4.49,3.11,4.41,2.55,2.72,3.63,2.85,1.08,2.76,3.02,3.50
"25-07-2010",3.72,4.15,2.94,2.16,2.50,2.94,-9999,-9999,-9999,-9999,-9999,-9999,-9999,-9999,-9999,-9999,-9999,-9999,-9999,-9999,-9999,-9999,-9999,-9999
"26-07-2010",-9999,-9999,-9999,-9999,-9999,-9999,-9999,-9999,-9999,-9999,-9999,5.36,6.40,4.24,3.07,1.81,3.33,3.46,1.20,1.46,3.63,5.06,7.22,4.06
"27-07-2010",4.11,2.59,1.98,1.38,0.82,1.46,2.55,3.93,6.75,8.48,4.41,4.50,4.71,7.18,5.54,4.84,3.72,2.94,3.85,5.28,6.58,6.58,5.49,4.76
"28-07-2010",3.89,2.07,1.42,1.55,1.25,1.68,3.89,5.97,5.28,5.36,7.35,4.06,3.28,3.41,3.80,3.80,2.38,1.94,0.99,0.60,0.99,4.02,4.58,3.72
"29-07-2010",4.06,3.63,1.98,2.98,2.03,1.29,1.21,4.54,6.23,4.19,2.72,3.37,4.80,1.64,0.95,1.98,0.90,1.16,1.12,2.63,1.81,2.42,1.72,1.03
"30-07-2010",1.90,2.63,1.55,0.77,0.86,0.77,2.07,3.80,3.72,4.50,2.76,3.50,2.42,1.72,1.16,0.69,0.86,0.90,1.46,2.07,1.34,0.99,1.46,2.72
"31-07-2010",2.85,-9999,2.85,2.29,1.38,3.24,4.11,3.28,4.58,2.85,2.72,3.89,1.72,4.41,4.50,3.98,1.90,0.94,2.98,3.28,4.24,4.76,5.97,4.67
"01-08-2010",3.20,3.54,2.38,5.10,2.07,2.16,2.33,2.72,2.76,2.68,2.11,2.89,3.11,3.46,3.37,2.42,2.16,1.81,2.81,4.19,3.93,4.58,4.89,5.54
"02-08-2010",3.72,4.41,2.68,3.20,2.33,1.38,1.94,2.46,3.20,4.41,3.67,1.20,1.72,1.64,1.16,1.29,0.86,0.94,0.81,0.69,1.12,1.20,1.55,3.80
"03-08-2010",3.63,2.76,2.59,2.24,2.24,2.85,4.63,5.80,4.84,5.71,3.58,2.81,2.59,1.64,1.03,1.42,2.16,3.41,5.36,4.06,3.71,5.06,5.36,5.10
"04-08-2010",5.45,3.24,2.94,2.76,2.50,3.46,-9999,7.09,7.18,6.83,7.00,6.14,3.76,5.01,2.94,3.28,0.94,0.69,3.28,3.37,4.58,5.02,5.06,3.80
"05-08-2010",3.33,2.12,1.08,1.12,1.38,1.72,2.94,3.85,6.14,5.23,3.28,5.71,5.10,4.71,3.41,3.80,3.80,4.50,4.41,4.11,6.44,6.14,4.19,4.06
"06-08-2010",3.50,2.94,2.55,1.55,2.16,1.64,2.63,4.84,4.32,4.76,5.10,4.32,6.27,4.50,5.10,3.11,-9999,2.16,2.55,4.67,3.98,6.06,4.76,4.28
"07-08-2010",3.24,2.63,2.46,1.60,1.38,1.46,2.85,3.80,2.38,3.41,3.93,3.02,4.41,3.20,2.85,2.98,1.51,2.63,2.50,3.72,4.89,5.80,4.63,3.63
"08-08-2010",1.64,3.24,3.72,3.28,1.90,2.24,2.07,2.63,3.59,2.50,1.98,2.55,2.76,2.16,2.42,1.64,1.34,1.60,2.33,3.11,5.10,2.94,4.11,4.19
"09-08-2010",3.54,3.54,2.38,2.24,1.94,2.16,3.02,7.74,5.23,3.89,3.15,1.90,2.24,0.99,0.86,1.08,0.90,2.03,2.38,1.68,1.38,1.20,1.08,2.16
"10-08-2010",2.16,2.07,1.86,2.03,1.81,1.46,0.99,1.46,3.72,5.02,2.89,0.99,1.38,1.90,1.03,2.24,0.60,1.08,1.20,2.85,2.68,1.46,0.99,1.20
"11-08-2010",1.68,3.15,1.86,2.63,1.72,1.98,3.72,2.72,1.90,2.63,-9999,-9999,-9999,2.33,1.38,1.55,2.20,1.90,0.73,0.60,1.12,0.69,0.90,2.38
"12-08-2010",1.72,2.12,1.60,1.16,1.21,2.20,3.07,4.07,3.02,4.11,2.81,2.63,3.28,1.81,4.37,2.55,2.24,1.81,2.85,3.46,4.41,4.63,3.80,2.46
"13-08-2010",2.12,1.77,1.77,1.42,1.64,1.77,2.94,3.07,3.02,2.63,3.76,3.80,2.55,2.24,3.41,2.55,2.03,1.72,2.07,3.41,3.67,2.55,3.41,2.24
"14-08-2010",2.24,2.16,2.59,1.38,-9999,1.21,1.29,2.50,2.98,2.42,1.34,0.60,0.64,0.60,0.77,1.81,1.51,1.16,1.16,0.51,0.86,0.77,1.64,1.77
"15-08-2010",1.29,1.38,2.55,2.07,1.60,0.82,0.69,1.55,0.90,0.77,0.77,0.77,1.25,1.12,1.03,0.69,0.95,0.47,0.77,0.77,1.25,1.16,1.38,1.12
"16-08-2010",1.20,2.24,1.29,0.90,0.64,0.86,1.16,1.12,1.25,1.46,1.38,0.73,0.86,1.25,1.20,1.16,0.73,0.60,0.82,1.20,0.95,1.29,1.60,1.38
"17-08-2010",1.64,3.20,3.24,1.98,2.72,2.42,1.98,2.03,4.02,5.19,4.32,3.58,2.46,1.98,2.20,1.94,1.94,1.85,2.72,2.50,4.11,4.24,3.85,-9999
"18-08-2010",2.24,1.98,1.94,1.60,1.25,1.51,2.33,2.85,2.50,3.15,4.50,2.11,1.55,2.07,1.33,2.76,1.81,0.77,0.60,0.69,0.95,1.55,2.16,2.63
"19-08-2010",1.64,1.20,1.12,1.68,1.72,1.81,1.60,1.77,2.55,0.90,1.16,1.85,0.77,0.94,0.90,0.69,0.51,0.51,0.43,0.60,0.90,1.86,1.38,1.12
"20-08-2010",0.73,0.86,1.20,1.03,0.77,0.99,-9999,-9999,-9999,-9999,-9999,-9999,-9999,-9999,-9999,-9999,-9999,-9999,-9999,-9999,-9999,-9999,-9999,-9999
"21-08-2010",-9999,-9999,-9999,-9999,-9999,-9999,-9999,-9999,-9999,-9999,-9999,-9999,-9999,-9999,-9999,-9999,-9999,-9999,-9999,-9999,-9999,-9999,-9999,-9999
"22-08-2010",-9999,-9999,-9999,-9999,-9999,-9999,-9999,-9999,-9999,-9999,-9999,-9999,-9999,-9999,-9999,-9999,-9999,-9999,-9999,-9999,-9999,-9999,-9999,-9999
"23-08-2010",-9999,-9999,-9999,-9999,-9999,-9999,-9999,-9999,-9999,-9999,-9999,-9999,-9999,-9999,-9999,-9999,-9999,-9999,-9999,-9999,-9999,-9999,-9999,-9999
"24-08-2010",-9999,-9999,-9999,-9999,-9999,-9999,-9999,-9999,-9999,-9999,-9999,-9999,-9999,-9999,1.46,2.24,2.55,3.11,3.24,2.72,3.11,2.72,5.97,3.37
"25-08-2010",3.54,1.98,2.16,2.68,2.94,2.25,3.24,4.59,5.19,5.02,7.31,5.97,5.88,2.72,4.06,4.54,3.41,3.46,4.50,4.28,4.11,5.28,4.89,5.19
"26-08-2010",3.89,2.07,3.50,2.76,2.55,3.24,3.72,6.36,10.26,8.09,4.37,1.81,1.38,1.46,0.90,0.99,0.86,0.69,1.16,1.77,2.24,2.55,-9999,1.55
"27-08-2010",2.07,2.46,1.77,0.77,0.69,0.94,0.77,1.12,1.16,1.60,2.46,2.24,1.38,1.42,0.94,0.94,1.64,2.37,2.63,1.68,1.03,0.81,1.55,2.24
"28-08-2010",3.54,3.46,2.76,2.46,1.86,2.20,-9999,2.16,2.59,4.54,4.63,4.41,4.63,3.20,3.50,4.45,2.03,2.89,2.46,3.02,4.63,4.89,4.97,5.32
"29-08-2010",3.28,3.28,4.06,2.20,2.16,2.63,2.07,3.41,3.76,2.85,3.07,3.24,2.24,3.33,2.46,2.20,1.42,1.77,2.16,3.28,5.54,6.27,4.93,5.32
"30-08-2010",2.33,2.72,2.46,2.37,1.03,0.69,0.86,4.02,3.24,3.80,3.67,4.19,4.15,6.70,4.58,4.58,3.63,5.28,-9999,5.19,5.71,4.80,4.80,4.32
"31-08-2010",3.46,2.33,1.64,1.46,1.03,1.12,1.81,4.32,5.66,6.83,6.44,6.75,5.88,5.58,4.84,4.76,4.41,2.16,2.81,4.41,7.09,6.49,4.45,3.37
"01-09-2010",2.68,2.55,1.68,1.29,1.12,3.02,2.33,4.06,4.80,4.54,4.58,3.24,5.45,4.19,3.76,3.20,3.02,4.32,4.93,2.59,1.64,1.03,6.18,4.02
"02-09-2010",4.93,3.46,2.50,1.64,1.60,0.94,1.29,1.68,3.54,2.85,-9999,3.20,5.36,3.80,2.94,3.33,5.02,3.98,4.15,4.15,4.54,4.02,-9999,1.64
"03-09-2010",2.16,3.28,1.81,2.37,1.12,0.99,1.51,3.98,3.20,2.94,4.28,2.85,3.02,2.89,1.81,1.94,4.28,1.77,0.69,0.90,0.94,2.24,2.16,3.07
"04-09-2010",2.72,3.54,3.37,2.37,1.25,0.81,1.90,1.68,1.72,1.55,2.16,3.41,3.72,3.54,6.40,4.28,2.94,2.94,3.67,5.19,6.31,4.11,2.42,3.54
"05-09-2010",2.85,2.37,2.50,0.99,1.12,1.16,1.08,1.55,1.03,0.81,0.81,1.68,1.38,1.86,1.29,0.86,0.69,0.69,0.81,0.90,0.81,1.03,1.03,0.90
"06-09-2010",1.08,0.69,0.86,0.69,1.46,1.29,1.72,2.42,1.38,3.11,2.68,5.10,2.68,6.92,8.13,4.15,1.68,1.46,1.20,1.90,1.55,3.37,4.02,3.54
"07-09-2010",3.63,2.76,3.24,1.38,1.12,0.90,3.46,3.54,5.88,9.26,5.62,3.98,6.10,3.46,1.34,3.63,5.02,6.53,3.85,1.12,2.76,5.41,4.24,5.79
"08-09-2010",3.15,5.02,4.71,2.20,1.98,3.93,4.58,7.27,10.90,10.60,8.00,7.01,7.70,7.14,7.61,7.53,5.58,4.67,4.19,3.93,5.02,6.83,5.79,4.19
"09-09-2010",4.41,2.68,2.55,3.20,3.28,3.46,4.24,8.39,7.96,7.79,4.02,2.94,1.46,1.77,3.20,3.85,4.28,4.41,3.54,2.55,1.77,2.68,3.80,2.94
"10-09-2010",3.37,3.02,4.50,4.32,2.38,3.46,5.06,7.09,8.44,7.22,6.14,5.10,3.33,1.98,4.24,5.23,1.90,1.12,1.46,0.90,1.51,1.68,3.37,2.59
"11-09-2010",2.85,3.02,3.85,2.29,1.16,0.86,0.69,0.69,2.11,1.20,1.20,0.81,1.64,1.86,1.46,1.34,1.81,1.20,1.72,3.46,3.63,4.02,6.19,5.19
"12-09-2010",5.10,3.72,2.46,2.85,1.77,2.33,2.16,2.46,2.72,1.77,1.68,1.64,1.60,2.50,2.72,2.55,1.94,2.46,1.90,1.55,1.16,2.29,1.72,1.77
"13-09-2010",0.99,1.29,0.94,1.08,0.99,1.38,1.38,2.94,6.83,5.71,5.75,6.27,4.28,3.59,2.24,2.68,2.07,2.16,1.86,1.81,1.81,3.93,4.50,3.33
"14-09-2010",3.80,2.85,2.76,1.68,2.24,0.86,1.38,1.98,3.54,3.54,2.24,2.89,4.02,1.55,2.07,0.99,1.38,1.12,0.99,3.15,2.29,-9999,3.37,3.37
"15-09-2010",5.58,3.33,2.76,3.11,3.41,2.50,3.15,3.63,5.62,4.71,5.79,4.50,5.49,2.89,2.76,2.07,2.85,2.37,1.55,1.68,1.55,1.98,5.28,6.05
"16-09-2010",3.54,5.28,6.40,4.80,4.15,5.06,6.88,8.52,11.08,7.14,8.61,5.02,3.93,1.60,1.38,1.08,1.68,2.37,3.80,1.46,2.07,5.75,8.83,5.97
"17-09-2010",4.58,5.79,4.11,5.41,5.75,6.14,4.37,11.08,11.81,9.60,9.60,5.92,4.89,7.61,5.10,5.66,5.84,4.45,4.24,4.15,6.10,6.88,9.34,6.70
"18-09-2010",7.22,7.05,6.75,5.28,5.10,6.75,7.53,8.52,8.05,-9999,-9999,-9999,-9999,-9999,-9999,-9999,-9999,-9999,-9999,-9999,-9999,-9999,-9999,-9999
"19-09-2010",-9999,-9999,-9999,-9999,-9999,-9999,-9999,-9999,-9999,-9999,-9999,-9999,-9999,-9999,-9999,-9999,-9999,-9999,-9999,-9999,-9999,-9999,-9999,-9999
"20-09-2010",-9999,-9999,-9999,-9999,-9999,-9999,-9999,-9999,-9999,-9999,-9999,-9999,-9999,-9999,-9999,4.45,3.20,6.57,8.22,8.52,3.98,5.71,4.24,2.50
"21-09-2010",1.03,0.90,0.81,0.47,0.51,0.60,0.99,0.81,2.59,5.02,2.55,2.42,1.51,1.98,1.42,1.12,1.29,1.03,1.03,1.46,1.55,1.29,1.08,1.03
"22-09-2010",1.08,0.86,0.69,0.60,0.51,0.60,1.16,1.12,1.77,1.38,1.38,2.07,2.20,1.60,3.20,1.81,1.77,1.68,1.42,1.90,2.63,2.63,3.11,3.11
"23-09-2010",3.46,1.86,2.33,2.03,1.16,1.03,4.02,5.45,7.05,3.80,5.79,4.71,4.84,4.63,4.71,2.85,3.89,-9999,4.41,3.11,2.59,6.36,5.79,3.50
"24-09-2010",2.76,3.37,1.81,1.60,0.77,0.77,0.69,4.50,7.18,3.85,5.75,4.15,1.34,2.16,4.15,2.24,1.20,0.77,0.86,0.94,1.08,0.90,1.55,4.80
"25-09-2010",1.77,1.60,1.77,1.12,0.64,0.64,0.90,1.90,1.64,1.68,0.94,1.77,2.24,3.98,2.63,1.77,1.25,1.12,0.77,0.94,1.12,1.72,2.24,3.15
"26-09-2010",5.36,0.81,0.60,0.73,0.77,1.98,2.37,2.07,2.94,2.24,2.46,2.07,4.50,3.20,3.20,1.64,2.07,3.02,3.37,4.71,5.80,5.28,5.71,5.19
"27-09-2010",4.80,5.19,3.54,2.33,1.86,2.85,4.02,7.61,7.14,8.13,6.75,6.10,6.05,5.19,6.57,4.50,5.58,5.41,6.88,7.44,7.53,6.40,6.58,6.01
"28-09-2010",4.71,4.11,3.20,2.68,4.15,3.67,4.71,7.35,10.90,11.51,9.82,8.44,6.79,5.66,7.27,4.50,5.58,7.70,7.01,9.17,8.31,8.13,5.49,3.98
"29-09-2010",4.71,2.55,2.46,2.89,2.76,3.20,6.23,7.83,7.48,11.68,7.48,7.96,5.88,7.18,7.44,6.27,6.27,3.63,7.18,9.04,7.14,6.18,5.41,4.11
"30-09-2010",4.45,2.37,1.60,1.20,1.34,1.90,3.02,6.75,6.23,4.24,5.28,5.28,4.67,7.05,6.79,4.84,5.02,1.72,1.03,1.12,1.51,2.37,2.55,4.06
"01-10-2010",2.42,2.55,2.50,1.64,1.29,1.72,2.94,4.41,2.76,0.99,2.16,2.33,0.86,3.41,6.14,4.93,5.19,5.97,5.75,10.34,7.09,7.96,6.44,5.02
"02-10-2010",3.24,2.85,2.33,2.07,1.77,1.72,2.33,2.16,1.38,2.55,2.55,3.50,4.06,3.11,1.46,2.55,1.72,1.60,1.08,2.20,1.77,1.60,1.60,0.99
"03-10-2010",1.90,1.64,-9999,-9999,-9999,-9999,-9999,-9999,-9999,-9999,-9999,2.16,2.46,1.90,-9999,-9999,-9999,-9999,-9999,-9999,-9999,2.42,1.38,1.20
"04-10-2010",1.55,-9999,-9999,-9999,-9999,-9999,1.38,2.94,-9999,1.94,2.37,3.02,3.11,2.98,4.24,4.19,3.11,0.99,1.12,3.28,2.37,2.07,2.42,1.55
"05-10-2010",1.64,-9999,-9999,-9999,-9999,-9999,-9999,-9999,4.19,4.19,4.02,4.67,3.11,1.20,4.24,8.44,6.40,1.38,-9999,-9999,2.63,6.40,4.97,3.76
"06-10-2010",3.02,3.89,3.54,4.19,3.28,3.93,6.44,5.45,13.07,10.56,-9999,5.45,5.66,6.88,6.18,6.92,4.54,1.90,-9999,-9999,5.71,4.71,4.45,5.41
"07-10-2010",3.72,1.81,1.46,2.03,0.73,0.51,1.29,1.55,2.94,2.16,1.90,0.99,1.12,1.29,1.38,1.20,1.12,1.08,1.90,2.24,2.85,2.16,2.50,1.77
"08-10-2010",0.99,1.03,0.60,0.43,0.43,0.47,1.08,0.86,0.99,1.46,2.37,-9999,3.28,1.72,2.16,1.86,1.81,2.07,1.72,1.90,1.72,1.68,0.81,-9999
"09-10-2010",-9999,-9999,-9999,-9999,1.03,0.90,1.03,-9999,3.02,1.90,1.90,2.20,1.68,1.20,4.32,3.54,3.24,-9999,-9999,-9999,-9999,1.25,2.16,3.46
"10-10-2010",3.33,2.81,1.90,2.29,1.60,1.16,1.94,1.77,2.29,2.42,1.38,0.99,-9999,-9999,1.42,1.51,1.34,2.50,1.29,2.42,2.94,4.67,-9999,3.93
"11-10-2010",3.98,3.46,3.20,1.55,0.99,-9999,2.33,3.07,3.24,2.55,1.34,1.08,1.08,1.38,1.64,1.86,2.16,3.24,3.24,2.50,2.76,3.85,3.54,2.20
"12-10-2010",5.58,3.89,1.72,1.81,2.24,2.29,2.68,6.57,9.09,8.22,9.78,10.56,9.00,9.09,9.04,2.16,1.20,1.16,1.08,1.16,1.42,2.24,6.66,8.61
"13-10-2010",11.64,8.74,9.73,5.97,4.67,5.79,5.58,8.52,11.42,12.55,10.38,8.74,9.47,10.86,7.22,6.18,7.40,9.00,6.70,5.75,9.21,5.10,4.32,6.14
"14-10-2010",7.27,6.96,3.63,2.42,2.50,2.81,2.76,3.80,8.65,2.24,3.89,3.41,1.16,0.99,0.94,1.16,1.20,1.68,2.81,6.44,5.79,10.04,6.92,6.83
"15-10-2010",6.31,5.75,5.06,3.72,4.71,5.36,6.05,8.87,17.66,10.25,-9999,-9999,-9999,-9999,-9999,6.36,6.31,6.66,8.57,9.65,8.09,10.64,8.96,6.92
"16-10-2010",6.88,4.80,7.01,6.49,5.97,4.19,5.84,6.75,8.91,9.17,6.92,7.92,5.79,3.24,4.97,7.35,6.40,5.32,4.97,6.75,6.53,7.35,6.05,5.75
"17-10-2010",9.47,8.57,8.65,6.66,5.14,4.11,6.44,5.14,5.28,4.32,3.63,5.10,2.94,4.50,4.50,2.81,5.19,3.54,3.41,3.15,2.59,1.72,1.94,1.81
"18-10-2010",-9999,1.42,1.12,1.34,0.94,-9999,3.02,2.94,1.29,3.93,6.40,4.19,2.55,6.88,4.97,-9999,6.36,1.46,5.36,3.41,2.81,6.57,4.93,2.33
"19-10-2010",2.59,3.50,1.72,-9999,-9999,1.03,4.67,7.53,7.70,8.05,5.97,-9999,5.71,6.62,7.70,7.22,7.35,4.02,5.32,4.11,4.24,6.36,6.05,4.50
"20-10-2010",3.63,1.72,-9999,-9999,0.90,1.77,2.46,7.09,4.89,8.13,5.58,5.28,6.62,5.32,6.66,5.75,5.71,7.83,7.87,8.35,6.96,9.09,5.88,4.89
"21-10-2010",4.24,3.63,2.68,2.63,2.03,3.24,8.31,8.00,12.55,13.20,5.88,7.09,5.88,6.49,6.75,6.40,5.84,7.66,8.09,9.26,9.47,10.21,2.98,2.89
"22-10-2010",5.02,3.89,1.90,-9999,-9999,-9999,-9999,-9999,1.77,1.60,-9999,-9999,-9999,2.59,1.77,2.76,2.76,1.38,1.08,-9999,3.24,3.93,3.59,2.55
"23-10-2010",2.33,2.46,1.94,1.16,1.34,1.25,0.51,1.34,3.11,2.98,3.80,3.11,3.93,3.89,3.98,3.41,3.46,1.90,1.81,4.89,1.64,2.72,3.20,4.15
"24-10-2010",6.05,3.89,1.90,2.68,3.07,1.90,1.25,2.89,3.72,3.20,4.37,0.48,1.55,2.85,2.24,1.16,3.72,3.89,5.36,5.79,4.76,6.49,6.49,5.97
"25-10-2010",6.23,4.32,3.50,2.24,1.42,1.68,2.33,5.10,8.48,7.70,6.79,3.24,3.41,2.42,1.86,2.29,1.72,1.20,1.64,2.24,3.24,1.60,1.81,0.86
"26-10-2010",-9999,1.98,1.12,-9999,-9999,1.25,1.81,6.49,11.64,11.34,9.30,8.05,5.66,5.41,5.19,4.11,4.97,4.11,6.44,8.13,7.01,9.39,9.82,12.64
"27-10-2010",8.26,7.79,4.58,4.80,2.89,3.33,5.02,7.83,7.96,9.17,9.39,5.06,5.28,3.98,11.29,1.98,1.46,1.20,0.94,1.08,1.51,1.64,1.16,1.38
"28-10-2010",2.24,2.37,1.51,1.16,1.64,1.46,1.98,1.25,-9999,-9999,-9999,-9999,-9999,-9999,-9999,-9999,-9999,-9999,-9999,-9999,-9999,-9999,-9999,-9999
"29-10-2010",-9999,-9999,-9999,-9999,-9999,-9999,-9999,-9999,-9999,-9999,-9999,-9999,1.90,2.72,2.72,2.55,2.16,1.81,3.54,2.89,1.38,-9999,1.72,-9999
"30-10-2010",-9999,-9999,-9999,-9999,-9999,1.03,2.46,2.55,2.42,1.64,4.50,3.28,1.16,2.33,1.51,-9999,-9999,-9999,-9999,3.93,3.63,2.37,4.15,4.28
"31-10-2010",4.11,3.89,2.98,3.89,2.42,2.94,1.94,2.46,3.02,3.37,2.24,2.16,2.07,1.81,2.55,2.03,2.29,2.98,4.24,6.49,3.98,5.36,6.66,6.14
"01-11-2010",6.31,5.75,4.67,2.85,1.94,2.03,2.16,2.24,3.98,5.71,5.58,3.63,3.28,3.37,6.14,7.61,5.06,6.44,2.03,4.11,4.89,-9999,6.88,5.84
"02-11-2010",4.97,4.41,2.76,1.55,1.42,0.60,1.55,5.92,5.06,5.36,4.58,6.57,3.89,4.06,6.31,7.01,5.88,5.92,6.92,6.40,5.84,7.18,6.36,5.84
"03-11-2010",4.80,6.05,4.50,2.59,1.98,3.07,3.24,5.10,8.57,10.34,6.96,5.71,4.15,5.10,3.54,5.71,6.40,8.48,8.13,4.93,8.31,6.40,5.58,4.89
"04-11-2010",5.88,3.72,3.07,2.68,1.90,2.07,3.11,4.97,7.05,9.13,4.80,4.67,4.50,5.28,6.23,6.01,6.05,6.53,7.01,6.18,8.70,10.60,9.43,7.22
"05-11-2010",9.34,10.30,6.44,5.66,3.76,4.28,6.83,8.18,14.06,12.90,8.74,9.86,7.92,4.37,4.76,2.24,2.42,4.02,9.47,13.07,17.70,18.91,21.25,15.67
"06-11-2010",11.60,10.90,8.61,8.26,7.61,7.09,6.53,10.17,13.67,11.94,9.26,6.49,6.75,5.10,4.50,5.02,4.89,5.10,5.75,7.14,6.10,9.43,11.34,7.48
"07-11-2010",9.34,10.04,10.12,6.96,6.57,7.57,6.05,6.79,6.75,6.14,5.19,4.11,5.92,3.33,3.41,3.80,2.98,4.15,4.76,5.28,4.37,4.45,3.24,1.77
"08-11-2010",2.68,3.02,1.38,1.64,1.03,2.07,2.11,3.54,5.02,2.46,3.89,1.98,1.81,1.20,0.77,0.77,0.94,1.38,1.25,0.81,1.20,0.38,0.69,0.30
"09-11-2010",-9999,-9999,-9999,-9999,-9999,-9999,-9999,-9999,-9999,-9999,-9999,-9999,-9999,-9999,-9999,-9999,-9999,-9999,-9999,-9999,-9999,-9999,-9999,-9999
"10-11-2010",-9999,-9999,-9999,-9999,-9999,-9999,-9999,-9999,-9999,-9999,-9999,-9999,-9999,-9999,-9999,-9999,-9999,-9999,-9999,-9999,-9999,-9999,-9999,-9999
"11-11-2010",-9999,-9999,-9999,-9999,-9999,-9999,-9999,-9999,-9999,-9999,-9999,3.33,3.80,2.98,5.23,4.93,5.19,7.09,5.10,5.97,6.40,5.36,6.49,6.31
"12-11-2010",3.80,3.11,2.50,2.76,1.68,2.94,2.76,6.36,5.54,6.75,6.05,2.42,1.81,1.90,3.89,4.89,4.15,5.88,2.76,2.50,2.81,3.80,3.20,0.51
"13-11-2010",-9999,-9999,-9999,-9999,-9999,-9999,-9999,-9999,-9999,-9999,-9999,-9999,-9999,-9999,-9999,-9999,-9999,-9999,-9999,-9999,-9999,-9999,-9999,-9999
"14-11-2010",-9999,-9999,-9999,-9999,-9999,-9999,-9999,-9999,-9999,-9999,-9999,-9999,-9999,-9999,-9999,-9999,-9999,-9999,1.46,1.25,2.85,1.34,0.99,0.25
"15-11-2010",-9999,-9999,-9999,-9999,1.38,1.29,3.33,3.59,5.36,6.23,5.88,5.62,5.36,6.01,4.50,5.75,6.10,7.05,6.14,7.01,6.05,6.14,6.23,5.19
"16-11-2010",4.32,4.06,3.59,2.24,1.98,1.98,4.15,6.23,7.09,7.22,4.76,4.41,4.63,6.18,7.18,4.58,4.32,6.66,6.75,6.79,6.83,7.79,6.44,4.84
"17-11-2010",5.49,4.71,4.67,-9999,2.33,2.89,3.24,5.02,6.05,3.07,1.20,1.51,1.03,-9999,1.20,0.99,1.98,1.03,2.46,2.76,5.02,5.45,7.09,5.54
"18-11-2010",5.36,4.24,2.76,2.03,1.64,2.11,1.81,5.10,3.80,5.84,5.19,4.50,4.97,5.58,5.75,4.19,4.58,5.36,5.84,6.23,9.47,9.65,4.89,7.53
"19-11-2010",6.57,4.71,3.37,3.07,2.33,2.68,3.72,5.88,8.57,6.05,5.45,-9999,3.55,2.90,3.95,6.07,4.99,4.12,5.34,4.82,5.86,5.77,6.07,4.86
"20-11-2010",5.68,6.20,5.51,4.43,3.56,3.91,-9999,7.33,6.29,7.24,6.90,4.04,4.17,4.64,3.21,6.20,6.55,6.55,3.52,3.17,7.41,7.46,9.93,10.62
"21-11-2010",9.67,8.37,8.19,6.89,5.08,6.16,5.55,5.77,4.04,4.47,2.91,3.95,2.91,4.82,2.48,3.87,4.04,4.99,4.69,5.25,6.12,8.19,8.28,6.55
"22-11-2010",5.55,6.55,5.21,4.82,3.56,2.31,4.12,5.77,7.63,6.55,5.42,3.52,3.61,3.95,4.51,2.87,1.70,1.27,1.35,1.70,1.09,1.27,0.83,0.57
"23-11-2010",-9999,-9999,-9999,-9999,-9999,-9999,-9999,1.79,3.04,2.87,2.26,2.65,2.39,2.44,4.25,3.30,3.43,3.69,3.69,4.12,4.12,2.74,2.44,1.27
"24-11-2010",1.57,1.66,1.44,1.27,0.92,1.70,2.74,4.12,6.72,7.50,7.41,5.25,5.55,4.99,4.04,4.82,3.61,4.51,4.56,4.12,5.42,3.17,2.57,1.79
"25-11-2010",3.52,2.05,1.48,1.22,0.88,0.92,2.74,3.78,7.54,6.16,3.43,5.68,4.04,5.86,4.90,7.33,8.19,8.67,6.03,5.51,5.86,3.69,4.69,7.03
"26-11-2010",6.38,3.95,3.00,2.22,1.83,2.31,3.17,5.55,5.25,3.95,3.09,2.35,1.61,1.79,2.22,1.53,1.27,1.70,2.31,2.48,1.61,1.31,0.83,0.66
"27-11-2010",0.83,1.61,0.88,0.40,0.31,0.40,1.05,2.05,2.35,3.00,1.79,3.13,2.13,1.70,2.39,1.31,1.14,1.27,1.09,1.57,1.01,3.17,2.39,1.35
"28-11-2010",2.18,2.39,3.13,6.55,4.04,3.43,3.04,3.09,3.91,4.21,5.42,2.52,2.05,1.40,1.74,1.66,0.70,0.88,0.88,1.44,1.09,2.13,1.14,0.66
"29-11-2010",-9999,-9999,-9999,-9999,-9999,-9999,-9999,1.79,2.87,2.05,2.83,3.91,3.43,3.13,2.13,2.91,2.48,5.34,7.72,5.16,5.21,5.86,3.43,3.17
"30-11-2010",2.57,2.05,1.44,1.44,0.96,1.61,2.05,3.95,6.46,4.56,4.56,3.17,5.81,5.16,7.16,6.64,7.28,3.95,2.70,6.89,2.09,5.34,6.98,3.39
"01-12-2010",1.61,1.01,0.53,0.31,0.40,0.49,1.05,3.17,5.08,6.89,6.03,3.95,3.65,4.25,3.52,5.34,2.31,2.22,1.92,1.87,3.39,1.70,2.09,2.13
"02-12-2010",2.05,2.65,1.61,1.53,1.92,1.09,1.27,3.26,2.44,-9999,5.94,3.39,3.95,1.66,4.82,1.79,3.35,2.74,2.31,2.22,3.52,6.68,4.82,4.73
"03-12-2010",2.78,3.39,3.13,2.05,1.44,1.83,2.48,3.43,5.64,3.26,1.35,1.44,1.35,1.22,1.53,0.92,1.18,0.92,0.83,1.31,1.87,1.70,4.04,1.27
"04-12-2010",0.75,0.49,0.57,0.40,0.53,0.96,1.18,1.70,1.74,1.40,1.18,0.83,1.31,0.92,1.05,0.88,0.92,1.35,3.26,3.47,2.00,2.48,2.83,2.09
"05-12-2010",1.92,1.27,1.18,1.40,1.18,1.83,1.61,1.70,1.57,2.57,1.61,1.57,1.61,2.31,2.09,1.66,1.40,1.87,2.05,2.39,2.87,3.09,3.87,3.17
"06-12-2010",2.13,3.00,2.05,1.18,1.53,2.18,2.57,3.26,6.90,7.68,3.87,4.04,3.69,3.30,4.47,5.38,4.69,4.38,5.73,6.51,4.82,6.64,6.29,8.84
"07-12-2010",5.68,4.56,3.95,6.55,5.55,4.43,5.29,7.33,9.32,9.88,7.07,5.51,3.78,4.12,5.29,5.21,5.16,4.64,5.21,8.41,6.64,7.50,7.67,6.98
"08-12-2010",8.97,6.38,6.03,5.99,4.69,4.99,7.55,10.01,15.43,12.26,6.64,5.42,5.21,5.25,5.94,6.29,5.38,7.28,8.80,6.81,5.86,6.72,6.12,4.77
"09-12-2010",4.04,2.95,5.77,5.51,4.21,4.82,5.42,7.50,9.36,9.06,6.98,5.86,4.99,7.33,4.90,3.69,3.95,6.64,-9999,3.78,5.34,5.29,4.64,2.61
"10-12-2010",2.74,1.96,1.96,1.61,0.96,1.09,1.87,3.91,6.20,4.86,4.38,3.95,1.83,0.75,0.92,1.96,1.27,2.22,2.05,1.70,2.96,1.96,1.31,0.75
"11-12-2010",0.66,0.66,0.53,0.49,0.53,1.61,0.88,1.57,1.09,1.87,1.61,1.14,1.53,1.53,2.09,2.22,-9999,2.18,2.05,2.52,1.70,1.40,1.57,1.22
"12-12-2010",1.01,0.88,1.01,0.79,1.14,0.75,1.14,1.40,1.70,1.40,2.13,1.66,1.79,1.35,2.05,2.39,2.22,2.26,3.26,2.57,8.80,10.49,10.44,8.28
"13-12-2010",6.20,4.82,3.43,3.04,2.35,2.95,3.35,2.91,5.55,5.08,4.56,5.94,8.67,7.41,6.81,7.85,6.98,8.80,4.38,4.34,4.38,3.13,3.82,2.26
"14-12-2010",1.53,1.22,0.70,0.83,0.57,1.22,0.70,1.48,4.04,5.08,4.12,5.68,4.69,5.38,7.24,6.20,8.06,8.89,7.98,10.79,5.21,6.29,4.86,4.30
"15-12-2010",2.74,1.48,1.44,1.40,0.88,0.79,2.22,3.78,2.57,3.52,2.91,1.70,2.26,3.86,2.31,1.87,1.79,1.53,1.18,1.79,1.74,1.31,2.05,1.18
"16-12-2010",0.57,0.62,0.66,0.57,1.31,1.44,2.57,3.60,3.69,7.02,5.21,5.64,5.68,3.95,3.86,7.33,4.04,3.78,3.69,-9999,5.03,5.77,3.17,2.22
"17-12-2010",2.48,1.31,1.27,1.44,1.35,2.48,3.21,6.63,8.97,6.38,4.38,4.90,5.34,-9999,2.48,6.89,4.82,6.38,5.86,6.98,9.88,6.29,4.47,4.21
"18-12-2010",3.34,1.87,1.61,1.87,1.53,1.96,-9999,4.99,4.56,4.30,4.82,3.65,4.08,3.78,2.18,2.31,3.95,3.17,2.39,2.39,2.48,3.69,2.91,3.73
"19-12-2010",2.39,2.48,2.57,1.70,2.48,2.13,2.48,2.31,4.38,4.12,4.99,4.38,5.21,7.50,7.85,4.38,4.38,7.85,9.06,8.80,9.23,11.57,14.86,13.73
"20-12-2010",10.36,10.88,8.63,8.19,5.99,5.55,6.89,11.96,9.10,7.07,6.55,2.74,3.43,4.38,1.79,2.09,2.52,2.91,2.48,2.48,3.30,8.28,6.64,4.21
"21-12-2010",2.65,2.31,1.96,0.66,0.31,0.66,2.35,1.61,1.14,1.66,1.79,3.17,1.83,3.43,3.43,3.35,2.22,3.35,3.91,2.95,2.18,1.53,3.73,3.47
"22-12-2010",4.56,2.48,2.78,2.35,4.04,5.16,5.68,9.49,15.08,14.13,9.71,8.80,5.47,3.35,3.82,3.52,4.64,4.82,4.08,2.83,5.81,3.87,7.93,8.89
"23-12-2010",8.63,5.16,2.22,2.83,3.21,4.64,7.20,9.45,12.96,11.48,7.67,5.99,5.21,7.59,5.42,6.16,5.08,3.69,3.65,3.87,2.83,3.35,2.22,1.44
"24-12-2010",1.05,0.75,0.92,0.79,0.57,0.66,1.01,1.87,-9999,-9999,-9999,-9999,-9999,-9999,1.74,1.53,0.92,1.18,2.05,1.44,1.96,1.18,1.22,0.66
"25-12-2010",0.83,0.49,0.36,0.31,0.40,0.31,0.49,0.23,0.31,0.49,1.01,1.61,1.87,2.18,2.05,1.53,1.40,2.91,2.95,3.09,3.39,3.00,2.31,2.61
"26-12-2010",1.53,2.22,2.74,3.00,1.57,2.35,2.22,1.70,2.26,2.31,2.48,2.18,2.00,2.61,2.57,2.05,1.14,1.01,1.22,1.74,3.78,3.87,3.35,2.52
"27-12-2010",2.26,1.74,2.05,1.79,2.09,2.31,2.65,3.43,4.82,4.38,4.56,4.43,4.82,4.82,4.38,3.43,2.70,6.98,5.94,4.17,3.87,4.86,-9999,2.48
"28-12-2010",2.00,1.44,1.09,0.92,0.79,0.92,1.96,2.39,2.61,4.47,2.74,3.47,2.74,3.26,7.07,3.78,4.30,4.64,4.08,3.47,3.61,5.34,2.18,1.74
"29-12-2010",1.44,0.92,1.14,1.01,0.75,0.83,0.88,2.13,1.70,1.70,2.57,1.18,2.70,4.25,1.87,1.79,1.66,1.40,2.31,2.61,3.17,1.70,1.31,1.35
"30-12-2010",1.74,1.70,1.27,0.66,0.66,0.49,0.79,0.96,0.83,1.27,2.61,3.30,4.64,4.08,4.34,4.25,2.26,3.43,2.39,4.12,2.83,2.26,2.00,2.18
"31-12-2010",2.78,2.22,1.96,1.44,1.53,1.48,2.69,3.17,4.56,5.16,4.90,2.13,2.91,3.04,1.87,4.43,1.70,1.40,1.31,2.65,4.43,6.11,7.46,9.66
"01-01-2011",8.80,-9999,-9999,-9999,-9999,-9999,-9999,-9999,-9999,-9999,-9999,-9999,-9999,-9999,-9999,-9999,-9999,-9999,-9999,-9999,-9999,-9999,-9999,-9999
