"01-01-2013",0.7,0.6,0.5,0.5,0.4,0.3,0.4,0.3,0.3,0.3,0.4,0.5,0.4,0.3,0.2,0.2,0.3,0.9,0.8,-9999,0.7,1.0,1.1,1.0
"02-01-2013",0.7,1.1,0.8,0.6,0.9,0.6,0.6,0.7,0.6,0.6,0.8,0.7,0.4,0.5,0.6,0.4,0.4,0.7,1.3,1.5,0.7,1.6,1.0,0.7
"03-01-2013",1.0,1.8,0.7,0.8,0.8,0.5,0.5,0.5,0.8,0.8,0.8,0.4,0.3,0.3,0.3,0.3,0.4,0.5,0.6,1.2,1.0,1.4,1.1,1.3
"04-01-2013",0.7,0.8,0.8,0.5,0.3,0.3,0.6,0.7,0.8,1.0,1.0,0.8,0.6,0.6,0.6,0.5,0.6,1.0,1.1,0.9,1.5,2.7,3.3,1.5
"05-01-2013",2.1,2.0,1.5,1.1,1.3,1.0,1.2,0.8,0.9,0.5,0.6,0.6,0.6,0.5,0.6,0.5,0.6,0.8,1.0,1.9,2.5,2.1,1.1,1.5
"06-01-2013",0.9,1.2,0.3,0.2,0.2,0.3,0.2,0.1,0.1,0.1,0.1,0.2,0.2,0.2,0.2,0.2,0.2,0.3,0.3,0.4,0.6,0.5,0.7,0.6
"07-01-2013",0.4,0.5,0.3,0.2,0.4,0.3,0.4,0.5,0.6,0.6,0.3,0.2,0.3,0.3,0.3,0.3,0.3,0.4,0.4,0.4,0.3,0.2,0.3,0.2
"08-01-2013",0.2,0.1,0.1,0.1,0.1,0.1,0.2,0.2,0.4,0.3,0.2,0.2,0.2,0.2,0.2,0.2,0.2,0.2,0.4,0.5,0.9,0.8,1.4,0.7
"09-01-2013",0.5,0.5,0.3,0.2,0.2,0.2,0.4,0.4,0.4,0.4,0.3,0.3,0.3,0.2,0.3,0.4,0.4,0.6,0.7,0.9,1.3,1.4,0.7,0.6
"10-01-2013",1.0,0.8,0.9,1.1,0.7,0.6,0.5,0.8,1.1,1.0,0.7,0.3,0.6,0.4,0.3,0.3,0.4,0.7,0.7,0.8,0.7,0.9,0.8,0.9
"11-01-2013",0.7,0.5,0.5,0.3,0.2,0.3,0.3,0.5,0.6,0.5,0.3,0.3,0.3,0.3,0.3,0.3,0.3,0.6,0.6,1.1,0.9,1.1,2.0,1.4
"12-01-2013",0.9,1.1,1.0,1.3,0.7,0.4,0.3,0.4,0.4,0.6,0.4,0.5,0.4,0.4,0.3,0.3,0.4,0.6,0.6,0.5,0.6,0.8,1.2,0.9
"13-01-2013",0.4,0.6,0.6,0.4,0.3,0.2,0.3,0.3,0.3,0.3,0.4,0.4,0.5,0.3,0.2,0.3,0.3,0.4,0.4,0.5,0.6,1.0,0.6,0.7
"14-01-2013",0.8,0.7,0.7,0.7,0.6,0.6,0.6,0.8,1.4,1.2,0.6,0.4,0.3,0.2,0.2,0.3,0.4,0.4,0.5,0.6,0.8,0.7,1.6,1.4
"15-01-2013",0.8,0.9,1.0,0.8,0.5,0.6,0.7,1.1,0.9,0.7,0.8,0.6,0.4,0.3,0.3,0.3,0.3,0.3,0.5,0.6,0.8,0.8,0.6,0.3
"16-01-2013",0.2,0.2,0.2,0.1,0.1,0.1,0.2,0.4,0.8,0.6,0.3,0.2,0.2,0.1,0.2,0.2,0.2,0.2,0.3,0.6,0.6,0.5,0.3,0.3
"17-01-2013",0.2,0.2,0.2,0.2,0.1,0.2,0.2,0.5,0.6,0.6,0.3,0.2,0.2,0.2,0.3,0.3,0.4,0.8,1.0,0.9,1.0,0.6,0.6,0.6
"18-01-2013",0.7,0.7,0.7,0.6,0.4,0.3,0.5,0.7,0.6,0.6,0.4,0.2,0.2,0.2,0.2,0.1,0.2,0.2,0.3,0.4,0.3,0.3,0.2,0.3
"19-01-2013",0.3,0.3,0.3,0.3,0.3,0.3,0.2,0.2,0.3,0.3,0.2,0.2,0.2,0.2,0.2,0.2,0.2,0.2,0.3,0.3,0.5,0.6,0.8,0.7
"20-01-2013",0.6,0.5,0.4,0.3,0.3,0.3,0.3,0.3,0.4,0.3,0.4,0.4,0.4,0.3,0.3,0.4,0.4,0.7,1.5,2.1,1.0,0.9,1.0,1.4
"21-01-2013",0.7,0.6,0.4,0.3,0.3,0.4,0.5,0.8,1.1,1.1,0.9,0.6,0.4,0.4,0.4,0.3,0.3,0.4,0.5,0.6,0.6,0.4,0.6,0.6
"22-01-2013",0.9,0.7,0.3,0.4,0.3,0.3,0.5,0.6,0.7,1.1,0.7,0.4,0.4,0.4,0.4,0.3,0.3,0.5,0.9,1.4,0.9,0.9,1.3,1.2
"23-01-2013",0.9,0.5,0.5,0.5,0.2,0.2,0.2,0.3,0.6,0.4,0.2,0.2,0.2,0.2,0.2,0.2,0.2,0.3,0.3,0.5,0.6,0.7,0.6,0.6
"24-01-2013",0.6,0.5,0.4,0.3,0.2,0.2,0.3,0.4,0.5,0.5,0.5,0.4,0.3,0.4,0.3,0.3,0.3,0.4,0.5,0.7,1.6,1.3,0.6,0.9
"25-01-2013",0.6,0.5,0.5,0.4,0.3,0.3,0.5,0.6,0.6,0.6,0.5,0.5,0.5,0.5,0.5,0.4,0.4,0.4,0.5,0.5,0.4,0.4,0.4,0.4
"26-01-2013",0.4,0.3,0.3,0.3,0.2,0.2,0.2,0.3,0.4,0.3,0.3,0.3,0.3,0.3,0.3,0.3,0.3,0.3,0.3,0.3,0.3,0.4,0.4,0.4
"27-01-2013",0.3,0.3,0.3,0.3,0.3,0.3,0.3,0.3,0.3,0.3,0.3,0.3,0.3,0.3,0.3,0.3,0.3,0.4,0.4,0.4,0.5,0.5,0.4,0.5
"28-01-2013",0.5,0.4,0.3,0.4,0.3,0.3,0.4,0.5,0.5,0.5,0.3,0.3,0.3,0.2,0.3,0.3,0.2,0.4,0.6,0.6,0.5,0.9,1.1,1.0
"29-01-2013",0.6,0.6,0.5,0.4,0.3,0.3,0.4,0.6,1.1,0.9,0.5,0.3,0.2,0.2,0.2,0.2,0.3,0.4,0.5,0.7,0.6,1.0,0.7,0.8
"30-01-2013",0.7,0.7,0.5,0.3,0.4,0.4,0.6,0.8,0.7,0.6,0.6,0.6,0.4,0.3,0.3,0.3,0.4,0.6,1.0,1.1,1.6,1.2,1.3,1.4
"31-01-2013",1.2,1.0,0.6,0.5,0.5,0.6,0.7,1.0,1.5,1.0,1.1,0.7,0.4,0.5,0.4,0.5,0.6,0.4,0.6,0.4,0.3,0.3,0.5,1.1
"01-02-2013",0.6,0.7,0.3,0.3,0.3,0.2,0.3,0.6,0.5,0.7,0.4,0.2,0.2,0.2,0.2,0.2,0.3,0.5,1.0,1.5,1.8,1.4,0.9,1.3
"02-02-2013",1.1,1.6,1.2,0.7,0.5,0.5,0.3,0.3,0.4,0.8,0.7,0.4,0.3,0.5,0.5,0.2,0.2,0.2,0.2,0.4,0.5,0.5,0.6,0.8
"03-02-2013",1.0,0.7,0.4,0.4,0.4,0.4,0.3,0.3,0.2,0.2,0.3,0.2,0.2,0.1,0.1,0.1,0.1,0.2,0.4,1.1,1.1,1.0,1.1,0.5
"04-02-2013",0.5,0.4,0.2,0.2,0.1,0.2,0.3,0.5,0.7,0.6,0.3,0.3,0.3,0.2,0.2,0.2,0.2,0.5,0.5,0.6,1.1,0.9,0.6,1.3
"05-02-2013",1.4,0.9,0.4,0.5,0.3,0.3,0.3,0.4,0.9,0.5,0.3,0.3,0.3,0.2,0.2,0.2,0.2,0.3,0.4,0.4,0.4,0.8,0.8,0.6
"06-02-2013",0.4,0.5,0.6,0.5,0.2,0.3,0.3,0.6,0.7,0.4,0.3,0.2,0.2,0.3,0.3,0.4,0.4,0.4,0.6,0.6,0.8,0.9,1.1,1.2
"07-02-2013",0.8,0.7,0.6,0.5,0.5,0.5,0.5,0.6,0.7,0.8,0.6,0.2,0.2,0.3,0.2,0.2,0.3,0.3,0.4,0.9,0.6,0.6,0.5,0.4
"08-02-2013",0.5,0.5,0.3,0.2,0.1,0.1,0.2,0.4,0.6,0.6,0.5,0.3,0.2,0.3,0.4,0.3,0.3,0.3,0.4,0.4,0.5,0.3,0.3,0.6
"09-02-2013",0.5,0.3,0.3,0.3,0.3,0.2,0.2,0.2,0.3,0.3,0.3,0.3,0.2,0.2,0.2,0.2,0.3,0.3,0.4,0.5,0.4,0.4,0.4,0.4
"10-02-2013",0.5,0.3,0.3,0.3,0.2,0.3,0.3,0.2,0.3,0.4,0.3,0.3,0.2,0.2,0.2,0.2,0.2,0.2,0.4,0.5,0.7,0.9,0.7,1.1
"11-02-2013",1.4,0.6,0.5,0.2,0.2,0.2,0.2,0.3,0.3,0.3,0.2,0.2,0.2,0.2,0.2,0.2,0.2,0.2,0.3,0.4,0.4,0.5,0.4,0.4
"12-02-2013",0.5,0.9,0.7,0.4,0.3,0.3,0.3,0.3,0.4,0.4,0.3,0.3,0.3,0.3,0.2,0.3,0.3,0.3,0.4,0.6,0.7,0.8,1.0,0.9
"13-02-2013",0.9,0.8,0.5,0.3,0.3,0.2,0.2,0.3,0.3,0.3,0.3,0.3,0.2,0.2,0.2,0.2,0.2,0.2,0.3,0.4,0.7,0.6,0.6,0.4
"14-02-2013",0.5,0.4,0.3,0.2,0.2,0.2,0.2,0.3,0.5,0.6,0.6,0.3,0.3,0.3,0.2,0.3,0.2,0.2,0.2,0.2,0.3,0.3,0.2,0.2
"15-02-2013",0.2,0.2,0.2,0.2,0.2,0.2,0.2,0.3,0.4,0.3,0.3,0.3,0.2,0.2,0.2,0.2,0.3,0.3,0.4,0.4,0.4,0.4,0.4,0.4
"16-02-2013",0.3,0.3,0.3,0.3,0.3,0.3,0.3,0.4,0.3,0.3,0.3,0.3,0.3,0.2,0.3,0.2,0.2,0.2,0.2,0.3,0.3,0.3,0.3,0.3
"17-02-2013",0.2,0.2,0.2,0.2,0.2,0.2,0.2,0.2,0.2,0.2,0.2,0.2,0.2,0.2,0.2,-9999,0.3,0.3,0.4,0.3,0.3,0.3,0.5,0.5
"18-02-2013",0.3,0.3,0.3,0.3,0.3,0.3,0.2,0.3,0.4,0.3,0.3,0.3,0.3,0.3,0.3,0.3,0.3,0.3,0.3,0.4,0.4,0.4,0.3,0.4
"19-02-2013",0.3,0.3,0.3,0.3,0.2,0.2,0.2,0.3,0.4,0.3,0.4,0.3,0.3,0.2,0.2,0.2,0.2,0.2,0.3,0.3,0.4,0.3,0.4,0.4
"20-02-2013",0.5,0.5,0.3,0.3,0.2,0.3,0.3,0.4,0.5,0.5,0.4,0.3,0.3,0.3,0.3,0.3,0.3,0.3,0.4,0.4,0.4,0.5,0.5,0.5
"21-02-2013",0.4,0.4,0.3,0.3,0.3,0.3,0.4,0.6,0.7,0.8,0.6,0.3,0.4,0.4,0.6,0.7,0.8,0.6,0.5,0.6,0.6,0.7,0.5,0.4
"22-02-2013",0.4,0.3,0.3,0.2,0.2,0.2,0.3,0.3,0.3,0.3,0.3,0.3,0.3,0.3,0.3,0.3,0.3,0.3,0.3,0.4,0.5,0.6,0.4,0.4
"23-02-2013",0.3,0.4,0.3,0.3,0.3,0.2,0.3,0.3,0.4,0.4,0.4,0.3,0.3,0.3,0.2,0.2,0.3,0.3,0.3,0.3,0.4,0.5,0.6,0.6
"24-02-2013",0.5,0.6,0.5,0.5,0.3,0.3,0.3,0.3,0.3,0.3,0.3,0.2,0.2,0.2,0.2,0.2,0.2,0.3,0.3,0.5,0.7,0.6,0.6,0.8
"25-02-2013",0.6,0.6,0.5,0.4,0.3,0.3,0.3,0.5,0.7,0.5,0.3,0.3,0.2,0.3,0.2,0.2,0.2,0.4,0.3,0.4,0.3,0.3,0.4,0.2
"26-02-2013",0.2,0.1,0.1,0.1,0.1,0.2,0.2,0.4,0.3,0.2,0.2,0.2,0.2,0.1,0.2,0.2,0.2,0.2,0.3,0.3,0.3,0.3,0.3,0.4
"27-02-2013",0.4,0.5,0.3,0.3,0.3,0.3,0.3,0.4,0.6,0.3,0.3,0.2,0.2,0.2,0.2,0.2,0.2,0.3,0.3,0.4,0.6,0.6,0.5,0.3
"28-02-2013",0.3,0.3,0.3,0.2,0.1,0.1,0.2,0.2,0.3,0.3,0.3,0.2,0.3,0.3,0.3,0.3,0.3,0.3,0.3,0.4,0.4,0.4,0.5,0.4
"01-03-2013",0.4,0.4,0.4,0.5,0.5,0.2,0.3,0.4,0.7,0.4,0.2,0.2,0.2,0.2,0.2,0.2,0.2,0.3,0.4,0.7,0.6,0.6,0.6,0.7
"02-03-2013",0.5,0.4,0.3,0.4,0.3,0.3,0.4,0.4,0.5,0.3,0.3,0.3,0.2,0.3,0.2,0.3,0.3,0.3,0.3,0.3,0.3,0.2,0.3,0.3
"03-03-2013",0.2,0.2,0.2,0.2,0.2,0.2,0.2,0.2,0.2,0.2,0.2,0.2,0.3,0.2,0.2,0.2,0.2,0.2,0.3,0.3,0.4,0.6,0.6,0.8
"04-03-2013",0.7,0.4,0.4,0.4,0.3,0.3,0.4,0.4,0.4,0.5,0.4,0.3,0.3,0.3,0.2,0.2,0.2,0.3,0.5,0.5,0.6,0.6,0.5,0.5
"05-03-2013",0.6,0.5,0.5,0.4,0.3,0.3,0.3,0.5,0.6,0.4,0.4,0.3,0.3,0.3,0.3,0.3,0.3,0.3,0.3,0.4,0.5,0.6,0.5,0.5
"06-03-2013",0.6,0.9,0.6,0.6,0.4,0.5,0.6,0.5,0.7,0.5,0.5,0.3,0.2,0.2,0.2,0.2,0.2,0.2,0.3,0.4,0.4,0.5,0.6,0.4
"07-03-2013",0.5,0.5,0.3,0.3,0.3,0.3,0.3,0.3,0.5,0.4,0.3,0.3,0.3,0.2,0.3,0.3,0.3,0.2,0.3,0.3,0.4,0.4,0.4,0.3
"08-03-2013",0.3,0.2,0.2,0.2,0.2,0.2,0.2,0.3,0.3,0.3,0.3,0.2,0.2,0.2,0.2,0.2,0.3,0.3,0.3,0.5,1.0,0.8,0.8,0.7
"09-03-2013",0.6,0.5,0.5,0.4,0.3,0.4,0.4,0.5,0.4,0.5,0.3,0.2,0.2,0.1,0.2,0.2,0.2,0.2,0.3,0.4,0.3,0.4,0.6,0.6
"10-03-2013",0.8,0.8,0.7,0.7,0.4,0.3,0.3,0.2,0.3,0.3,0.3,0.1,0.1,0.1,0.1,0.1,0.1,0.1,0.2,0.2,0.4,0.7,0.6,0.6
"11-03-2013",0.5,0.4,0.4,0.3,0.2,0.2,0.3,0.4,0.6,0.4,0.3,0.2,0.1,0.1,0.1,0.1,0.1,0.1,0.1,0.1,0.1,0.2,0.2,0.2
"12-03-2013",0.1,0.2,0.1,0.1,0.1,0.2,0.3,0.3,0.3,0.2,0.2,0.2,0.2,0.2,0.1,0.1,0.1,0.1,0.2,0.2,0.2,0.3,0.3,0.2
"13-03-2013",0.2,0.2,0.2,0.2,0.2,0.2,0.2,0.4,0.5,0.2,0.2,0.3,0.2,0.1,0.2,0.2,0.2,0.2,0.2,0.2,0.2,0.4,0.4,0.4
"14-03-2013",0.3,0.3,0.2,0.2,0.2,0.2,0.2,0.4,0.4,0.4,0.3,0.3,0.3,0.3,0.3,0.3,0.4,0.4,0.4,0.2,0.2,0.3,0.2,0.2
"15-03-2013",0.2,0.2,0.2,0.2,0.2,0.2,0.2,0.3,0.3,0.2,0.2,0.2,0.2,0.2,0.2,0.2,0.1,0.1,0.2,0.2,0.2,0.3,0.3,0.3
"16-03-2013",0.3,0.3,0.2,0.2,0.2,0.2,0.2,0.2,0.2,0.2,0.2,0.2,0.2,0.2,0.2,0.2,0.2,0.2,0.3,0.3,0.3,0.3,0.2,0.3
"17-03-2013",0.2,0.2,0.2,0.2,0.2,0.2,0.2,0.2,0.2,0.2,0.2,0.2,0.2,0.2,0.2,0.2,0.2,0.2,0.3,0.3,0.3,0.3,0.3,0.4
"18-03-2013",0.4,0.4,0.5,0.4,0.3,0.3,0.2,0.3,0.2,0.2,0.2,0.2,0.2,0.3,0.3,0.2,0.2,0.2,0.3,0.4,0.4,-9999,-9999,0.5
"19-03-2013",0.3,0.3,0.3,0.3,0.2,0.3,0.4,0.4,0.4,0.3,0.3,0.3,0.2,0.2,0.2,0.2,0.2,0.2,0.3,0.3,0.3,0.4,0.6,0.7
"20-03-2013",0.3,0.6,0.3,0.3,0.2,0.3,0.3,0.4,0.7,0.5,0.3,0.3,0.2,0.2,0.2,0.2,0.2,0.3,0.3,0.3,0.4,0.4,0.4,0.3
"21-03-2013",0.4,0.2,0.2,0.2,0.2,0.2,0.2,0.3,0.4,0.3,0.3,0.3,0.2,0.2,0.2,0.2,0.2,0.3,0.3,0.4,0.3,0.3,0.2,0.2
"22-03-2013",0.2,0.2,0.1,0.1,0.1,0.1,0.2,0.3,0.3,0.2,0.2,0.2,0.1,0.2,0.2,0.1,0.1,0.2,0.2,0.2,0.2,0.2,0.2,0.2
"23-03-2013",0.1,0.1,0.1,0.1,0.1,0.2,0.2,0.2,0.2,0.2,0.2,0.2,0.2,0.2,0.2,0.2,0.2,0.2,0.2,0.3,0.3,0.4,0.6,0.5
"24-03-2013",0.9,-9999,-9999,-9999,-9999,-9999,-9999,-9999,-9999,-9999,-9999,-9999,-9999,-9999,-9999,0.6,0.2,0.2,0.2,0.2,0.3,0.3,0.4,0.3
"25-03-2013",0.3,0.2,0.2,-9999,0.2,-9999,-9999,-9999,-9999,-9999,-9999,-9999,-9999,-9999,-9999,-9999,-9999,-9999,-9999,-9999,-9999,-9999,-9999,-9999
"26-03-2013",-9999,-9999,-9999,-9999,0.2,0.2,0.2,0.3,0.3,0.2,0.1,0.1,0.1,0.2,0.1,0.1,0.1,0.1,0.2,0.2,0.2,0.2,0.3,0.3
"27-03-2013",0.2,0.2,0.2,0.2,0.2,0.2,0.3,0.4,0.5,0.4,0.2,0.2,0.2,0.1,0.2,0.2,-9999,-9999,-9999,0.2,-9999,-9999,-9999,-9999
"28-03-2013",-9999,-9999,-9999,-9999,-9999,-9999,-9999,-9999,-9999,-9999,-9999,-9999,-9999,-9999,-9999,-9999,-9999,-9999,-9999,-9999,-9999,-9999,-9999,-9999
"29-03-2013",0.2,0.2,0.2,0.2,0.2,0.2,0.2,-9999,-9999,-9999,-9999,0.3,-9999,-9999,-9999,-9999,-9999,-9999,-9999,-9999,-9999,-9999,-9999,-9999
"30-03-2013",-9999,-9999,-9999,-9999,0.3,0.2,0.2,0.2,0.2,0.2,0.2,0.2,0.2,0.2,0.2,0.2,0.2,0.2,0.2,0.2,0.3,0.3,0.4,0.6
"31-03-2013",0.4,0.3,0.3,0.3,0.3,0.3,0.4,0.3,0.3,0.3,0.3,0.3,0.3,0.3,0.3,0.3,0.2,0.3,0.3,0.5,0.8,0.4,0.3,0.3
"01-04-2013",0.2,0.2,0.2,0.2,0.2,0.2,0.3,-9999,0.4,0.4,0.3,0.3,0.2,0.1,0.1,0.1,0.1,0.1,0.1,0.2,0.2,0.2,0.2,0.2
"02-04-2013",0.3,0.2,0.2,0.2,0.2,0.2,-9999,-9999,-9999,-9999,-9999,-9999,-9999,0.4,0.3,0.2,0.2,0.2,0.2,0.3,0.3,0.3,0.3,0.3
"03-04-2013",-9999,-9999,-9999,-9999,-9999,-9999,-9999,-9999,-9999,-9999,-9999,-9999,0.1,0.1,-9999,-9999,-9999,-9999,-9999,-9999,-9999,-9999,-9999,-9999
"04-04-2013",-9999,-9999,-9999,0.1,0.1,0.1,0.2,0.3,0.3,0.2,0.1,0.2,0.2,0.2,0.2,0.1,0.1,0.1,-9999,-9999,-9999,-9999,-9999,0.2
"05-04-2013",0.2,0.2,0.2,0.2,0.2,0.2,0.3,0.3,0.4,0.3,0.3,0.3,0.2,0.3,-9999,-9999,-9999,-9999,-9999,-9999,-9999,-9999,-9999,-9999
"06-04-2013",-9999,-9999,-9999,-9999,-9999,-9999,-9999,-9999,-9999,-9999,-9999,-9999,-9999,-9999,-9999,-9999,-9999,-9999,-9999,-9999,-9999,-9999,-9999,-9999
"07-04-2013",-9999,-9999,-9999,-9999,-9999,-9999,-9999,-9999,-9999,-9999,-9999,-9999,-9999,-9999,-9999,-9999,-9999,-9999,-9999,-9999,-9999,-9999,-9999,-9999
"08-04-2013",-9999,-9999,-9999,-9999,-9999,-9999,0.2,0.3,0.3,0.3,0.3,0.3,0.3,0.3,0.3,0.3,0.3,0.3,0.3,-9999,-9999,-9999,-9999,-9999
"09-04-2013",-9999,-9999,-9999,-9999,-9999,-9999,-9999,-9999,-9999,-9999,-9999,-9999,-9999,-9999,-9999,-9999,-9999,-9999,-9999,-9999,-9999,-9999,-9999,-9999
"10-04-2013",-9999,-9999,-9999,-9999,-9999,-9999,-9999,-9999,-9999,-9999,-9999,-9999,-9999,-9999,-9999,-9999,-9999,-9999,-9999,-9999,-9999,-9999,-9999,-9999
"11-04-2013",-9999,-9999,-9999,-9999,-9999,0.3,0.2,0.3,0.4,0.5,0.3,0.2,0.2,0.2,0.2,0.2,0.1,-9999,-9999,-9999,-9999,-9999,-9999,-9999
"12-04-2013",-9999,-9999,-9999,-9999,-9999,-9999,-9999,-9999,-9999,-9999,-9999,-9999,-9999,-9999,-9999,-9999,-9999,-9999,-9999,-9999,-9999,-9999,-9999,-9999
"13-04-2013",-9999,-9999,-9999,-9999,-9999,-9999,-9999,-9999,-9999,-9999,-9999,-9999,-9999,-9999,-9999,-9999,-9999,0.1,0.1,0.1,0.1,0.1,0.2,0.2
"14-04-2013",0.1,0.1,0.1,0.1,0.1,0.1,0.1,0.1,0.1,0.1,0.1,0.1,0.1,0.1,0.1,0.1,0.1,0.1,0.2,0.2,0.2,0.3,0.2,0.2
"15-04-2013",0.2,0.1,0.1,0.1,0.1,0.1,0.2,0.3,0.3,0.2,0.2,0.1,0.2,0.2,0.2,0.2,0.2,0.2,0.2,0.2,0.2,0.3,0.2,0.2
"16-04-2013",0.2,0.1,0.1,0.1,0.1,0.1,0.2,0.3,0.3,0.2,0.2,0.1,0.2,0.2,0.2,0.2,0.2,0.2,0.2,0.2,0.3,0.2,0.2,0.2
"17-04-2013",0.2,0.2,0.1,0.1,0.1,0.1,0.2,0.3,0.3,0.2,0.2,0.2,0.2,0.1,0.2,0.1,0.1,0.2,0.2,0.3,0.2,0.3,0.4,0.2
"18-04-2013",0.2,0.2,0.2,0.2,0.1,0.2,0.2,0.3,0.3,0.2,0.2,0.2,0.2,0.2,0.2,0.2,0.2,0.2,0.2,0.2,0.2,0.2,0.2,0.2
"19-04-2013",0.2,0.1,0.1,0.2,0.1,0.1,0.2,0.3,0.3,0.2,0.2,0.2,0.2,0.2,0.2,0.2,0.2,0.2,0.2,0.3,0.3,0.2,0.2,0.2
"20-04-2013",0.2,0.2,0.2,0.2,0.2,0.2,0.1,0.2,0.2,0.2,0.2,0.2,0.2,-9999,-9999,-9999,-9999,-9999,-9999,-9999,-9999,-9999,-9999,-9999
"21-04-2013",-9999,-9999,-9999,-9999,-9999,-9999,-9999,-9999,-9999,-9999,-9999,-9999,-9999,-9999,-9999,-9999,-9999,-9999,-9999,-9999,-9999,-9999,-9999,-9999
"22-04-2013",-9999,-9999,-9999,-9999,-9999,-9999,-9999,-9999,-9999,-9999,-9999,-9999,-9999,-9999,-9999,-9999,-9999,-9999,-9999,-9999,-9999,-9999,-9999,-9999
"23-04-2013",-9999,-9999,-9999,-9999,-9999,-9999,-9999,-9999,-9999,-9999,-9999,-9999,-9999,-9999,-9999,-9999,-9999,-9999,-9999,-9999,-9999,-9999,-9999,-9999
"24-04-2013",-9999,-9999,-9999,-9999,-9999,-9999,-9999,-9999,-9999,-9999,-9999,-9999,-9999,-9999,-9999,-9999,-9999,0.2,0.3,0.3,0.3,0.3,0.2,0.2
"25-04-2013",0.3,0.2,0.2,0.2,0.2,0.2,0.2,0.3,0.6,0.3,0.2,0.2,0.2,0.2,0.2,0.2,0.2,0.2,-9999,-9999,-9999,-9999,-9999,-9999
"26-04-2013",-9999,-9999,-9999,-9999,-9999,-9999,-9999,-9999,-9999,-9999,-9999,-9999,-9999,-9999,-9999,-9999,-9999,-9999,-9999,0.2,0.3,0.3,0.3,0.3
"27-04-2013",0.3,0.2,0.2,0.2,0.1,0.1,0.2,0.3,0.3,0.2,0.2,0.2,0.2,0.2,0.2,0.2,0.2,0.2,0.2,0.2,0.2,0.2,0.2,0.2
"28-04-2013",0.2,0.2,0.2,0.2,0.2,0.2,0.2,0.2,-9999,-9999,-9999,-9999,-9999,-9999,-9999,-9999,-9999,0.1,0.2,0.2,0.2,0.3,0.3,0.2
"29-04-2013",0.2,0.2,0.2,0.2,0.2,0.2,0.2,0.2,0.2,0.3,0.2,0.2,0.2,0.2,0.2,0.2,0.2,0.2,0.2,0.3,0.3,0.3,0.3,0.3
"30-04-2013",0.2,0.2,0.2,0.2,0.2,0.2,0.2,0.3,0.3,0.3,0.2,0.2,0.2,0.2,0.2,0.2,0.2,-9999,-9999,-9999,-9999,-9999,-9999,-9999
"01-05-2013",-9999,-9999,0.2,0.2,0.1,0.2,0.2,0.2,0.2,0.2,0.2,0.2,0.2,0.2,0.2,-9999,0.1,0.2,0.2,0.3,0.3,0.3,0.3,0.2
"02-05-2013",0.2,0.2,0.2,0.2,0.2,0.2,0.2,0.2,0.3,-9999,0.2,0.2,0.2,0.2,0.2,0.2,0.2,0.2,0.2,0.2,0.3,0.3,0.2,0.2
"03-05-2013",0.2,0.3,0.2,0.2,0.2,0.2,0.1,0.2,0.2,0.2,0.2,0.2,0.2,0.2,0.2,0.2,0.2,0.2,0.3,0.3,0.2,0.2,0.2,0.3
"04-05-2013",0.2,0.2,0.2,0.2,0.2,0.2,0.2,0.2,0.3,0.2,0.2,0.2,0.2,0.2,0.2,0.2,0.2,0.2,0.2,0.2,0.2,0.2,0.2,0.2
"05-05-2013",0.2,0.2,0.2,0.2,0.2,0.2,0.2,0.3,0.6,0.5,0.6,0.6,0.3,0.2,0.2,0.1,0.1,0.1,0.2,0.2,0.2,0.1,0.1,0.1
"06-05-2013",0.1,0.1,0.1,0.1,0.1,0.1,0.1,0.1,0.1,0.1,0.1,0.2,0.2,0.2,0.2,0.1,0.2,0.1,0.2,0.2,0.2,0.2,0.2,0.2
"07-05-2013",0.2,0.2,0.2,0.2,0.2,0.2,0.2,0.2,0.2,0.2,0.2,0.2,0.2,0.2,0.2,0.2,0.2,0.2,0.2,0.2,0.2,0.2,0.2,0.2
"08-05-2013",0.2,0.2,0.2,0.2,0.2,0.1,0.2,0.2,0.3,0.2,0.2,0.2,0.2,0.2,0.2,0.2,0.2,0.2,0.2,0.2,0.2,0.2,0.2,0.2
"09-05-2013",0.1,0.1,0.1,0.1,0.1,0.1,0.1,0.2,0.2,0.2,0.2,0.2,0.2,0.2,0.2,0.2,0.2,0.2,0.2,0.2,0.2,0.2,0.2,0.1
"10-05-2013",0.1,0.1,0.1,0.1,0.1,0.2,0.1,0.2,0.2,0.2,0.2,0.2,0.2,0.2,0.2,0.2,0.2,0.2,0.2,0.3,0.3,0.3,0.3,0.3
"11-05-2013",0.3,0.2,0.2,0.2,0.2,0.2,0.1,0.2,0.2,0.1,0.2,0.1,0.1,0.1,0.1,0.1,0.1,0.2,0.1,0.2,0.2,0.1,0.1,0.1
"12-05-2013",0.1,0.1,0.1,0.1,0.1,0.1,0.1,0.1,0.1,0.1,0.2,0.2,0.1,0.2,0.2,0.1,0.2,0.1,0.2,0.2,0.2,0.2,0.2,0.1
"13-05-2013",0.2,0.2,0.1,0.1,0.1,0.1,0.1,0.2,0.3,0.2,0.1,0.1,0.2,0.2,0.2,0.1,0.1,0.1,0.2,0.2,0.2,0.2,0.2,0.1
"14-05-2013",0.1,0.1,0.1,0.1,0.1,0.1,0.1,0.2,0.2,0.2,0.2,0.2,0.1,0.2,0.2,0.2,0.1,0.2,0.2,0.2,0.3,0.3,0.3,0.2
"15-05-2013",0.2,0.2,0.2,0.2,0.1,0.1,0.1,0.1,0.1,0.2,0.2,0.1,0.1,0.2,0.2,0.2,0.2,0.2,0.2,0.2,0.2,0.2,0.3,0.2
"16-05-2013",0.2,0.1,0.1,0.2,0.1,0.1,0.2,0.2,0.3,0.2,0.2,0.2,0.1,0.2,0.2,0.2,0.2,0.2,0.2,0.2,0.2,0.2,0.2,0.2
"17-05-2013",0.2,0.1,0.1,0.1,0.1,0.1,0.2,0.2,0.2,0.2,0.2,0.2,0.2,0.2,0.2,0.2,0.2,0.2,0.2,0.3,0.3,0.3,0.3,0.3
"18-05-2013",0.4,0.3,0.4,0.3,0.2,0.2,0.2,0.2,0.2,0.1,0.1,0.1,0.2,0.1,0.1,0.1,0.1,0.1,0.2,0.2,0.2,0.3,0.3,0.3
"19-05-2013",0.3,0.2,0.2,0.2,0.2,0.2,0.2,0.2,0.2,0.2,0.1,0.2,0.1,0.1,0.1,0.1,0.1,0.2,0.2,0.2,0.2,0.2,0.3,0.2
"20-05-2013",0.2,0.2,0.1,0.1,0.1,0.1,0.2,0.2,0.4,0.2,0.2,0.2,0.2,0.2,0.2,0.1,0.2,0.2,0.2,0.3,0.3,0.3,0.2,0.2
"21-05-2013",0.1,0.1,0.1,0.1,0.1,0.1,0.1,0.2,0.2,0.2,0.1,0.2,0.2,0.2,0.2,0.1,0.1,0.2,0.2,0.2,0.2,0.3,0.2,0.2
"22-05-2013",0.2,0.2,0.2,0.1,0.1,0.2,0.2,0.2,0.2,0.2,0.2,0.2,0.2,0.1,0.1,0.1,0.1,0.2,0.2,0.2,0.2,0.3,0.2,0.2
"23-05-2013",0.2,0.1,0.1,0.1,0.1,0.1,0.1,0.1,-9999,0.1,0.1,0.1,0.1,0.1,0.1,0.1,0.1,0.1,0.1,0.1,0.1,0.1,0.1,0.1
"24-05-2013",0.1,0.1,0.1,0.1,0.1,0.1,0.1,0.1,0.1,0.1,0.1,0.1,0.1,0.1,0.1,0.1,0.1,0.1,0.1,0.1,0.1,0.1,0.1,0.1
"25-05-2013",0.1,0.1,0.1,0.1,0.1,0.1,0.1,0.1,0.1,0.1,0.1,0.1,0.1,0.1,0.1,0.1,0.1,0.1,0.1,0.1,0.1,0.1,0.1,0.1
"26-05-2013",0.1,0.1,0.1,0.1,0.1,0.1,0.1,0.1,0.1,0.1,0.1,0.1,0.1,0.1,0.1,0.1,0.1,0.1,0.1,0.1,0.1,0.1,0.1,0.1
"27-05-2013",0.1,0.1,0.1,0.1,0.1,0.1,0.1,0.1,0.1,0.1,0.1,0.1,0.1,0.1,0.1,0.1,0.1,0.1,0.1,0.1,0.2,0.2,0.1,0.1
"28-05-2013",0.1,0.1,0.1,0.1,0.1,0.1,0.1,0.2,0.2,0.2,0.2,0.2,0.1,0.1,0.2,0.2,0.1,0.1,0.1,0.1,0.2,0.2,0.2,0.1
"29-05-2013",0.1,0.1,0.1,0.1,0.1,0.1,0.1,0.2,0.2,0.2,0.2,0.2,0.2,0.2,0.2,0.1,0.1,0.2,0.2,0.3,0.3,0.3,0.3,0.2
"30-05-2013",0.2,0.2,0.1,0.1,0.1,0.1,0.1,0.2,0.2,0.1,0.1,0.1,0.1,0.1,0.1,0.1,0.1,0.1,0.1,0.1,0.1,0.1,0.1,0.1
"31-05-2013",0.1,0.1,0.1,0.1,0.1,0.1,0.1,0.1,0.1,0.1,0.1,0.1,0.1,0.1,0.1,0.1,0.1,0.1,0.1,0.1,0.1,0.1,0.1,0.1
"01-06-2013",0.1,0.1,0.1,0.1,0.1,0.1,0.1,0.1,0.1,0.1,0.1,0.1,0.1,0.1,0.1,0.1,0.1,0.1,0.1,0.1,0.1,0.1,0.1,0.1
"02-06-2013",0.1,0.1,0.1,0.1,0.1,0.1,0.1,0.1,0.1,0.1,0.1,0.1,0.1,0.1,0.1,0.1,0.1,0.1,0.1,0.1,0.1,0.1,0.1,0.1
"03-06-2013",0.1,0.1,0.1,0.1,0.1,0.1,0.1,0.1,0.1,0.1,0.1,0.1,0.1,0.2,0.1,0.1,0.1,0.2,0.2,0.2,0.2,0.3,0.2,0.2
"04-06-2013",0.2,0.2,0.1,0.1,0.1,0.1,0.2,0.2,0.2,0.2,0.2,0.1,0.1,0.1,0.1,0.1,0.1,0.1,0.1,0.1,0.2,0.2,0.2,0.2
"05-06-2013",0.1,0.1,0.1,0.1,0.1,0.1,0.2,0.2,0.3,0.2,0.1,0.1,0.1,0.1,0.1,0.1,0.1,0.1,0.2,0.2,0.2,0.3,0.2,0.2
"06-06-2013",0.2,0.1,0.1,0.1,0.1,0.1,0.2,0.2,0.2,0.2,0.2,0.2,0.1,0.1,0.1,0.1,0.1,0.1,0.2,0.2,0.2,0.2,0.2,0.2
"07-06-2013",0.2,0.1,0.1,0.1,0.1,0.1,0.2,0.2,0.2,0.2,0.2,0.2,0.2,0.2,0.2,0.1,0.1,0.2,0.2,0.2,0.2,0.2,0.2,0.2
"08-06-2013",0.2,0.1,0.1,0.1,0.1,0.1,0.1,0.1,0.1,0.1,0.1,0.1,0.1,0.1,0.1,0.2,0.1,0.1,0.1,0.1,0.1,0.2,0.2,0.2
"09-06-2013",0.2,0.2,0.2,0.2,0.2,0.1,0.1,0.2,0.1,0.1,0.1,0.1,0.1,0.1,0.1,0.1,0.1,0.1,0.1,0.1,0.2,0.2,0.2,0.2
"10-06-2013",0.2,0.1,0.1,0.1,0.1,0.1,0.1,0.2,0.2,0.2,0.2,0.2,0.2,0.1,0.2,0.1,0.1,0.1,0.2,0.2,0.2,0.2,0.1,0.1
"11-06-2013",0.1,0.1,0.1,0.1,0.1,0.1,0.1,0.2,0.2,0.2,0.2,0.2,0.1,0.2,0.2,0.2,0.2,0.1,0.2,0.1,0.2,0.2,0.2,0.1
"12-06-2013",0.1,0.1,0.1,0.1,0.1,0.1,0.1,0.2,0.2,0.2,0.2,0.2,0.1,0.1,0.2,0.2,0.1,0.2,0.2,0.2,0.2,0.2,0.2,0.2
"13-06-2013",0.1,0.1,0.1,0.1,0.1,0.1,0.1,0.2,0.2,0.1,0.2,0.2,0.2,0.2,0.2,0.1,0.1,0.1,0.1,0.2,0.2,0.1,0.2,0.1
"14-06-2013",0.1,0.1,0.1,0.1,0.1,0.1,0.1,0.2,0.2,0.2,0.1,0.1,0.2,0.2,0.2,0.1,0.1,0.1,0.2,0.2,0.3,0.4,0.3,0.3
"15-06-2013",0.2,0.2,0.2,0.1,0.1,0.1,0.2,0.2,0.2,0.2,0.2,0.1,0.1,0.1,0.1,0.1,0.1,0.1,0.1,0.1,0.2,0.3,0.2,0.2
"16-06-2013",0.2,0.2,0.2,0.2,0.2,0.2,0.2,0.2,0.1,0.1,0.1,0.1,0.1,0.1,0.1,0.1,0.1,0.1,0.1,0.2,0.2,0.2,0.2,0.2
"17-06-2013",0.2,0.2,0.2,0.2,0.1,0.2,0.2,0.2,0.3,0.2,0.2,0.2,0.2,0.1,0.1,0.1,0.1,0.2,0.2,0.2,0.3,0.3,0.3,0.2
"18-06-2013",0.1,0.2,0.2,0.1,0.1,0.1,0.2,0.2,0.3,0.2,0.2,0.2,0.2,0.2,0.2,0.1,0.1,0.1,0.2,0.2,0.2,0.2,0.2,0.3
"19-06-2013",0.2,0.2,0.1,0.1,0.1,0.1,0.2,0.3,0.2,0.1,0.2,0.2,0.2,0.2,0.2,0.1,0.1,0.1,0.2,0.2,0.2,0.3,0.3,0.2
"20-06-2013",0.2,0.2,0.2,0.1,0.1,0.1,0.2,0.2,0.2,0.1,0.2,0.2,0.2,0.2,0.2,0.1,0.1,0.1,0.2,0.2,0.2,0.2,0.2,0.2
"21-06-2013",0.1,0.1,0.1,0.1,0.1,0.1,0.1,0.2,0.2,0.2,0.1,0.1,0.1,0.1,0.1,0.1,0.1,0.2,0.2,0.2,0.2,0.2,0.2,0.2
"22-06-2013",0.2,0.1,0.1,0.1,0.1,0.1,0.2,0.2,0.2,0.1,0.1,0.1,0.1,0.1,0.1,0.1,0.1,0.1,0.1,0.1,0.2,0.2,0.2,0.2
"23-06-2013",0.2,0.2,0.1,0.2,0.2,0.2,0.2,0.2,0.2,0.1,0.1,0.1,0.1,0.1,0.1,0.1,0.1,0.1,0.1,0.1,0.2,0.2,0.2,0.2
"24-06-2013",0.2,0.1,0.1,0.1,0.1,0.1,0.1,0.1,0.1,0.1,0.1,0.1,0.1,0.1,0.1,0.1,0.1,0.1,0.1,0.1,0.1,0.2,0.2,0.2
"25-06-2013",0.1,0.1,0.1,0.1,0.1,0.1,0.2,0.2,0.2,0.2,0.2,0.2,0.1,0.1,0.1,0.1,0.1,0.1,0.1,0.2,0.2,0.2,0.2,0.2
"26-06-2013",0.2,0.2,0.1,0.1,0.1,0.1,0.1,0.2,0.2,0.2,0.1,0.2,0.1,0.2,0.2,0.1,0.1,0.1,0.2,0.2,0.2,0.2,0.2,0.2
"27-06-2013",0.2,0.1,0.1,0.1,0.1,0.1,0.1,0.1,0.2,0.2,0.2,0.2,0.2,0.2,0.1,0.1,0.1,0.1,0.1,0.2,0.2,0.2,0.2,0.1
"28-06-2013",0.1,0.1,0.1,0.1,0.1,0.1,0.1,0.1,0.2,0.1,0.1,0.1,0.1,0.1,0.1,0.1,0.1,0.2,0.2,0.2,0.2,0.2,0.2,0.2
"29-06-2013",0.2,0.1,0.2,0.2,0.1,0.1,0.1,0.2,0.2,0.1,0.1,0.1,0.1,0.2,0.2,0.1,0.1,0.1,0.1,0.1,0.2,0.2,0.2,0.2
"30-06-2013",0.1,0.1,0.1,0.1,0.1,0.1,0.1,0.1,0.1,0.1,0.1,0.1,0.1,0.1,0.1,0.1,0.1,0.1,0.1,0.1,0.1,0.2,0.2,0.2
"01-07-2013",0.2,0.1,0.1,0.1,0.1,0.1,0.1,0.2,0.1,0.1,0.1,0.2,0.1,0.1,0.1,0.1,0.1,0.1,0.2,0.2,0.2,0.2,0.2,0.2
"02-07-2013",0.1,0.1,0.1,0.1,0.1,0.1,0.1,0.2,0.1,0.1,0.1,0.1,0.1,0.1,0.1,0.1,0.1,0.1,0.1,0.2,0.2,0.2,0.2,0.2
"03-07-2013",0.1,0.1,0.1,0.1,0.1,0.1,0.2,0.2,0.2,0.2,0.2,0.2,0.1,0.2,0.1,0.1,0.1,0.1,0.2,0.2,0.2,0.2,0.2,0.2
"04-07-2013",0.2,0.1,0.1,0.1,0.1,0.1,0.1,0.2,0.2,0.2,0.1,0.2,0.1,0.1,0.1,0.1,0.1,0.1,0.1,0.2,0.2,0.2,0.2,0.2
"05-07-2013",0.1,0.1,0.1,0.1,0.1,0.1,0.1,0.1,0.2,0.2,0.2,0.2,0.1,0.1,0.1,0.1,0.1,0.1,0.1,0.1,0.2,0.2,0.2,0.2
"06-07-2013",0.2,0.2,0.2,0.1,0.1,0.1,0.1,0.1,0.1,0.1,0.1,0.1,0.1,0.1,0.1,0.1,0.1,0.1,0.1,0.1,0.2,0.1,0.2,0.1
"07-07-2013",0.1,0.1,0.1,0.1,0.1,0.1,0.1,0.1,0.1,0.1,0.1,0.1,0.1,0.1,0.1,0.1,0.1,0.1,0.1,0.2,0.2,0.2,0.2,0.2
"08-07-2013",0.2,0.1,0.1,0.1,0.1,0.1,0.1,0.2,0.2,0.1,0.2,0.2,0.2,0.1,0.1,0.1,0.1,0.1,0.2,0.2,0.3,0.3,0.2,0.2
"09-07-2013",0.2,0.2,0.2,0.1,0.1,0.1,0.2,0.2,0.2,0.1,0.1,0.1,0.1,0.2,0.2,0.1,0.1,0.1,0.1,0.2,0.2,0.2,0.2,0.2
"10-07-2013",0.1,0.1,0.1,0.1,0.1,0.1,0.1,0.1,0.2,0.1,0.1,0.1,0.2,0.1,0.1,0.1,0.1,0.1,0.1,0.1,0.1,0.2,0.2,0.2
"11-07-2013",0.2,0.1,0.1,0.1,0.1,0.1,0.1,0.2,0.2,0.2,0.2,0.2,0.2,0.1,0.1,0.1,0.1,0.1,0.1,0.2,0.2,0.2,0.2,0.2
"12-07-2013",0.1,0.1,0.1,0.1,0.1,0.1,0.2,0.1,0.1,0.2,0.2,0.2,0.2,0.1,0.2,0.1,0.1,0.2,0.2,0.1,0.2,0.1,0.1,0.1
"13-07-2013",0.1,0.1,0.1,0.1,0.1,0.1,0.1,0.1,0.1,0.1,0.1,0.1,0.1,0.1,0.1,0.1,0.1,0.1,0.1,0.1,0.2,0.2,0.2,0.2
"14-07-2013",0.2,0.2,0.1,0.1,0.1,0.1,0.1,0.1,0.1,0.1,0.1,0.1,0.1,0.1,0.1,0.1,0.1,0.1,0.1,0.1,0.2,0.2,0.2,0.2
"15-07-2013",0.2,0.1,0.1,0.1,0.1,0.1,0.1,0.1,0.2,0.1,0.2,0.2,0.1,0.1,0.2,0.1,0.1,0.2,0.2,0.3,0.3,0.2,0.2,0.2
"16-07-2013",0.2,0.2,0.1,0.1,0.1,0.1,0.1,0.2,0.2,0.2,0.2,0.2,0.2,0.2,0.2,0.2,0.1,0.1,0.2,0.2,0.2,0.2,0.2,0.1
"17-07-2013",0.1,0.1,0.1,0.1,0.1,0.1,0.1,0.1,0.1,0.1,0.1,0.1,0.1,0.1,0.1,0.1,0.1,0.1,0.2,0.2,0.3,0.3,0.3,0.2
"18-07-2013",0.2,0.2,0.2,0.2,0.1,0.1,0.2,0.2,0.2,0.1,0.1,0.2,0.2,0.2,0.2,0.1,0.1,0.1,0.1,0.2,0.2,0.3,0.2,0.2
"19-07-2013",0.2,0.2,0.2,0.1,0.1,0.1,0.2,0.3,0.3,0.2,0.2,0.2,0.2,0.2,0.2,0.1,0.1,0.1,0.2,0.2,0.2,0.2,0.2,0.2
"20-07-2013",0.2,0.2,0.1,0.1,0.1,0.1,0.2,0.2,0.2,0.1,0.1,0.2,0.1,0.1,0.1,0.1,0.1,0.1,0.1,0.2,0.2,0.2,0.3,0.2
"21-07-2013",0.2,0.3,0.3,0.2,0.1,0.1,0.2,0.2,0.2,0.1,0.1,0.1,0.1,0.1,0.1,0.1,0.1,0.1,0.1,0.2,0.2,0.2,0.2,0.2
"22-07-2013",0.2,0.1,0.1,0.1,0.1,0.1,0.1,0.2,0.2,0.2,0.1,0.1,0.1,0.1,0.1,0.1,0.1,0.1,0.2,0.2,0.3,0.3,0.3,0.2
"23-07-2013",0.2,0.2,0.1,0.1,0.1,0.1,0.2,0.2,0.2,0.2,0.1,0.2,0.2,0.2,0.1,0.1,0.1,0.1,0.2,0.2,0.2,0.2,0.2,0.2
"24-07-2013",0.2,0.2,0.2,0.1,0.1,0.1,0.2,0.3,0.3,0.3,0.2,0.2,0.2,0.2,0.1,0.1,0.1,0.1,0.2,0.2,0.3,0.4,0.3,0.3
"25-07-2013",0.3,0.2,0.2,0.2,0.2,0.2,0.2,0.2,0.2,0.2,0.2,0.2,0.2,0.1,0.1,0.1,0.1,0.1,0.1,0.2,0.2,0.3,0.3,0.3
"26-07-2013",0.3,0.2,0.2,0.1,0.1,0.1,0.2,0.2,0.2,0.2,0.2,0.1,0.2,0.2,0.1,0.1,0.1,0.1,0.2,0.2,0.3,0.4,0.2,0.3
"27-07-2013",0.3,0.2,0.2,0.2,0.1,0.1,0.2,0.2,0.2,0.2,0.1,0.1,0.1,0.1,0.1,0.1,0.1,0.1,0.1,0.1,0.2,0.2,0.2,0.2
"28-07-2013",0.2,0.2,0.2,0.2,0.2,0.1,0.2,0.2,0.1,0.1,0.1,0.1,0.1,0.1,0.1,0.1,0.1,0.1,0.1,0.1,0.2,0.2,0.2,0.2
"29-07-2013",0.2,0.2,0.2,0.2,0.2,0.2,0.2,0.2,0.2,0.2,0.2,0.2,0.2,0.2,0.2,0.1,0.1,0.2,0.2,0.2,0.3,0.3,0.2,0.2
"30-07-2013",0.3,0.2,0.2,0.1,0.1,0.1,0.2,0.3,0.3,0.3,0.2,0.2,0.2,0.2,0.2,0.2,0.1,0.2,0.2,0.2,0.3,0.3,0.2,0.2
"31-07-2013",0.2,0.2,0.2,0.2,0.1,0.1,0.2,0.2,0.2,0.2,0.2,0.2,0.2,0.2,0.2,0.1,0.1,0.1,0.2,0.2,0.2,0.2,0.2,0.1
"01-08-2013",0.1,0.1,0.1,0.1,0.1,0.1,0.1,0.1,0.2,0.2,0.1,0.2,0.2,0.2,0.2,0.1,0.1,0.1,0.2,0.2,0.2,0.2,0.2,0.2
"02-08-2013",0.1,0.1,0.1,0.1,0.1,0.1,0.1,0.1,0.2,0.2,0.2,0.2,0.2,0.1,0.1,0.1,0.1,0.1,0.2,0.2,0.3,0.3,0.2,0.2
"03-08-2013",0.2,0.2,0.1,0.1,0.1,0.1,0.1,0.2,0.2,0.1,0.2,0.1,0.1,0.1,0.1,0.1,0.1,0.1,0.1,0.1,0.2,0.2,0.2,0.2
"04-08-2013",0.2,0.2,0.1,0.1,0.1,0.1,0.1,0.2,0.2,0.2,0.1,0.1,0.1,0.1,0.1,0.1,0.1,0.1,0.1,0.1,0.2,0.2,0.2,0.2
"05-08-2013",0.2,0.2,0.1,0.1,0.1,0.1,0.1,0.1,0.1,0.2,0.2,0.2,0.2,0.1,0.1,0.1,0.1,0.1,0.1,0.2,0.2,0.3,0.3,0.2
"06-08-2013",0.2,0.2,0.2,0.2,0.1,0.2,0.2,0.2,0.1,0.1,0.2,0.2,0.2,0.2,0.1,0.1,0.1,0.1,0.2,0.2,0.2,0.2,0.2,0.2
"07-08-2013",0.2,0.2,0.2,0.2,0.2,0.2,0.2,0.2,0.2,0.2,0.2,0.2,0.2,0.2,0.2,0.1,0.1,0.1,0.2,0.2,0.3,0.3,0.2,0.2
"08-08-2013",0.2,0.2,0.2,0.2,0.1,0.1,0.2,0.2,0.2,0.2,0.2,0.2,0.2,0.2,0.2,0.2,0.1,0.1,0.1,0.2,0.2,0.2,0.2,0.2
"09-08-2013",0.2,0.2,0.2,0.2,0.2,0.2,0.2,0.3,0.3,0.2,0.2,0.2,0.2,0.2,0.2,0.2,0.2,0.2,0.2,0.2,0.3,0.3,0.2,0.2
"10-08-2013",0.2,0.3,0.2,0.2,0.1,0.2,0.2,0.2,0.2,0.2,0.2,0.2,0.2,0.2,0.2,0.1,0.1,0.1,0.1,0.2,0.2,0.2,0.2,0.2
"11-08-2013",0.2,0.2,0.2,0.2,0.2,0.2,0.1,0.2,0.2,0.1,0.1,0.1,0.1,0.1,0.1,0.1,0.1,0.1,0.1,0.2,0.2,0.2,0.2,0.2
"12-08-2013",0.2,0.1,0.1,0.1,0.2,0.2,0.2,0.2,0.2,0.2,0.2,0.2,0.2,0.2,0.2,0.2,0.1,0.2,0.2,0.2,0.3,0.3,0.2,0.2
"13-08-2013",0.2,0.2,0.2,0.2,0.2,0.2,0.2,0.2,0.3,0.2,0.2,0.2,0.2,0.2,0.2,0.1,0.1,0.2,0.2,0.2,0.2,0.2,0.2,0.2
"14-08-2013",0.2,0.2,0.2,0.2,0.2,0.2,0.2,0.2,0.2,0.2,0.2,0.2,0.2,0.2,0.2,0.2,0.2,0.2,0.2,0.2,0.2,0.3,0.2,0.2
"15-08-2013",0.2,0.2,0.2,0.2,0.2,0.2,0.2,0.2,0.2,0.2,0.2,0.2,0.2,0.2,0.2,0.2,0.2,0.2,0.2,0.2,0.2,0.3,0.2,0.2
"16-08-2013",0.2,0.2,0.2,0.2,0.2,0.2,0.2,0.2,0.2,0.2,0.2,0.2,0.2,0.2,0.2,0.1,0.1,0.1,0.2,0.2,0.2,0.2,0.2,0.2
"17-08-2013",0.2,0.2,0.2,0.2,0.1,0.1,0.1,0.2,0.2,0.1,0.1,0.2,0.2,0.2,0.1,0.1,0.1,0.1,0.2,0.2,0.2,0.2,0.2,0.2
"18-08-2013",0.2,0.1,0.2,0.1,0.1,0.1,0.1,0.1,0.1,0.1,0.1,0.1,0.1,0.1,0.1,0.1,0.1,0.1,0.1,0.2,0.2,0.2,0.2,0.2
"19-08-2013",0.1,0.1,0.1,0.1,0.1,0.1,0.2,0.2,0.3,0.2,0.2,0.2,0.2,0.2,0.1,0.1,0.1,0.2,0.2,0.2,0.3,0.3,0.3,0.3
"20-08-2013",0.3,0.2,0.2,0.1,0.2,0.1,0.2,0.3,0.3,0.2,0.2,0.2,0.2,0.2,0.2,0.2,0.1,0.1,0.2,0.2,0.2,0.2,0.2,0.2
"21-08-2013",0.2,0.2,0.2,0.2,0.2,0.1,0.2,0.2,0.3,0.2,0.2,0.2,0.2,0.2,0.2,0.1,0.1,0.1,0.2,0.2,0.3,0.3,0.2,0.2
"22-08-2013",0.2,0.2,0.2,0.1,0.1,0.2,0.2,0.2,0.2,0.2,0.2,0.2,0.2,0.2,0.2,0.2,0.1,0.1,0.2,0.2,0.2,0.2,0.2,0.2
"23-08-2013",0.2,0.2,0.2,0.2,0.2,0.2,0.2,0.2,0.2,0.2,0.2,0.2,0.2,0.2,0.2,0.1,0.1,0.2,0.2,0.2,0.3,0.3,0.2,0.2
"24-08-2013",0.2,0.2,0.2,0.1,0.1,0.1,0.2,0.2,0.2,0.2,0.2,0.2,0.1,0.1,0.1,0.1,0.1,0.1,0.1,0.2,0.2,0.2,0.2,0.2
"25-08-2013",0.2,0.2,0.1,0.1,0.1,0.1,0.1,0.1,0.1,0.1,0.1,0.1,0.1,0.1,0.1,0.1,0.1,0.1,0.1,0.2,0.2,0.2,0.2,0.2
"26-08-2013",0.2,0.2,0.1,0.2,0.1,0.2,0.2,0.2,0.2,0.2,0.2,0.2,0.2,0.2,0.1,0.1,0.1,0.1,0.2,0.2,0.3,0.3,0.2,0.2
"27-08-2013",0.2,0.2,0.2,0.2,0.2,0.2,0.2,0.3,0.2,0.2,0.2,0.2,0.2,0.2,0.2,0.2,0.1,0.1,0.1,0.2,0.2,0.2,0.2,0.2
"28-08-2013",0.2,0.2,0.1,0.1,0.1,0.1,0.2,0.2,0.3,0.2,0.2,0.2,0.2,0.1,0.1,0.1,0.1,0.1,0.1,0.2,0.2,0.2,0.2,0.2
"29-08-2013",0.2,0.1,0.1,0.1,0.1,0.1,0.1,0.2,0.2,0.2,0.1,0.1,0.1,0.1,0.1,0.1,0.1,0.1,0.2,0.2,0.2,0.2,0.2,0.2
"30-08-2013",0.2,0.1,0.1,0.1,0.1,0.1,0.1,0.1,0.2,0.2,0.2,0.1,0.1,0.1,0.1,0.1,0.1,0.2,0.2,0.2,0.3,0.3,0.3,0.2
"31-08-2013",0.2,0.2,0.1,0.1,0.1,0.1,0.1,0.1,0.1,0.1,0.2,0.2,0.2,0.2,0.2,0.1,0.1,0.1,0.1,0.2,0.2,0.2,0.2,0.2
"01-09-2013",0.2,0.1,0.2,0.2,0.2,0.1,0.1,0.1,0.1,0.2,0.1,0.1,0.1,0.1,0.1,0.1,0.1,0.1,0.1,0.2,0.2,0.2,0.2,0.2
"02-09-2013",0.2,0.2,0.2,0.2,0.1,0.1,0.1,0.2,0.2,0.2,0.2,0.2,0.2,0.2,0.2,0.1,0.1,0.1,0.2,0.2,0.2,0.3,0.3,0.2
"03-09-2013",0.2,0.2,0.2,0.2,0.2,0.2,0.2,0.2,0.2,0.3,0.2,0.2,0.2,0.1,0.1,0.1,0.1,0.2,0.2,0.2,0.2,0.3,0.3,0.2
"04-09-2013",0.2,0.1,0.1,0.1,0.1,0.1,0.1,0.2,0.2,0.2,0.1,0.1,0.1,0.1,0.1,0.1,0.1,0.2,0.2,0.2,0.3,0.3,0.2,0.2
"05-09-2013",0.2,0.2,0.1,0.1,0.1,0.1,0.2,0.2,0.2,0.2,0.2,0.1,0.2,0.1,0.1,0.1,0.1,0.1,0.2,0.2,0.2,0.2,0.2,0.2
"06-09-2013",0.2,0.1,0.1,0.1,0.1,0.1,0.1,0.2,0.2,0.2,0.2,0.2,0.1,0.2,0.1,0.1,0.1,0.2,0.2,0.2,0.3,0.2,0.2,0.2
"07-09-2013",0.2,0.1,0.2,0.1,0.1,0.1,0.1,0.2,0.2,0.2,0.1,0.1,0.1,0.1,0.1,0.1,0.1,0.1,0.2,0.2,0.2,0.2,0.2,0.2
"08-09-2013",0.2,0.2,0.2,0.2,0.2,0.2,0.2,0.2,0.2,0.2,0.1,0.1,0.1,0.1,0.1,0.1,0.1,0.1,0.1,0.2,0.2,0.2,0.2,0.2
"09-09-2013",0.2,0.2,0.1,0.1,0.1,0.1,0.2,0.3,0.3,0.2,0.2,0.2,0.2,0.2,0.2,0.1,0.1,0.2,0.3,0.3,0.3,0.3,0.2,0.2
"10-09-2013",0.2,0.2,0.2,0.2,0.1,0.1,0.1,0.3,0.3,0.2,0.2,0.2,0.2,0.2,0.2,0.2,0.1,0.1,0.2,0.2,0.3,0.3,0.2,0.2
"11-09-2013",0.2,0.2,0.2,0.1,0.1,0.3,0.2,0.2,0.4,0.4,0.3,0.2,0.2,0.2,0.2,0.1,0.1,0.1,0.2,0.3,0.2,0.2,0.2,0.2
"12-09-2013",0.2,0.2,0.1,0.1,0.1,0.1,0.2,0.2,0.3,0.2,0.2,0.2,0.2,0.1,0.1,0.1,0.1,0.1,0.2,0.2,0.3,0.2,0.2,0.1
"13-09-2013",0.1,0.1,0.1,0.1,0.1,0.1,0.1,0.2,0.2,0.2,0.2,0.2,0.2,0.1,0.1,0.1,0.1,0.1,0.1,0.1,0.2,0.2,0.1,0.1
"14-09-2013",0.1,0.1,0.1,0.1,0.1,0.1,0.1,0.1,0.1,0.1,0.1,0.1,0.1,0.1,0.1,0.1,0.1,0.1,0.1,0.2,0.2,0.2,0.2,0.2
"15-09-2013",0.2,0.2,0.2,0.1,0.1,0.1,0.1,0.1,0.1,0.1,0.1,0.1,0.1,0.1,0.1,0.1,0.1,0.1,0.1,0.2,0.2,0.2,0.2,0.2
"16-09-2013",0.2,0.2,0.2,0.2,0.2,0.2,0.2,0.3,0.4,0.4,0.3,0.2,0.2,0.2,0.2,0.2,0.1,0.1,0.1,0.2,0.2,0.2,0.2,0.2
"17-09-2013",0.1,0.1,0.1,0.1,0.1,0.1,0.2,0.3,0.3,0.2,0.2,0.2,0.1,0.1,0.1,0.1,0.1,0.1,0.1,0.1,0.1,0.1,0.1,0.2
"18-09-2013",0.1,0.1,0.1,0.1,0.1,0.1,0.1,0.3,0.4,0.2,0.1,0.1,0.1,0.1,0.1,0.1,0.1,0.1,0.1,0.3,0.4,0.3,0.3,0.2
"19-09-2013",0.2,0.2,0.2,0.1,0.1,0.1,0.1,0.2,0.2,0.2,0.2,0.2,0.1,0.1,0.1,0.1,0.1,0.1,0.2,0.2,0.2,0.3,0.2,0.3
"20-09-2013",0.2,0.2,0.2,0.2,0.1,0.1,0.1,0.2,0.2,0.2,0.1,0.2,0.1,0.1,0.2,0.2,0.1,0.2,0.2,0.2,0.2,0.2,0.2,0.2
"21-09-2013",0.2,0.2,0.1,0.1,0.1,0.1,0.1,0.1,0.2,0.2,0.1,0.1,0.1,0.1,0.1,0.1,0.1,0.1,0.2,0.2,0.2,0.3,0.3,0.2
"22-09-2013",0.1,0.1,0.1,0.1,0.1,0.1,0.1,0.1,0.1,0.1,0.1,0.1,0.1,0.1,0.1,0.1,0.1,0.1,0.2,0.2,0.2,0.2,0.2,0.2
"23-09-2013",0.1,0.1,0.1,0.1,0.1,0.1,0.1,0.2,0.2,0.2,0.2,0.2,0.1,0.1,0.2,0.1,0.1,0.1,0.2,0.3,0.3,0.3,0.2,0.2
"24-09-2013",0.2,0.2,0.2,0.2,0.1,0.1,0.2,0.3,0.3,0.2,0.1,0.1,0.1,0.1,0.1,0.1,0.1,0.2,0.2,0.2,0.2,0.3,0.4,0.3
"25-09-2013",0.2,0.2,0.1,0.2,0.2,0.2,0.3,0.4,0.4,0.5,0.3,0.2,0.2,0.1,0.2,0.1,0.1,0.2,0.4,0.3,0.3,0.3,0.3,0.2
"26-09-2013",0.2,0.2,0.2,0.2,0.2,0.2,0.3,0.3,0.4,0.4,0.2,0.2,0.2,0.2,0.2,0.1,0.1,0.2,0.3,0.2,0.3,0.3,0.2,0.2
"27-09-2013",0.2,0.2,0.2,0.2,0.1,0.2,0.2,0.4,0.5,0.2,0.2,0.2,0.2,0.2,0.1,0.1,0.1,0.2,0.3,0.3,0.4,0.4,0.4,0.4
"28-09-2013",0.5,0.3,0.2,0.2,0.1,0.2,0.2,0.2,0.2,0.2,0.2,0.2,0.1,0.2,0.1,0.2,0.2,0.2,0.1,0.2,0.2,0.2,0.2,0.2
"29-09-2013",0.2,0.2,0.2,0.1,0.1,0.2,0.2,0.2,0.3,0.2,0.2,0.2,0.2,0.2,0.1,0.2,0.2,0.2,0.2,0.2,0.2,0.2,0.2,0.2
"30-09-2013",0.2,0.1,0.1,0.1,0.1,0.1,0.2,0.3,0.4,0.4,0.3,0.3,0.2,0.2,0.2,0.3,0.1,0.1,0.2,0.1,0.2,0.2,0.2,0.1
"01-10-2013",0.1,0.1,0.1,0.1,0.1,0.1,0.1,0.1,0.2,0.1,0.1,0.1,0.1,0.2,0.2,0.2,0.1,0.2,0.2,0.2,0.2,0.2,0.2,0.2
"02-10-2013",0.2,0.1,0.1,0.1,0.1,0.1,0.2,0.2,0.2,0.2,0.2,0.2,0.2,0.2,0.2,0.2,0.2,0.2,0.2,0.2,0.2,0.2,0.2,0.1
"03-10-2013",0.1,0.1,0.1,0.1,0.1,0.1,0.1,0.2,0.2,0.2,0.2,0.2,0.2,0.2,0.2,0.2,0.1,0.2,0.2,0.2,0.2,0.2,0.2,0.1
"04-10-2013",0.1,0.1,0.1,0.1,0.1,0.1,0.1,0.1,0.2,0.2,0.1,0.2,0.1,0.1,0.2,0.2,0.1,0.2,0.2,0.2,0.2,0.2,0.2,0.2
"05-10-2013",0.2,0.1,0.2,0.1,0.1,0.1,0.2,0.2,0.2,0.2,0.1,0.1,0.1,0.1,0.1,0.1,0.1,0.1,0.2,0.2,0.2,0.2,0.2,0.2
"06-10-2013",0.2,0.2,0.2,0.2,0.1,0.2,0.1,0.1,0.1,0.1,0.1,0.1,0.1,0.1,0.1,0.1,0.1,0.1,0.2,0.3,0.3,0.3,0.3,0.2
"07-10-2013",0.2,0.2,0.2,0.2,0.2,0.2,0.2,0.2,0.3,0.3,0.2,0.2,0.2,0.2,0.2,0.2,0.2,0.3,0.3,0.3,0.3,0.3,0.3,0.2
"08-10-2013",0.3,0.2,0.2,0.2,0.1,0.1,0.2,0.2,0.3,0.2,0.2,0.2,0.2,0.2,0.2,0.2,0.2,0.2,0.2,0.3,0.3,0.3,0.3,0.2
"09-10-2013",0.2,0.2,0.2,0.2,0.1,0.2,0.2,0.3,0.3,0.2,0.2,0.1,0.2,0.2,0.2,0.2,0.1,0.2,0.2,0.3,0.3,0.3,0.3,0.3
"10-10-2013",0.2,0.2,0.1,0.1,0.1,0.1,0.2,0.2,0.3,0.3,0.3,0.2,0.2,0.2,0.2,0.2,0.2,0.4,0.3,0.3,0.3,0.3,0.3,0.4
"11-10-2013",0.3,0.3,0.2,0.2,0.2,0.2,0.2,0.3,0.3,0.4,0.2,0.2,0.1,0.1,0.2,0.1,0.1,0.2,0.3,0.3,0.4,0.5,0.4,0.4
"12-10-2013",0.3,0.2,0.1,0.2,0.1,0.2,0.2,0.2,0.2,0.2,0.2,0.2,0.2,0.1,0.2,0.2,0.3,0.2,1.5,1.2,0.4,0.3,0.4,0.3
"13-10-2013",0.4,0.3,0.3,0.2,0.3,0.2,0.3,0.3,0.3,0.2,0.2,0.2,0.2,0.2,0.1,0.1,0.2,0.2,0.2,0.3,0.2,0.2,0.2,0.2
"14-10-2013",0.2,0.1,0.1,0.1,0.1,0.1,0.2,0.3,0.5,0.5,0.3,0.3,0.2,0.2,0.2,0.2,0.1,0.1,0.2,0.4,0.4,0.3,0.3,0.2
"15-10-2013",0.2,0.2,0.2,0.2,0.2,0.2,0.2,0.2,0.3,0.3,0.3,0.2,0.2,0.2,0.2,0.2,0.2,0.2,0.3,0.3,0.2,0.2,0.3,0.3
"16-10-2013",0.2,0.2,0.2,0.2,0.2,0.2,0.2,0.3,0.3,0.4,0.2,0.2,0.2,0.2,0.1,0.1,0.1,0.1,0.2,0.6,0.5,0.4,0.3,0.2
"17-10-2013",0.2,0.1,0.1,0.1,0.1,0.1,0.1,0.1,0.1,0.1,0.1,0.1,0.1,0.1,0.2,0.1,0.1,0.1,0.2,0.2,0.2,0.2,0.2,0.2
"18-10-2013",0.2,0.1,0.1,0.2,0.1,0.1,0.1,0.2,0.2,0.2,0.2,0.2,0.2,0.2,0.2,0.1,0.1,0.2,0.2,0.3,0.3,0.3,0.2,0.3
"19-10-2013",0.2,0.2,0.1,0.2,0.2,0.2,0.2,0.2,0.4,0.3,0.3,0.2,0.2,0.1,0.1,0.1,0.1,0.2,0.3,0.3,0.3,0.3,0.3,0.3
"20-10-2013",0.3,0.3,0.2,0.2,0.2,0.2,0.2,0.2,0.3,0.2,0.2,0.2,0.2,0.1,0.1,0.1,0.1,0.2,0.2,0.2,0.2,0.3,0.3,0.2
"21-10-2013",0.3,0.2,0.2,0.2,0.2,0.2,0.3,0.4,0.7,0.6,0.3,0.2,0.2,0.2,0.2,0.2,0.2,0.4,1.4,0.4,0.4,0.4,0.3,0.3
"22-10-2013",0.3,0.2,0.2,0.2,0.2,0.2,0.3,0.4,0.4,0.6,0.3,0.3,0.2,0.2,0.2,0.2,0.2,0.5,0.6,0.5,0.4,0.5,0.7,0.4
"23-10-2013",0.4,0.4,0.3,0.3,0.3,0.3,0.3,0.4,0.7,0.5,0.4,0.3,0.3,0.2,0.2,0.2,0.2,0.2,0.3,0.4,0.4,0.4,0.4,0.3
"24-10-2013",0.4,0.3,0.2,0.2,0.2,0.2,0.2,0.3,0.5,0.5,0.3,0.2,0.2,0.2,0.2,0.2,0.2,0.2,0.3,0.3,0.3,0.3,0.4,0.3
"25-10-2013",0.3,0.4,0.3,0.3,0.3,0.3,0.3,0.3,0.6,0.5,0.4,0.3,0.2,0.2,0.2,0.2,0.2,0.3,0.3,0.3,0.4,0.4,0.3,0.3
"26-10-2013",0.4,0.3,0.3,0.3,0.3,0.3,0.3,0.3,0.4,0.3,0.3,0.3,0.2,0.2,0.2,0.2,0.2,0.4,1.3,0.6,0.3,0.3,0.3,0.4
"27-10-2013",0.3,0.5,0.3,0.3,0.3,0.3,0.3,0.3,0.3,0.3,0.2,0.2,0.2,0.2,0.2,0.2,0.2,0.3,1.4,0.5,0.3,0.3,0.3,0.4
"28-10-2013",0.4,0.3,0.3,0.3,0.3,0.3,0.3,0.3,0.3,0.4,0.4,0.3,0.2,0.2,0.2,0.2,0.2,0.6,1.4,2.2,2.1,1.8,1.5,0.7
"29-10-2013",0.5,0.4,0.5,0.4,0.3,0.2,0.3,0.3,0.6,0.3,0.4,0.3,0.2,0.2,0.2,0.3,0.6,0.4,0.3,0.3,0.4,0.3,0.4,0.4
"30-10-2013",0.3,0.3,0.2,0.3,0.3,0.3,0.3,0.5,0.5,0.5,0.4,0.4,0.3,0.3,0.3,0.3,0.6,0.6,0.4,0.6,0.6,0.9,1.0,0.5
"31-10-2013",0.6,0.4,0.4,0.3,0.2,0.3,0.3,0.5,0.8,0.6,0.4,0.4,0.3,0.3,0.3,0.3,0.3,0.3,0.4,0.4,0.7,0.9,1.2,1.1
"01-11-2013",0.6,0.4,0.3,0.4,0.3,0.3,0.3,0.6,0.6,0.7,0.4,0.3,0.2,0.2,0.2,0.2,0.3,0.3,0.3,0.4,0.3,0.4,0.3,0.3
"02-11-2013",0.3,0.4,0.3,0.4,0.3,0.3,0.3,0.4,0.5,0.6,0.3,0.2,0.2,0.2,0.2,0.2,0.3,0.9,0.6,0.3,0.4,0.6,0.6,0.4
"03-11-2013",0.5,0.3,0.4,0.3,0.4,0.3,0.2,0.3,0.3,0.3,0.3,0.3,0.2,0.2,0.2,0.2,0.5,0.7,0.3,0.4,0.4,0.5,0.5,0.4
"04-11-2013",0.4,0.3,0.2,0.3,0.2,0.4,0.4,0.4,0.5,0.3,0.3,0.2,0.2,0.2,0.2,0.2,0.4,0.4,0.4,0.4,0.4,0.5,0.4,0.4
"05-11-2013",0.3,0.3,0.3,0.2,0.2,0.2,0.2,0.3,0.5,0.4,0.3,0.2,0.2,0.2,0.2,0.2,0.2,0.4,0.4,0.3,0.4,0.5,0.4,0.3
"06-11-2013",0.3,0.3,0.2,0.2,0.1,0.1,0.2,0.2,0.3,0.3,0.2,0.1,0.2,0.1,0.2,0.2,0.2,0.4,0.3,0.4,0.4,0.6,0.3,0.4
"07-11-2013",0.3,0.1,0.1,0.1,0.1,0.1,0.2,0.2,0.2,0.2,0.1,0.1,0.2,0.1,0.2,0.3,0.2,0.3,0.3,0.4,0.5,0.5,0.8,0.6
"08-11-2013",0.3,0.3,0.3,0.3,0.2,0.2,0.3,0.4,0.4,0.3,0.2,0.2,0.2,0.2,0.2,0.2,0.3,0.3,0.3,0.3,0.3,0.3,0.3,0.3
"09-11-2013",0.5,0.4,0.2,0.3,0.2,0.2,0.2,0.4,0.4,0.4,0.3,0.2,0.2,0.2,0.2,0.2,0.4,0.6,0.2,0.2,0.3,0.3,0.3,0.3
"10-11-2013",0.3,0.3,0.3,0.3,0.3,0.2,0.2,0.2,0.2,0.2,0.2,0.2,0.2,0.2,0.2,0.2,0.2,0.6,0.7,0.8,0.8,0.9,0.6,0.5
"11-11-2013",0.4,0.3,0.4,0.3,0.2,0.2,0.3,0.3,0.5,0.4,0.5,0.4,0.4,0.5,0.5,0.5,0.7,0.6,0.8,0.7,0.5,0.5,0.5,0.3
"12-11-2013",0.4,0.3,0.3,0.2,0.2,0.2,0.2,0.4,0.6,0.3,0.3,0.3,0.2,0.2,0.2,0.2,0.2,0.2,0.2,0.2,0.2,0.2,0.2,0.2
"13-11-2013",0.2,0.1,0.1,0.1,0.1,0.1,0.1,0.2,0.2,0.2,0.2,0.2,0.2,0.2,0.2,0.2,0.2,0.2,0.2,0.3,0.3,0.3,0.2,0.2
"14-11-2013",0.1,0.1,0.1,0.1,0.1,0.1,0.1,0.2,0.2,0.2,0.2,0.3,0.2,0.2,0.3,0.3,0.2,0.4,0.4,0.4,0.4,0.3,0.3,0.3
"15-11-2013",0.3,0.2,0.1,0.1,0.2,0.2,0.2,0.2,0.3,0.2,0.2,0.2,0.2,0.2,0.2,0.2,0.2,0.3,0.2,0.3,0.3,0.3,0.4,0.3
"16-11-2013",0.3,0.3,0.2,0.2,0.2,0.2,0.2,0.2,0.2,0.2,0.2,0.2,0.2,0.2,0.2,0.2,0.2,0.3,0.4,0.5,0.5,0.6,0.8,0.6
"17-11-2013",0.8,0.6,0.3,0.2,0.2,0.3,0.2,0.2,0.3,0.2,0.2,0.1,0.1,0.1,0.1,0.1,0.2,0.6,0.6,1.2,1.0,0.7,1.4,0.6
"18-11-2013",0.6,0.3,0.3,0.2,0.4,0.3,0.2,0.3,0.4,0.4,0.3,0.2,0.2,0.2,0.2,0.3,0.4,0.4,0.5,0.6,0.8,1.0,1.2,1.0
"19-11-2013",0.7,0.7,0.6,0.4,0.3,0.2,0.3,0.4,0.5,0.4,0.4,0.4,0.3,0.2,0.3,0.3,0.3,0.3,0.6,0.6,0.6,0.6,0.6,0.4
"20-11-2013",0.4,0.5,0.3,0.3,0.3,0.3,0.4,0.4,0.7,0.5,0.4,0.4,0.2,0.2,0.2,0.2,0.2,0.5,1.0,1.1,0.8,0.9,0.9,1.2
"21-11-2013",0.8,0.7,0.4,0.4,0.3,0.3,0.4,0.7,0.9,0.7,0.5,0.4,0.3,0.3,0.4,0.4,0.6,0.6,0.3,0.7,0.7,1.4,1.3,0.5
"22-11-2013",0.6,0.5,0.5,0.3,0.3,0.3,0.3,0.3,0.6,0.4,0.2,0.2,0.2,0.2,0.2,0.2,0.4,0.4,0.8,0.8,0.6,0.7,0.5,0.9
"23-11-2013",0.8,0.6,0.4,0.3,0.3,0.3,0.4,0.5,0.5,0.3,0.3,0.3,0.3,0.3,0.3,0.4,0.6,0.8,0.3,0.4,0.6,0.7,0.6,0.6
"24-11-2013",0.9,0.7,0.6,0.3,0.3,0.2,0.2,0.2,0.2,0.2,0.2,0.2,0.3,0.3,0.4,0.3,0.2,0.4,0.6,0.8,0.6,0.5,0.8,0.8
"25-11-2013",0.7,0.5,0.3,0.6,0.4,0.4,0.6,0.7,1.0,0.8,0.4,0.3,0.2,0.3,0.3,0.3,0.4,1.0,2.3,2.4,1.6,0.8,1.1,0.9
"26-11-2013",0.6,0.5,0.6,0.5,0.3,0.2,0.2,0.3,0.5,0.3,0.3,0.3,0.2,0.2,0.2,0.3,0.2,0.3,0.3,0.3,0.3,0.3,0.3,0.3
"27-11-2013",0.2,0.2,0.2,0.3,0.2,0.2,0.3,0.4,0.5,0.3,0.2,0.2,0.2,0.2,0.2,0.2,0.2,0.4,0.4,0.5,0.4,0.5,0.6,0.5
"28-11-2013",0.4,0.3,0.3,0.2,0.2,0.2,0.2,0.3,0.4,0.3,0.2,0.2,0.2,0.2,0.2,0.2,0.2,0.4,1.0,0.9,0.8,1.1,0.7,0.5
"29-11-2013",0.8,0.5,0.4,0.4,0.3,0.3,0.4,0.5,0.5,0.4,0.2,0.4,0.3,0.2,0.3,0.3,0.5,0.8,0.4,0.6,1.0,0.9,1.2,0.7
"30-11-2013",0.5,0.3,0.3,0.2,0.2,0.2,0.2,0.3,0.3,0.3,0.2,0.2,0.3,0.3,0.3,0.3,0.3,0.4,0.4,0.4,0.4,0.3,0.3,0.3
"01-12-2013",0.3,0.3,0.3,0.3,0.2,0.2,0.2,0.2,0.3,0.3,0.3,0.3,0.4,0.4,0.3,0.4,0.7,0.6,0.9,0.7,0.7,0.7,0.5,0.3
"02-12-2013",0.4,0.3,0.2,0.2,0.2,0.2,0.3,0.4,0.4,0.3,0.4,0.4,0.4,0.3,0.4,0.4,0.4,0.4,0.4,0.5,0.5,0.5,0.3,0.2
"03-12-2013",0.2,0.2,0.2,0.2,0.2,0.2,0.2,0.2,0.2,0.3,0.2,0.2,0.2,0.2,0.3,0.3,0.3,0.3,0.6,0.5,0.7,0.7,0.5,0.5
"04-12-2013",0.6,0.4,0.3,0.2,0.2,0.2,0.2,0.3,0.4,0.2,0.2,0.2,0.2,0.2,0.2,0.2,0.3,0.5,0.6,0.7,0.7,0.9,0.9,1.1
"05-12-2013",0.9,1.1,0.6,0.7,0.8,0.5,0.6,0.8,1.0,0.5,0.3,0.2,0.2,0.3,0.3,0.3,0.4,0.9,1.1,1.5,2.0,1.5,1.8,2.0
"06-12-2013",0.9,0.6,0.8,0.9,0.5,0.6,0.4,0.6,1.0,0.8,0.4,0.5,0.3,0.3,0.3,0.3,0.4,0.9,1.5,1.6,1.2,1.9,1.8,1.4
"07-12-2013",0.9,1.6,1.1,0.8,0.6,0.4,0.2,0.2,0.2,0.2,0.2,0.2,0.2,0.2,0.2,0.2,0.3,0.4,0.4,0.2,0.4,0.4,0.7,0.5
"08-12-2013",0.5,0.4,0.3,0.2,0.3,0.2,0.2,0.3,0.3,0.3,0.2,0.2,0.2,0.2,0.2,0.2,0.4,0.9,1.1,0.8,1.1,2.0,1.3,2.1
"09-12-2013",1.0,0.9,0.5,0.9,0.7,0.6,0.9,0.9,1.2,1.1,0.4,0.4,0.4,0.4,0.4,0.5,0.5,1.0,1.6,1.6,1.1,1.4,2.1,1.2
"10-12-2013",1.1,1.4,1.0,0.7,0.6,0.4,0.4,1.3,1.1,1.3,0.4,0.2,0.2,0.2,0.3,0.2,0.2,0.2,0.2,0.2,0.2,0.2,0.2,0.2
"11-12-2013",0.2,0.2,0.2,0.1,0.1,0.1,0.2,0.3,0.4,0.2,0.2,0.2,0.2,0.2,0.2,0.2,0.3,0.3,0.4,0.6,0.7,0.9,0.7,0.4
"12-12-2013",0.4,0.4,0.4,0.4,0.3,0.3,0.4,0.5,0.6,0.5,0.6,0.6,0.4,0.5,0.4,0.3,0.3,0.5,0.6,0.9,1.4,1.4,1.0,0.8
"13-12-2013",0.8,1.0,0.3,0.5,0.4,0.4,0.4,0.6,0.5,0.5,0.4,0.2,0.2,0.3,0.3,0.3,0.5,1.0,0.8,0.9,1.1,1.5,1.5,0.9
"14-12-2013",0.5,0.6,0.6,0.3,0.6,0.8,0.5,0.6,0.6,0.4,0.4,0.4,0.4,0.3,0.3,0.4,0.9,1.8,1.9,1.1,1.1,1.2,2.2,1.9
"15-12-2013",1.6,1.7,1.4,0.9,0.9,0.9,0.6,0.4,0.5,0.7,0.5,0.5,0.5,0.5,0.4,0.4,0.6,1.0,1.3,2.0,1.4,1.4,1.2,0.8
"16-12-2013",0.6,0.5,0.5,0.3,0.3,0.3,0.3,0.4,0.4,0.3,0.4,0.3,0.2,0.2,0.3,0.3,0.3,0.3,0.4,0.5,0.4,0.3,0.3,0.2
"17-12-2013",0.2,0.3,0.2,0.2,0.2,0.2,0.2,0.3,0.4,0.3,0.2,0.2,0.2,0.2,0.2,0.3,0.3,0.5,0.5,0.9,0.7,0.6,0.7,0.4
"18-12-2013",0.3,0.3,0.2,0.2,0.2,0.2,0.2,0.3,0.4,0.3,0.2,0.2,0.2,0.2,0.2,0.3,0.3,0.5,0.6,0.7,1.0,0.8,0.5,0.4
"19-12-2013",0.4,0.6,0.4,0.3,0.3,0.2,0.3,0.5,0.8,0.5,0.3,0.3,0.2,0.2,0.2,0.3,0.4,0.8,1.2,0.9,0.9,0.9,1.0,1.0
"20-12-2013",0.8,0.5,0.7,0.6,0.6,0.6,0.5,0.8,1.0,0.7,0.7,0.4,0.4,0.4,0.5,0.4,0.5,0.9,1.9,1.8,1.5,2.7,2.2,1.2
"21-12-2013",1.0,1.0,0.8,0.6,1.0,0.7,0.4,0.6,0.9,1.1,1.1,0.7,0.4,0.5,0.4,0.3,0.6,1.9,2.4,2.2,1.2,1.8,1.8,2.5
"22-12-2013",1.9,1.2,0.9,1.2,1.1,1.0,0.9,0.8,0.9,0.9,0.8,1.1,0.9,0.8,0.4,0.4,1.3,2.6,3.7,2.1,1.8,2.5,3.2,3.2
"23-12-2013",1.5,1.4,1.3,0.7,1.0,0.8,0.6,1.1,1.2,1.0,0.9,0.6,0.6,0.4,0.5,0.6,0.8,1.5,1.8,1.4,1.3,1.2,1.1,1.7
"24-12-2013",1.7,1.1,1.0,1.2,1.0,0.9,0.5,0.6,0.7,1.1,1.2,1.1,0.9,0.9,0.9,0.5,0.6,0.6,0.7,0.7,0.9,0.8,0.6,0.5
"25-12-2013",0.6,0.7,0.5,0.6,0.5,0.5,0.6,0.5,0.5,0.5,0.5,0.6,0.6,0.5,0.5,0.4,0.4,0.8,0.9,1.0,1.2,1.0,1.2,1.2
"26-12-2013",0.8,0.7,0.8,0.6,0.8,0.5,0.5,0.6,0.4,0.5,0.6,0.6,0.5,0.6,0.6,0.6,1.0,1.3,1.2,1.5,1.2,1.4,1.4,0.9
"27-12-2013",1.0,0.6,0.6,0.7,0.7,0.6,0.6,0.6,1.0,1.4,1.1,1.1,1.1,0.5,0.5,0.7,0.9,1.2,1.0,1.4,1.6,1.7,1.3,0.7
"28-12-2013",0.6,0.4,0.4,0.3,0.2,0.2,0.2,0.2,0.3,0.4,0.4,0.4,0.3,0.3,0.3,0.3,0.4,0.5,0.6,0.6,0.7,0.9,0.8,1.2
"29-12-2013",1.1,0.5,0.4,0.6,0.5,0.3,0.4,0.6,0.3,0.3,0.6,0.4,0.3,0.3,0.3,0.3,0.6,1.1,1.6,1.4,1.7,1.6,2.1,1.6
"30-12-2013",2.0,1.3,1.0,0.7,0.6,0.3,0.6,0.9,1.1,1.1,0.7,0.7,0.8,0.6,0.4,0.4,0.4,0.8,1.1,1.1,1.7,1.7,2.0,1.1
"31-12-2013",1.0,0.6,0.6,0.5,0.5,0.4,0.6,0.6,0.9,0.8,0.9,0.6,0.4,0.4,0.4,0.3,0.3,0.4,0.4,0.4,0.5,0.5,0.4,0.4
