"01-01-2012",4,3,4,4,4,4,4,5,4,4,4,4,4,4,4,4,4,4,4,5,5,4,4,5
"02-01-2012",5,4,4,4,5,6,5,8,28,12,10,7,6,6,10,7,7,12,15,34,15,20,55,27
"03-01-2012",17,15,12,12,12,18,23,74,80,73,37,11,9,7,18,7,14,14,9,31,91,18,72,44
"04-01-2012",39,38,43,17,7,21,66,69,123,91,57,22,11,7,9,5,15,28,85,86,122,76,70,36
"05-01-2012",9,13,11,6,8,42,31,39,38,31,19,13,8,6,6,6,6,15,7,59,113,65,27,8
"06-01-2012",6,7,5,5,5,6,6,9,8,10,10,8,7,7,15,11,4,4,4,4,4,3,3,3
"07-01-2012",3,4,3,4,4,4,4,4,4,4,4,4,4,4,4,4,4,4,3,4,4,4,3,3
"08-01-2012",3,4,3,3,4,4,4,4,4,4,4,4,5,4,4,4,4,4,5,5,5,5,5,6
"09-01-2012",5,5,5,6,8,7,7,23,11,11,8,8,7,7,7,8,7,9,9,6,4,5,5,5
"10-01-2012",4,5,8,5,6,18,83,84,144,80,18,15,12,15,8,8,6,7,7,6,5,5,4,4
"11-01-2012",4,4,3,3,5,5,7,8,19,13,11,9,8,7,6,6,5,5,5,5,5,4,4,4
"12-01-2012",4,4,4,5,8,40,9,29,50,29,15,11,18,11,17,23,24,18,17,5,10,10,9,6
"13-01-2012",7,6,12,14,12,21,44,144,183,102,39,29,19,12,16,14,15,16,17,50,41,53,52,80
"14-01-2012",65,11,4,4,4,4,4,4,5,5,5,5,4,4,4,4,3,3,4,4,4,3,3,4
"15-01-2012",3,4,3,3,4,4,5,5,6,5,5,5,4,4,4,4,4,3,3,4,4,4,4,3
"16-01-2012",3,3,3,3,4,8,7,6,10,9,8,8,6,5,6,5,5,5,5,5,4,4,4,4
"17-01-2012",3,3,3,3,6,7,11,14,52,28,14,13,11,12,9,8,9,10,7,9,13,12,6,6
"18-01-2012",5,4,4,4,7,14,50,58,30,30,16,12,7,7,7,6,5,6,7,6,5,4,4,4
"19-01-2012",4,5,4,4,9,16,67,148,123,45,14,11,10,9,11,11,16,16,21,56,113,83,15,22
"20-01-2012",19,26,20,6,7,20,39,72,44,38,73,53,26,12,21,26,63,50,81,112,86,118,116,71
"21-01-2012",65,18,6,6,8,6,6,4,4,4,4,4,4,4,3,4,3,4,4,4,4,3,3,3
"22-01-2012",3,3,3,3,4,5,6,6,18,7,10,7,5,5,5,4,5,7,8,11,16,14,24,21
"23-01-2012",19,10,7,9,16,34,55,102,59,34,62,42,18,9,11,14,7,20,17,92,141,96,30,15
"24-01-2012",6,6,12,8,13,11,18,39,72,40,21,28,23,23,20,22,14,19,15,13,19,24,23,16
"25-01-2012",24,10,5,8,6,5,7,7,8,9,7,9,9,8,8,7,6,6,5,6,4,4,4,4
"26-01-2012",4,3,3,4,5,6,7,6,7,7,8,8,8,7,7,6,5,4,4,4,4,3,3,3
"27-01-2012",3,3,3,3,4,5,6,6,7,10,8,7,8,7,6,6,6,8,5,5,4,4,4,4
"28-01-2012",4,4,4,4,4,5,4,7,7,6,6,7,7,7,7,7,7,5,4,5,5,5,4,4
"29-01-2012",4,4,4,4,4,4,4,4,4,4,4,4,4,4,4,3,5,5,5,6,6,3,3,4
"30-01-2012",3,4,4,4,4,5,6,7,10,13,8,7,4,4,4,4,4,5,5,4,4,4,4,4
"31-01-2012",4,4,4,4,4,6,10,9,14,11,10,9,9,8,9,10,10,14,16,21,13,16,5,5
"01-02-2012",4,5,4,5,8,11,25,59,16,17,20,10,5,6,5,5,5,5,5,5,4,4,5,3
"02-02-2012",3,3,3,3,4,5,5,4,5,5,9,13,12,10,10,9,10,8,7,7,6,4,4,4
"03-02-2012",4,4,4,3,4,4,5,6,7,12,44,35,28,24,15,17,22,11,8,7,7,6,6,6
"04-02-2012",4,4,5,4,5,5,5,6,10,7,11,13,7,10,8,7,7,6,7,7,7,6,32,15
"05-02-2012",20,12,6,5,5,5,5,7,16,19,15,6,2,5,4,4,4,4,4,4,4,4,4,4
"06-02-2012",4,4,4,4,4,6,5,5,6,7,6,7,7,8,8,10,7,5,6,5,4,4,4,4
"07-02-2012",4,4,4,4,4,6,4,6,5,5,5,5,5,5,5,4,4,4,4,4,4,4,4,4
"08-02-2012",3,3,3,3,-9999,-9999,4,4,-9999,-9999,-9999,-9999,-9999,-9999,-9999,-9999,-9999,-9999,-9999,-9999,-9999,-9999,-9999,-9999
"09-02-2012",-9999,-9999,-9999,-9999,-9999,-9999,-9999,-9999,-9999,-9999,-9999,-9999,-9999,-9999,-9999,-9999,-9999,-9999,-9999,-9999,-9999,-9999,-9999,-9999
"10-02-2012",-9999,-9999,-9999,-9999,-9999,-9999,-9999,-9999,-9999,-9999,-9999,-9999,-9999,-9999,-9999,-9999,-9999,-9999,-9999,-9999,-9999,-9999,-9999,-9999
"11-02-2012",-9999,-9999,-9999,-9999,-9999,-9999,-9999,-9999,-9999,-9999,-9999,-9999,-9999,-9999,-9999,-9999,-9999,-9999,-9999,-9999,-9999,-9999,-9999,-9999
"12-02-2012",-9999,-9999,-9999,-9999,-9999,-9999,-9999,-9999,-9999,-9999,-9999,-9999,-9999,-9999,-9999,-9999,-9999,-9999,-9999,-9999,-9999,-9999,-9999,-9999
"13-02-2012",-9999,-9999,-9999,-9999,-9999,-9999,-9999,-9999,-9999,-9999,-9999,-9999,-9999,-9999,-9999,-9999,-9999,-9999,-9999,-9999,-9999,-9999,-9999,-9999
"14-02-2012",-9999,-9999,-9999,-9999,-9999,-9999,-9999,-9999,-9999,-9999,-9999,-9999,-9999,-9999,-9999,-9999,-9999,-9999,-9999,-9999,-9999,-9999,-9999,-9999
"15-02-2012",-9999,-9999,-9999,-9999,-9999,-9999,-9999,-9999,-9999,-9999,-9999,-9999,-9999,-9999,-9999,-9999,-9999,-9999,-9999,-9999,-9999,-9999,-9999,-9999
"16-02-2012",-9999,-9999,-9999,-9999,-9999,-9999,-9999,-9999,-9999,-9999,-9999,-9999,-9999,-9999,-9999,-9999,-9999,-9999,-9999,-9999,-9999,-9999,-9999,-9999
"17-02-2012",-9999,-9999,-9999,-9999,-9999,-9999,-9999,-9999,-9999,-9999,-9999,-9999,-9999,-9999,-9999,-9999,-9999,-9999,-9999,-9999,-9999,-9999,-9999,-9999
"18-02-2012",-9999,-9999,-9999,-9999,-9999,-9999,-9999,-9999,-9999,-9999,-9999,-9999,-9999,5,4,4,4,3,3,3,4,4,4,3
"19-02-2012",4,4,3,3,4,5,5,6,19,15,13,7,4,4,4,4,4,4,5,8,25,6,5,5
"20-02-2012",7,5,5,5,6,6,33,37,21,26,31,21,12,9,9,8,7,9,13,7,18,27,20,11
"21-02-2012",8,7,8,12,11,8,36,50,62,30,14,9,6,7,4,6,5,5,7,19,55,53,56,24
"22-02-2012",5,4,4,4,4,5,7,21,8,9,-9999,-9999,-9999,5,5,5,6,9,8,13,38,4,4,5
"23-02-2012",5,5,8,6,8,9,7,15,17,17,14,9,6,6,9,7,7,5,6,7,13,33,31,7
"24-02-2012",34,25,8,8,7,7,11,12,41,23,7,5,8,6,5,5,4,3,3,3,4,4,4,4
"25-02-2012",4,4,3,3,4,5,6,9,13,6,6,4,4,4,4,4,4,4,3,4,4,3,3,4
"26-02-2012",3,3,3,3,3,3,4,4,4,4,4,4,4,3,4,3,3,2,3,4,4,3,4,3
"27-02-2012",4,3,3,3,3,3,4,3,4,4,4,4,3,3,3,3,3,3,3,3,4,3,4,3
"28-02-2012",3,3,3,4,3,4,5,5,6,6,6,6,5,5,5,5,5,4,4,4,4,3,4,3
"29-02-2012",3,3,3,4,4,5,17,10,19,15,11,10,10,7,5,5,5,4,5,4,4,4,3,4
"01-03-2012",4,4,4,3,4,5,7,5,7,6,6,6,5,7,7,6,5,4,4,4,4,5,5,5
"02-03-2012",6,5,6,7,8,9,28,88,29,18,8,7,10,8,6,6,8,5,7,6,4,4,5,5
"03-03-2012",4,3,3,4,4,4,4,5,7,5,4,4,4,4,4,4,3,3,4,4,3,3,3,3
"04-03-2012",4,3,4,3,4,4,4,4,4,4,4,4,4,3,4,5,5,4,5,5,6,10,24,6
"05-03-2012",7,5,5,9,9,16,30,47,37,34,16,16,16,12,10,14,7,6,12,14,7,5,5,4
"06-03-2012",4,4,4,4,4,5,11,8,9,8,6,9,7,10,7,9,6,7,10,12,6,5,5,5
"07-03-2012",7,6,5,8,5,6,6,6,9,10,9,8,9,-9999,-9999,8,6,5,6,5,4,4,4,4
"08-03-2012",4,4,4,4,4,6,8,6,10,9,8,11,12,10,8,7,9,8,6,9,7,5,6,5
"09-03-2012",4,4,4,4,4,5,6,8,19,13,14,20,10,16,10,8,6,8,7,6,5,6,5,5
"10-03-2012",4,4,5,4,4,5,5,4,5,5,6,5,6,5,5,5,4,4,4,5,5,5,5,5
"11-03-2012",4,4,4,5,5,4,5,5,4,5,5,5,4,4,5,4,5,4,5,4,5,5,4,4
"12-03-2012",4,5,5,4,4,4,5,5,6,6,7,7,7,7,6,6,7,-9999,-9999,-9999,-9999,-9999,-9999,-9999
"13-03-2012",-9999,-9999,-9999,-9999,-9999,-9999,-9999,-9999,1,7,7,8,7,7,7,7,7,8,9,8,5,5,4,4
"14-03-2012",4,4,4,4,7,6,9,11,14,11,9,7,7,7,8,8,7,6,5,4,4,4,4,4
"15-03-2012",3,3,4,4,3,3,6,9,9,5,5,6,6,5,5,5,5,4,4,4,4,4,3,4
"16-03-2012",3,4,4,3,4,8,11,26,11,8,6,7,5,5,5,5,5,4,4,4,4,5,6,5
"17-03-2012",5,5,4,4,5,5,7,7,6,6,5,4,4,4,4,4,4,4,4,5,6,6,8,5
"18-03-2012",4,5,6,5,9,8,29,12,15,12,6,5,4,4,4,4,4,4,2,4,5,5,6,8
"19-03-2012",6,4,4,4,4,7,6,9,8,7,6,6,6,7,6,5,5,4,5,5,6,6,29,10
"20-03-2012",4,4,4,4,4,5,6,12,22,15,10,8,10,6,6,7,6,5,6,5,5,8,6,7
"21-03-2012",5,5,11,18,15,26,64,29,38,42,30,12,12,9,6,6,5,5,5,15,27,16,9,6
"22-03-2012",7,8,10,9,11,20,21,12,22,9,6,5,5,4,4,4,5,5,5,4,5,4,5,6
"23-03-2012",10,8,8,5,7,26,74,113,45,17,6,5,5,5,5,5,5,5,4,5,5,21,10,5
"24-03-2012",6,6,5,10,8,6,18,26,14,16,9,8,6,5,4,4,4,4,4,4,5,10,6,6
"25-03-2012",5,5,5,5,5,5,20,7,8,5,5,5,4,3,3,4,3,4,4,5,5,4,4,4
"26-03-2012",4,4,4,4,4,7,10,-9999,18,11,7,6,6,6,5,5,4,4,5,4,4,4,4,4
"27-03-2012",4,4,4,4,4,4,5,5,7,7,7,6,6,8,5,5,4,4,4,4,4,5,5,5
"28-03-2012",5,5,5,4,4,4,4,5,7,7,6,7,6,6,6,5,6,5,5,4,5,4,4,5
"29-03-2012",5,5,5,10,11,5,57,60,65,36,12,7,6,5,5,5,4,4,4,4,5,5,5,4
"30-03-2012",6,6,6,6,5,23,18,38,84,43,21,11,7,6,4,4,4,4,4,4,4,4,4,4
"31-03-2012",4,4,4,4,4,6,9,7,9,8,6,5,5,4,4,4,5,5,4,4,5,4,5,5
"01-04-2012",4,4,5,4,5,6,12,29,18,14,11,6,5,4,4,4,4,4,4,3,4,4,4,4
"02-04-2012",4,4,4,4,4,4,5,6,8,11,10,7,7,6,4,5,4,4,4,4,4,4,4,4
"03-04-2012",5,5,6,5,5,6,52,25,42,26,18,6,4,4,4,7,5,5,4,4,4,5,5,5
"04-04-2012",6,6,5,6,5,17,52,75,42,29,28,44,17,14,24,18,10,9,7,7,10,5,5,15
"05-04-2012",10,9,5,5,5,5,9,12,11,12,29,23,13,15,14,7,7,11,7,6,5,6,5,4
"06-04-2012",4,4,4,4,5,8,26,18,42,10,9,6,4,5,6,4,5,5,4,5,5,5,5,5
"07-04-2012",6,6,10,16,9,12,22,33,34,24,16,10,5,5,4,4,4,4,4,4,4,6,8,5
"08-04-2012",5,6,6,6,5,6,11,11,11,9,6,5,4,4,4,4,4,4,4,5,4,4,4,4
"09-04-2012",4,3,3,4,3,3,3,4,4,4,4,5,5,5,5,5,5,4,6,7,5,5,5,4
"10-04-2012",4,4,4,3,4,5,4,5,5,6,7,11,8,7,10,7,5,5,5,4,4,4,4,4
"11-04-2012",4,5,5,5,5,9,24,66,29,21,9,5,5,5,5,4,4,4,5,4,4,4,4,4
"12-04-2012",4,5,6,8,6,16,15,19,44,41,9,8,5,4,4,5,5,4,4,4,4,4,5,5
"13-04-2012",6,8,7,9,8,6,5,31,14,8,10,6,4,4,4,4,5,5,5,4,4,4,4,4
"14-04-2012",4,5,5,4,4,4,9,6,5,5,5,4,4,4,4,4,4,4,4,3,4,3,3,4
"15-04-2012",3,3,3,3,3,4,4,5,5,4,4,4,4,4,3,3,3,4,4,3,5,4,4,4
"16-04-2012",4,4,4,4,4,4,6,11,7,6,5,4,4,4,3,3,4,4,4,4,5,8,4,4
"17-04-2012",4,4,4,4,4,6,6,7,5,12,10,26,21,8,5,5,5,4,4,4,4,4,4,5
"18-04-2012",4,4,4,4,4,4,5,5,5,5,5,5,5,4,4,4,5,4,4,4,4,4,4,3
"19-04-2012",4,4,4,4,4,14,18,21,48,22,6,7,5,4,4,4,4,5,5,5,8,4,5,4
"20-04-2012",4,4,4,3,3,3,4,5,8,10,13,10,6,5,4,4,4,4,4,5,6,13,8,5
"21-04-2012",8,8,5,5,5,6,12,25,11,6,3,5,4,4,4,4,4,4,4,4,5,5,4,7
"22-04-2012",4,5,5,4,4,4,9,6,7,5,4,4,4,4,4,4,4,4,4,4,4,4,4,5
"23-04-2012",5,5,10,4,7,10,17,38,27,20,12,7,5,4,6,5,4,5,4,4,4,4,4,5
"24-04-2012",6,4,5,7,7,5,32,44,29,15,12,7,5,5,5,5,5,6,4,5,5,11,5,5
"25-04-2012",5,4,5,12,9,23,62,77,49,19,14,9,5,5,6,8,6,5,5,5,5,7,6,5
"26-04-2012",4,4,4,4,4,4,5,7,8,7,6,7,5,6,6,5,5,6,6,4,4,5,20,25
"27-04-2012",9,5,5,10,8,11,39,97,26,14,16,7,6,5,5,4,4,4,4,4,4,5,6,4
"28-04-2012",4,5,4,4,4,5,4,5,6,5,5,5,5,5,4,4,4,4,5,5,6,5,4,5
"29-04-2012",7,6,4,4,4,4,4,5,6,6,5,4,4,4,4,3,4,3,4,4,4,5,5,5
"30-04-2012",5,5,6,11,11,11,26,26,34,29,17,5,5,5,5,5,4,4,4,4,5,5,5,5
"01-05-2012",6,5,5,6,5,5,6,7,6,7,6,5,4,4,4,4,3,4,4,4,4,4,5,6
"02-05-2012",5,8,6,9,15,24,75,16,55,25,9,6,7,5,6,5,5,4,4,5,5,5,6,19
"03-05-2012",15,11,20,10,14,10,31,53,39,31,15,7,3,5,5,5,4,5,5,5,5,6,23,7
"04-05-2012",5,12,5,6,6,21,37,43,29,13,9,7,4,5,4,5,5,4,4,5,5,5,4,5
"05-05-2012",5,4,5,6,5,5,5,8,8,5,4,5,5,4,4,4,4,4,4,4,4,4,4,4
"06-05-2012",5,5,5,5,5,5,6,9,6,5,4,4,4,4,4,4,4,4,4,4,4,5,5,5
"07-05-2012",6,5,5,4,6,10,41,51,14,10,7,5,5,5,5,5,5,5,4,4,4,5,6,4
"08-05-2012",5,5,5,5,9,11,30,21,12,11,7,8,6,6,9,11,8,8,6,6,5,7,6,5
"09-05-2012",4,4,4,4,4,5,6,6,8,8,6,6,5,5,7,5,5,5,9,7,5,6,7,5
"10-05-2012",11,8,6,4,6,5,12,11,20,7,6,5,5,8,7,7,5,1,4,5,5,6,6,5
"11-05-2012",5,5,5,4,4,5,16,7,7,8,7,7,6,6,6,6,5,7,5,5,5,4,5,6
"12-05-2012",5,5,4,4,4,4,6,6,5,5,4,5,4,5,4,4,5,4,4,5,4,11,17,19
"13-05-2012",5,4,4,4,8,5,6,10,8,7,4,4,4,4,4,4,3,4,4,4,4,4,4,4
"14-05-2012",4,5,4,3,4,6,6,9,18,12,19,11,7,7,5,5,5,5,4,5,4,4,4,6
"15-05-2012",4,4,1,3,4,4,5,7,12,7,7,6,8,8,8,6,5,6,5,5,4,4,4,4
"16-05-2012",4,4,4,4,4,9,12,10,17,7,7,7,9,11,6,5,5,5,4,4,4,4,4,5
"17-05-2012",5,5,5,4,4,4,28,12,16,17,14,7,10,7,6,6,5,5,6,5,4,4,4,3
"18-05-2012",3,3,3,3,4,4,4,4,6,6,6,6,6,5,6,6,6,5,5,5,4,4,4,4
"19-05-2012",3,3,3,4,3,3,4,4,22,4,4,4,4,4,5,4,4,4,4,4,4,4,4,4
"20-05-2012",4,4,4,4,4,4,6,6,5,5,5,5,4,4,4,4,4,4,4,4,4,4,4,4
"21-05-2012",4,4,4,4,4,5,8,25,15,8,10,7,6,4,4,5,5,5,5,5,4,5,12,5
"22-05-2012",5,5,5,5,5,4,7,19,14,5,4,4,5,7,6,6,5,5,5,5,6,9,9,6
"23-05-2012",6,7,5,5,7,29,16,21,14,9,8,8,8,7,6,5,5,5,4,4,4,4,4,4
"24-05-2012",4,4,4,5,5,10,12,13,13,6,7,5,5,9,6,5,5,5,4,4,4,5,4,4
"25-05-2012",4,4,4,5,5,6,8,24,22,11,9,7,7,7,7,7,4,5,5,4,4,4,4,4
"26-05-2012",4,4,4,5,5,4,4,4,5,6,5,6,6,6,8,7,4,4,5,5,5,7,7,5
"27-05-2012",5,5,4,5,4,4,6,6,6,6,5,4,4,4,5,4,4,4,4,2,4,4,4,4
"28-05-2012",4,4,4,4,4,4,5,8,8,6,5,5,6,5,5,6,4,4,4,4,5,5,5,7
"29-05-2012",4,5,5,4,5,10,19,22,12,12,9,7,6,6,8,8,7,6,5,4,5,5,5,5
"30-05-2012",5,5,5,4,5,5,6,7,8,10,8,7,8,8,9,6,4,5,6,5,7,5,6,6
"31-05-2012",6,6,5,5,6,6,10,13,23,12,7,6,6,6,5,5,5,1,4,4,4,4,4,5
"01-06-2012",7,5,5,4,7,7,18,27,26,8,8,5,5,5,5,5,5,4,4,4,4,4,5,4
"02-06-2012",4,4,4,4,5,7,10,10,9,8,5,5,4,4,4,4,3,4,4,4,4,4,4,4
"03-06-2012",4,5,5,4,5,5,6,7,6,6,5,5,4,4,4,4,3,4,4,4,4,4,4,4
"04-06-2012",4,4,5,4,4,4,7,8,6,5,4,4,4,4,4,4,4,4,4,4,4,4,4,4
"05-06-2012",4,6,5,5,4,6,23,20,14,8,8,7,8,9,8,11,6,7,6,5,6,6,5,4
"06-06-2012",4,4,4,4,4,4,4,4,5,5,5,5,6,5,5,5,5,5,4,4,4,4,4,4
"07-06-2012",4,4,4,4,5,5,7,9,10,7,5,6,6,7,5,7,5,4,4,4,4,4,4,4
"08-06-2012",4,4,5,5,5,17,28,20,11,6,6,5,6,6,6,4,5,4,4,4,4,5,5,5
"09-06-2012",5,5,5,5,5,6,6,15,9,7,6,5,5,4,4,4,4,4,4,4,4,4,4,4
"10-06-2012",4,5,5,6,5,5,11,8,6,5,5,4,4,4,4,4,4,4,4,4,4,4,5,5
"11-06-2012",5,5,5,6,7,6,7,44,13,9,-9999,-9999,-9999,-9999,-9999,5,5,4,4,4,4,4,4,4
"12-06-2012",5,5,6,5,5,17,27,11,18,10,8,7,6,5,6,10,5,4,4,4,4,4,4,4
"13-06-2012",4,5,5,5,5,9,25,17,17,9,7,7,5,5,5,5,5,4,4,4,4,4,9,10
"14-06-2012",6,5,4,4,4,4,8,23,17,6,5,6,7,5,5,6,5,5,5,5,4,4,4,4
"15-06-2012",4,3,3,3,3,5,4,5,7,6,7,7,8,6,12,12,6,6,6,5,4,4,4,5
"16-06-2012",6,5,5,4,4,4,5,1,6,5,5,4,1,4,1,4,4,4,4,4,4,4,4,4
"17-06-2012",4,4,4,4,4,4,5,7,6,4,4,4,4,4,4,4,4,4,4,4,4,5,5,5
"18-06-2012",6,6,5,5,5,8,11,20,11,9,7,5,6,5,5,5,5,4,4,4,4,5,5,11
"19-06-2012",10,6,5,5,6,8,19,23,25,11,9,7,7,6,10,17,6,5,4,4,4,5,5,12
"20-06-2012",7,10,5,6,4,5,7,19,18,14,8,8,3,7,10,12,6,5,5,5,4,5,5,8
"21-06-2012",7,5,6,5,5,6,10,17,13,11,8,4,4,6,16,13,5,4,4,4,5,5,5,5
"22-06-2012",7,6,5,7,9,12,10,30,18,15,9,10,7,8,13,14,5,4,4,4,4,4,4,5
"23-06-2012",6,6,5,5,12,5,6,5,5,4,5,4,5,5,5,5,5,4,1,4,4,4,5,5
"24-06-2012",5,5,5,5,5,5,6,7,7,4,4,5,5,5,4,4,3,-9999,-9999,4,4,4,4,4
"25-06-2012",5,4,4,4,4,5,12,10,9,9,8,6,6,6,8,11,5,5,4,4,4,5,5,5
"26-06-2012",7,9,6,6,6,10,34,16,10,8,6,6,6,5,6,5,5,4,4,4,4,4,4,4
"27-06-2012",4,4,4,4,4,4,4,5,6,7,-9999,-9999,-9999,6,6,6,5,5,5,4,4,5,5,4
"28-06-2012",4,4,4,4,4,5,11,12,7,7,8,6,-9999,5,7,6,5,4,4,4,4,4,4,4
"29-06-2012",4,4,6,9,7,11,10,20,17,12,8,6,6,6,9,6,5,4,4,4,4,4,4,4
"30-06-2012",4,5,6,5,5,7,7,11,10,6,6,5,5,4,4,4,4,4,4,4,4,4,4,4
"01-07-2012",4,5,5,5,5,5,8,9,8,5,4,5,5,4,4,4,4,4,4,4,4,4,4,4
"02-07-2012",4,4,4,5,4,5,12,10,7,7,6,6,6,5,5,6,5,4,4,4,4,4,4,4
"03-07-2012",4,5,5,6,5,6,26,29,26,7,7,6,6,6,5,6,5,5,4,4,4,4,3,4
"04-07-2012",4,4,5,6,6,5,19,31,20,10,8,6,6,5,6,10,4,4,4,4,4,5,4,6
"05-07-2012",12,6,6,8,4,7,20,23,26,15,8,6,6,5,11,8,6,4,4,1,5,5,4,4
"06-07-2012",6,6,7,5,5,15,21,25,16,10,11,6,5,5,5,8,4,4,4,4,4,4,5,4
"07-07-2012",4,4,5,5,6,5,8,8,7,7,5,5,4,4,4,4,4,4,4,4,4,4,5,6
"08-07-2012",5,5,5,5,5,5,9,6,6,5,6,5,5,4,4,1,4,4,4,4,4,4,4,4
"09-07-2012",5,7,5,4,7,11,13,11,10,8,7,6,6,5,10,13,5,4,4,4,4,4,4,4
"10-07-2012",5,5,5,11,10,7,8,12,11,7,-9999,-9999,8,7,7,8,5,4,4,4,4,6,6,4
"11-07-2012",4,4,4,4,4,4,6,5,5,5,4,5,5,5,7,9,6,4,4,4,4,7,6,6
"12-07-2012",4,5,5,5,4,5,14,17,15,7,6,6,5,5,11,17,5,4,4,4,4,5,5,5
"13-07-2012",4,5,4,3,4,4,4,4,4,4,4,5,3,5,8,6,4,4,4,4,4,5,4,5
"14-07-2012",5,5,7,5,6,6,10,12,11,6,6,5,5,4,4,4,4,3,4,4,4,4,4,4
"15-07-2012",5,5,5,5,4,5,9,18,6,5,4,4,5,6,4,4,4,4,4,4,4,4,4,4
"16-07-2012",5,4,5,4,6,7,15,19,12,5,6,6,5,5,6,4,1,4,4,4,4,4,4,4
"17-07-2012",4,4,4,4,4,4,4,4,4,5,5,5,4,4,4,9,5,5,5,5,5,5,4,5
"18-07-2012",5,4,4,4,4,4,4,4,4,-9999,-9999,-9999,-9999,-9999,8,9,5,5,4,5,4,4,4,4
"19-07-2012",3,3,3,3,4,5,7,8,7,5,5,5,5,5,5,9,4,4,4,4,4,4,4,4
"20-07-2012",5,4,5,4,6,11,24,15,13,7,5,5,5,6,6,9,5,4,3,3,3,4,4,7
"21-07-2012",6,5,5,5,7,5,6,8,7,5,4,4,1,3,3,3,3,3,3,3,3,4,4,4
"22-07-2012",4,4,5,4,4,4,7,6,6,5,4,4,4,3,3,3,3,3,3,3,4,4,4,5
"23-07-2012",5,4,4,4,3,4,5,7,6,4,5,4,5,5,5,9,4,4,4,4,4,4,4,5
"24-07-2012",3,3,3,3,3,3,4,5,5,1,6,6,6,4,4,4,4,4,4,4,4,3,4,4
"25-07-2012",4,4,4,4,4,4,14,26,13,5,5,5,4,4,9,6,4,4,3,3,3,3,3,4
"26-07-2012",4,4,4,4,5,9,20,13,5,4,4,4,4,5,5,7,4,4,3,4,4,3,4,4
"27-07-2012",4,4,3,3,3,3,3,4,4,5,4,4,4,4,6,6,5,5,4,4,4,4,5,4
"28-07-2012",4,4,4,3,3,3,4,4,3,4,3,4,4,4,4,4,4,4,4,4,4,4,4,5
"29-07-2012",5,5,5,5,5,4,5,6,5,4,4,5,4,4,4,4,4,4,4,7,4,4,4,4
"30-07-2012",4,5,4,4,5,6,11,10,18,13,7,6,6,6,5,4,5,4,4,4,5,4,5,6
"31-07-2012",6,6,4,4,4,4,4,4,5,5,4,4,5,5,4,4,5,7,4,4,5,4,4,5
"01-08-2012",4,4,4,5,4,4,7,10,8,7,5,4,6,5,5,5,5,5,4,4,4,5,4,4
"02-08-2012",4,4,4,4,5,5,7,11,11,12,6,6,6,5,5,5,5,4,5,5,5,5,5,6
"03-08-2012",5,6,6,9,8,7,15,20,12,9,5,6,5,5,5,5,4,4,4,4,4,4,4,5
"04-08-2012",5,6,5,7,6,7,8,8,8,6,6,5,4,3,4,3,4,4,4,3,4,4,4,5
"05-08-2012",7,4,4,5,4,5,6,5,6,5,5,5,4,3,4,4,3,3,4,4,4,4,4,5
"06-08-2012",5,4,5,7,6,10,17,15,12,9,8,5,5,5,5,4,4,4,4,4,4,7,5,5
"07-08-2012",6,5,5,5,5,6,9,10,11,1,5,2,5,5,5,5,5,5,4,4,5,6,5,6
"08-08-2012",7,6,8,8,6,9,10,17,6,5,4,4,5,5,5,4,5,4,5,4,4,4,9,5
"09-08-2012",7,5,5,4,5,4,9,43,6,6,6,8,5,4,4,5,5,4,4,4,4,4,4,4
"10-08-2012",4,-9999,3,3,3,4,4,5,5,5,4,4,5,5,5,5,5,5,4,4,4,4,3,3
"11-08-2012",3,4,3,3,4,4,4,4,4,4,4,4,4,4,4,4,4,4,5,4,4,4,4,4
"12-08-2012",4,3,3,3,3,3,4,3,4,4,4,4,4,3,3,3,3,3,3,3,7,6,11,8
"13-08-2012",6,7,5,5,4,4,4,5,5,5,5,4,4,4,4,4,4,4,4,3,4,4,4,4
"14-08-2012",4,5,4,5,6,9,17,8,6,5,4,4,4,3,4,4,4,3,3,4,4,4,4,4
"15-08-2012",4,4,4,4,4,4,5,4,-9999,1,3,3,4,3,3,3,4,4,4,4,4,4,4,4
"16-08-2012",6,6,4,5,5,18,9,24,10,9,8,5,5,4,4,4,4,4,4,4,4,4,4,5
"17-08-2012",7,7,5,4,4,4,6,12,11,5,5,4,4,3,3,3,3,4,4,5,5,4,4,4
"18-08-2012",4,5,4,4,4,4,5,5,5,6,4,4,4,4,4,3,3,3,3,4,4,4,4,4
"19-08-2012",4,4,4,3,4,4,6,6,6,4,4,4,4,3,3,-9999,3,3,3,4,3,4,3,4
"20-08-2012",4,4,4,4,4,7,18,26,13,10,5,5,5,4,9,10,4,4,4,4,4,4,4,4
"21-08-2012",4,5,4,5,5,11,18,21,24,17,6,5,5,4,8,8,4,4,4,4,4,4,5,5
"22-08-2012",6,8,10,6,11,15,20,28,15,11,7,5,5,5,10,8,4,4,4,4,4,5,5,10
"23-08-2012",7,5,4,10,8,5,13,22,19,11,7,6,5,4,10,5,4,4,4,4,4,4,12,6
"24-08-2012",6,5,13,7,5,5,14,31,35,15,7,5,5,6,9,7,4,4,4,4,4,4,4,6
"25-08-2012",6,10,11,4,6,7,13,9,8,9,7,5,5,5,4,4,4,4,4,4,4,5,5,4
"26-08-2012",5,5,4,5,5,4,7,7,6,8,5,5,4,4,3,3,3,4,4,4,4,4,8,6
"27-08-2012",6,6,5,5,8,6,6,21,11,5,5,5,4,4,4,4,4,5,4,4,4,4,4,4
"28-08-2012",4,4,4,4,4,4,4,4,5,4,4,5,4,4,4,4,3,3,3,3,6,5,4,4
"29-08-2012",5,4,5,4,6,10,7,26,23,19,7,5,5,4,6,5,3,4,4,4,4,4,3,4
"30-08-2012",4,5,4,5,7,10,14,23,34,16,6,5,5,4,7,5,4,4,4,4,4,4,4,4
"31-08-2012",4,5,4,5,8,6,16,15,21,10,6,5,5,4,5,4,4,3,4,4,4,4,4,4
"01-09-2012",5,4,4,5,7,5,5,8,18,7,4,4,4,3,3,3,4,3,3,1,3,4,4,4
"02-09-2012",5,5,5,4,4,4,5,6,6,4,4,4,4,4,3,3,3,3,3,4,4,4,4,4
"03-09-2012",6,6,5,5,8,10,17,26,36,23,7,6,9,4,5,4,4,4,4,4,4,4,4,4
"04-09-2012",5,5,5,5,8,10,23,22,29,15,6,5,4,4,5,5,4,4,4,4,4,4,4,4
"05-09-2012",4,5,4,5,11,13,9,40,16,6,5,7,5,5,5,4,4,4,4,4,4,4,4,4
"06-09-2012",4,4,5,5,6,14,25,35,17,11,5,5,4,4,5,5,4,4,4,4,4,5,5,4
"07-09-2012",4,4,4,4,4,4,4,5,6,6,5,5,5,5,5,5,5,4,5,4,4,4,4,5
"08-09-2012",4,4,4,4,4,4,4,4,4,4,4,4,4,3,4,3,4,4,4,4,4,4,4,4
"09-09-2012",5,5,4,4,4,5,5,8,8,5,4,4,4,3,4,3,3,3,4,4,4,4,4,7
"10-09-2012",6,4,5,5,6,5,6,18,21,29,8,5,4,4,4,4,4,4,4,4,4,4,4,4
"11-09-2012",5,5,7,5,5,7,23,73,74,22,11,6,8,6,7,4,4,4,4,4,3,3,3,3
"12-09-2012",3,4,4,4,6,5,27,35,29,12,6,5,5,4,6,5,4,4,3,3,3,3,3,3
"13-09-2012",3,3,4,4,4,4,7,20,28,14,5,5,5,1,4,4,4,4,4,4,4,4,4,5
"14-09-2012",5,5,5,4,4,5,5,9,15,9,6,4,4,4,7,8,8,6,8,6,8,7,6,6
"15-09-2012",6,1,3,3,3,4,5,5,3,3,4,3,3,3,3,3,3,3,3,4,4,3,4,4
"16-09-2012",4,4,4,4,3,3,4,4,4,4,3,4,4,4,4,3,3,3,3,4,3,3,3,3
"17-09-2012",3,3,3,3,3,3,3,5,11,9,11,6,5,4,4,4,3,5,6,8,22,21,7,10
"18-09-2012",5,6,4,4,10,16,25,26,35,19,12,10,7,5,6,5,4,4,4,4,4,4,4,5
"19-09-2012",4,4,9,9,9,11,29,50,59,24,11,5,5,4,4,4,4,4,4,4,4,3,4,4
"20-09-2012",4,5,8,4,4,5,16,40,31,16,7,5,4,3,4,4,4,3,5,8,11,4,3,3
"21-09-2012",3,-9999,2,3,3,3,3,4,4,4,1,4,3,5,5,5,4,4,4,4,3,4,3,3
"22-09-2012",3,3,3,3,3,3,5,5,4,5,4,4,4,3,4,3,4,4,5,5,5,5,9,12
"23-09-2012",15,9,4,5,5,4,8,8,8,7,6,5,4,3,3,3,3,3,4,4,4,5,7,14
"24-09-2012",6,5,12,7,15,30,29,74,38,40,17,9,6,4,4,5,4,4,4,4,4,5,7,6
"25-09-2012",5,9,7,5,9,12,22,45,55,39,17,15,9,5,6,4,4,4,4,4,5,5,6,26
"26-09-2012",32,26,19,28,8,17,11,16,17,14,6,7,6,5,4,4,4,5,6,4,5,6,11,14
"27-09-2012",17,13,5,7,13,12,24,52,53,22,12,7,7,4,4,4,4,4,4,4,5,5,13,9
"28-09-2012",6,5,14,10,8,9,10,26,27,21,15,10,6,6,5,5,5,4,4,4,5,6,14,28
"29-09-2012",27,14,13,8,12,7,7,10,19,15,8,7,7,6,4,4,4,4,4,5,5,6,9,22
"30-09-2012",9,9,6,6,6,5,8,8,9,8,7,5,4,5,4,4,4,4,4,4,5,6,6,8
"01-10-2012",9,7,7,11,5,9,22,32,66,51,16,8,5,5,6,5,4,4,4,4,6,19,45,13
"02-10-2012",6,9,7,15,7,18,41,109,59,23,13,9,4,5,4,4,4,5,5,5,5,6,6,7
"03-10-2012",11,9,9,6,5,9,17,52,33,20,8,6,6,5,5,5,4,4,4,4,4,4,5,4
"04-10-2012",3,3,4,3,4,4,4,4,6,7,7,5,6,6,6,6,5,4,5,13,7,4,4,10
"05-10-2012",11,7,6,8,6,17,17,43,37,16,8,8,6,6,3,4,4,5,6,6,5,5,5,7
"06-10-2012",6,5,5,5,8,6,9,10,25,12,7,6,5,4,3,4,4,4,4,4,5,5,5,8
"07-10-2012",6,6,5,6,5,10,10,14,16,20,9,6,5,4,3,3,4,4,4,4,4,5,5,5
"08-10-2012",5,5,5,5,8,6,6,13,10,-9999,-9999,-9999,-9999,5,5,4,5,4,4,4,4,4,4,4
"09-10-2012",3,3,3,4,4,4,4,5,10,14,22,13,8,7,6,5,4,4,4,12,7,5,5,4
"10-10-2012",5,5,5,6,7,5,28,45,32,23,13,8,6,4,-9999,-9999,9,7,10,13,49,20,11,13
"11-10-2012",22,12,8,9,8,12,25,79,54,35,11,7,5,4,5,4,5,4,5,6,5,5,6,7
"12-10-2012",7,8,11,9,18,23,48,74,29,40,82,1,4,-9999,-9999,5,5,4,4,4,4,4,4,4
"13-10-2012",4,4,4,4,4,5,6,11,17,10,6,5,4,3,3,3,3,3,4,5,4,4,3,4
"14-10-2012",4,4,4,4,5,4,5,4,6,10,6,5,4,4,3,3,4,5,7,5,10,28,16,10
"15-10-2012",5,7,6,9,13,16,18,80,115,90,17,15,23,10,11,10,7,5,11,41,11,23,31,55
"16-10-2012",30,26,19,16,17,10,24,52,46,47,48,25,17,12,12,11,5,7,9,4,4,5,7,5
"17-10-2012",4,8,10,5,7,17,25,51,91,65,29,17,8,10,8,6,6,2,6,8,5,4,4,11
"18-10-2012",8,3,5,4,3,7,17,15,27,34,6,7,5,6,6,5,4,4,4,4,5,5,22,13
"19-10-2012",34,24,9,19,18,11,31,48,69,64,38,13,6,4,7,4,4,5,4,5,4,5,17,22
"20-10-2012",18,5,7,6,7,16,15,13,21,15,9,5,4,3,4,4,4,6,4,5,5,3,3,3
"21-10-2012",3,3,3,3,3,3,3,3,4,1,4,4,3,3,3,3,4,4,7,7,6,6,10,15
"22-10-2012",6,4,5,6,5,10,15,34,26,21,9,8,9,8,7,7,4,7,14,6,5,5,6,17
"23-10-2012",21,9,5,4,4,5,7,26,16,7,9,12,11,7,5,8,4,4,5,4,5,6,15,38
"24-10-2012",28,7,7,5,14,15,23,57,59,28,13,8,7,5,4,5,5,4,5,8,5,4,5,6
"25-10-2012",5,16,15,9,6,19,20,30,31,22,21,17,6,4,5,9,5,5,5,6,6,6,13,30
"26-10-2012",17,27,15,13,10,21,16,21,23,17,10,7,4,4,4,4,4,4,4,4,4,5,12,18
"27-10-2012",6,7,12,6,9,8,7,7,14,13,10,11,14,14,15,15,7,3,4,5,6,4,5,5
"28-10-2012",4,4,4,4,4,4,4,5,7,7,11,8,9,5,6,6,5,5,6,4,5,6,8,13
"29-10-2012",6,5,5,4,4,9,4,3,4,4,4,5,5,5,4,5,7,9,6,5,4,5,5,4
"30-10-2012",4,3,4,3,4,4,6,14,15,10,8,8,9,6,6,5,4,13,27,41,6,6,6,6
"31-10-2012",4,3,3,4,4,6,12,24,39,38,17,12,10,5,4,4,8,10,15,20,5,4,5,9
"01-11-2012",6,8,8,7,4,3,4,4,22,24,22,6,3,4,15,8,6,4,7,10,6,7,7,6
"02-11-2012",5,5,5,5,6,5,8,30,58,34,26,12,9,7,8,10,8,29,14,5,13,31,65,74
"03-11-2012",17,19,9,4,5,15,10,10,14,6,4,5,4,4,4,3,3,4,5,6,26,21,6,21
"04-11-2012",13,9,6,6,5,6,6,8,14,15,11,6,4,3,4,3,3,3,13,4,6,16,34,29
"05-11-2012",15,7,16,8,6,10,14,17,26,47,16,8,7,7,5,5,1,5,15,8,11,22,28,17
"06-11-2012",14,5,9,8,10,7,11,17,13,14,20,18,7,5,5,4,5,5,15,8,5,6,6,4
"07-11-2012",4,6,4,4,7,25,28,47,41,38,11,7,4,4,4,4,4,4,4,4,3,4,3,3
"08-11-2012",3,3,3,3,3,3,3,4,7,6,6,7,7,8,8,8,7,7,5,5,4,3,3,4
"09-11-2012",4,5,5,4,8,12,24,46,29,26,14,11,10,8,9,10,10,14,8,16,5,4,4,4
"10-11-2012",3,3,3,3,3,4,3,4,5,5,4,4,4,3,3,3,3,4,4,5,5,9,7,8
"11-11-2012",5,6,4,5,5,4,7,10,6,9,7,6,4,3,3,3,5,5,5,6,41,31,23,39
"12-11-2012",30,5,5,12,7,21,56,47,43,37,18,12,7,6,7,8,-9999,-9999,-9999,80,92,56,9,30
"13-11-2012",22,15,14,6,6,12,23,24,64,30,17,9,8,6,6,5,14,33,56,38,57,55,64,40
"14-11-2012",29,25,11,5,9,16,18,72,73,39,25,18,-9999,-9999,-9999,13,7,7,8,9,16,12,8,7
"15-11-2012",4,4,4,4,4,7,11,13,31,29,9,5,5,5,6,20,12,9,17,15,26,13,13,7
"16-11-2012",9,4,3,3,3,3,6,6,5,6,6,5,4,4,4,3,4,13,15,11,6,5,5,4
"17-11-2012",4,4,3,3,3,3,3,3,4,6,5,4,4,5,4,4,5,7,6,7,10,24,22,9
"18-11-2012",7,11,6,5,7,7,7,5,4,5,5,4,4,5,4,5,6,12,9,20,26,48,23,15
"19-11-2012",12,19,7,7,6,25,36,40,81,87,47,28,20,13,17,25,14,14,14,11,12,11,8,7
"20-11-2012",4,4,6,5,4,3,4,4,4,4,4,4,4,4,4,4,5,5,8,6,5,4,4,3
"21-11-2012",3,3,3,3,3,3,3,3,4,4,7,11,16,13,11,10,10,10,8,10,26,30,39,25
"22-11-2012",9,19,19,12,7,21,33,50,47,58,51,22,9,5,5,6,8,32,28,38,42,27,22,19
"23-11-2012",32,20,24,17,10,9,15,28,93,66,55,24,12,7,5,5,4,4,3,3,3,3,5,4
"24-11-2012",3,3,3,3,3,3,6,9,7,8,7,5,4,4,4,3,3,4,5,4,4,3,3,3
"25-11-2012",4,3,3,4,3,3,3,4,5,6,5,5,4,4,4,3,4,4,4,4,4,4,5,4
"26-11-2012",4,5,4,5,5,13,40,43,29,29,25,14,12,8,7,10,15,23,20,44,25,38,49,20
"27-11-2012",14,6,4,4,6,7,13,14,26,28,17,12,11,12,8,8,17,24,59,28,30,50,46,22
"28-11-2012",10,6,5,5,5,6,9,16,21,20,18,15,21,12,17,13,13,35,34,72,56,35,35,58
"29-11-2012",17,14,8,12,11,11,9,4,14,19,71,28,17,33,5,4,3,3,3,4,4,9,5,18
"30-11-2012",5,5,5,5,8,7,21,25,48,51,24,5,4,4,4,3,3,3,8,29,30,29,55,16
"01-12-2012",7,5,5,4,6,7,7,16,19,19,17,12,5,4,5,5,4,7,5,4,4,6,15,21
"02-12-2012",16,8,13,5,10,6,10,20,12,-9999,12,8,7,7,9,7,5,4,3,4,3,4,6,4
"03-12-2012",4,5,4,4,8,7,23,83,125,60,57,25,5,4,7,4,10,13,5,4,3,3,3,3
"04-12-2012",3,3,3,3,3,5,3,4,5,6,8,6,6,8,9,10,10,13,41,21,8,19,43,18
"05-12-2012",11,7,6,5,5,5,14,21,30,24,15,20,20,17,12,13,11,29,20,17,18,57,13,4
"06-12-2012",4,3,3,3,3,6,4,5,9,11,9,9,8,8,9,8,8,6,5,4,4,4,4,4
"07-12-2012",3,3,3,3,3,5,4,5,6,7,8,7,8,6,8,8,8,7,6,6,5,6,6,5
"08-12-2012",4,4,5,4,6,8,6,14,7,8,9,10,11,13,10,6,6,8,7,9,7,7,5,5
"09-12-2012",4,4,4,4,4,4,5,5,4,4,4,4,4,4,4,4,4,3,3,3,3,3,3,3
"10-12-2012",3,3,3,3,3,3,6,5,6,5,6,7,7,7,7,7,6,5,8,6,4,4,6,4
"11-12-2012",4,4,4,4,3,6,7,13,27,12,11,14,18,12,13,12,12,15,56,56,30,4,4,3
"12-12-2012",3,3,3,3,3,3,4,5,10,8,7,8,9,10,9,8,9,7,5,5,4,4,4,3
"13-12-2012",3,3,3,3,3,3,4,5,8,8,8,9,10,8,12,8,11,12,11,7,6,7,6,6
"14-12-2012",4,5,3,4,4,6,6,23,37,23,18,13,9,2,11,12,14,32,33,19,28,13,34,14
"15-12-2012",12,5,5,6,5,8,14,9,13,8,12,12,6,7,6,5,5,8,36,9,6,7,7,6
"16-12-2012",5,5,5,4,4,4,5,6,5,7,9,7,6,5,4,5,5,6,9,7,8,5,12,6
"17-12-2012",5,5,4,4,4,7,7,13,26,15,16,12,7,11,9,8,6,15,17,13,14,39,15,5
"18-12-2012",5,4,13,5,5,4,11,6,5,4,6,6,6,7,5,5,5,5,4,4,4,5,4,4
"19-12-2012",4,4,4,4,4,4,4,5,9,10,8,8,10,6,8,10,8,5,4,4,3,3,3,3
"20-12-2012",3,3,3,3,3,3,4,4,6,7,7,6,6,6,7,5,4,5,4,4,4,4,4,3
"21-12-2012",3,3,3,3,3,4,20,28,54,16,18,7,10,11,11,12,13,12,20,12,11,11,13,8
"22-12-2012",5,4,4,4,4,4,4,4,5,5,6,5,4,4,4,4,4,4,4,3,4,4,3,3
"23-12-2012",3,3,3,3,3,3,3,4,4,4,4,4,4,3,4,3,3,4,5,4,6,8,9,6
"24-12-2012",4,4,5,4,5,7,11,25,22,20,11,11,7,5,4,4,6,10,8,12,15,13,36,15
"25-12-2012",10,6,9,8,9,6,7,8,8,10,13,11,7,4,4,3,3,4,4,6,10,24,12,20
"26-12-2012",5,14,7,6,7,5,6,17,13,8,4,6,6,5,4,4,5,4,8,8,8,6,6,6
"27-12-2012",5,5,4,4,8,36,29,28,17,79,30,5,5,6,6,6,7,11,27,26,46,50,27,25
"28-12-2012",23,11,13,7,7,15,19,19,35,46,29,16,13,17,12,5,4,5,9,21,20,17,31,32
"29-12-2012",13,5,4,4,4,4,4,4,4,4,5,6,5,6,6,6,4,5,4,4,3,3,4,4
"30-12-2012",4,3,3,3,3,3,3,3,4,4,4,4,5,4,5,6,5,5,5,12,28,34,10,25
"31-12-2012",21,9,5,4,6,6,7,8,9,5,6,6,5,4,5,4,5,9,7,6,16,6,4,4
