"01-01-2010",112,84,96,139,113,101,85,44,54,11,6,4,4,5,3,3,3,2,3,4,6,5,4,3
"02-01-2010",2,2,2,2,2,2,2,2,3,3,3,3,3,3,3,3,3,2,2,3,3,3,3,3
"03-01-2010",3,3,3,2,2,2,2,2,3,3,4,4,3,3,3,2,2,2,2,2,3,3,4,3
"04-01-2010",3,3,3,2,2,2,2,3,4,4,4,4,4,4,4,3,3,3,3,3,3,3,3,2
"05-01-2010",2,2,2,2,2,2,5,6,7,10,6,7,8,13,4,3,3,3,3,3,3,2,2,2
"06-01-2010",2,2,2,2,2,2,2,2,2,2,2,3,3,2,2,2,2,2,2,3,2,2,2,2
"07-01-2010",2,2,2,2,2,2,3,4,5,5,4,5,4,4,4,4,3,5,39,119,164,217,69,15
"08-01-2010",88,47,43,34,35,72,70,193,266,259,76,7,6,5,4,3,3,4,3,3,4,3,3,4
"09-01-2010",10,4,2,2,2,6,12,33,74,26,5,4,4,3,3,3,3,2,3,3,3,4,3,2
"10-01-2010",3,3,3,2,2,2,2,2,3,4,3,3,3,3,2,2,2,2,3,3,3,3,2,2
"11-01-2010",2,2,2,2,2,2,3,10,10,9,5,5,4,5,5,5,5,4,9,7,4,7,12,5
"12-01-2010",3,3,3,3,4,8,45,144,179,143,108,52,20,16,7,6,7,18,78,111,184,218,248,226
"13-01-2010",167,143,116,105,91,56,22,84,195,74,30,8,5,4,5,4,5,4,7,7,4,6,4,2
"14-01-2010",3,3,3,3,2,2,2,6,6,6,9,8,8,6,5,5,4,3,3,3,3,3,3,2
"15-01-2010",2,2,2,2,2,2,3,6,10,9,5,6,6,5,7,4,3,3,3,3,3,3,3,2
"16-01-2010",2,2,2,2,2,2,2,2,3,2,3,3,3,4,4,3,3,3,3,3,3,2,2,2
"17-01-2010",2,2,2,2,2,2,2,2,2,3,3,3,4,3,3,3,3,3,4,4,3,5,4,6
"18-01-2010",19,5,7,3,3,11,35,64,85,14,55,6,5,7,5,5,4,4,3,4,5,4,3,2
"19-01-2010",3,12,23,27,26,26,41,74,142,58,10,8,8,6,5,5,3,3,3,3,3,3,2,2
"20-01-2010",2,3,5,9,7,18,24,99,130,69,38,19,8,5,4,4,3,3,4,4,26,90,151,100
"21-01-2010",93,69,47,41,40,38,78,147,223,83,18,9,8,6,6,6,4,4,4,4,4,3,3,2
"22-01-2010",2,2,2,2,2,2,2,3,3,4,5,5,5,3,4,3,4,3,-9999,3,3,3,3,2
"23-01-2010",2,2,2,2,2,2,2,3,4,5,6,5,4,5,5,4,3,3,3,3,3,2,2,2
"24-01-2010",2,2,2,2,2,2,2,2,2,3,3,3,4,4,4,3,3,4,4,4,4,5,4,3
"25-01-2010",2,2,2,2,2,2,2,3,5,5,5,5,5,5,4,3,3,2,2,2,2,2,2,2
"26-01-2010",2,2,2,2,2,2,2,3,4,4,4,5,4,4,4,4,3,3,3,3,3,3,3,3
"27-01-2010",2,2,2,2,2,2,3,5,6,5,4,4,5,5,6,7,5,4,4,4,9,16,4,11
"28-01-2010",29,8,3,3,4,4,12,45,78,75,94,51,42,31,26,24,41,68,81,93,124,115,108,124
"29-01-2010",136,84,30,11,21,39,76,198,267,212,100,44,10,7,5,5,-9999,4,5,22,89,115,216,-9999
"30-01-2010",178,170,139,107,112,122,123,173,297,159,26,6,5,5,5,4,4,5,20,74,108,53,4,9
"31-01-2010",23,14,2,2,2,2,3,4,6,10,4,4,3,5,4,3,3,3,3,4,3,4,3,3
"01-02-2010",4,5,2,2,2,2,3,5,17,10,5,4,5,4,4,4,-9999,3,7,28,96,51,52,118
"02-02-2010",118,97,34,9,2,2,4,5,4,4,8,8,6,5,5,4,3,3,3,2,2,3,3,2
"03-02-2010",2,2,2,2,2,2,2,6,15,8,7,6,5,4,4,3,3,4,10,40,60,128,178,199
"04-02-2010",144,129,123,125,107,105,115,217,366,114,51,11,6,5,4,4,3,3,4,18,87,187,294,291
"05-02-2010",295,193,116,202,182,132,208,347,438,27,9,7,6,5,7,5,4,4,5,6,5,7,5,3
"06-02-2010",4,3,3,3,3,3,4,10,7,19,6,7,7,4,4,4,3,3,3,3,3,3,3,3
"07-02-2010",3,3,3,4,10,4,3,7,6,11,13,8,3,3,3,3,3,3,6,6,6,4,15,73
"08-02-2010",79,81,57,34,14,9,7,7,17,43,28,14,8,5,5,5,5,5,4,4,6,7,9,4
"09-02-2010",2,3,2,3,4,12,11,64,74,51,21,9,9,9,6,6,4,4,9,16,6,5,3,3
"10-02-2010",2,2,2,2,2,2,3,4,7,6,5,4,5,4,4,3,3,3,3,3,3,3,-9999,-9999
"11-02-2010",-9999,2,3,3,3,4,4,8,27,10,6,4,4,5,5,4,4,3,3,5,10,5,3,3
"12-02-2010",4,3,2,3,4,20,68,144,182,57,7,5,4,4,5,4,4,3,3,3,3,3,3,2
"13-02-2010",2,2,2,2,3,5,3,5,4,4,3,3,3,3,3,3,3,2,3,4,3,5,6,12
"14-02-2010",7,20,26,40,41,59,32,3,4,7,6,5,4,3,4,3,3,2,4,12,5,6,5,3
"15-02-2010",3,3,2,2,2,2,2,3,2,3,3,4,3,4,3,4,3,2,3,4,3,4,4,7
"16-02-2010",11,9,20,16,22,25,94,179,209,59,8,6,11,6,5,4,4,4,5,9,7,7,10,4
"17-02-2010",3,2,3,3,3,4,9,28,68,27,17,18,5,5,5,4,3,3,4,8,71,114,76,38
"18-02-2010",7,4,3,3,4,5,54,209,306,87,23,6,181,5,5,5,6,6,7,15,57,21,22,4
"19-02-2010",5,3,3,3,3,6,58,137,204,64,55,49,14,6,5,5,4,4,7,20,13,5,5,5
"20-02-2010",5,5,4,3,3,7,19,72,157,157,76,24,10,6,4,5,4,3,3,3,3,3,3,3
"21-02-2010",3,3,3,3,3,2,3,3,3,4,4,2,3,2,3,3,3,3,3,3,2,2,3,3
"22-02-2010",3,3,3,2,3,3,30,81,111,32,15,12,10,5,4,4,4,3,3,3,4,5,5,8
"23-02-2010",7,4,4,4,5,14,95,186,292,311,217,51,13,11,5,5,4,3,3,4,4,5,5,5
"24-02-2010",8,24,43,36,25,56,107,150,196,49,13,15,17,9,6,6,4,4,5,7,6,6,3,2
"25-02-2010",2,2,2,2,2,2,3,30,35,5,5,4,3,4,3,4,4,3,3,3,5,5,36,62
"26-02-2010",37,11,11,5,3,3,16,77,69,14,7,8,5,5,5,5,5,4,4,4,6,5,5,10
"27-02-2010",18,9,13,13,7,4,5,40,37,19,7,3,4,3,3,3,3,3,3,3,3,3,2,2
"28-02-2010",2,2,2,2,2,2,2,3,4,3,3,3,3,3,3,2,3,3,3,3,4,5,3,3
"01-03-2010",10,14,7,4,8,11,29,39,32,19,14,14,9,7,7,6,6,5,5,5,29,63,86,119
"02-03-2010",148,139,130,104,41,44,100,195,190,37,20,11,7,5,5,6,4,4,3,3,3,5,3,3
"03-03-2010",3,3,2,2,2,2,3,5,5,4,4,4,3,3,4,3,3,3,3,3,3,4,16,17
"04-03-2010",3,3,3,3,5,4,12,18,7,13,10,4,4,4,4,4,3,3,4,34,48,7,3,3
"05-03-2010",2,3,3,4,7,10,12,9,9,6,5,5,4,5,4,4,3,3,3,3,3,3,3,3
"06-03-2010",3,2,2,2,2,3,19,73,26,7,8,4,4,3,3,3,3,3,3,3,3,3,3,2
"07-03-2010",2,2,2,2,2,2,2,2,3,3,3,3,4,4,4,3,3,2,3,3,3,3,3,2
"08-03-2010",2,2,2,2,2,2,2,3,3,3,4,3,3,4,4,3,3,3,3,3,3,3,2,2
"09-03-2010",2,2,2,2,2,3,3,24,14,8,9,9,6,6,6,6,4,3,3,3,3,3,3,2
"10-03-2010",2,2,2,2,2,2,2,4,5,5,5,5,5,4,5,4,4,3,3,3,3,3,3,2
"11-03-2010",2,2,3,3,3,3,4,18,11,9,11,9,9,7,5,5,3,3,3,4,5,6,5,3
"12-03-2010",3,3,15,14,27,36,74,169,63,12,8,4,4,4,4,4,4,3,3,3,3,3,3,3
"13-03-2010",3,2,2,3,3,3,8,47,23,12,6,5,5,4,5,3,3,3,3,3,3,3,3,3
"14-03-2010",3,3,2,2,2,2,2,2,2,2,3,3,3,3,3,3,3,3,2,3,3,3,2,2
"15-03-2010",2,2,2,2,2,2,3,5,6,6,8,10,5,5,4,3,3,3,3,3,4,18,36,71
"16-03-2010",58,75,73,37,34,31,99,213,89,12,4,3,3,6,4,4,3,3,3,4,16,74,83,69
"17-03-2010",52,37,30,23,38,55,129,200,91,20,5,4,3,3,3,3,3,3,3,3,3,3,3,2
"18-03-2010",2,2,2,2,2,3,3,8,20,8,7,5,5,4,5,5,4,4,4,4,4,4,4,11
"19-03-2010",42,43,53,41,31,28,117,156,81,12,6,4,4,3,5,4,4,3,3,3,4,8,24,80
"20-03-2010",87,118,128,64,43,30,51,111,55,25,21,7,6,5,4,4,3,3,3,4,4,5,6,42
"21-03-2010",48,58,9,4,4,15,45,77,25,9,6,6,4,3,3,3,3,3,3,3,5,6,4,3
"22-03-2010",3,3,4,5,9,14,61,139,98,50,54,26,16,8,6,5,5,5,5,5,6,8,12,18
"23-03-2010",39,42,32,29,41,42,34,67,63,45,22,5,4,3,3,3,4,3,3,3,3,3,3,3
"24-03-2010",3,3,3,3,3,4,41,83,34,8,6,4,4,5,5,4,4,3,3,4,3,3,4,3
"25-03-2010",3,3,3,3,2,2,4,4,3,3,3,3,3,2,2,2,2,2,2,2,2,2,2,2
"26-03-2010",2,2,3,2,2,2,7,6,8,4,3,3,3,3,3,3,3,3,2,2,3,3,3,2
"27-03-2010",3,5,11,4,6,9,8,30,11,12,6,9,7,5,4,5,4,3,3,4,5,4,4,4
"28-03-2010",4,4,4,3,4,3,3,3,3,3,3,3,3,3,3,3,3,2,3,3,3,3,2,2
"29-03-2010",3,2,2,2,2,3,5,-9999,8,8,5,4,3,3,3,3,3,3,3,3,3,3,3,4
"30-03-2010",6,14,14,17,12,40,80,175,175,46,20,7,6,4,4,4,3,3,3,3,3,4,4,4
"31-03-2010",3,3,2,3,3,2,3,13,8,4,4,4,3,3,3,3,3,3,3,3,5,4,3,4
"01-04-2010",4,3,4,3,3,3,6,30,21,10,9,7,8,7,5,5,4,3,3,3,3,3,5,7
"02-04-2010",21,24,33,21,3,5,4,28,48,22,13,10,5,7,8,6,3,3,3,3,3,3,3,5
"03-04-2010",4,5,3,3,3,5,13,39,20,8,8,7,5,4,3,2,2,2,2,2,2,2,3,4
"04-04-2010",5,15,27,25,10,17,21,4,3,3,3,2,2,2,2,2,2,2,2,2,2,3,3,3
"05-04-2010",4,3,5,10,13,3,4,15,15,5,3,5,4,3,3,2,3,2,2,2,3,3,3,3
"06-04-2010",2,2,2,2,2,2,3,6,5,4,4,3,3,3,3,3,3,3,3,3,3,2,2,3
"07-04-2010",2,2,2,2,3,3,8,9,8,6,4,4,3,3,3,3,3,3,2,2,2,3,7,27
"08-04-2010",19,3,15,6,7,26,65,159,159,4,3,3,3,3,3,3,3,3,3,2,2,3,3,3
"09-04-2010",3,3,4,3,2,3,3,5,5,4,3,3,3,3,3,3,3,3,2,2,2,3,3,2
"10-04-2010",2,2,2,2,2,2,2,2,3,3,3,3,3,3,3,2,2,2,2,2,2,3,2,2
"11-04-2010",2,2,2,2,2,2,2,2,2,3,2,2,2,2,2,2,2,2,2,2,2,3,2,3
"12-04-2010",3,2,2,2,2,2,3,4,5,4,4,3,3,3,3,3,4,4,3,3,3,3,3,4
"13-04-2010",3,3,3,3,3,4,6,43,52,19,8,5,8,3,4,4,3,3,3,2,3,3,3,3
"14-04-2010",3,4,3,3,3,3,5,22,22,9,15,4,4,3,3,3,3,3,2,3,3,3,3,4
"15-04-2010",3,3,3,4,4,9,59,130,52,21,6,5,4,4,3,3,3,3,4,3,3,3,4,8
"16-04-2010",4,4,3,3,3,9,57,98,103,35,20,15,7,7,5,3,3,3,4,4,4,4,4,4
"17-04-2010",3,3,3,3,3,3,23,51,63,22,6,4,4,3,3,3,3,2,2,2,3,3,3,3
"18-04-2010",3,2,2,2,2,2,2,2,2,2,3,2,2,2,2,2,2,3,3,2,3,2,3,3
"19-04-2010",2,2,2,2,2,3,3,4,9,8,12,11,6,4,3,3,3,2,2,2,2,2,2,2
"20-04-2010",2,2,2,2,2,2,2,4,4,6,6,4,4,4,3,3,3,2,2,2,2,2,2,2
"21-04-2010",2,2,2,2,2,2,2,3,3,3,3,3,2,3,3,3,3,3,2,2,2,5,5,4
"22-04-2010",7,17,44,43,43,35,66,112,78,41,15,8,5,3,3,3,3,3,3,2,3,4,6,38
"23-04-2010",28,23,32,23,17,13,65,129,91,50,24,6,4,3,3,3,3,3,3,3,3,3,3,3
"24-04-2010",3,3,3,2,3,3,5,11,13,6,5,4,3,3,3,3,2,3,3,2,3,3,3,4
"25-04-2010",6,20,5,3,3,3,3,3,3,3,2,2,2,2,2,2,2,2,2,2,2,2,2,2
"26-04-2010",2,2,2,2,2,2,2,3,4,5,4,3,3,3,3,2,2,2,2,2,2,2,2,2
"27-04-2010",2,2,2,2,2,2,2,3,3,3,4,3,3,4,3,3,3,3,2,2,2,2,2,2
"28-04-2010",2,2,2,2,2,2,3,5,4,3,3,3,2,2,3,3,2,2,3,2,2,3,2,2
"29-04-2010",2,3,2,2,2,2,2,3,3,3,2,2,2,3,3,2,2,2,2,2,2,2,2,2
"30-04-2010",2,2,2,2,2,2,2,3,3,3,3,3,3,3,3,2,2,2,2,2,2,2,2,2
"01-05-2010",2,2,3,3,4,6,7,12,4,3,2,2,2,2,2,3,2,2,2,2,3,3,3,3
"02-05-2010",3,4,5,7,8,4,6,17,5,3,3,4,4,3,3,3,3,3,3,3,3,4,4,6
"03-05-2010",8,7,14,16,11,19,61,85,33,18,24,13,10,5,4,4,4,4,4,3,3,3,4,4
"04-05-2010",6,7,10,5,9,22,60,151,80,23,6,4,4,6,5,5,4,4,4,4,4,4,4,10
"05-05-2010",12,11,23,11,5,5,36,92,35,34,22,6,6,4,3,3,4,4,3,3,3,3,4,5
"06-05-2010",4,3,4,5,6,16,47,73,19,6,4,4,4,4,4,5,4,4,3,3,3,4,4,4
"07-05-2010",3,3,3,3,3,4,29,81,10,9,7,4,4,3,3,3,3,3,3,3,3,3,3,3
"08-05-2010",3,3,4,5,9,21,32,52,30,12,4,3,3,3,3,3,3,2,2,2,2,3,4,6
"09-05-2010",6,13,14,5,8,5,7,19,9,6,4,2,2,2,2,2,2,2,3,3,3,3,3,3
"10-05-2010",3,3,3,3,3,4,35,64,16,6,4,3,3,3,3,3,3,3,3,3,3,3,4,5
"11-05-2010",3,4,4,4,5,17,63,132,40,21,6,3,4,4,4,4,3,3,3,3,3,3,4,10
"12-05-2010",19,16,21,11,10,24,58,121,88,10,10,16,6,5,4,4,4,4,4,4,4,4,5,14
"13-05-2010",16,10,15,15,27,21,34,14,9,-9999,-9999,-9999,-9999,3,3,2,2,2,2,2,2,3,3,5
"14-05-2010",3,3,2,2,2,2,33,77,39,25,9,6,4,4,3,3,3,2,3,4,3,3,2,2
"15-05-2010",3,3,3,2,2,2,2,2,2,6,7,5,5,3,4,3,2,2,2,2,2,2,2,2
"16-05-2010",1,1,1,1,1,1,1,2,2,2,2,2,2,2,2,2,2,2,2,2,2,2,2,2
"17-05-2010",1,1,1,1,1,1,2,3,4,3,3,2,2,2,3,3,2,2,1,2,2,1,1,1
"18-05-2010",1,1,1,1,1,1,2,3,3,3,2,2,2,2,2,2,2,2,2,2,2,2,4,12
"19-05-2010",6,2,2,2,2,2,5,10,5,5,4,3,3,3,4,2,2,2,2,2,2,2,2,3
"20-05-2010",3,2,4,4,3,9,52,59,9,4,2,3,2,2,2,2,2,2,2,2,2,2,2,2
"21-05-2010",2,1,2,2,2,2,3,8,27,20,7,7,4,4,4,3,3,3,2,2,2,2,1,1
"22-05-2010",1,1,1,1,1,1,1,2,2,2,2,2,2,2,2,1,1,1,1,1,1,2,5,6
"23-05-2010",12,22,29,29,15,24,39,47,19,8,5,4,2,2,2,1,1,2,2,1,4,7,52,41
"24-05-2010",64,58,36,8,8,13,34,61,19,6,6,5,4,2,2,2,2,2,2,1,2,2,2,2
"25-05-2010",3,5,8,6,7,14,36,68,21,4,3,3,2,2,2,2,2,2,2,1,2,2,2,2
"26-05-2010",2,2,3,2,2,5,46,62,17,9,4,2,3,3,3,3,3,2,2,2,2,3,4,10
"27-05-2010",6,17,16,16,35,38,58,79,21,17,14,6,7,4,3,3,2,2,3,2,2,2,13,26
"28-05-2010",16,4,2,1,2,3,66,66,18,21,14,7,5,5,5,4,3,2,3,2,3,2,3,2
"29-05-2010",2,2,3,6,6,8,42,64,6,3,3,3,3,2,2,2,2,2,2,2,2,2,2,4
"30-05-2010",3,3,2,3,11,19,22,24,7,5,2,4,3,2,2,2,2,3,2,2,2,3,3,6
"31-05-2010",3,11,6,4,7,3,22,54,55,32,7,7,6,2,2,2,2,2,2,2,2,2,2,2
"01-06-2010",1,1,1,1,1,2,16,27,14,3,2,2,2,2,3,2,2,2,2,3,2,1,1,1
"02-06-2010",-9999,-9999,-9999,-9999,-9999,-9999,-9999,-9999,-9999,-9999,-9999,2,4,3,3,2,2,1,2,2,2,1,1,1
"03-06-2010",1,1,1,1,1,1,2,4,4,6,2,2,4,2,2,2,2,2,2,1,1,1,1,2
"04-06-2010",2,5,2,1,1,1,3,8,9,11,4,3,3,2,2,2,2,2,2,2,1,2,2,1
"05-06-2010",1,1,1,1,1,1,2,3,5,4,6,6,5,3,2,2,2,3,2,2,1,2,2,2
"06-06-2010",2,2,1,2,2,2,3,3,2,1,1,1,1,1,1,1,1,1,1,1,1,1,1,1
"07-06-2010",3,2,2,2,1,4,12,36,24,10,-9999,-9999,-9999,2,1,3,2,2,2,1,2,2,2,2
"08-06-2010",2,2,2,5,4,16,71,155,32,17,4,3,4,2,2,2,1,2,2,2,2,2,2,2
"09-06-2010",2,2,3,4,4,11,9,8,24,7,4,2,2,2,3,7,3,2,2,2,2,2,2,17
"10-06-2010",9,15,11,18,19,9,44,30,4,3,2,2,2,2,2,1,1,1,1,1,1,1,1,1
"11-06-2010",1,1,1,1,1,1,24,28,6,-9999,-9999,-9999,2,1,2,2,1,1,1,1,1,2,2,2
"12-06-2010",2,2,1,1,1,1,9,21,2,1,1,1,1,1,1,1,1,1,1,1,1,2,2,6
"13-06-2010",2,3,3,4,3,6,7,25,8,3,3,3,2,2,1,2,1,2,1,1,2,3,8,24
"14-06-2010",11,11,3,3,4,8,53,97,40,17,6,12,4,2,2,2,2,2,2,2,2,3,4,17
"15-06-2010",9,18,22,25,22,30,46,68,45,12,5,9,3,2,2,2,2,2,3,3,3,3,4,4
"16-06-2010",5,9,12,15,20,31,92,148,96,31,14,7,4,3,3,2,2,3,3,3,2,2,2,6
"17-06-2010",8,3,5,20,34,40,83,114,44,17,14,7,4,3,2,2,2,2,2,2,2,2,2,2
"18-06-2010",1,1,1,1,1,1,1,2,2,2,2,2,2,2,1,2,2,2,1,1,1,1,2,1
"19-06-2010",1,1,1,1,1,2,4,3,2,2,2,2,2,2,2,2,2,2,2,2,2,2,2,2
"20-06-2010",2,1,1,1,1,1,1,2,3,4,1,2,1,2,1,1,1,1,1,1,1,1,1,1
"21-06-2010",1,1,1,1,1,1,3,6,4,5,3,2,3,2,2,2,1,2,2,1,1,1,1,1
"22-06-2010",1,1,1,1,1,1,2,2,3,2,2,3,2,2,2,2,2,2,2,1,1,1,1,1
"23-06-2010",1,1,1,1,1,1,2,4,3,2,2,2,2,2,2,3,4,3,2,2,1,1,2,10
"24-06-2010",3,2,2,1,1,1,2,2,3,3,3,3,2,3,4,2,2,2,3,2,1,1,1,1
"25-06-2010",1,1,1,1,1,2,8,3,2,2,2,1,1,1,2,2,2,2,1,1,1,1,1,1
"26-06-2010",1,1,1,1,1,2,13,11,4,3,3,4,2,2,2,1,1,1,1,1,1,1,1,2
"27-06-2010",2,2,2,1,2,2,9,7,5,4,4,3,1,1,1,1,1,1,1,1,1,2,2,1
"28-06-2010",1,1,1,1,1,1,11,50,13,3,3,2,3,3,5,3,2,2,1,1,2,7,10,5
"29-06-2010",2,11,23,20,21,20,72,54,19,7,16,2,2,2,2,2,1,2,1,1,2,1,2,2
"30-06-2010",2,8,14,15,17,25,63,83,25,25,5,3,3,2,2,2,2,2,2,2,2,11,14,32
"01-07-2010",16,32,31,20,10,17,56,71,33,5,2,3,3,2,2,2,1,2,2,2,2,2,2,2
"02-07-2010",7,9,18,12,18,19,61,75,14,2,2,2,1,1,2,2,2,1,1,2,2,2,3,3
"03-07-2010",10,11,4,1,1,1,7,5,4,2,2,1,1,1,1,1,1,1,1,1,1,2,3,4
"04-07-2010",7,6,12,7,12,18,29,3,2,1,2,2,1,1,1,1,1,1,1,1,1,1,1,2
"05-07-2010",1,1,3,2,6,27,12,14,7,4,2,3,2,2,2,2,2,1,1,1,1,1,1,2
"06-07-2010",1,2,1,2,2,1,2,4,3,2,1,1,1,2,3,2,1,1,1,2,2,2,2,2
"07-07-2010",2,2,2,2,4,9,10,26,9,3,2,2,2,1,1,1,1,1,1,1,1,2,2,2
"08-07-2010",2,2,2,2,2,5,14,26,11,4,2,1,2,1,1,1,1,1,1,1,1,1,1,1
"09-07-2010",1,1,1,1,1,1,1,3,2,2,3,2,2,2,1,1,1,1,1,1,1,2,2,1
"10-07-2010",1,1,1,1,1,1,1,3,5,4,2,1,1,1,1,1,1,1,1,1,1,1,1,1
"11-07-2010",1,1,1,1,1,1,3,2,1,1,1,1,1,1,1,1,1,1,1,2,1,1,3,3
"12-07-2010",2,2,6,3,3,16,46,42,4,2,2,2,1,1,2,2,2,2,1,1,1,1,1,2
"13-07-2010",2,2,3,2,3,23,66,88,26,7,3,2,2,2,2,2,1,2,2,2,2,2,2,2
"14-07-2010",2,2,2,11,25,15,43,83,11,5,3,2,1,1,1,1,1,1,1,2,2,2,2,2
"15-07-2010",2,2,2,2,3,7,49,67,6,3,2,3,2,2,1,1,1,2,2,1,1,1,1,1
"16-07-2010",1,1,1,1,1,1,1,2,2,2,2,1,1,1,1,1,1,1,1,1,1,1,1,1
"17-07-2010",1,1,1,1,1,1,1,1,1,1,1,1,1,1,1,1,1,1,1,1,1,1,1,1
"18-07-2010",1,1,1,1,1,1,1,1,1,1,1,1,1,1,1,1,1,1,1,1,1,1,1,1
"19-07-2010",1,1,1,1,1,1,10,14,2,2,1,1,1,1,1,1,1,1,1,1,1,1,1,1
"20-07-2010",3,1,1,1,1,1,1,4,2,1,1,1,1,1,1,1,1,1,1,1,1,1,1,1
"21-07-2010",1,1,1,1,1,1,6,42,8,3,1,1,1,1,2,1,2,1,1,1,2,1,1,2
"22-07-2010",2,2,2,1,1,3,29,23,2,1,2,1,1,1,1,1,1,1,1,1,1,1,1,1
"23-07-2010",1,1,1,1,1,1,1,1,1,1,1,1,1,1,1,1,1,1,1,1,1,1,1,1
"24-07-2010",1,1,1,1,3,7,41,45,14,2,1,1,1,1,1,1,1,1,1,1,1,1,2,2
"25-07-2010",1,1,1,1,1,1,1,3,2,2,2,1,1,1,1,1,1,1,1,1,1,1,1,1
"26-07-2010",1,1,1,1,1,1,1,1,3,2,2,2,2,1,2,2,1,1,2,2,1,2,2,7
"27-07-2010",4,2,2,1,2,2,3,3,4,4,4,2,2,2,2,2,2,2,2,1,1,1,1,1
"28-07-2010",1,1,1,1,1,2,3,9,3,2,2,1,1,1,1,1,2,1,1,1,1,1,1,1
"29-07-2010",2,2,2,2,2,1,4,7,2,1,1,1,1,1,1,1,1,1,1,1,1,1,1,1
"30-07-2010",1,1,1,1,1,1,1,1,1,1,1,1,1,1,1,1,1,1,1,1,1,1,1,1
"31-07-2010",1,1,2,2,2,2,2,4,3,2,1,1,1,1,1,2,1,1,1,1,1,1,1,1
"01-08-2010",1,1,1,1,1,1,1,3,3,2,2,1,1,1,1,1,1,1,1,1,1,1,1,2
"02-08-2010",1,1,1,1,1,2,3,3,2,2,1,1,1,1,1,1,1,1,1,1,1,1,1,1
"03-08-2010",1,1,1,1,1,2,9,50,8,3,2,2,2,1,1,1,1,1,1,1,1,1,1,1
"04-08-2010",1,1,1,1,1,2,8,10,4,4,2,1,1,2,2,2,1,2,2,1,1,1,1,2
"05-08-2010",1,1,1,1,1,1,1,2,2,4,2,1,1,2,2,2,1,1,1,1,1,1,1,1
"06-08-2010",1,1,1,1,1,1,3,6,6,4,2,2,2,1,1,1,1,1,1,1,1,1,1,1
"07-08-2010",1,1,1,1,1,1,2,4,4,5,4,2,2,1,1,1,1,1,1,1,1,1,1,1
"08-08-2010",1,1,1,1,1,1,2,6,6,3,1,1,1,1,1,1,1,1,1,1,1,1,1,2
"09-08-2010",1,1,1,1,2,2,6,3,4,3,1,1,1,1,1,1,1,1,1,1,1,1,1,1
"10-08-2010",1,1,1,1,1,1,1,1,1,1,1,1,1,1,1,1,1,1,1,1,1,1,1,1
"11-08-2010",1,1,1,1,1,4,2,2,1,1,1,1,1,1,1,1,1,1,1,1,1,1,1,1
"12-08-2010",2,1,1,1,1,3,23,47,9,3,2,1,1,1,1,1,1,1,1,1,1,1,2,2
"13-08-2010",1,1,1,2,2,2,5,12,6,2,2,1,1,1,1,1,1,2,1,1,1,2,2,2
"14-08-2010",1,1,1,1,1,1,1,1,1,1,1,1,1,1,1,1,1,1,1,1,1,1,1,2
"15-08-2010",3,7,4,2,5,2,1,1,1,1,1,1,1,1,1,1,1,1,1,1,1,1,1,1
"16-08-2010",1,1,1,1,1,1,1,1,1,1,1,1,1,1,1,1,2,1,1,1,1,1,2,3
"17-08-2010",2,2,2,2,2,5,33,78,44,9,8,3,3,2,1,1,1,1,1,1,1,2,2,1
"18-08-2010",1,1,1,1,1,2,6,24,3,2,1,1,1,1,1,1,1,1,1,1,1,1,1,1
"19-08-2010",1,2,2,1,1,1,11,2,1,1,1,1,1,1,1,1,1,1,1,1,1,1,1,1
"20-08-2010",1,1,1,1,1,1,1,1,1,1,1,1,1,1,1,1,1,1,1,1,1,1,1,1
"21-08-2010",1,1,1,1,1,1,1,1,1,1,1,1,1,1,1,1,1,1,1,1,1,1,1,1
"22-08-2010",1,1,1,1,1,1,1,1,1,1,1,1,1,1,1,1,1,1,1,1,1,1,1,1
"23-08-2010",1,1,1,1,1,1,1,1,1,1,1,1,1,1,1,1,1,1,1,1,1,1,1,1
"24-08-2010",1,1,1,1,1,1,1,1,2,1,1,1,1,1,1,1,1,1,1,1,1,1,2,2
"25-08-2010",2,2,2,2,2,2,9,45,29,5,3,2,1,1,1,1,1,1,1,1,1,2,1,2
"26-08-2010",1,2,1,1,1,1,2,3,1,2,1,1,1,1,1,1,1,1,1,1,1,1,1,1
"27-08-2010",1,1,1,1,1,1,1,2,2,1,1,1,1,1,1,1,1,1,1,1,1,1,1,1
"28-08-2010",1,1,1,1,1,1,2,23,12,5,2,1,1,2,1,1,1,1,1,1,1,1,2,1
"29-08-2010",1,2,2,1,1,1,2,3,3,3,4,3,1,1,1,1,1,1,1,1,2,2,3,2
"30-08-2010",2,1,1,1,1,1,1,4,3,3,2,1,1,2,2,1,1,1,1,1,1,1,1,1
"31-08-2010",1,1,1,1,1,1,1,2,3,2,3,2,2,2,2,2,1,2,1,1,1,1,1,1
"01-09-2010",1,1,1,1,1,1,1,2,2,2,2,1,1,1,1,1,1,1,2,2,2,1,1,2
"02-09-2010",1,1,1,1,1,1,1,1,2,2,1,1,2,2,1,1,2,1,1,1,1,1,1,1
"03-09-2010",1,1,1,1,1,1,4,13,2,2,1,1,2,2,1,1,1,1,1,1,1,1,1,1
"04-09-2010",2,2,1,2,1,1,2,3,2,2,1,1,1,1,1,1,1,1,1,1,1,1,1,1
"05-09-2010",1,1,1,1,1,1,1,1,1,1,1,1,1,1,1,1,1,1,1,1,1,1,1,1
"06-09-2010",1,1,1,1,1,1,1,1,2,3,2,2,2,2,2,1,1,1,1,1,1,1,1,2
"07-09-2010",4,1,1,1,1,1,2,39,10,8,4,1,1,2,1,1,1,2,2,1,1,2,2,2
"08-09-2010",4,13,9,21,11,27,56,106,123,20,3,2,1,2,2,2,2,2,2,1,2,2,2,2
"09-09-2010",2,2,2,5,4,17,51,113,74,2,2,1,2,1,1,1,2,2,2,1,1,2,2,5
"10-09-2010",2,2,16,21,10,28,65,76,86,7,4,3,2,1,1,2,2,2,1,1,1,1,1,2
"11-09-2010",2,3,2,1,1,1,1,1,1,1,1,1,1,1,1,1,1,1,2,2,3,3,2,8
"12-09-2010",13,23,11,2,1,1,1,2,2,1,1,1,1,1,1,1,1,1,1,1,1,1,1,1
"13-09-2010",1,1,1,1,1,1,5,19,18,4,3,3,2,1,1,1,1,1,1,1,1,2,2,2
"14-09-2010",1,2,1,1,1,1,2,15,5,2,1,1,1,1,1,1,1,1,1,1,1,1,1,1
"15-09-2010",1,1,1,1,1,2,20,91,66,8,1,1,1,1,1,1,1,1,1,1,1,1,1,5
"16-09-2010",8,8,19,5,2,16,88,165,181,17,-9999,-9999,2,-9999,2,2,2,2,2,2,3,4,20,51
"17-09-2010",18,58,45,29,8,14,86,162,145,21,5,4,3,2,2,2,2,2,2,3,2,3,19,52
"18-09-2010",44,55,51,35,42,47,53,90,79,15,8,6,4,2,2,2,2,2,2,2,2,2,7,15
"19-09-2010",25,39,44,51,57,44,16,21,25,8,8,5,5,4,2,2,2,2,2,2,2,4,17,21
"20-09-2010",34,46,41,39,29,32,69,103,162,36,30,18,4,3,3,2,3,3,3,2,2,2,2,2
"21-09-2010",-9999,-9999,-9999,-9999,-9999,-9999,-9999,-9999,-9999,-9999,-9999,-9999,-9999,2,2,2,2,2,2,2,2,2,2,2
"22-09-2010",1,1,1,1,1,1,1,2,2,2,2,2,2,2,2,2,2,2,2,2,2,2,1,1
"23-09-2010",1,1,1,1,1,1,1,2,2,2,2,13,2,2,2,2,2,2,2,2,2,2,2,2
"24-09-2010",1,2,2,1,1,1,2,2,3,3,2,3,2,2,2,3,3,3,2,2,2,2,2,2
"25-09-2010",2,2,2,2,2,2,2,2,3,3,3,3,6,4,3,3,3,2,2,2,2,2,2,2
"26-09-2010",2,2,1,1,1,1,2,2,3,3,2,2,2,2,2,2,2,2,2,2,3,2,3,2
"27-09-2010",2,2,2,2,2,5,28,81,65,9,6,5,3,3,3,3,3,2,2,2,3,3,4,8
"28-09-2010",2,5,7,5,8,16,66,85,103,69,21,7,8,5,3,3,3,3,2,2,3,3,6,22
"29-09-2010",6,4,2,2,2,2,5,66,86,29,10,6,3,3,3,3,2,3,2,2,2,2,2,2
"30-09-2010",2,2,2,2,2,2,6,44,34,5,4,3,3,3,4,3,2,2,2,2,2,2,2,2
"01-10-2010",2,2,1,2,2,2,2,4,6,6,4,3,3,3,3,2,3,2,2,2,2,2,2,2
"02-10-2010",2,2,2,2,2,2,2,2,2,2,2,2,2,2,2,2,2,2,2,2,2,2,2,2
"03-10-2010",2,2,2,2,2,2,2,2,2,2,2,2,2,2,2,2,2,2,2,2,2,2,2,2
"04-10-2010",2,2,2,2,1,2,2,3,5,4,4,3,3,2,2,2,2,2,2,2,2,2,2,2
"05-10-2010",2,1,1,1,2,2,2,2,3,3,3,2,2,2,3,3,2,2,2,2,2,2,2,4
"06-10-2010",3,3,3,5,14,24,59,124,161,77,12,6,7,6,5,4,3,2,2,2,2,3,3,3
"07-10-2010",2,2,2,2,2,2,2,2,2,3,3,3,2,3,3,2,2,2,2,2,2,2,2,2
"08-10-2010",1,1,1,1,1,2,2,2,3,3,3,3,3,3,3,3,2,2,2,2,2,2,2,2
"09-10-2010",2,2,2,2,2,2,2,2,3,3,2,2,3,2,2,2,3,3,2,2,2,2,2,3
"10-10-2010",3,2,2,2,2,2,2,2,2,2,2,2,3,2,2,2,2,2,2,2,2,3,2,3
"11-10-2010",2,2,2,2,2,2,3,3,5,5,5,3,3,3,3,3,2,3,3,3,3,2,2,2
"12-10-2010",2,2,2,2,2,2,18,35,64,49,62,67,35,9,6,4,3,3,2,3,3,2,3,2
"13-10-2010",2,2,2,2,2,2,9,35,36,22,7,8,21,18,15,13,6,3,3,3,2,3,3,3
"14-10-2010",3,2,2,3,5,4,5,10,6,7,7,4,4,4,3,3,2,3,3,6,5,22,40,60
"15-10-2010",61,48,9,6,3,3,33,97,173,48,12,8,4,4,4,4,3,3,2,3,3,3,17,44
"16-10-2010",53,46,16,18,28,34,46,72,80,48,5,5,4,3,3,3,2,3,3,3,3,4,28,58
"17-10-2010",73,68,69,55,55,33,29,38,50,21,4,4,3,3,2,2,2,2,2,2,2,2,2,2
"18-10-2010",2,2,2,1,2,2,2,20,7,22,15,13,4,7,7,3,2,3,4,7,2,4,5,4
"19-10-2010",3,2,2,2,2,2,4,28,6,6,4,4,3,3,4,3,3,2,2,2,2,3,2,2
"20-10-2010",2,2,2,1,1,2,2,3,3,3,3,3,3,3,3,3,2,2,3,2,5,17,26,18
"21-10-2010",54,55,24,12,16,38,68,150,242,60,12,7,4,3,3,3,3,3,2,3,4,14,23,36
"22-10-2010",62,42,3,2,2,2,2,3,3,3,3,3,3,3,3,3,2,2,2,2,2,2,2,2
"23-10-2010",2,2,2,2,2,2,2,2,4,4,3,2,2,3,2,2,2,2,2,2,2,2,3,8
"24-10-2010",21,37,15,12,26,4,4,30,43,9,4,2,2,2,2,2,2,2,2,3,5,4,4,21
"25-10-2010",22,8,7,2,2,2,3,22,43,21,10,6,4,3,5,4,3,2,2,3,2,2,2,2
"26-10-2010",2,2,2,2,2,2,19,78,190,188,64,37,19,7,5,4,4,3,3,13,47,109,137,134
"27-10-2010",96,24,3,2,2,2,6,46,96,46,15,11,6,4,4,4,4,3,2,3,2,2,3,2
"28-10-2010",3,4,3,6,9,17,19,2,2,3,3,3,3,2,2,2,2,2,2,2,2,2,2,2
"29-10-2010",2,2,2,2,2,2,2,2,3,3,4,4,4,4,4,2,2,2,2,2,2,2,3,2
"30-10-2010",2,2,2,2,2,3,6,14,31,11,4,3,3,3,2,3,2,2,2,2,2,2,2,2
"31-10-2010",4,8,12,32,24,40,33,73,87,30,4,4,4,3,3,3,2,2,2,3,7,26,75,113
"01-11-2010",107,93,80,85,53,14,27,71,139,33,10,6,6,5,6,4,3,3,3,9,79,104,85,75
"02-11-2010",48,9,18,18,4,4,46,132,108,15,7,5,4,4,6,4,3,3,3,17,47,64,106,49
"03-11-2010",35,11,11,7,8,8,7,37,10,6,5,6,5,6,7,6,3,3,3,3,10,21,21,20
"04-11-2010",8,3,10,3,2,6,62,107,74,10,6,44,6,5,5,4,4,5,25,80,180,166,91,59
"05-11-2010",90,66,62,60,74,69,103,144,166,106,29,9,5,4,4,6,10,18,21,35,78,154,157,160
"06-11-2010",98,79,129,117,139,90,121,222,205,57,27,17,7,6,5,4,3,3,40,88,149,178,187,157
"07-11-2010",175,168,123,91,59,68,70,76,87,15,12,8,6,5,4,3,3,3,3,25,73,93,74,33
"08-11-2010",8,16,13,3,3,7,43,74,15,21,7,5,3,3,3,3,2,2,2,2,2,2,2,2
"09-11-2010",2,2,2,2,2,2,2,3,3,4,3,3,3,3,3,3,2,2,2,2,2,2,2,2
"10-11-2010",2,2,2,2,2,2,2,3,4,3,4,4,4,3,3,3,2,2,2,2,2,2,2,2
"11-11-2010",2,2,2,2,5,11,36,137,126,16,10,8,4,4,4,4,4,4,14,3,3,3,3,4
"12-11-2010",7,3,2,2,2,2,8,64,84,50,4,-9999,-9999,-9999,-9999,-9999,-9999,-9999,-9999,-9999,-9999,-9999,-9999,-9999
"13-11-2010",-9999,-9999,-9999,-9999,-9999,-9999,-9999,-9999,-9999,-9999,-9999,-9999,-9999,-9999,-9999,-9999,-9999,-9999,-9999,-9999,-9999,-9999,-9999,-9999
"14-11-2010",-9999,-9999,-9999,-9999,-9999,-9999,-9999,-9999,-9999,-9999,-9999,-9999,-9999,-9999,-9999,-9999,-9999,-9999,-9999,-9999,-9999,-9999,-9999,-9999
"15-11-2010",-9999,-9999,-9999,-9999,-9999,-9999,-9999,-9999,-9999,-9999,-9999,-9999,-9999,-9999,-9999,-9999,-9999,-9999,-9999,-9999,-9999,-9999,-9999,-9999
"16-11-2010",-9999,-9999,-9999,-9999,-9999,-9999,-9999,-9999,-9999,-9999,-9999,-9999,-9999,-9999,-9999,-9999,-9999,-9999,-9999,-9999,-9999,-9999,-9999,-9999
"17-11-2010",-9999,-9999,-9999,-9999,-9999,-9999,-9999,-9999,-9999,-9999,-9999,5,3,3,3,3,3,10,40,74,114,123,145,192
"18-11-2010",200,148,103,26,9,34,82,136,147,25,14,7,6,5,4,4,4,17,110,134,176,170,179,166
"19-11-2010",146,93,75,34,24,36,115,173,251,95,13,6,5,4,4,3,3,2,7,52,51,116,106,72
"20-11-2010",103,115,102,87,92,96,85,96,139,107,29,38,13,8,5,5,4,11,42,99,131,180,204,180
"21-11-2010",128,105,103,91,64,58,54,63,68,20,10,8,6,5,3,3,3,3,7,46,79,93,75,88
"22-11-2010",105,112,86,54,51,39,51,136,143,39,9,6,5,4,4,4,3,3,3,3,2,2,2,2
"23-11-2010",2,2,2,2,2,2,2,4,4,5,4,4,4,4,4,3,3,2,2,2,2,2,2,2
"24-11-2010",2,2,2,2,3,4,19,97,149,101,28,7,4,3,4,4,2,2,2,2,3,2,2,2
"25-11-2010",2,2,2,2,2,5,34,111,148,22,12,7,5,4,4,3,3,3,17,64,95,113,139,120
"26-11-2010",119,80,44,25,7,7,39,100,81,4,4,4,4,4,3,3,2,2,2,2,2,2,2,2
"27-11-2010",2,2,2,2,2,2,2,2,3,4,3,4,3,3,3,2,2,2,3,3,2,3,2,2
"28-11-2010",2,4,25,29,43,35,33,55,54,31,13,4,4,3,4,3,3,3,4,5,3,2,2,2
"29-11-2010",2,1,2,2,2,2,2,3,4,4,4,4,4,5,4,5,3,3,4,4,3,3,2,2
"30-11-2010",2,2,2,2,2,4,26,49,24,30,20,9,6,6,5,4,16,42,29,71,56,21,38,10
"01-12-2010",2,2,2,2,2,2,2,16,33,33,20,6,5,5,5,4,3,3,3,3,16,22,18,7
"02-12-2010",10,8,3,5,2,4,5,46,100,36,6,5,6,7,8,6,9,4,5,3,4,16,14,49
"03-12-2010",37,34,6,4,3,2,2,6,11,12,5,3,3,3,4,4,4,4,3,5,7,20,9,47
"04-12-2010",23,3,2,2,2,2,2,2,4,3,3,3,3,2,2,2,2,2,2,2,2,2,2,2
"05-12-2010",2,2,2,2,2,2,2,2,3,3,2,2,2,2,2,2,2,2,2,2,2,3,6,24
"06-12-2010",24,21,17,19,9,17,57,133,172,100,24,6,6,5,5,4,3,5,20,72,96,158,173,189
"07-12-2010",175,109,77,54,46,47,96,200,281,151,63,16,12,9,6,5,4,5,15,12,23,33,31,82
"08-12-2010",121,77,55,56,54,55,113,210,299,117,15,9,8,7,8,5,4,4,5,8,29,116,47,8
"09-12-2010",6,5,11,22,9,12,25,73,123,84,16,14,7,6,6,7,6,3,4,3,3,3,3,2
"10-12-2010",2,2,2,2,2,2,4,8,11,48,5,4,3,3,3,3,2,2,2,2,2,2,2,2
"11-12-2010",2,2,2,2,2,2,2,2,2,3,4,3,3,3,4,3,3,3,3,3,3,3,3,2
"12-12-2010",2,2,2,3,2,2,2,3,4,4,4,3,3,3,3,3,3,11,57,116,142,131,90,105
"13-12-2010",87,52,26,5,5,9,19,21,14,10,24,-9999,-9999,-9999,22,30,24,7,22,5,4,16,3,2
"14-12-2010",2,2,2,2,2,2,3,6,7,9,5,5,4,4,4,4,4,5,8,12,10,37,24,7
"15-12-2010",6,3,3,3,2,2,3,4,6,5,5,5,7,4,4,4,3,3,3,3,3,3,2,2
"16-12-2010",2,2,2,2,2,2,3,12,46,47,22,12,11,8,7,11,4,3,3,3,4,7,6,6
"17-12-2010",5,3,2,2,2,4,75,207,248,23,18,20,18,12,8,6,6,11,32,65,39,4,5,3
"18-12-2010",3,4,2,2,2,2,3,5,56,19,12,5,4,5,4,4,3,3,3,4,3,3,3,2
"19-12-2010",2,2,2,2,4,3,11,30,93,50,26,38,37,29,33,46,46,45,95,146,150,188,151,125
"20-12-2010",123,133,113,111,86,113,178,304,158,8,6,5,5,6,5,4,4,5,5,7,5,21,36,42
"21-12-2010",26,37,26,9,10,7,32,73,109,41,13,4,4,4,5,5,5,11,16,11,51,49,80,118
"22-12-2010",90,88,66,82,48,63,78,252,375,205,19,5,5,5,4,4,3,4,11,71,113,116,121,114
"23-12-2010",143,102,61,80,76,107,134,243,317,272,25,6,5,5,4,4,4,4,5,86,123,176,196,112
"24-12-2010",65,48,31,37,25,24,51,90,146,35,9,5,6,4,4,4,3,3,5,3,7,9,3,2
"25-12-2010",2,2,2,2,2,2,2,2,2,2,3,4,3,3,3,3,3,3,3,3,4,3,7,8
"26-12-2010",30,15,11,16,23,25,24,32,44,40,10,6,5,3,3,3,2,3,3,4,3,10,11,16
"27-12-2010",25,39,35,39,39,33,52,114,136,148,48,5,9,6,8,8,9,49,80,42,98,64,42,34
"28-12-2010",29,17,4,3,2,3,13,10,9,5,7,5,5,6,6,6,5,10,4,3,3,3,2,2
"29-12-2010",2,2,2,2,2,2,2,4,5,5,5,4,4,4,3,3,3,3,2,3,2,3,2,2
"30-12-2010",2,2,2,2,2,2,2,4,4,5,5,4,3,3,3,3,3,3,3,3,3,3,2,2
"31-12-2010",3,2,2,2,2,4,5,47,109,82,13,5,4,3,3,3,3,4,7,22,59,81,118,144
"01-01-2011",102,-9999,-9999,-9999,-9999,-9999,-9999,-9999,-9999,-9999,-9999,-9999,-9999,-9999,-9999,-9999,-9999,-9999,-9999,-9999,-9999,-9999,-9999,-9999
