"01-01-2013",1.70,2.00,1.96,1.87,1.87,1.87,1.96,1.87,1.87,2.05,1.96,1.79,1.79,1.79,1.70,2.05,1.87,2.00,1.66,1.87,1.92,1.61,1.87,1.70
"02-01-2013",1.92,1.92,2.00,2.22,2.18,2.00,2.00,2.13,1.83,2.00,2.00,1.87,1.96,2.00,1.83,1.70,2.05,1.96,1.87,1.92,2.05,2.13,2.13,2.09
"03-01-2013",2.05,1.96,2.05,1.96,1.96,1.87,1.87,1.87,1.87,1.87,1.96,1.96,1.74,1.79,1.92,1.87,1.83,1.70,1.70,2.13,2.87,3.09,3.17,2.65
"04-01-2013",2.48,2.26,2.09,2.31,1.96,1.74,1.70,2.05,2.05,1.79,2.00,2.31,2.70,2.74,2.18,2.18,2.57,2.61,2.95,3.26,3.39,3.35,3.17,3.87
"05-01-2013",3.95,3.43,2.39,2.22,1.92,1.87,1.83,2.05,1.92,1.87,1.70,1.96,1.96,2.05,2.05,2.05,2.13,1.96,2.13,2.48,2.35,2.39,2.65,2.91
"06-01-2013",2.61,2.31,2.05,2.09,1.92,1.96,1.92,2.05,1.79,1.87,1.92,2.00,2.00,1.96,1.96,1.66,1.70,1.79,1.57,2.00,1.70,1.79,1.79,1.87
"07-01-2013",2.13,1.79,2.00,1.96,2.05,1.96,2.05,1.96,1.87,2.00,2.26,1.79,1.70,1.74,2.09,2.00,1.96,2.05,1.83,1.96,1.96,1.96,1.96,1.83
"08-01-2013",1.87,2.13,2.00,1.92,2.05,1.79,1.83,1.70,1.79,2.09,-9999,-9999,-9999,-9999,-9999,-9999,-9999,-9999,-9999,-9999,-9999,-9999,-9999,-9999
"09-01-2013",-9999,-9999,-9999,-9999,-9999,-9999,-9999,-9999,2.09,1.70,1.61,1.87,2.05,2.05,1.96,2.05,1.96,2.09,2.13,1.92,1.74,2.09,2.13,2.18
"10-01-2013",2.22,2.48,2.48,2.13,2.18,2.13,2.18,2.00,2.05,2.13,2.48,2.00,2.05,2.09,2.13,1.87,1.79,1.74,1.79,1.83,1.96,2.31,2.48,2.65
"11-01-2013",2.70,2.31,2.13,1.87,1.83,1.70,1.70,1.87,1.61,1.83,1.79,2.09,2.78,3.04,2.87,2.74,3.13,3.47,4.04,5.25,5.60,6.20,5.42,4.64
"12-01-2013",4.64,3.43,3.26,2.48,2.22,2.22,2.13,2.22,1.92,2.18,2.39,3.04,2.83,2.74,2.48,2.78,2.74,2.39,2.31,2.13,2.39,2.18,2.22,2.52
"13-01-2013",2.57,2.52,2.48,2.52,2.22,2.00,2.00,1.87,1.83,1.79,2.00,1.92,2.00,2.00,2.00,2.05,2.13,1.74,1.79,2.05,2.13,1.87,2.13,2.18
"14-01-2013",1.79,2.05,1.96,1.74,1.83,1.79,1.79,1.53,2.00,1.87,1.61,1.87,1.70,1.79,1.79,1.83,1.79,1.44,1.74,1.79,1.79,1.70,1.83,2.05
"15-01-2013",1.87,1.87,2.05,2.09,1.87,2.09,1.79,2.00,2.05,1.79,1.87,1.87,1.70,1.87,1.87,1.83,1.70,1.79,1.79,1.70,1.70,1.70,1.70,1.70
"16-01-2013",1.70,1.61,2.05,1.61,1.44,1.79,1.70,1.48,1.48,1.57,1.61,1.61,1.70,1.53,1.70,1.79,1.70,1.44,1.83,1.92,2.18,1.87,1.96,1.79
"17-01-2013",1.83,1.61,1.70,1.79,1.70,1.87,1.79,2.05,2.39,3.04,4.04,3.47,2.39,1.87,2.31,2.48,2.39,2.18,2.09,1.87,1.92,1.87,1.79,1.66
"18-01-2013",1.61,1.92,1.53,1.44,1.70,1.61,1.44,1.53,1.61,1.83,1.70,1.83,-9999,1.96,1.96,2.09,1.87,1.79,2.31,1.96,1.79,2.05,1.70,1.87
"19-01-2013",1.83,1.79,2.00,1.79,1.74,1.92,1.79,1.83,1.53,1.74,1.87,1.61,1.92,1.70,1.70,1.70,1.79,1.79,2.00,1.92,1.87,1.79,1.92,1.79
"20-01-2013",1.70,1.83,1.61,1.70,1.61,1.70,1.70,1.70,1.87,1.70,1.70,1.96,2.44,2.61,2.39,2.09,2.18,1.70,1.61,1.53,1.79,1.79,1.53,1.70
"21-01-2013",1.48,1.92,1.70,1.79,1.74,1.53,1.70,1.96,2.18,3.26,3.87,3.61,2.13,1.87,1.92,1.87,1.96,1.70,1.79,1.92,1.70,1.74,1.79,1.70
"22-01-2013",1.66,-9999,2.00,1.83,1.70,1.87,1.96,1.66,1.83,2.26,2.35,2.18,3.17,3.13,2.39,2.39,2.39,2.70,2.78,2.95,2.48,2.31,2.39,2.05
"23-01-2013",2.05,1.74,1.61,1.53,1.61,1.87,1.92,1.70,-9999,1.87,2.18,3.52,4.90,4.21,3.87,4.21,4.47,3.87,4.38,4.34,4.73,5.42,4.38,3.87
"24-01-2013",4.38,3.13,3.04,-9999,4.21,2.91,2.18,1.83,1.74,1.87,1.70,1.48,2.05,2.05,3.09,-9999,2.39,2.05,2.05,1.79,1.92,-9999,2.26,2.61
"25-01-2013",2.31,2.22,1.92,2.00,2.13,1.79,2.00,1.79,1.96,2.05,2.57,7.16,7.07,3.52,2.13,1.96,1.74,1.74,1.96,1.87,1.61,2.05,1.83,1.96
"26-01-2013",2.05,1.61,1.87,1.92,1.87,2.13,2.09,2.00,1.83,1.87,1.70,1.70,1.70,1.87,1.70,1.92,1.87,2.00,2.05,1.87,2.05,1.61,1.48,1.57
"27-01-2013",1.79,1.79,1.79,1.79,1.96,1.79,1.87,1.61,1.83,1.87,1.61,1.87,1.79,1.87,1.83,1.44,1.74,1.83,2.00,1.74,1.79,1.92,1.61,1.57
"28-01-2013",1.92,1.87,2.05,1.79,1.79,1.79,1.74,1.79,1.61,1.70,1.61,1.92,1.79,1.74,1.66,1.96,1.53,1.79,1.79,1.61,1.79,1.87,2.05,2.22
"29-01-2013",2.13,2.13,1.83,1.79,2.05,1.92,2.00,2.18,1.96,2.09,1.92,2.22,1.83,1.87,1.87,1.79,1.79,2.05,1.96,1.79,1.83,1.83,1.87,1.96
"30-01-2013",2.13,1.96,1.87,1.83,1.83,1.87,1.87,1.96,1.87,1.87,1.70,2.00,2.05,2.00,1.87,1.70,1.70,1.70,1.70,1.96,1.61,1.96,1.96,1.79
"31-01-2013",1.87,1.61,1.61,1.79,1.74,1.83,1.79,2.05,1.92,1.74,2.18,-9999,2.13,2.05,1.79,1.87,1.96,1.83,1.70,1.87,1.79,1.92,1.66,1.96
"01-02-2013",1.87,1.96,1.79,1.74,1.74,1.83,1.74,1.96,1.87,1.74,1.66,1.61,1.74,1.66,1.74,1.83,1.83,1.74,1.57,1.79,1.66,2.00,2.13,1.96
"02-02-2013",2.26,2.00,1.87,1.87,1.70,1.70,1.74,1.74,1.66,1.92,1.87,2.00,3.00,2.31,1.87,2.13,1.96,1.96,1.66,2.09,2.05,2.00,1.92,1.57
"03-02-2013",1.44,1.22,1.31,1.31,1.53,1.48,1.48,1.09,1.31,1.44,1.27,1.70,1.92,1.61,1.40,1.40,1.31,1.48,1.40,1.53,1.40,1.44,1.40,1.53
"04-02-2013",1.61,1.31,1.31,1.40,1.53,1.44,1.44,1.48,1.61,2.22,3.91,6.12,4.04,3.09,1.53,1.44,1.05,1.14,1.09,1.27,1.40,1.18,1.01,1.18
"05-02-2013",1.27,1.18,1.35,1.09,1.09,1.01,1.09,1.09,1.09,1.27,1.40,1.40,1.70,1.35,1.27,1.35,1.35,1.48,1.35,1.74,1.40,1.70,1.57,1.53
"06-02-2013",1.44,1.53,1.27,1.40,1.40,1.57,1.40,1.22,1.35,1.31,2.05,3.56,4.86,3.65,3.00,2.61,2.18,2.22,2.13,2.09,1.92,1.83,1.61,1.66
"07-02-2013",1.57,1.61,1.48,1.44,1.48,1.74,1.61,1.48,1.05,1.31,0.36,1.83,1.48,-9999,1.74,1.79,1.22,1.79,1.44,1.40,1.48,1.61,1.66,1.61
"08-02-2013",1.74,1.70,1.40,1.66,1.66,1.57,1.40,1.61,1.70,2.00,2.44,1.74,1.61,1.83,1.79,1.70,1.53,1.74,1.53,1.70,1.61,1.70,1.66,1.87
"09-02-2013",1.53,1.53,1.53,1.74,1.57,1.35,1.66,1.66,1.57,1.87,3.73,6.64,9.19,7.24,5.60,4.82,3.99,3.78,3.95,3.73,3.04,2.65,2.18,2.13
"10-02-2013",2.00,-9999,1.96,1.79,1.70,1.83,1.79,1.61,1.79,1.40,2.26,5.99,8.58,6.07,4.86,4.12,3.69,2.95,2.52,2.48,2.05,1.92,1.92,2.09
"11-02-2013",1.83,1.96,1.92,1.70,1.83,1.79,1.87,1.74,1.53,2.18,2.13,1.79,1.87,1.74,1.79,1.74,1.70,2.09,1.70,1.79,1.66,1.61,1.66,1.70
"12-02-2013",1.83,1.61,1.83,1.79,1.70,1.92,2.00,1.53,1.74,1.61,2.44,4.82,4.86,3.09,2.05,1.87,1.79,1.57,1.57,1.53,1.61,1.70,1.74,1.74
"13-02-2013",1.53,1.70,1.87,1.83,1.87,2.22,1.96,2.05,1.74,2.00,1.74,1.96,1.66,1.74,1.70,1.70,1.79,1.92,1.61,1.83,1.53,1.53,1.70,1.53
"14-02-2013",1.57,1.79,1.70,1.57,1.70,1.74,1.79,1.79,1.79,1.66,1.87,1.35,1.35,1.18,1.01,1.14,1.57,1.66,1.48,1.44,1.48,1.57,1.61,1.61
"15-02-2013",1.70,1.53,1.40,1.35,1.44,1.61,1.48,1.44,1.35,1.27,1.31,1.18,1.44,1.61,1.83,1.66,-9999,-9999,-9999,-9999,-9999,-9999,-9999,-9999
"16-02-2013",-9999,-9999,-9999,-9999,-9999,-9999,-9999,-9999,-9999,-9999,-9999,-9999,-9999,-9999,-9999,-9999,-9999,-9999,-9999,-9999,-9999,-9999,-9999,-9999
"17-02-2013",-9999,-9999,-9999,-9999,-9999,-9999,-9999,-9999,-9999,-9999,-9999,-9999,-9999,-9999,-9999,-9999,-9999,-9999,-9999,-9999,-9999,-9999,-9999,-9999
"18-02-2013",-9999,-9999,-9999,-9999,-9999,-9999,-9999,-9999,-9999,-9999,1.87,1.09,1.18,1.35,1.44,1.27,1.31,1.44,1.44,1.48,1.57,1.35,1.48,1.61
"19-02-2013",1.53,1.66,1.53,1.61,1.48,1.53,1.53,1.48,1.44,1.31,1.48,1.48,1.61,1.40,1.57,1.53,1.70,1.40,1.48,1.48,1.79,1.87,1.92,1.79
"20-02-2013",1.79,1.66,1.70,1.44,1.61,1.61,1.66,1.83,1.57,1.53,1.61,1.96,1.92,1.57,1.40,1.70,1.53,1.83,1.96,1.70,1.53,1.40,1.66,1.79
"21-02-2013",1.70,1.70,1.53,1.70,1.61,1.57,1.79,1.53,1.61,1.44,1.83,1.79,1.79,1.66,1.40,1.79,1.61,1.57,1.40,1.57,1.44,1.74,1.44,1.79
"22-02-2013",1.70,1.87,1.66,1.53,1.61,1.92,1.61,1.70,1.70,1.40,1.61,1.79,1.79,1.61,1.53,1.40,1.48,1.53,1.61,1.87,1.70,1.31,1.74,1.53
"23-02-2013",1.92,1.53,1.74,1.83,1.70,2.00,1.61,1.83,1.79,1.57,1.74,1.83,1.96,1.74,1.66,1.61,1.40,1.61,1.57,1.66,1.79,1.74,1.61,1.96
"24-02-2013",1.96,1.70,1.57,1.61,1.66,1.44,1.53,1.66,1.61,1.35,1.31,1.40,1.70,1.66,1.57,1.40,1.31,1.22,1.18,1.27,1.18,1.40,1.35,1.40
"25-02-2013",1.27,1.22,1.40,1.27,1.35,1.31,1.35,1.27,1.27,2.74,6.64,6.38,4.82,2.22,1.48,1.14,1.14,1.44,1.18,1.05,0.83,1.14,1.09,0.96
"26-02-2013",0.96,1.05,0.96,1.05,0.83,0.96,1.18,1.44,1.05,1.05,2.61,5.99,8.63,8.19,5.86,4.56,4.04,2.95,2.05,1.61,1.48,1.35,1.53,1.66
"27-02-2013",1.53,1.35,1.22,1.18,1.48,1.53,1.44,1.22,1.05,1.18,1.87,1.61,1.70,1.74,1.27,1.48,1.44,1.61,1.35,1.18,1.27,1.27,1.18,1.22
"28-02-2013",1.27,1.48,1.27,1.40,1.44,1.44,1.53,1.40,1.53,1.53,1.35,1.27,1.27,1.79,1.48,1.61,1.66,1.61,1.83,1.83,1.53,-9999,-9999,-9999
"01-03-2013",-9999,-9999,-9999,-9999,-9999,-9999,-9999,-9999,-9999,-9999,-9999,-9999,-9999,-9999,-9999,-9999,-9999,-9999,-9999,-9999,-9999,-9999,-9999,-9999
"02-03-2013",-9999,-9999,-9999,-9999,-9999,-9999,-9999,-9999,-9999,-9999,-9999,-9999,-9999,-9999,-9999,-9999,-9999,-9999,-9999,-9999,-9999,-9999,-9999,-9999
"03-03-2013",-9999,-9999,-9999,-9999,-9999,-9999,-9999,-9999,-9999,-9999,-9999,-9999,-9999,-9999,-9999,-9999,-9999,-9999,-9999,-9999,-9999,-9999,-9999,-9999
"04-03-2013",-9999,-9999,-9999,-9999,-9999,-9999,-9999,-9999,-9999,-9999,-9999,-9999,-9999,-9999,-9999,-9999,-9999,-9999,-9999,-9999,-9999,-9999,-9999,-9999
"05-03-2013",-9999,-9999,-9999,-9999,-9999,-9999,-9999,-9999,-9999,-9999,-9999,-9999,-9999,-9999,-9999,-9999,-9999,-9999,-9999,-9999,-9999,-9999,-9999,-9999
"06-03-2013",-9999,-9999,-9999,-9999,-9999,-9999,-9999,-9999,-9999,-9999,-9999,-9999,-9999,-9999,-9999,-9999,-9999,-9999,-9999,-9999,-9999,-9999,-9999,-9999
"07-03-2013",-9999,-9999,-9999,-9999,-9999,-9999,-9999,-9999,-9999,-9999,-9999,-9999,-9999,-9999,-9999,-9999,-9999,-9999,-9999,-9999,-9999,-9999,-9999,-9999
"08-03-2013",-9999,-9999,-9999,-9999,-9999,-9999,-9999,-9999,-9999,-9999,-9999,-9999,-9999,-9999,-9999,-9999,-9999,-9999,-9999,-9999,-9999,-9999,-9999,-9999
"09-03-2013",-9999,-9999,-9999,-9999,-9999,-9999,-9999,-9999,-9999,-9999,-9999,-9999,-9999,-9999,-9999,-9999,-9999,-9999,-9999,-9999,-9999,-9999,-9999,-9999
"10-03-2013",-9999,-9999,-9999,-9999,-9999,-9999,-9999,-9999,-9999,-9999,-9999,-9999,-9999,-9999,-9999,-9999,-9999,-9999,-9999,-9999,-9999,-9999,-9999,-9999
"11-03-2013",-9999,-9999,-9999,-9999,-9999,-9999,-9999,-9999,-9999,-9999,-9999,-9999,-9999,-9999,-9999,-9999,-9999,-9999,-9999,-9999,-9999,-9999,-9999,-9999
"12-03-2013",-9999,-9999,-9999,-9999,-9999,-9999,-9999,-9999,-9999,-9999,-9999,-9999,-9999,-9999,-9999,-9999,-9999,-9999,-9999,-9999,-9999,-9999,-9999,-9999
"13-03-2013",-9999,-9999,-9999,-9999,-9999,-9999,-9999,-9999,-9999,-9999,-9999,-9999,-9999,-9999,-9999,-9999,-9999,-9999,-9999,-9999,-9999,-9999,-9999,-9999
"14-03-2013",1.74,1.70,1.83,1.44,1.40,1.40,1.61,1.44,1.48,3.91,6.89,12.78,8.71,4.60,5.64,4.21,3.65,4.04,3.65,1.79,1.79,1.57,1.66,1.61
"15-03-2013",-9999,-9999,-9999,-9999,-9999,-9999,-9999,-9999,-9999,-9999,-9999,-9999,-9999,-9999,-9999,-9999,-9999,-9999,-9999,-9999,-9999,-9999,-9999,-9999
"16-03-2013",1.74,1.66,1.44,1.61,1.87,1.83,1.70,1.61,1.61,1.79,3.91,6.24,3.95,2.48,2.05,1.66,1.57,1.66,1.92,1.61,1.66,1.53,1.57,1.57
"17-03-2013",1.79,1.57,1.66,1.79,1.70,1.87,2.05,1.79,1.74,1.61,1.53,2.00,1.74,1.66,1.66,1.79,1.79,1.70,1.92,1.87,1.83,1.96,1.83,1.70
"18-03-2013",1.79,1.70,1.87,1.66,1.70,1.57,1.53,1.74,1.35,1.53,1.79,1.92,1.87,1.57,1.61,1.79,1.92,1.57,1.61,1.66,1.53,1.61,1.53,1.70
"19-03-2013",1.70,1.57,1.44,1.57,1.70,1.83,1.79,1.70,1.66,1.61,1.74,1.48,1.70,1.48,1.53,1.57,1.53,1.44,1.53,1.53,1.53,1.48,1.48,1.57
"20-03-2013",-9999,-9999,-9999,-9999,-9999,-9999,-9999,-9999,-9999,-9999,-9999,-9999,-9999,-9999,-9999,-9999,-9999,-9999,-9999,-9999,-9999,-9999,-9999,-9999
"21-03-2013",2.05,1.70,1.83,1.87,1.35,1.66,1.31,1.53,1.40,1.70,1.74,3.13,2.69,1.96,2.00,1.83,1.57,2.05,2.74,1.61,1.83,2.18,2.13,1.57
"22-03-2013",1.61,1.66,1.53,1.40,2.05,1.70,1.57,1.70,1.61,1.57,4.95,7.41,5.08,1.87,1.79,1.61,1.66,1.44,1.79,1.57,1.53,1.44,1.53,1.53
"23-03-2013",1.53,1.70,1.74,1.48,1.70,1.70,1.53,1.57,1.70,1.31,1.66,1.92,2.35,1.83,1.61,1.74,1.48,1.57,1.70,1.96,1.53,1.74,1.40,1.40
"24-03-2013",-9999,-9999,-9999,-9999,-9999,-9999,-9999,-9999,-9999,-9999,-9999,-9999,-9999,-9999,-9999,-9999,-9999,-9999,-9999,-9999,-9999,-9999,-9999,-9999
"25-03-2013",1.61,2.00,1.57,1.57,1.57,1.66,1.57,1.61,1.44,1.48,1.53,2.31,1.57,1.35,1.48,1.53,1.40,1.40,1.53,1.27,1.87,2.26,1.96,1.74
"26-03-2013",-9999,-9999,-9999,-9999,-9999,-9999,-9999,-9999,-9999,-9999,-9999,-9999,-9999,-9999,-9999,-9999,-9999,-9999,-9999,-9999,-9999,-9999,-9999,-9999
"27-03-2013",1.61,1.83,1.79,1.74,1.79,1.53,1.57,1.70,1.53,1.92,1.70,1.66,2.22,4.17,6.42,5.38,4.90,5.16,5.08,6.81,5.34,3.65,2.35,1.70
"28-03-2013",1.53,1.57,1.35,1.44,1.22,1.66,1.61,1.27,1.40,1.27,1.48,1.14,1.40,1.35,1.40,1.61,2.09,2.05,1.70,1.57,1.57,1.61,1.53,1.40
"29-03-2013",1.48,1.27,1.40,1.27,1.48,1.48,1.40,1.44,1.40,1.61,1.79,1.44,-9999,2.09,2.78,3.17,4.82,6.55,4.82,2.69,2.61,2.39,2.05,1.48
"30-03-2013",-9999,-9999,-9999,-9999,-9999,-9999,-9999,-9999,-9999,-9999,-9999,-9999,-9999,-9999,-9999,-9999,-9999,-9999,-9999,-9999,-9999,-9999,-9999,-9999
"31-03-2013",-9999,-9999,-9999,-9999,-9999,-9999,-9999,-9999,-9999,-9999,-9999,-9999,-9999,-9999,-9999,-9999,-9999,-9999,-9999,-9999,-9999,-9999,-9999,-9999
"01-04-2013",-9999,-9999,-9999,-9999,-9999,-9999,-9999,-9999,-9999,-9999,-9999,-9999,-9999,-9999,-9999,-9999,-9999,-9999,-9999,-9999,-9999,-9999,-9999,-9999
"02-04-2013",-9999,-9999,-9999,-9999,-9999,-9999,-9999,-9999,-9999,-9999,-9999,-9999,-9999,-9999,-9999,-9999,-9999,-9999,-9999,-9999,-9999,-9999,-9999,-9999
"03-04-2013",-9999,-9999,-9999,-9999,-9999,-9999,-9999,-9999,-9999,-9999,-9999,-9999,-9999,-9999,-9999,-9999,-9999,-9999,-9999,-9999,-9999,-9999,-9999,-9999
"04-04-2013",-9999,-9999,-9999,-9999,-9999,-9999,-9999,-9999,-9999,-9999,-9999,-9999,1.53,1.53,1.61,1.79,1.70,1.53,1.61,1.70,1.83,1.53,1.70,1.57
"05-04-2013",1.44,1.70,1.66,1.66,1.66,1.57,1.53,1.44,1.31,1.66,1.66,1.70,1.79,1.66,1.66,1.70,1.53,1.66,1.48,1.66,1.61,1.57,1.61,1.27
"06-04-2013",1.44,1.48,1.40,1.53,1.96,1.44,1.48,1.53,1.61,1.61,1.74,1.70,1.61,1.83,1.53,1.66,1.44,1.44,1.53,1.66,1.61,1.48,1.74,1.79
"07-04-2013",1.53,1.57,1.48,1.31,1.66,1.40,1.79,1.53,1.79,2.05,1.79,1.74,1.70,1.48,1.61,1.44,1.70,1.57,1.53,1.44,1.57,1.70,1.44,1.40
"08-04-2013",1.40,1.35,1.57,1.35,1.48,1.66,1.57,1.66,1.53,1.40,1.61,1.44,1.57,1.35,1.27,1.35,1.53,1.31,1.44,1.48,1.53,1.35,1.48,1.44
"09-04-2013",1.40,1.44,1.48,1.40,1.61,1.44,1.53,1.48,1.40,1.53,1.53,1.48,1.70,1.83,1.44,1.57,1.53,1.48,1.61,1.31,1.27,1.40,1.48,1.31
"10-04-2013",1.61,1.48,1.57,1.44,1.57,1.53,1.53,1.44,1.40,1.48,1.74,1.70,1.57,1.57,1.40,1.61,1.40,1.53,1.40,1.27,1.61,1.40,1.44,1.53
"11-04-2013",1.40,1.35,1.31,1.44,1.44,1.40,1.70,1.48,1.35,1.74,1.96,1.70,1.53,1.79,1.61,1.53,1.53,1.61,1.66,1.48,1.40,1.27,1.40,1.53
"12-04-2013",1.61,1.35,1.61,1.70,1.61,1.57,1.31,1.53,1.35,1.57,1.87,1.96,1.74,1.70,1.57,1.48,1.53,1.57,1.48,1.35,1.53,1.48,1.44,1.40
"13-04-2013",1.44,1.44,1.53,1.40,1.53,1.35,1.27,1.40,1.31,1.44,1.74,1.70,1.66,1.61,1.70,1.40,1.53,1.53,1.35,1.48,1.44,1.35,1.53,1.22
"14-04-2013",1.53,1.53,1.14,1.35,1.53,1.31,1.22,1.35,1.70,1.57,1.53,1.53,1.53,1.70,1.66,1.70,1.57,1.66,1.53,1.53,1.57,1.44,1.53,1.44
"15-04-2013",1.74,1.61,1.83,1.48,1.66,1.83,1.53,1.61,1.61,1.74,1.66,1.66,1.61,1.66,1.61,1.35,1.79,1.61,1.61,1.48,1.79,1.53,1.40,1.53
"16-04-2013",1.48,1.40,1.70,1.53,1.53,1.31,1.53,1.70,1.53,1.57,1.57,1.61,1.66,1.70,1.57,1.79,1.44,1.57,1.48,1.31,1.40,1.53,1.53,1.66
"17-04-2013",1.48,1.57,1.53,1.40,1.53,1.48,1.61,1.66,1.53,1.53,1.61,2.00,1.57,1.57,1.35,1.53,1.31,1.79,1.66,1.48,1.27,1.44,1.74,1.48
"18-04-2013",1.61,1.48,1.57,1.61,1.57,1.53,1.57,1.66,1.70,1.66,1.61,1.66,1.48,1.57,1.48,1.70,1.40,1.53,1.57,1.61,1.61,1.48,1.57,1.53
"19-04-2013",1.70,1.83,1.74,1.61,1.48,1.74,1.66,1.61,1.70,1.87,1.96,1.87,1.70,1.61,1.61,1.57,1.53,1.57,1.53,1.87,1.53,2.00,1.66,1.70
"20-04-2013",1.66,1.53,1.74,1.70,1.44,1.79,1.57,1.74,1.70,1.74,1.53,1.31,1.31,1.61,1.31,1.57,1.40,1.57,1.48,1.53,1.22,1.44,1.44,1.27
"21-04-2013",1.61,1.70,1.35,1.53,1.57,1.87,1.66,1.61,1.27,1.48,1.61,1.74,1.31,1.31,1.48,1.22,1.70,1.31,1.35,1.27,1.27,1.48,1.22,1.18
"22-04-2013",1.35,1.31,1.44,1.40,1.14,1.44,1.35,1.44,1.48,1.44,1.27,1.35,1.18,1.31,1.44,1.27,1.57,1.27,1.40,0.88,1.18,1.31,1.40,1.22
"23-04-2013",1.14,1.31,1.18,1.22,1.05,1.01,0.92,1.22,1.22,1.14,1.35,1.18,1.27,1.22,1.31,1.14,1.27,1.18,1.09,1.22,1.09,1.18,1.18,1.14
"24-04-2013",0.79,1.14,1.05,1.01,0.96,1.22,1.18,0.96,1.61,1.48,1.61,1.53,1.70,1.40,1.57,1.61,1.61,1.53,1.96,2.00,1.57,1.66,1.48,1.79
"25-04-2013",1.22,1.48,1.31,1.44,1.35,1.35,1.31,1.61,1.44,1.53,1.44,1.40,1.40,1.44,1.31,1.70,2.44,2.09,1.74,1.27,1.53,1.66,1.35,1.44
"26-04-2013",1.53,1.57,1.22,1.09,1.01,1.61,1.48,1.31,1.53,1.35,-9999,1.57,1.40,1.22,1.27,1.44,1.31,1.44,1.53,1.44,1.70,1.44,1.14,1.35
"27-04-2013",1.53,1.35,1.31,1.18,1.14,1.44,1.35,1.48,1.27,1.48,1.53,1.44,1.40,1.74,1.44,1.57,1.35,1.66,1.61,1.35,1.44,1.22,1.40,1.27
"28-04-2013",1.35,1.31,1.35,1.27,1.22,1.31,1.31,1.66,1.27,1.31,1.31,1.14,1.40,1.44,1.27,1.22,1.53,1.40,1.70,1.40,1.40,1.44,1.40,1.66
"29-04-2013",-9999,-9999,-9999,-9999,-9999,-9999,-9999,-9999,-9999,-9999,-9999,-9999,-9999,-9999,-9999,-9999,-9999,-9999,-9999,-9999,-9999,-9999,-9999,-9999
"30-04-2013",-9999,-9999,-9999,-9999,-9999,-9999,-9999,-9999,-9999,-9999,-9999,-9999,-9999,-9999,-9999,-9999,-9999,-9999,-9999,-9999,-9999,-9999,-9999,-9999
"01-05-2013",1.31,1.09,1.01,1.01,1.18,1.05,0.88,1.05,1.14,0.96,0.96,1.01,0.83,1.27,1.01,1.14,1.14,1.05,1.22,1.31,0.88,0.96,1.14,0.92
"02-05-2013",1.18,0.96,1.05,0.79,1.09,1.09,1.01,1.01,0.96,0.92,1.27,1.01,1.18,0.96,1.40,1.44,1.40,1.40,1.53,1.61,1.35,1.44,1.44,1.48
"03-05-2013",1.40,1.61,1.35,1.35,1.48,1.48,1.48,1.27,1.27,1.35,1.31,1.31,1.44,1.57,1.48,1.70,1.31,1.22,1.31,1.57,1.40,1.40,1.05,1.14
"04-05-2013",1.44,1.27,1.48,1.35,1.57,1.57,1.18,1.40,1.31,1.40,1.27,1.27,1.18,1.31,1.31,1.27,1.18,1.57,1.53,1.27,1.40,1.53,1.35,1.22
"05-05-2013",1.40,1.18,1.40,1.35,1.44,1.18,1.27,1.22,1.31,1.35,1.31,1.31,1.27,1.31,1.18,1.40,1.57,1.27,1.31,1.31,1.22,1.40,1.09,1.40
"06-05-2013",1.22,1.22,1.27,1.35,1.48,1.27,1.18,1.18,1.22,1.22,1.31,1.22,1.48,1.31,1.48,1.35,1.40,1.09,1.40,1.31,1.31,1.31,1.35,1.53
"07-05-2013",1.66,1.48,1.31,1.35,1.31,1.48,1.48,1.18,1.48,1.35,1.40,1.05,1.31,1.44,1.48,1.35,1.14,1.35,1.44,1.53,1.40,1.53,1.40,1.61
"08-05-2013",1.31,1.27,1.31,1.09,1.35,1.57,1.27,1.01,1.40,1.22,1.18,1.14,1.27,1.05,1.27,1.22,1.35,1.05,1.09,1.14,1.18,1.31,1.40,1.18
"09-05-2013",1.48,1.48,1.40,1.31,1.66,1.31,1.57,1.14,1.31,1.27,1.31,1.22,1.31,1.14,1.09,1.35,1.22,1.35,1.35,1.40,1.53,1.09,1.74,1.14
"10-05-2013",1.48,1.22,1.44,1.14,1.22,1.18,1.05,1.09,0.96,1.09,1.27,1.22,1.27,1.18,1.18,1.40,1.35,1.14,1.05,1.27,1.18,1.14,1.22,1.05
"11-05-2013",1.27,1.14,1.14,1.18,1.01,1.01,1.01,1.05,1.14,0.96,1.05,1.09,1.27,1.18,0.96,1.27,1.27,1.01,1.18,1.14,0.92,1.18,1.14,1.05
"12-05-2013",1.31,1.14,1.05,1.27,1.14,1.05,1.09,1.18,1.14,1.14,1.14,1.01,1.27,1.14,1.22,1.22,1.22,1.27,1.09,1.14,1.05,1.22,1.09,1.09
"13-05-2013",1.14,1.27,1.01,1.18,1.18,1.05,0.96,1.09,1.18,1.31,1.18,1.31,1.14,1.44,1.31,1.27,1.31,1.27,1.44,1.22,1.27,1.44,1.27,1.27
"14-05-2013",1.27,1.35,1.22,1.22,1.35,1.18,1.27,1.22,1.18,1.31,1.14,1.22,1.27,1.05,1.22,1.09,1.22,0.96,1.14,1.09,1.09,0.96,1.14,1.01
"15-05-2013",1.01,0.83,0.88,0.83,1.01,0.75,1.01,0.92,1.05,1.40,1.31,1.61,1.35,1.53,1.40,1.18,1.44,1.31,1.35,1.22,1.22,1.27,1.40,1.35
"16-05-2013",1.14,1.18,1.31,1.14,1.22,1.18,1.22,1.01,1.05,1.31,1.31,1.44,1.40,1.48,1.57,1.53,1.48,1.53,1.40,1.22,1.35,1.27,1.35,1.31
"17-05-2013",1.44,1.31,1.35,1.22,1.31,1.61,1.44,1.09,1.35,1.35,1.40,1.18,1.40,1.35,1.31,1.35,1.35,1.44,1.53,1.35,1.40,1.35,1.35,1.31
"18-05-2013",1.31,1.35,1.14,1.31,1.18,1.31,1.31,1.14,1.35,1.31,1.27,1.09,1.22,1.27,1.22,1.18,1.44,1.61,1.27,1.31,1.18,1.44,1.22,1.27
"19-05-2013",1.22,1.35,1.57,1.27,1.22,1.27,1.35,1.48,1.31,1.35,1.18,1.09,1.18,1.35,1.53,1.27,1.22,1.22,1.31,1.22,1.18,1.35,1.14,1.14
"20-05-2013",1.22,1.27,1.35,1.22,1.22,1.27,1.09,1.22,1.31,1.35,0.62,0.62,0.62,0.57,0.70,0.79,0.79,0.83,0.96,0.66,0.75,0.83,0.83,0.75
"21-05-2013",0.62,0.66,0.49,0.75,0.49,0.96,0.62,0.62,0.57,0.79,0.62,0.57,0.62,0.66,0.70,0.62,0.57,0.62,0.57,0.62,0.66,0.75,0.75,0.88
"22-05-2013",0.66,0.83,0.57,0.62,0.88,0.70,0.49,0.66,0.92,0.66,1.27,1.14,1.22,1.05,1.22,1.18,1.18,1.27,1.27,1.48,1.40,1.22,1.48,1.35
"23-05-2013",1.27,1.18,1.40,1.09,1.22,1.27,1.14,1.14,1.27,1.22,1.09,1.09,1.09,1.14,1.22,1.18,1.14,1.22,1.05,1.31,1.44,1.35,1.18,1.05
"24-05-2013",1.48,1.27,1.22,1.22,1.31,1.35,-9999,-9999,-9999,-9999,-9999,-9999,-9999,-9999,-9999,-9999,-9999,-9999,-9999,-9999,-9999,-9999,-9999,-9999
"25-05-2013",-9999,-9999,-9999,-9999,-9999,-9999,-9999,-9999,-9999,-9999,-9999,-9999,-9999,-9999,-9999,-9999,-9999,-9999,-9999,-9999,-9999,-9999,-9999,-9999
"26-05-2013",-9999,-9999,-9999,-9999,-9999,-9999,-9999,-9999,-9999,-9999,-9999,-9999,-9999,-9999,-9999,-9999,-9999,-9999,-9999,-9999,-9999,-9999,-9999,-9999
"27-05-2013",-9999,-9999,-9999,-9999,-9999,-9999,-9999,-9999,-9999,-9999,0.92,0.83,1.01,1.27,1.18,1.14,1.18,0.96,1.35,1.05,1.14,1.05,1.22,1.18
"28-05-2013",1.14,1.05,1.14,1.18,1.14,0.92,1.14,1.01,1.09,1.35,1.05,1.05,1.01,1.22,1.18,1.22,1.27,1.22,1.09,1.22,1.22,1.44,1.22,1.35
"29-05-2013",1.27,1.31,1.18,1.01,1.27,1.40,1.40,1.27,1.40,1.14,1.14,1.44,1.27,1.31,1.31,1.05,1.18,1.27,1.31,1.35,1.22,1.22,1.48,1.53
"30-05-2013",1.09,1.27,1.27,1.14,1.27,1.27,1.22,1.35,1.22,1.09,1.09,1.09,1.14,1.22,1.35,1.35,1.35,1.35,1.14,1.18,1.31,1.27,1.27,1.31
"31-05-2013",1.35,1.22,1.27,1.14,1.27,1.22,1.22,1.40,1.27,1.09,1.09,1.14,1.09,1.22,1.27,1.18,1.27,1.22,1.35,1.48,1.27,1.27,1.22,1.44
"01-06-2013",1.48,1.22,1.27,1.44,1.14,1.18,1.01,1.18,1.31,1.31,1.05,1.22,1.18,1.35,1.18,0.96,1.14,1.09,1.40,1.18,1.14,1.09,1.14,1.22
"02-06-2013",1.27,0.96,1.14,1.44,1.18,1.14,0.96,0.92,1.27,1.09,1.18,1.14,1.09,1.14,1.27,1.31,1.14,1.27,1.27,1.18,1.44,1.27,1.18,1.27
"03-06-2013",1.18,1.18,1.27,1.27,1.40,1.14,1.27,1.05,1.44,1.22,1.27,1.09,1.31,1.27,1.31,1.18,1.53,1.27,1.31,1.40,1.18,1.27,1.27,1.35
"04-06-2013",1.27,1.35,1.27,1.09,1.27,1.22,1.27,1.22,1.31,1.14,1.14,1.18,1.44,1.27,1.40,1.35,1.27,1.35,1.27,1.40,1.31,1.31,1.35,1.18
"05-06-2013",1.31,1.44,1.44,1.61,1.53,1.14,1.44,1.14,1.27,1.22,1.14,1.14,1.27,1.35,1.31,1.27,1.31,1.40,1.44,1.09,1.18,1.27,1.31,1.35
"06-06-2013",1.22,1.35,1.09,1.35,1.18,1.01,1.01,1.14,1.18,1.09,1.31,1.18,1.14,1.09,1.18,1.31,1.05,1.05,1.05,1.18,1.22,1.35,1.31,1.14
"07-06-2013",1.40,1.18,1.27,1.22,1.18,1.18,1.27,1.05,1.18,1.48,1.31,1.57,1.22,1.31,1.35,1.18,1.40,1.22,1.22,1.22,1.22,1.27,1.35,1.18
"08-06-2013",1.14,1.22,1.35,1.05,1.14,0.92,1.14,1.01,1.05,1.09,0.83,0.96,0.88,1.01,0.92,1.14,1.22,1.09,1.14,1.18,0.92,1.18,1.01,1.09
"09-06-2013",1.01,1.22,1.09,1.09,1.01,1.09,0.96,1.27,1.01,1.01,1.14,1.01,1.09,1.01,1.01,1.05,1.27,1.22,1.01,1.18,1.01,1.09,1.22,0.96
"10-06-2013",1.18,1.05,1.14,0.96,1.14,1.01,1.18,0.92,1.01,1.09,1.05,1.05,1.01,1.14,1.22,1.01,1.01,1.09,1.05,1.31,1.27,1.31,1.14,1.27
"11-06-2013",1.01,1.27,1.31,0.92,1.01,1.01,1.18,1.05,1.09,0.96,0.92,1.01,0.92,1.01,0.96,1.01,1.14,0.96,0.96,1.05,1.09,1.05,1.05,1.18
"12-06-2013",1.05,0.92,1.14,1.05,1.09,0.92,0.88,0.96,0.83,1.09,1.05,0.92,1.05,1.18,0.96,1.18,1.09,0.83,0.96,0.96,1.18,1.01,1.01,0.79
"13-06-2013",1.05,0.88,0.96,1.05,1.09,0.96,1.01,0.88,0.96,0.92,0.96,0.75,0.70,0.75,0.88,0.96,0.96,0.70,0.70,0.57,0.88,0.88,0.83,0.88
"14-06-2013",0.66,0.83,0.96,0.62,0.75,0.62,0.53,-9999,0.83,0.88,0.88,0.70,0.83,0.75,0.96,0.79,0.88,0.62,0.62,0.75,0.79,0.83,0.79,0.70
"15-06-2013",0.66,0.92,0.70,0.83,0.83,0.79,0.66,0.83,0.83,0.66,0.75,0.79,0.66,0.83,0.92,0.96,0.92,0.92,0.79,0.66,0.66,0.83,0.92,0.92
"16-06-2013",0.79,0.83,0.92,0.83,0.75,0.88,0.70,0.96,0.83,0.70,0.66,0.79,0.75,0.70,0.88,0.75,0.83,0.70,0.62,0.66,0.75,0.66,0.88,0.79
"17-06-2013",0.79,0.96,0.83,0.75,0.96,0.75,0.70,0.75,0.92,0.75,0.88,0.83,0.83,0.66,0.57,0.88,0.62,0.75,0.92,0.66,0.83,0.70,0.66,0.79
"18-06-2013",0.57,0.83,0.53,0.66,0.79,0.66,0.70,0.79,0.66,0.79,0.57,0.62,0.53,0.57,0.62,0.57,0.57,0.62,0.75,0.75,0.57,0.75,0.79,0.66
"19-06-2013",0.62,1.05,0.88,0.70,0.96,0.88,0.96,0.62,0.75,0.75,0.88,0.75,0.75,0.49,0.62,0.57,0.57,0.83,0.62,0.62,0.83,0.66,0.70,0.66
"20-06-2013",0.53,0.53,0.53,0.62,0.70,0.96,0.75,0.79,0.83,0.66,0.62,0.66,0.57,-9999,-9999,2.52,2.00,1.66,2.13,1.74,1.83,2.00,1.74,1.83
"21-06-2013",1.83,1.70,1.92,2.18,2.05,-9999,-9999,-9999,-9999,-9999,1.79,2.26,2.00,1.96,2.00,2.00,2.26,1.87,1.92,2.18,2.26,2.05,2.52,2.09
"22-06-2013",2.52,2.09,2.44,2.35,-9999,2.13,2.26,2.44,2.18,2.00,2.09,2.00,1.83,1.92,1.83,2.00,2.00,2.22,1.92,2.26,1.92,1.83,2.13,1.92
"23-06-2013",2.13,2.22,2.39,2.22,2.31,2.44,2.13,1.96,2.00,1.74,2.26,1.87,1.74,1.74,2.13,1.87,2.00,2.00,2.00,2.09,2.26,2.13,2.18,2.39
"24-06-2013",2.52,2.48,2.26,2.18,2.31,2.22,2.39,2.31,2.13,2.00,2.09,1.92,1.83,2.13,2.13,1.87,1.87,2.31,2.13,2.00,2.26,2.52,2.57,2.35
"25-06-2013",2.74,2.22,2.18,2.00,1.83,2.09,2.26,1.92,2.18,2.00,1.83,1.61,1.48,-9999,1.40,1.57,1.79,1.70,1.74,1.74,1.57,1.79,2.22,1.70
"26-06-2013",1.79,1.74,1.66,1.48,1.61,1.57,1.70,1.66,1.57,1.53,1.66,1.53,1.79,1.66,1.83,1.57,1.53,1.74,1.57,1.61,1.48,1.83,1.70,1.74
"27-06-2013",1.87,1.66,1.70,1.66,1.66,1.66,1.87,1.53,2.05,1.48,1.22,1.61,1.22,1.66,1.57,1.83,1.66,1.61,1.57,1.53,1.53,1.66,1.66,1.48
"28-06-2013",1.70,1.61,1.61,1.79,1.53,1.61,1.74,1.57,1.61,1.70,1.53,1.57,1.57,1.53,1.70,1.70,1.61,1.57,1.57,1.61,1.70,1.79,2.05,1.74
"29-06-2013",1.70,1.70,1.48,1.92,1.74,1.87,1.70,1.79,1.48,1.66,1.70,1.79,1.74,1.66,1.70,1.87,1.70,1.74,1.83,1.61,1.57,1.83,1.79,1.74
"30-06-2013",1.87,1.70,1.92,1.87,1.83,1.87,1.96,1.79,1.79,1.74,1.79,1.92,1.87,1.74,1.83,1.70,1.83,1.48,1.83,2.39,1.57,1.79,2.26,1.83
"01-07-2013",1.74,1.74,1.92,1.57,1.74,1.70,1.74,1.70,1.70,1.83,1.83,2.13,1.79,1.79,1.79,1.83,1.83,1.87,1.70,2.05,1.70,1.96,1.87,1.96
"02-07-2013",2.00,1.79,1.79,1.66,1.74,1.61,1.57,2.18,2.00,1.70,1.92,1.70,1.79,1.70,1.53,1.74,1.66,1.57,1.57,1.79,1.79,1.79,1.83,1.57
"03-07-2013",1.83,1.66,1.66,1.53,1.74,1.79,1.70,1.74,1.66,1.61,1.57,1.61,1.79,1.61,1.74,1.57,1.48,1.83,1.87,1.70,1.57,1.92,1.66,1.61
"04-07-2013",1.70,1.87,1.53,1.74,1.87,1.61,1.48,1.83,1.79,2.00,1.74,1.66,1.48,1.66,1.57,1.79,1.70,1.57,1.57,1.48,1.66,1.57,1.74,1.61
"05-07-2013",2.00,2.18,1.79,1.79,1.61,1.79,1.70,1.74,1.66,1.79,1.57,1.61,1.70,1.74,1.83,1.44,1.48,1.79,1.31,1.74,1.66,1.57,1.79,1.66
"06-07-2013",1.83,1.74,1.74,1.87,1.57,1.74,1.79,2.09,1.79,2.05,1.70,1.74,1.61,1.66,1.57,1.70,1.70,2.00,1.44,1.83,1.48,1.79,1.53,1.79
"07-07-2013",1.87,1.70,1.74,1.61,1.61,1.79,1.74,1.70,-9999,1.79,2.31,1.70,1.83,1.66,2.00,1.74,1.87,1.74,1.79,1.74,-9999,1.61,1.83,1.70
"08-07-2013",1.92,1.74,1.74,1.92,1.79,1.70,2.39,1.83,2.05,1.61,1.14,1.35,-9999,1.40,1.35,1.53,1.57,1.53,1.44,1.53,1.61,1.53,1.44,1.48
"09-07-2013",1.44,-9999,1.66,1.44,1.48,1.57,1.57,1.57,1.70,1.35,1.44,1.57,1.53,1.40,1.48,1.40,1.53,1.53,1.74,1.35,1.57,1.40,1.74,1.57
"10-07-2013",1.44,1.61,1.40,1.48,1.57,1.87,1.31,1.48,1.70,1.40,1.27,1.40,1.40,1.22,1.44,1.48,1.35,1.22,1.44,1.44,1.53,1.27,1.44,1.44
"11-07-2013",1.27,1.27,1.48,1.44,1.57,1.53,1.53,1.40,1.35,1.66,1.53,1.53,1.35,1.35,1.18,1.09,1.48,1.22,1.48,1.48,1.53,1.74,1.53,1.83
"12-07-2013",1.48,1.61,1.48,1.57,1.53,1.35,1.83,1.53,1.48,1.83,1.57,1.44,1.66,1.53,1.53,1.53,1.66,1.22,1.35,1.40,1.44,1.44,1.66,1.53
"13-07-2013",1.53,1.44,1.40,1.48,1.61,1.53,1.44,1.44,1.31,1.70,1.40,1.31,1.35,1.09,1.40,1.57,1.09,1.27,1.18,1.40,1.40,1.48,1.70,1.48
"14-07-2013",1.27,1.27,1.53,1.18,-9999,1.35,1.22,1.14,1.57,1.35,1.35,1.31,1.61,1.35,1.14,1.53,1.35,1.27,1.09,1.35,1.44,1.40,1.27,1.35
"15-07-2013",1.48,1.48,1.27,1.40,1.27,-9999,1.44,1.35,1.27,1.40,1.57,1.53,1.70,1.57,1.48,1.57,1.48,1.57,1.74,1.79,-9999,1.61,1.61,1.74
"16-07-2013",1.66,1.66,1.53,1.53,1.74,-9999,-9999,-9999,-9999,-9999,-9999,-9999,-9999,1.44,1.53,1.57,1.70,1.70,1.53,1.48,2.00,1.83,1.83,1.79
"17-07-2013",1.61,1.57,1.83,1.57,1.74,1.83,1.87,2.00,1.66,0.96,1.57,1.66,1.66,1.79,1.40,1.35,1.14,1.35,1.40,1.18,0.96,1.22,1.14,1.22
"18-07-2013",1.14,1.14,0.88,1.05,1.18,1.35,1.22,1.70,1.48,1.53,1.53,1.70,1.53,1.44,1.44,1.70,1.35,1.79,1.53,1.66,1.70,1.57,1.66,1.83
"19-07-2013",1.66,1.53,1.79,1.79,1.48,1.79,1.48,1.61,1.79,1.70,1.74,1.61,1.61,1.83,1.61,1.57,-9999,1.74,1.53,1.61,1.57,1.61,1.96,1.79
"20-07-2013",1.48,1.66,1.70,1.92,1.83,1.53,1.53,1.61,1.57,1.53,1.79,1.57,1.70,1.61,1.66,1.53,-9999,1.44,1.66,1.53,1.53,-9999,1.79,1.70
"21-07-2013",1.53,1.57,1.74,1.79,1.57,1.70,2.00,1.53,1.48,1.66,1.79,2.05,1.61,1.83,1.57,1.53,1.66,1.87,1.66,1.53,1.92,-9999,-9999,-9999
"22-07-2013",-9999,-9999,-9999,-9999,-9999,-9999,-9999,-9999,-9999,-9999,-9999,-9999,-9999,-9999,-9999,-9999,-9999,-9999,-9999,-9999,-9999,-9999,-9999,-9999
"23-07-2013",-9999,-9999,-9999,-9999,-9999,-9999,-9999,-9999,1.53,1.61,1.79,1.66,1.79,1.53,1.87,1.48,1.66,1.87,1.53,1.96,1.96,1.70,1.74,1.87
"24-07-2013",1.61,1.70,1.87,1.48,1.83,1.79,2.00,1.61,1.61,1.96,1.83,1.66,1.61,1.48,1.53,-9999,1.66,1.87,1.53,1.61,1.70,1.96,1.44,1.53
"25-07-2013",1.70,1.66,1.96,1.92,2.35,2.00,1.83,1.87,1.92,2.13,2.05,1.79,1.87,1.57,1.61,1.79,1.79,1.61,1.74,1.57,2.00,2.00,2.22,1.96
"26-07-2013",1.96,1.83,1.70,2.09,2.09,1.87,2.18,2.18,2.09,2.05,1.92,1.87,1.66,1.74,1.70,1.70,1.74,1.66,1.87,1.79,1.83,2.26,2.00,1.87
"27-07-2013",1.92,2.00,1.87,2.05,1.96,1.87,1.87,1.70,1.83,1.61,1.96,1.70,1.79,2.05,1.87,1.61,1.61,1.87,1.79,1.87,1.83,1.87,1.66,-9999
"28-07-2013",1.79,1.53,1.79,1.74,1.70,1.83,1.74,1.87,1.79,1.87,1.70,2.00,1.70,1.70,2.09,1.48,2.35,1.70,1.87,2.00,1.70,1.96,1.61,1.79
"29-07-2013",1.70,1.57,1.87,1.66,1.96,2.05,1.48,2.31,1.79,1.92,2.00,1.70,1.79,1.74,1.70,1.66,1.57,1.70,1.70,1.87,1.70,1.96,1.87,1.79
"30-07-2013",1.66,1.74,1.79,1.79,1.70,1.83,1.96,1.96,1.87,1.96,2.09,1.66,1.87,1.70,1.66,1.83,1.83,1.61,1.83,1.87,1.87,1.96,2.05,1.70
"31-07-2013",2.13,2.05,1.83,1.92,1.79,1.61,2.05,1.53,1.79,1.57,1.70,1.87,1.83,1.83,1.79,1.61,1.96,2.00,1.87,1.66,1.87,1.57,1.66,1.70
"01-08-2013",1.96,1.70,2.13,1.87,1.96,1.79,1.70,1.79,2.00,-9999,1.70,1.87,1.87,2.13,1.87,1.57,2.00,-9999,1.92,1.70,2.09,1.74,1.74,1.66
"02-08-2013",1.79,2.05,1.79,1.74,1.79,1.83,2.05,2.13,1.53,1.87,1.79,1.79,1.70,1.53,1.53,1.57,1.74,1.61,1.74,1.61,1.53,1.74,1.92,1.74
"03-08-2013",1.79,1.83,1.57,1.61,1.57,2.00,1.70,1.92,1.66,1.66,1.57,1.61,1.83,1.66,1.87,1.70,1.87,1.92,1.70,1.70,1.87,1.87,1.87,1.74
"04-08-2013",1.79,1.74,1.79,1.70,1.61,1.74,1.74,1.66,1.57,1.61,1.74,1.87,1.61,1.87,1.79,1.53,1.79,2.05,-9999,1.57,1.70,1.53,1.79,1.87
"05-08-2013",1.61,1.87,1.61,2.31,2.05,1.70,1.92,1.79,2.31,1.83,1.96,1.70,1.61,1.61,1.79,1.66,1.70,1.66,1.92,1.74,1.79,1.61,1.61,1.70
"06-08-2013",1.66,1.79,1.87,1.87,1.83,1.61,1.83,2.31,1.79,1.70,1.79,1.61,1.61,1.83,-9999,1.74,1.83,2.18,1.79,2.05,1.79,1.83,1.96,1.87
"07-08-2013",1.92,-9999,2.00,2.13,2.57,3.09,3.26,2.78,2.48,2.31,2.48,3.17,3.61,2.39,3.39,3.56,2.70,3.17,3.61,3.35,1.92,2.87,3.35,3.22
"08-08-2013",3.65,2.78,2.78,3.47,3.17,3.35,3.00,-9999,2.65,3.17,-9999,3.78,2.52,2.39,2.96,-9999,2.70,2.57,2.65,1.96,2.65,2.96,2.18,1.57
"09-08-2013",-9999,2.44,1.79,2.57,2.13,2.26,2.57,1.92,1.31,1.40,1.35,1.66,1.57,1.35,1.66,1.83,2.13,1.92,1.92,1.92,2.05,1.57,2.22,1.79
"10-08-2013",1.48,1.31,1.87,1.35,-9999,1.40,1.31,1.57,1.40,1.57,1.48,1.79,1.48,1.09,1.22,1.22,1.01,-9999,1.31,1.18,1.35,1.53,1.14,1.31
"11-08-2013",1.70,1.53,1.40,1.35,1.40,1.53,1.53,1.31,1.48,1.53,1.31,2.09,2.00,2.52,1.83,1.53,1.44,1.44,1.66,1.31,1.31,1.40,1.31,1.57
"12-08-2013",1.92,1.40,1.22,1.44,1.92,1.31,1.18,1.05,1.01,1.09,1.18,1.35,1.83,2.13,1.53,1.48,1.05,1.61,-9999,1.66,1.35,1.35,1.18,1.35
"13-08-2013",1.35,1.53,1.22,-9999,1.53,1.74,1.40,1.14,1.18,1.14,1.35,1.87,2.22,1.66,1.92,1.83,1.87,2.52,2.00,-9999,1.05,1.27,1.14,-9999
"14-08-2013",1.14,1.18,1.22,1.31,1.31,1.53,1.09,1.27,1.31,1.22,1.05,1.01,1.14,-9999,1.35,-9999,1.53,1.44,1.44,1.35,1.22,1.44,-9999,1.44
"15-08-2013",1.35,1.40,1.35,1.40,1.35,1.66,1.35,1.14,1.18,-9999,2.52,2.70,3.00,2.52,2.35,2.00,2.31,2.48,-9999,-9999,-9999,-9999,-9999,-9999
"16-08-2013",-9999,-9999,-9999,-9999,-9999,-9999,-9999,-9999,-9999,-9999,-9999,-9999,1.01,1.31,1.66,1.48,2.13,1.44,1.27,1.27,1.22,1.22,1.31,1.31
"17-08-2013",1.31,1.44,1.27,1.70,2.13,2.44,1.57,1.83,2.44,2.44,1.57,1.83,1.35,1.66,1.22,1.53,1.48,1.44,1.74,1.83,1.61,1.44,1.44,1.48
"18-08-2013",1.14,1.40,1.31,1.22,2.13,1.44,1.44,1.44,1.22,1.53,3.13,2.05,3.09,2.87,1.92,1.74,2.35,3.04,1.87,2.00,1.31,1.35,-9999,1.96
"19-08-2013",1.44,1.48,1.35,1.48,1.48,1.27,1.18,1.14,1.14,1.14,-9999,1.22,1.22,2.35,2.13,1.18,0.96,1.05,1.14,1.18,1.18,1.18,1.18,1.57
"20-08-2013",1.31,1.31,1.44,1.40,-9999,1.27,1.44,1.74,1.48,1.44,1.53,1.61,1.79,1.79,2.22,1.96,1.79,1.83,2.22,2.22,1.87,1.92,1.96,2.39
"21-08-2013",1.79,1.74,2.13,2.18,2.78,2.39,2.70,1.79,1.57,1.66,1.79,2.31,3.13,3.48,-9999,1.53,1.53,1.40,1.44,2.09,1.48,1.57,1.40,1.74
"22-08-2013",1.48,1.40,1.61,1.70,2.05,2.31,2.31,2.13,2.44,1.83,1.66,1.61,1.70,1.66,1.61,1.79,2.44,1.70,1.48,1.53,1.57,1.48,1.48,1.66
"23-08-2013",1.53,1.44,1.35,1.57,1.57,1.61,1.53,1.48,1.27,1.48,1.48,1.96,2.39,1.66,1.57,2.09,2.48,2.70,1.70,1.83,2.22,2.52,1.79,1.61
"24-08-2013",1.92,1.83,1.83,1.66,1.61,1.44,1.79,1.66,1.70,1.61,1.53,1.61,1.53,1.92,-9999,1.53,1.61,1.44,1.57,1.40,-9999,-9999,1.57,1.40
"25-08-2013",1.53,1.40,-9999,1.35,1.79,1.57,1.57,1.61,1.48,1.44,1.66,1.66,1.53,1.70,1.44,1.40,1.31,1.31,1.48,1.70,1.48,1.70,1.57,1.53
"26-08-2013",1.48,1.66,1.83,1.57,1.44,-9999,1.61,1.35,1.53,1.44,1.70,1.61,1.44,1.31,1.53,1.48,1.48,1.40,1.53,1.35,1.35,1.53,1.70,1.57
"27-08-2013",1.74,1.66,1.53,-9999,1.48,1.61,1.53,1.35,1.40,1.44,1.48,1.53,1.61,1.48,1.35,1.27,1.44,1.35,1.14,1.35,1.40,1.57,1.57,1.48
"28-08-2013",1.44,1.48,1.61,1.48,1.61,1.48,1.40,1.44,1.70,1.53,1.48,1.70,1.48,1.40,1.44,1.70,1.44,1.31,1.53,1.53,1.31,1.44,1.44,1.35
"29-08-2013",1.31,1.31,1.44,1.53,1.61,1.53,1.40,1.48,1.57,1.35,1.40,1.44,1.48,-9999,1.35,1.57,1.35,1.53,1.48,1.44,1.83,1.83,1.79,1.57
"30-08-2013",1.53,1.61,1.57,1.48,-9999,1.53,1.53,1.44,-9999,1.35,1.44,1.66,1.48,1.53,1.35,1.35,1.27,1.44,1.31,1.31,1.27,1.44,1.40,1.44
"31-08-2013",1.44,1.61,1.44,1.48,1.40,1.27,1.27,1.53,-9999,1.66,1.92,1.66,1.61,1.44,1.70,2.00,1.35,2.31,1.35,2.26,2.31,1.53,1.96,1.35
"01-09-2013",1.61,1.53,1.48,2.18,1.44,1.31,2.44,1.66,2.57,1.57,2.22,1.66,1.70,2.44,1.61,1.83,1.74,2.78,2.26,2.05,2.09,1.70,1.74,1.57
"02-09-2013",1.53,1.66,1.53,1.57,1.61,1.66,2.26,1.79,1.87,1.79,2.39,1.48,1.61,-9999,1.61,1.66,1.57,1.79,2.74,2.57,1.57,1.74,1.48,1.48
"03-09-2013",1.31,1.48,1.31,1.57,1.40,1.44,1.44,1.44,1.57,1.27,1.57,1.57,1.79,1.44,1.53,1.27,1.40,1.48,1.27,1.35,1.57,1.53,1.53,1.66
"04-09-2013",1.57,1.48,1.53,1.48,-9999,1.61,1.31,1.53,1.27,1.44,1.40,2.00,1.66,1.44,1.35,1.48,1.61,1.40,1.57,1.70,1.57,1.66,1.66,1.35
"05-09-2013",1.48,1.57,1.48,1.79,1.53,1.53,1.57,1.61,1.57,1.53,1.79,2.44,1.70,1.48,1.48,1.48,1.57,1.61,1.48,1.66,1.53,1.53,1.31,1.31
"06-09-2013",1.31,1.44,1.44,1.44,1.40,1.31,1.61,1.48,1.61,1.48,1.53,1.79,1.44,1.44,1.40,1.61,1.53,1.31,1.35,1.53,1.66,1.70,1.53,1.53
"07-09-2013",1.57,1.53,1.44,1.57,1.44,1.31,1.61,1.53,1.44,1.66,1.44,1.53,1.35,1.57,1.61,1.57,1.57,1.66,1.66,1.70,1.40,1.53,1.57,1.66
"08-09-2013",1.66,1.79,1.92,1.83,1.87,1.61,1.79,1.70,1.57,1.44,1.31,1.31,1.53,1.22,1.57,-9999,1.48,1.57,1.57,1.44,1.27,1.40,1.53,1.66
"09-09-2013",1.40,1.31,1.57,1.27,1.40,1.27,1.48,1.48,1.31,1.44,1.53,1.74,1.53,1.74,2.05,-9999,2.83,2.05,1.40,2.13,2.09,1.44,1.57,-9999
"10-09-2013",1.40,1.31,1.44,1.40,1.35,1.53,1.57,1.44,-9999,-9999,-9999,-9999,-9999,-9999,-9999,-9999,-9999,-9999,-9999,-9999,-9999,-9999,-9999,-9999
"11-09-2013",-9999,-9999,-9999,-9999,-9999,-9999,-9999,-9999,-9999,-9999,-9999,-9999,-9999,-9999,-9999,-9999,-9999,-9999,-9999,-9999,-9999,-9999,-9999,-9999
"12-09-2013",-9999,-9999,-9999,-9999,-9999,-9999,-9999,-9999,-9999,2.13,1.22,1.44,1.87,1.48,1.40,1.61,1.61,1.44,1.70,1.70,1.79,1.87,1.92,1.96
"13-09-2013",1.66,1.92,1.79,1.83,1.48,1.53,1.66,1.79,1.70,1.70,1.57,1.70,1.70,1.74,1.40,1.40,1.44,1.48,1.44,1.44,1.40,1.53,1.66,1.35
"14-09-2013",1.40,1.40,1.40,1.31,1.31,1.40,1.18,1.44,1.48,1.44,1.40,1.44,1.48,1.40,1.48,1.53,1.61,1.40,1.53,1.35,1.44,1.40,1.22,1.44
"15-09-2013",1.35,1.53,1.40,1.44,1.35,1.48,1.35,1.22,1.48,1.66,2.00,1.70,1.53,1.70,1.57,1.57,1.48,1.61,-9999,1.61,1.53,1.48,1.70,1.35
"16-09-2013",1.44,1.53,1.27,1.40,-9999,1.53,1.57,1.27,1.57,1.61,1.44,1.57,1.35,1.35,1.44,1.35,1.31,1.35,1.66,1.74,1.66,1.53,1.74,1.35
"17-09-2013",-9999,1.57,1.53,1.53,1.53,1.44,1.40,1.44,1.79,1.48,1.44,1.92,1.66,1.53,1.57,1.40,1.44,1.53,1.61,1.53,1.40,1.66,1.61,1.57
"18-09-2013",1.44,1.48,1.48,1.48,1.44,1.61,1.53,1.31,1.61,1.40,1.53,1.48,1.53,1.35,1.40,1.44,1.53,1.87,1.66,1.74,1.53,1.57,1.61,1.53
"19-09-2013",1.66,1.44,1.57,1.57,1.66,1.53,1.35,1.57,1.61,1.61,1.48,1.48,1.53,1.31,1.53,1.44,1.48,1.35,1.44,1.44,1.48,1.61,1.61,1.57
"20-09-2013",1.48,1.40,1.31,1.40,1.53,-9999,1.31,1.35,1.53,1.79,1.66,1.48,1.53,1.40,1.53,1.61,1.35,1.44,1.35,1.35,1.35,1.31,1.57,1.57
"21-09-2013",1.44,1.35,1.35,1.40,1.35,1.53,1.35,1.35,1.79,1.48,1.70,1.79,2.35,1.31,1.44,1.31,1.44,1.66,0.14,2.05,1.79,1.83,1.27,1.18
"22-09-2013",-9999,1.27,1.27,1.35,1.53,1.31,1.53,1.53,1.48,1.35,1.87,2.05,1.96,2.65,1.87,2.26,1.53,2.26,2.05,1.48,1.92,1.44,1.27,1.44
"23-09-2013",1.40,1.66,1.35,1.79,1.92,1.53,1.96,1.44,1.40,1.31,1.57,1.66,1.87,1.87,2.00,1.92,1.35,1.40,1.44,1.57,1.31,1.44,1.57,1.66
"24-09-2013",1.53,1.48,1.79,1.31,1.35,1.31,1.35,1.44,1.48,1.48,1.79,1.53,1.48,1.31,1.44,-9999,1.48,1.40,1.44,1.35,1.48,1.48,1.40,1.48
"25-09-2013",1.35,1.48,1.31,1.70,1.48,1.61,1.70,1.57,1.92,2.48,1.96,1.92,1.74,1.40,1.44,1.27,1.40,1.27,1.61,1.48,1.53,1.31,1.44,1.31
"26-09-2013",1.40,1.53,1.53,1.48,1.22,1.22,1.22,1.48,1.79,1.74,1.66,1.74,1.70,1.53,1.22,1.27,1.27,1.31,1.40,1.35,1.79,1.53,1.48,1.40
"27-09-2013",1.44,1.35,1.40,1.31,1.40,1.53,1.27,1.31,1.61,1.83,1.61,1.53,1.31,1.53,1.35,1.57,1.35,1.22,1.35,1.48,1.61,1.70,1.83,1.70
"28-09-2013",1.44,1.79,1.35,1.40,1.22,1.53,1.61,1.27,1.53,1.70,1.48,1.35,1.35,1.27,1.44,1.31,1.18,1.31,1.31,1.35,1.44,1.27,1.74,1.61
"29-09-2013",1.44,1.44,1.44,1.53,1.44,1.44,1.53,1.66,1.48,1.35,1.53,1.53,1.48,1.44,1.27,1.53,1.27,1.22,1.44,1.35,1.27,1.74,1.44,1.66
"30-09-2013",1.44,1.44,1.40,1.35,1.44,1.53,1.44,1.35,1.83,2.05,2.26,2.05,1.66,1.61,1.48,1.53,1.40,1.40,1.40,1.27,1.44,1.35,1.18,1.18
"01-10-2013",1.39,1.43,1.29,1.52,1.25,1.24,1.44,1.21,1.26,1.39,1.62,1.53,1.43,1.36,1.47,1.41,1.38,1.54,1.25,1.37,1.57,1.44,1.39,1.55
"02-10-2013",1.47,1.45,1.58,1.26,1.26,1.18,1.32,1.20,1.29,1.36,1.45,1.38,1.33,1.35,1.35,1.30,1.43,1.45,1.28,1.30,1.40,1.26,1.21,1.31
"03-10-2013",1.52,1.34,1.32,1.27,1.21,1.29,1.24,1.35,1.26,1.23,1.26,1.20,1.41,1.34,1.26,1.34,1.43,1.28,1.35,1.17,1.26,1.51,1.29,1.34
"04-10-2013",1.31,1.33,1.24,1.51,1.70,-9999,-9999,-9999,-9999,-9999,-9999,-9999,-9999,-9999,-9999,1.30,1.18,1.36,1.25,1.37,1.29,1.33,1.42,1.34
"05-10-2013",1.22,1.56,1.46,2.60,2.66,2.60,2.47,3.08,1.76,3.02,3.43,2.92,3.16,1.92,1.89,2.62,2.91,2.58,2.90,2.98,2.26,2.63,2.16,1.90
"06-10-2013",1.97,3.02,1.73,1.64,3.31,2.89,1.94,2.76,2.64,2.65,3.26,3.39,2.62,2.09,2.33,2.84,3.22,2.58,2.30,2.84,1.86,3.22,2.62,2.58
"07-10-2013",2.35,2.10,1.73,2.36,3.16,2.25,2.45,3.10,2.37,2.65,3.13,2.84,3.28,2.66,2.51,2.72,1.64,2.43,2.41,1.60,1.81,1.51,1.87,2.24
"08-10-2013",2.00,2.51,2.03,2.52,2.86,2.32,2.07,1.85,1.83,1.41,1.82,1.76,1.79,1.65,1.94,1.71,1.91,1.59,1.47,1.49,1.47,1.60,1.62,1.79
"09-10-2013",1.82,1.98,1.53,1.84,1.67,1.74,1.74,1.43,1.55,1.74,1.71,1.62,1.54,1.66,1.55,1.81,1.68,1.73,1.98,1.51,1.75,1.47,1.56,1.81
"10-10-2013",1.70,1.61,1.77,1.59,1.70,1.49,2.14,1.59,2.03,2.19,2.02,1.63,1.60,1.77,1.27,1.68,1.56,1.48,1.35,1.51,2.20,2.43,2.87,2.82
"11-10-2013",2.70,2.49,2.46,2.18,1.90,1.79,2.24,2.02,2.78,2.77,2.78,1.84,1.95,1.80,1.40,1.46,1.37,1.51,1.41,1.58,1.52,1.56,1.54,1.91
"12-10-2013",2.19,2.19,2.17,2.28,2.33,2.16,2.12,1.95,2.28,2.36,2.02,1.77,1.94,1.67,1.41,1.57,1.41,1.51,1.30,1.52,1.45,1.44,-9999,-9999
"13-10-2013",-9999,-9999,-9999,-9999,-9999,-9999,-9999,-9999,-9999,-9999,-9999,-9999,-9999,-9999,-9999,-9999,-9999,-9999,-9999,-9999,-9999,-9999,-9999,-9999
"14-10-2013",-9999,-9999,-9999,-9999,-9999,-9999,-9999,-9999,-9999,-9999,-9999,1.22,1.26,1.44,1.31,1.26,1.33,1.49,1.52,1.47,1.45,1.42,1.53,1.39
"15-10-2013",1.35,1.52,1.56,1.42,1.51,1.39,1.65,1.85,2.04,2.68,2.35,1.82,1.73,1.51,1.54,1.52,1.55,1.49,1.51,1.82,2.14,1.98,2.08,1.94
"16-10-2013",1.73,1.83,1.58,1.51,1.44,1.34,1.53,1.39,1.59,1.99,2.15,1.90,1.59,1.50,1.49,1.61,1.55,1.68,1.77,1.72,1.65,1.51,1.59,1.37
"17-10-2013",1.50,1.41,1.39,1.41,1.53,1.50,1.45,1.51,1.39,1.50,1.65,1.49,1.47,1.46,1.49,1.48,1.50,1.46,1.54,2.02,1.79,1.90,1.79,1.56
"18-10-2013",1.46,1.46,1.47,1.35,1.36,1.22,1.54,1.51,1.52,1.47,1.47,1.58,1.39,1.49,1.29,1.43,1.43,1.46,1.46,1.37,1.64,1.65,1.83,1.78
"19-10-2013",1.60,1.59,1.82,1.33,1.49,1.24,1.61,1.38,1.47,1.77,2.07,1.74,2.03,1.62,1.39,1.50,1.47,1.41,1.46,1.54,1.33,1.48,1.41,1.46
"20-10-2013",1.36,1.42,1.42,1.52,1.30,1.27,1.27,1.34,1.47,1.81,2.06,2.44,2.04,2.34,1.76,1.69,1.56,2.31,1.68,1.68,1.68,1.40,1.40,1.62
"21-10-2013",1.36,1.52,1.51,1.30,1.63,1.39,1.56,1.56,2.30,2.96,1.55,1.81,1.49,1.48,1.34,1.36,1.31,1.34,1.41,1.43,1.78,1.54,1.30,1.43
"22-10-2013",1.44,1.51,1.39,1.51,1.45,1.36,1.43,1.94,1.71,1.98,1.91,-9999,-9999,-9999,-9999,-9999,-9999,-9999,-9999,-9999,-9999,-9999,-9999,-9999
"23-10-2013",-9999,-9999,-9999,-9999,-9999,-9999,-9999,-9999,-9999,-9999,-9999,-9999,-9999,-9999,1.68,1.77,1.52,1.84,1.79,1.77,2.03,1.64,1.90,1.75
"24-10-2013",1.98,1.77,1.60,1.69,1.60,1.24,1.47,1.95,1.61,1.93,1.90,1.85,1.99,1.65,1.50,1.65,1.80,1.57,1.51,1.37,1.38,1.43,1.81,1.65
"25-10-2013",1.65,1.73,1.45,1.57,1.53,1.50,1.61,1.41,1.81,1.67,1.83,1.86,1.50,1.80,1.54,1.72,1.61,1.54,1.37,1.63,1.73,1.42,1.96,2.09
"26-10-2013",1.95,2.03,1.81,2.06,1.73,1.96,1.87,1.90,2.16,1.90,2.12,2.07,1.73,1.90,2.00,1.91,1.54,1.56,1.59,1.51,1.59,1.72,1.90,2.20
"27-10-2013",1.92,2.01,1.84,1.89,1.74,1.89,1.92,2.14,1.90,2.12,1.77,1.51,1.78,1.78,1.81,1.68,1.76,2.03,1.91,2.37,2.79,2.92,2.59,2.46
"28-10-2013",2.43,2.50,2.69,2.29,2.04,1.85,1.91,1.92,2.13,2.08,1.81,2.11,1.81,1.59,1.47,1.79,1.59,1.79,1.82,1.63,1.81,2.07,2.05,2.32
"29-10-2013",2.35,2.24,2.27,1.93,1.83,2.00,1.84,2.11,2.68,2.78,1.98,1.85,1.90,1.90,1.85,1.58,1.78,1.94,2.16,2.24,2.20,2.46,2.75,2.96
"30-10-2013",3.35,3.29,2.58,2.34,2.13,2.02,1.87,2.23,2.42,2.31,2.04,1.70,1.50,1.90,1.86,1.70,1.91,2.26,2.37,2.57,2.35,2.03,1.68,1.61
"31-10-2013",1.69,1.98,1.88,1.75,1.64,1.60,2.15,2.36,2.67,2.59,1.84,1.47,1.49,1.33,1.26,1.15,1.26,1.25,1.45,1.60,2.00,2.29,2.03,1.55
"01-11-2013",1.47,1.45,1.41,1.31,1.55,1.36,1.43,1.30,1.54,1.44,1.48,1.22,1.55,1.53,1.46,1.49,1.56,1.36,1.46,1.43,1.51,1.60,1.48,1.63
"02-11-2013",1.74,2.01,1.77,1.51,1.40,1.64,1.56,1.54,1.63,1.74,1.64,1.60,1.54,1.57,1.68,1.56,1.61,1.65,1.60,2.02,1.83,2.04,2.44,2.20
"03-11-2013",2.25,1.99,1.99,1.53,1.89,1.87,1.68,1.85,1.77,1.64,1.78,1.44,1.39,1.43,1.48,1.68,1.54,1.54,1.45,1.57,1.67,1.59,1.52,1.66
"04-11-2013",2.16,1.76,1.85,1.67,1.52,1.51,1.60,1.99,2.90,2.15,1.71,1.47,1.47,1.48,1.56,1.50,1.96,1.77,1.84,1.77,1.85,1.83,1.85,1.85
"05-11-2013",1.71,1.95,1.73,1.71,1.51,1.61,1.87,2.04,2.32,2.07,1.70,1.30,1.22,1.39,1.43,1.49,1.19,1.27,1.26,1.20,1.37,1.44,1.26,1.13
"06-11-2013",1.39,1.28,1.20,1.17,1.29,1.69,1.29,1.17,1.17,1.25,1.32,1.14,1.39,1.30,1.26,1.34,1.30,1.17,1.17,1.34,1.36,1.39,1.41,1.53
"07-11-2013",1.38,1.08,1.32,1.26,1.37,1.31,1.28,1.44,1.42,1.39,1.47,1.39,1.17,1.27,1.26,1.18,1.48,1.21,1.27,1.30,1.26,1.32,1.34,1.53
"08-11-2013",1.29,1.25,1.46,1.28,1.32,-9999,-9999,-9999,-9999,-9999,-9999,-9999,-9999,-9999,-9999,-9999,-9999,-9999,-9999,-9999,-9999,-9999,-9999,-9999
"09-11-2013",-9999,-9999,-9999,-9999,-9999,-9999,-9999,-9999,-9999,-9999,-9999,-9999,-9999,-9999,-9999,-9999,-9999,-9999,-9999,-9999,-9999,-9999,-9999,-9999
"10-11-2013",-9999,-9999,-9999,-9999,-9999,-9999,-9999,-9999,-9999,-9999,-9999,-9999,-9999,-9999,-9999,-9999,-9999,-9999,-9999,-9999,-9999,-9999,-9999,-9999
"11-11-2013",-9999,-9999,-9999,-9999,-9999,-9999,-9999,-9999,-9999,-9999,-9999,-9999,-9999,-9999,-9999,-9999,-9999,-9999,-9999,-9999,-9999,-9999,-9999,-9999
"12-11-2013",-9999,-9999,-9999,-9999,-9999,-9999,-9999,-9999,-9999,-9999,-9999,0.98,1.08,0.89,1.09,1.13,1.04,0.90,1.08,1.36,1.22,1.07,1.25,1.39
"13-11-2013",1.17,1.17,1.20,1.16,1.25,1.37,1.06,1.09,1.12,1.22,1.48,1.39,1.19,1.22,1.23,1.19,1.16,1.13,1.17,1.13,1.20,1.34,1.29,1.07
"14-11-2013",1.19,1.52,1.10,1.30,1.28,1.19,1.38,1.20,1.26,1.11,1.16,1.42,1.46,1.34,1.27,1.64,1.52,1.29,1.42,1.34,1.27,1.47,1.38,1.34
"15-11-2013",1.61,1.47,1.34,2.53,2.21,2.66,1.48,1.59,1.46,1.47,1.47,1.50,1.47,1.47,1.65,1.45,1.49,1.60,1.37,1.40,1.55,1.48,1.92,2.74
"16-11-2013",1.85,1.88,1.73,2.11,2.33,2.01,2.32,2.17,3.25,2.98,3.28,2.75,2.83,2.41,2.75,2.50,2.60,3.10,1.59,2.92,2.42,2.61,3.44,2.21
"17-11-2013",2.51,2.04,2.15,1.63,2.79,2.47,3.26,3.22,3.28,3.56,3.43,3.37,2.68,2.44,2.97,2.66,2.94,2.54,3.42,2.66,1.94,1.52,3.13,1.68
"18-11-2013",2.32,2.34,2.48,3.03,2.31,2.90,1.90,1.57,1.39,1.68,1.63,1.95,1.64,-9999,-9999,-9999,-9999,-9999,-9999,-9999,-9999,-9999,-9999,-9999
"19-11-2013",-9999,-9999,-9999,-9999,-9999,-9999,-9999,-9999,-9999,-9999,-9999,-9999,-9999,-9999,-9999,-9999,-9999,-9999,-9999,-9999,-9999,-9999,-9999,-9999
"20-11-2013",-9999,-9999,-9999,-9999,-9999,-9999,-9999,-9999,-9999,-9999,-9999,-9999,-9999,-9999,-9999,-9999,-9999,-9999,-9999,-9999,-9999,-9999,-9999,-9999
"21-11-2013",-9999,-9999,-9999,-9999,-9999,-9999,-9999,-9999,-9999,-9999,-9999,-9999,-9999,-9999,-9999,-9999,-9999,-9999,-9999,-9999,-9999,-9999,-9999,-9999
"22-11-2013",-9999,-9999,-9999,-9999,-9999,-9999,-9999,-9999,-9999,-9999,-9999,-9999,-9999,-9999,-9999,-9999,-9999,-9999,-9999,-9999,-9999,-9999,-9999,-9999
"23-11-2013",-9999,-9999,-9999,-9999,-9999,-9999,-9999,-9999,-9999,-9999,-9999,-9999,-9999,-9999,-9999,-9999,-9999,-9999,-9999,-9999,-9999,-9999,-9999,-9999
"24-11-2013",-9999,-9999,-9999,-9999,-9999,-9999,-9999,-9999,-9999,-9999,-9999,-9999,-9999,-9999,-9999,-9999,-9999,-9999,-9999,-9999,-9999,-9999,-9999,-9999
"25-11-2013",-9999,-9999,-9999,-9999,-9999,-9999,-9999,-9999,-9999,-9999,-9999,-9999,-9999,-9999,-9999,1.16,2.10,2.24,2.65,2.49,2.14,2.21,1.90,1.93
"26-11-2013",2.23,2.06,2.07,1.87,1.64,1.49,1.70,1.63,2.48,2.28,2.05,1.84,1.63,1.68,1.55,1.70,1.56,1.73,1.66,2.05,2.05,2.55,2.97,3.13
"27-11-2013",3.26,2.58,2.22,1.95,1.61,1.39,1.36,1.46,1.91,1.77,1.64,1.53,1.86,1.80,1.45,1.65,1.85,1.78,2.05,1.96,2.04,1.81,1.98,1.68
"28-11-2013",1.59,1.56,1.56,1.44,1.71,1.51,1.73,1.43,1.52,1.73,1.47,1.58,1.52,1.64,1.64,1.58,1.73,1.68,1.73,1.77,1.82,1.78,1.91,1.82
"29-11-2013",1.82,2.02,1.94,1.83,1.82,1.69,1.93,1.81,1.77,1.70,1.74,2.32,1.98,1.83,1.73,1.65,1.96,1.78,1.89,2.00,2.28,2.02,2.80,2.47
"30-11-2013",2.00,2.15,2.20,1.94,1.97,2.14,2.20,2.31,2.21,2.04,2.19,1.83,1.97,2.41,2.67,2.06,1.85,2.57,2.40,3.61,2.49,2.10,2.38,2.32
"01-12-2013",3.42,3.39,2.71,3.22,3.73,3.36,3.52,3.44,4.32,3.29,2.82,1.85,1.88,2.65,2.53,3.30,3.41,2.14,3.47,3.09,4.01,2.77,2.24,2.14
"02-12-2013",1.97,2.07,2.25,1.85,2.96,3.28,3.23,2.24,1.92,1.61,1.88,1.50,2.04,1.40,1.68,1.45,1.51,2.19,1.56,1.83,2.71,2.80,2.95,3.37
"03-12-2013",2.52,2.83,2.70,2.39,2.95,3.26,2.96,3.17,2.87,3.13,2.52,3.65,3.52,3.04,3.43,3.26,3.47,1.35,3.52,3.69,4.04,3.87,3.43,3.65
"04-12-2013",3.26,2.74,2.91,4.13,3.43,1.96,2.96,3.82,4.04,1.74,2.83,3.65,3.26,3.39,3.69,3.39,0.88,0.88,1.48,1.48,1.83,1.18,1.40,2.78
"05-12-2013",3.56,3.43,2.05,1.74,1.31,1.35,3.61,1.27,1.27,1.83,1.27,1.09,3.99,1.05,1.48,1.27,1.35,1.79,2.31,2.87,1.83,2.09,2.35,1.83
"06-12-2013",1.57,1.74,1.92,1.48,1.48,1.74,2.05,1.66,2.74,1.18,2.22,2.22,1.31,1.31,1.18,1.14,1.31,1.92,1.53,1.48,2.05,2.18,1.92,2.18
"07-12-2013",1.31,1.61,2.35,1.31,1.48,1.40,1.74,1.66,1.70,2.22,1.57,1.74,1.48,1.14,1.57,1.35,2.05,1.27,1.35,1.40,1.18,1.96,2.61,1.92
"08-12-2013",1.57,2.05,2.78,1.74,1.83,3.61,3.65,4.47,3.43,3.65,2.05,2.05,1.18,1.14,1.66,2.83,1.66,1.66,1.61,1.40,2.05,1.44,1.22,1.48
"09-12-2013",2.05,1.53,4.12,3.35,1.74,1.18,1.53,2.74,3.61,3.09,1.27,1.48,1.74,1.53,3.30,2.83,3.21,0.96,1.83,1.35,1.48,1.57,2.05,1.74
"10-12-2013",1.87,1.74,1.96,1.92,2.09,2.18,1.44,1.53,2.52,2.00,3.30,1.09,1.53,1.35,1.48,1.74,1.96,2.52,2.91,3.35,2.87,2.57,3.09,4.21
"11-12-2013",3.26,3.17,3.13,2.52,3.04,2.44,3.73,2.96,3.82,2.96,3.13,2.78,2.74,2.44,3.22,3.69,3.13,3.26,3.56,3.87,3.47,1.87,3.35,3.22
"12-12-2013",3.56,1.74,2.74,2.78,2.87,2.18,3.52,3.47,3.99,3.39,3.56,3.52,3.43,3.35,3.13,3.56,2.74,3.26,2.96,4.08,3.26,2.96,3.95,3.35
"13-12-2013",2.78,3.43,3.35,1.87,2.65,3.13,3.65,3.43,2.65,2.44,-9999,-9999,-9999,-9999,-9999,-9999,-9999,-9999,-9999,-9999,-9999,-9999,-9999,-9999
"14-12-2013",-9999,-9999,-9999,-9999,-9999,-9999,-9999,-9999,-9999,-9999,-9999,-9999,-9999,-9999,-9999,-9999,-9999,-9999,-9999,-9999,-9999,-9999,-9999,-9999
"15-12-2013",-9999,-9999,-9999,-9999,-9999,-9999,-9999,-9999,-9999,-9999,-9999,-9999,-9999,-9999,-9999,-9999,-9999,-9999,-9999,-9999,-9999,-9999,-9999,-9999
"16-12-2013",-9999,-9999,-9999,-9999,-9999,-9999,-9999,-9999,-9999,-9999,-9999,-9999,-9999,-9999,-9999,1.66,2.05,2.09,2.44,2.05,1.96,2.13,2.44,2.78
"17-12-2013",2.35,2.31,2.52,2.65,3.43,2.31,3.39,2.31,3.13,2.22,2.61,3.39,2.87,2.44,2.35,2.13,3.00,3.43,2.48,3.26,3.04,2.65,2.13,3.13
"18-12-2013",2.91,3.22,3.82,3.04,1.40,2.78,3.39,3.35,3.82,3.22,3.26,3.21,3.82,2.96,3.61,3.87,3.04,3.43,1.40,3.52,1.70,2.74,2.22,2.78
"19-12-2013",1.66,2.22,2.83,3.82,1.87,3.21,2.91,3.04,3.26,3.04,1.18,1.01,1.66,1.35,1.18,1.61,1.18,1.48,1.66,1.57,1.48,1.92,1.87,1.87
"20-12-2013",2.13,1.66,1.40,1.31,1.87,3.87,1.74,1.87,2.78,3.35,1.87,1.57,1.79,1.40,2.39,1.27,1.44,2.31,2.13,1.48,1.48,2.05,1.70,1.96
"21-12-2013",1.57,1.31,1.44,1.14,1.79,1.35,1.61,1.96,2.70,2.74,2.05,1.35,1.74,1.40,1.14,1.96,1.92,1.74,2.44,1.96,1.87,1.53,1.31,1.87
"22-12-2013",1.31,1.70,1.44,2.91,1.79,1.79,1.57,2.65,2.00,3.43,1.66,1.57,1.70,1.35,1.74,1.35,1.61,1.44,1.92,1.66,1.40,2.95,1.61,1.87
"23-12-2013",2.18,1.57,2.09,1.53,1.40,2.35,3.65,3.56,2.78,3.56,1.66,1.31,1.27,1.48,1.96,2.70,3.39,1.40,1.05,1.48,1.70,2.39,1.35,1.79
"24-12-2013",1.79,2.05,1.57,1.61,1.57,2.05,1.87,1.79,1.87,1.87,1.27,1.57,1.48,1.96,2.05,1.96,1.79,1.96,1.74,1.92,1.53,1.14,1.18,1.31
"25-12-2013",1.79,1.18,1.14,2.39,2.18,1.31,1.70,0.96,2.70,1.96,1.09,1.18,1.27,1.87,1.53,1.35,2.22,2.05,-9999,-9999,-9999,-9999,-9999,-9999
"26-12-2013",-9999,-9999,-9999,-9999,-9999,-9999,-9999,-9999,-9999,-9999,-9999,-9999,-9999,-9999,-9999,-9999,-9999,-9999,-9999,-9999,-9999,-9999,-9999,-9999
"27-12-2013",-9999,-9999,-9999,-9999,-9999,-9999,-9999,-9999,-9999,-9999,-9999,-9999,1.53,1.14,1.96,1.44,1.66,1.48,1.70,2.31,1.79,2.05,1.18,1.66
"28-12-2013",1.66,1.48,1.66,1.48,1.22,3.00,2.74,1.48,1.22,1.66,1.05,0.92,1.79,0.88,1.27,1.66,1.27,0.96,1.44,1.27,1.14,1.18,1.18,1.57
"29-12-2013",1.27,1.61,1.14,1.14,1.57,1.66,1.40,1.27,1.61,1.92,0.83,1.27,1.05,1.09,1.27,1.09,0.96,0.92,1.18,1.40,1.31,1.83,1.27,1.40
"30-12-2013",1.53,1.18,1.18,1.44,1.48,1.44,1.18,1.27,1.14,1.09,1.27,1.14,1.18,1.44,1.35,1.35,1.27,1.96,1.18,1.57,1.18,1.96,1.48,1.01
"31-12-2013",1.44,1.27,1.05,1.31,1.27,1.48,3.13,3.52,1.48,1.48,2.65,1.74,2.70,1.48,3.21,3.39,1.66,3.30,3.09,2.95,3.09,2.95,3.56,3.21
