"01-01-2013",43,38,42,42,42,37,36,37,37,31,24,28,35,26,17,22,25,28,39,46,47,45,39,37
"02-01-2013",37,35,32,31,28,26,28,36,41,57,48,49,47,47,49,53,57,62,57,59,67,60,56,53
"03-01-2013",45,44,38,39,34,35,45,41,50,65,76,65,44,43,43,45,31,37,49,55,59,60,53,52
"04-01-2013",52,50,44,46,46,50,61,57,48,59,62,57,50,48,45,56,60,59,63,62,67,59,59,60
"05-01-2013",57,51,40,35,39,41,39,46,46,46,38,42,39,38,43,45,47,54,56,57,57,61,59,55
"06-01-2013",51,49,47,46,40,28,21,21,21,19,17,23,28,28,24,26,26,27,21,24,31,39,34,37
"07-01-2013",32,25,25,24,29,31,37,42,44,45,40,38,45,45,43,40,32,33,36,31,31,28,17,17
"08-01-2013",18,16,11,9,10,18,23,26,25,28,25,31,34,35,34,40,37,33,33,32,46,43,37,38
"09-01-2013",34,25,24,25,27,30,41,45,43,48,43,44,37,44,48,43,46,50,51,49,60,56,57,52
"10-01-2013",51,49,43,40,38,42,49,55,59,60,55,49,45,45,43,45,46,44,53,69,77,80,78,70
"11-01-2013",56,55,56,49,30,38,49,56,75,83,78,66,59,61,59,63,67,61,66,70,72,71,65,66
"12-01-2013",57,53,47,49,48,40,43,49,53,53,63,59,52,48,58,52,56,53,61,58,56,54,59,58
"13-01-2013",56,49,40,40,42,36,40,36,37,46,50,42,44,40,47,37,22,25,46,59,62,60,59,55
"14-01-2013",45,45,45,45,42,45,54,61,63,58,52,48,40,28,36,33,41,47,53,62,64,65,60,57
"15-01-2013",52,51,43,46,49,50,60,63,68,57,51,54,50,49,48,44,35,29,33,34,35,27,34,24
"16-01-2013",24,17,14,11,11,22,24,30,34,50,43,35,27,40,43,43,36,50,58,57,50,42,38,34
"17-01-2013",37,36,40,43,43,43,49,60,53,65,52,135,65,68,65,74,64,61,60,55,59,57,40,35
"18-01-2013",29,21,18,16,17,30,45,62,58,55,51,54,61,65,60,68,68,70,73,65,69,71,67,69
"19-01-2013",64,56,52,51,60,63,64,64,59,53,52,51,48,52,51,53,59,71,72,73,71,65,64,64
"20-01-2013",64,56,61,61,54,54,56,57,54,58,66,62,67,56,51,45,44,44,44,52,55,53,58,37
"21-01-2013",35,53,52,51,51,53,60,66,72,-9999,-9999,46,43,35,28,35,34,31,37,40,47,51,52,60
"22-01-2013",58,-9999,48,46,49,54,64,71,67,73,73,66,63,65,68,65,65,68,69,63,65,69,60,65
"23-01-2013",53,50,50,44,45,53,59,75,-9999,66,59,57,58,59,64,66,67,72,75,77,75,73,66,64
"24-01-2013",60,56,52,47,46,53,57,54,49,39,33,33,30,26,30,30,44,57,50,59,59,77,70,65
"25-01-2013",61,59,55,56,55,61,54,62,64,67,69,50,46,48,44,33,50,42,53,53,47,51,34,36
"26-01-2013",31,46,41,37,38,51,53,57,59,43,49,46,31,37,50,57,49,45,55,56,57,53,53,47
"27-01-2013",44,42,41,40,35,39,39,45,36,41,43,38,39,38,21,19,20,26,30,33,38,37,34,31
"28-01-2013",21,27,26,26,28,39,43,50,47,49,63,55,52,50,50,56,64,66,66,69,63,63,58,53
"29-01-2013",50,33,37,42,41,44,55,59,57,52,52,31,31,44,33,36,39,42,47,46,46,43,54,56
"30-01-2013",54,44,46,42,43,45,54,68,66,69,64,65,65,59,66,68,67,58,59,75,70,72,57,36
"31-01-2013",32,36,36,40,51,56,59,62,67,89,71,63,61,63,66,66,72,60,50,48,53,49,39,41
"01-02-2013",25,22,27,25,48,58,65,63,73,76,71,68,63,60,62,66,65,70,76,79,79,79,73,73
"02-02-2013",73,63,60,61,57,50,53,58,64,66,62,56,52,51,56,50,56,58,67,68,65,55,52,48
"03-02-2013",40,30,22,23,24,24,25,27,33,21,21,22,19,21,24,25,26,28,33,38,32,31,23,20
"04-02-2013",23,25,18,20,28,50,58,60,65,69,72,70,65,67,67,51,53,57,55,48,65,68,59,58
"05-02-2013",54,49,50,48,34,28,31,43,64,44,41,38,35,43,47,42,27,28,45,52,51,47,56,53
"06-02-2013",44,47,46,45,41,43,45,60,65,67,67,64,64,65,63,68,71,70,72,69,73,71,71,67
"07-02-2013",54,44,31,30,25,38,50,54,56,46,37,38,32,43,33,36,41,46,45,54,53,45,41,56
"08-02-2013",58,45,34,30,35,59,67,77,72,75,68,60,60,62,60,69,67,67,69,69,71,66,62,65
"09-02-2013",63,57,48,50,46,49,52,53,65,63,56,53,53,52,52,55,56,68,69,70,72,67,64,63
"10-02-2013",60,61,58,55,55,57,59,59,54,65,53,55,51,49,49,55,59,61,66,65,66,66,65,57
"11-02-2013",55,46,46,38,41,55,62,73,63,65,63,49,54,60,57,56,59,64,64,66,62,59,64,61
"12-02-2013",57,52,49,47,50,49,54,63,78,73,75,58,51,56,52,63,51,54,58,61,61,54,47,34
"13-02-2013",25,25,20,14,12,12,24,27,19,30,29,52,46,48,47,52,65,51,53,59,63,46,56,48
"14-02-2013",30,34,54,25,39,42,56,65,66,56,25,55,65,53,44,47,63,66,66,67,65,62,60,61
"15-02-2013",54,47,45,47,49,50,66,68,62,63,60,41,27,32,34,43,38,38,43,50,50,48,51,48
"16-02-2013",44,41,40,39,41,37,39,45,42,45,38,49,50,47,37,51,37,25,35,38,53,53,56,52
"17-02-2013",48,42,41,37,28,27,26,30,23,25,33,30,28,36,35,36,34,41,48,52,59,52,55,46
"18-02-2013",48,39,34,34,29,40,41,55,57,53,47,-9999,48,51,39,27,24,31,38,62,66,65,61,58
"19-02-2013",54,53,51,47,43,37,37,65,65,56,58,69,70,67,71,76,75,74,70,71,71,67,62,56
"20-02-2013",56,47,48,35,44,48,58,68,69,73,59,40,41,56,61,65,71,74,70,72,76,70,59,64
"21-02-2013",62,53,50,48,30,47,60,68,78,77,59,54,43,37,31,31,27,27,52,55,45,35,16,13
"22-02-2013",10,8,7,8,26,27,43,50,45,53,57,61,64,62,57,59,63,48,45,49,53,57,47,61
"23-02-2013",45,39,38,35,35,34,39,42,53,58,60,64,58,57,58,57,59,72,71,67,70,69,64,59
"24-02-2013",51,48,44,43,42,42,40,44,57,53,53,47,48,50,47,28,29,35,42,44,51,45,62,58
"25-02-2013",50,39,37,35,41,44,52,62,76,85,34,35,22,24,21,27,34,32,33,34,38,29,26,22
"26-02-2013",15,14,15,18,11,29,36,51,48,54,66,62,57,58,62,67,69,70,68,66,65,64,63,55
"27-02-2013",54,51,46,38,39,59,67,74,69,75,64,60,59,55,57,62,60,62,63,65,65,67,50,43
"28-02-2013",55,42,34,33,15,29,31,36,36,33,34,30,23,25,23,29,33,28,27,32,38,37,36,40
"01-03-2013",22,31,20,20,29,30,46,58,55,56,52,54,56,65,66,68,68,74,80,80,75,70,60,59
"02-03-2013",58,56,52,51,52,50,51,48,61,70,70,65,58,61,62,63,64,43,29,47,56,44,29,38
"03-03-2013",32,30,25,20,19,21,17,16,16,16,17,20,22,24,28,26,35,42,58,51,61,59,53,51
"04-03-2013",51,44,40,44,30,42,51,60,65,66,65,54,47,54,64,77,77,39,35,62,72,63,63,59
"05-03-2013",49,42,44,33,21,21,30,43,49,53,37,31,30,25,31,35,30,43,46,45,45,46,33,30
"06-03-2013",37,20,18,18,18,28,44,54,49,59,56,51,65,79,77,82,79,80,71,67,69,71,66,59
"07-03-2013",55,51,32,33,43,41,63,73,80,78,74,75,72,-9999,72,59,39,39,55,74,75,66,70,67
"08-03-2013",61,53,52,43,45,42,49,57,64,72,80,80,74,67,66,71,70,72,74,79,83,79,75,77
"09-03-2013",71,60,59,50,49,50,54,55,65,72,66,58,58,61,57,57,63,67,71,70,75,70,65,61
"10-03-2013",66,61,60,57,51,45,58,62,55,51,54,57,54,54,57,58,57,65,70,72,76,77,70,63
"11-03-2013",57,60,55,53,50,48,56,62,76,75,80,71,65,68,72,73,74,75,71,73,65,62,57,49
"12-03-2013",59,52,50,44,52,60,70,73,78,78,68,67,62,60,61,66,61,67,70,64,65,65,49,39
"13-03-2013",44,44,36,42,44,45,62,67,75,65,50,61,48,44,51,53,64,60,69,73,71,53,35,32
"14-03-2013",32,28,25,25,21,32,43,61,66,47,55,31,23,33,32,26,33,32,28,29,39,48,43,43
"15-03-2013",38,27,26,25,26,42,57,66,66,57,54,58,55,55,69,63,63,61,60,66,69,67,55,55
"16-03-2013",47,51,47,46,46,50,53,54,46,50,43,47,51,41,43,37,44,51,55,54,53,54,50,43
"17-03-2013",50,50,51,46,41,34,37,30,33,36,40,39,46,40,44,33,13,16,22,36,60,60,60,59
"18-03-2013",56,48,53,45,44,43,40,34,30,32,47,41,42,41,42,44,40,44,38,45,49,54,48,32
"19-03-2013",40,25,23,21,27,40,56,61,56,56,52,42,50,48,49,43,48,40,40,48,52,66,70,66
"20-03-2013",58,60,55,47,41,42,46,65,80,94,98,95,81,74,74,73,69,78,82,78,74,74,71,63
"21-03-2013",59,58,55,50,48,53,56,73,78,87,84,48,40,47,44,46,68,61,47,62,77,73,60,49
"22-03-2013",35,25,31,31,39,51,65,63,58,50,47,43,45,50,51,49,55,56,55,56,61,68,53,50
"23-03-2013",64,50,49,56,39,54,63,59,52,53,49,58,58,55,59,59,59,66,61,69,51,50,56,65
"24-03-2013",66,61,60,56,57,60,53,53,43,47,49,49,46,37,39,38,35,38,40,41,52,69,56,57
"25-03-2013",59,54,34,43,45,51,49,55,51,36,21,16,17,14,15,13,13,21,27,28,27,22,27,23
"26-03-2013",32,36,35,28,32,43,57,75,73,71,63,60,52,57,58,58,58,63,59,63,65,57,62,60
"27-03-2013",51,43,37,34,44,63,73,73,73,68,72,71,65,58,58,65,63,69,72,71,70,66,57,58
"28-03-2013",50,48,48,47,32,36,57,64,67,66,55,46,54,57,69,69,68,74,71,72,56,62,58,52
"29-03-2013",45,45,39,36,37,41,49,57,63,59,-9999,-9999,62,63,70,74,75,76,75,75,74,75,71,67
"30-03-2013",65,60,54,56,52,52,57,69,65,54,64,61,57,59,58,51,54,58,64,65,65,64,62,60
"31-03-2013",61,58,58,52,48,49,48,42,20,22,43,43,44,51,51,52,55,45,61,61,58,59,58,55
"01-04-2013",51,45,43,50,53,63,-9999,80,76,72,70,64,56,49,52,63,62,67,64,67,65,68,63,50
"02-04-2013",46,43,47,48,46,49,54,55,70,83,84,79,66,64,59,43,49,62,40,28,41,28,46,26
"03-04-2013",23,32,29,33,36,44,51,67,62,68,66,56,56,51,59,56,54,52,56,59,60,58,64,52
"04-04-2013",53,37,44,32,39,52,67,74,73,73,66,53,53,54,56,58,63,63,66,71,73,71,56,50
"05-04-2013",48,40,45,51,48,54,56,69,69,78,80,67,63,61,55,61,45,36,35,45,42,31,55,60
"06-04-2013",53,57,44,37,42,56,51,53,60,78,90,73,73,69,60,65,70,72,69,69,70,71,71,33
"07-04-2013",11,12,11,10,9,7,11,7,14,19,14,11,11,14,21,42,42,63,63,65,62,58,54,50
"08-04-2013",51,44,42,37,42,51,56,63,49,51,49,49,46,53,55,56,60,58,57,59,60,55,42,38
"09-04-2013",38,34,33,35,40,49,49,56,66,69,64,63,65,68,65,71,67,68,71,75,76,73,68,60
"10-04-2013",61,51,46,44,51,59,64,65,66,71,72,70,70,69,68,59,62,57,54,72,75,72,69,64
"11-04-2013",63,58,49,48,47,46,54,60,66,68,74,73,60,66,61,63,73,49,74,79,83,79,79,77
"12-04-2013",65,60,56,50,43,46,50,59,74,92,100,90,73,76,76,80,76,74,63,72,68,70,74,69
"13-04-2013",72,68,60,63,57,47,47,52,71,65,73,66,65,63,72,66,64,68,69,72,77,77,77,73
"14-04-2013",68,67,57,61,59,49,58,60,64,66,54,48,43,38,40,34,28,16,24,22,30,38,51,30
"15-04-2013",15,16,22,13,20,22,29,34,68,63,51,52,53,38,42,33,33,34,39,39,40,35,36,41
"16-04-2013",34,36,33,23,12,37,57,61,57,59,49,51,47,45,41,37,35,33,35,27,25,22,42,38
"17-04-2013",37,34,38,33,46,51,52,56,60,54,42,35,31,33,32,32,45,26,28,43,37,53,59,46
"18-04-2013",48,22,19,22,18,20,41,50,51,45,30,24,24,29,33,31,33,33,34,37,54,57,49,49
"19-04-2013",48,41,33,32,39,48,60,79,77,65,58,62,60,40,42,46,40,40,43,42,44,61,60,57
"20-04-2013",51,53,55,44,42,49,52,59,49,47,38,32,24,28,29,25,35,37,35,30,38,37,43,59
"21-04-2013",60,56,37,35,44,41,39,49,48,43,37,39,42,35,28,26,17,18,54,76,80,78,71,55
"22-04-2013",65,58,53,50,38,48,67,73,77,52,45,51,33,67,82,60,74,71,17,18,26,66,70,57
"23-04-2013",46,50,47,47,51,58,69,78,74,45,43,30,41,35,22,21,19,25,35,47,59,68,65,61
"24-04-2013",34,44,36,48,42,51,64,82,78,90,86,61,45,53,43,36,30,21,29,41,51,43,49,58
"25-04-2013",70,63,51,51,53,61,77,83,81,43,56,60,57,28,28,35,23,78,99,92,61,74,72,72
"26-04-2013",67,66,64,60,55,61,73,82,91,101,87,73,46,87,102,108,102,82,68,28,70,97,90,83
"27-04-2013",81,74,72,66,62,62,63,68,90,105,95,88,76,73,73,74,72,75,73,87,93,92,88,83
"28-04-2013",80,80,75,71,64,56,57,66,68,72,76,69,69,64,64,57,53,64,73,81,88,88,82,71
"29-04-2013",60,67,65,60,58,57,59,74,95,112,110,96,106,106,104,101,101,101,103,103,104,101,97,89
"30-04-2013",82,65,72,64,66,70,75,85,101,102,103,56,49,38,26,24,23,25,29,35,30,25,45,38
"01-05-2013",47,62,62,58,54,66,69,73,76,78,46,42,34,32,24,19,17,17,19,31,60,57,57,65
"02-05-2013",43,29,29,24,34,53,72,56,83,59,42,38,40,26,27,31,23,30,25,20,16,34,27,39
"03-05-2013",20,51,52,55,63,66,59,58,48,57,63,20,21,34,73,79,73,72,82,84,81,77,78,76
"04-05-2013",74,62,66,56,53,55,59,60,73,80,85,86,82,80,74,65,67,55,66,77,75,78,76,73
"05-05-2013",67,67,56,60,53,53,52,60,61,72,70,56,59,52,43,44,46,55,61,70,79,83,78,64
"06-05-2013",60,22,45,32,13,30,54,35,20,17,16,15,16,12,17,13,11,13,15,17,23,18,12,12
"07-05-2013",14,15,15,15,14,24,22,18,27,22,18,21,19,20,19,20,13,15,16,26,30,33,40,60
"08-05-2013",61,49,47,43,51,57,58,61,72,81,77,77,64,65,63,22,18,32,30,13,12,23,29,37
"09-05-2013",35,32,16,18,28,44,48,53,39,25,29,24,25,24,26,20,18,19,19,17,28,21,21,31
"10-05-2013",30,35,36,33,39,51,54,62,65,36,23,23,21,20,22,31,50,57,61,61,60,63,33,45
"11-05-2013",41,59,56,53,49,55,55,60,62,59,66,64,62,61,66,64,63,65,66,66,69,76,72,66
"12-05-2013",65,62,56,54,56,54,54,59,54,56,60,56,49,50,47,45,29,51,60,69,71,60,60,42
"13-05-2013",50,56,44,39,46,54,71,73,70,68,60,59,60,69,74,56,33,31,40,73,59,61,47,43
"14-05-2013",45,38,40,34,32,45,52,57,57,61,56,53,54,60,57,52,54,58,68,62,55,36,55,55
"15-05-2013",56,52,51,47,44,50,51,68,78,83,86,73,73,74,71,70,63,68,71,72,68,73,73,71
"16-05-2013",69,60,48,48,48,50,50,59,68,75,85,102,90,80,75,74,68,52,51,68,74,68,67,55
"17-05-2013",49,44,54,53,54,56,64,77,77,79,79,74,76,67,80,82,86,82,83,80,79,77,69,67
"18-05-2013",67,66,62,62,68,61,59,65,72,67,76,75,93,100,90,82,74,80,75,80,81,80,70,72
"19-05-2013",70,63,60,63,60,58,55,64,61,64,74,88,80,85,83,73,67,78,77,77,68,62,74,76
"20-05-2013",74,72,67,58,58,64,66,72,84,74,68,78,79,80,80,82,80,78,81,85,80,83,68,68
"21-05-2013",59,59,52,51,47,55,57,74,87,91,100,90,94,99,93,87,95,98,95,88,87,86,80,75
"22-05-2013",71,72,66,66,60,58,61,72,79,87,-9999,82,79,69,75,80,81,84,78,77,73,63,68,55
"23-05-2013",44,39,30,42,29,26,35,36,56,71,67,64,65,65,61,64,63,57,61,60,61,60,56,46
"24-05-2013",43,38,29,36,45,54,74,81,74,76,65,64,62,68,72,73,63,64,64,65,73,75,71,68
"25-05-2013",62,49,49,52,40,57,63,60,65,62,56,57,56,56,52,57,56,54,50,65,73,75,73,71
"26-05-2013",67,71,66,62,58,63,69,61,67,63,58,53,54,54,53,50,51,52,61,60,65,63,61,57
"27-05-2013",53,45,40,36,40,56,76,70,73,74,71,70,72,71,77,79,75,70,74,70,78,80,75,74
"28-05-2013",69,56,51,50,50,57,65,66,80,94,93,84,77,85,82,89,82,83,81,75,73,74,46,14
"29-05-2013",19,21,36,30,13,12,14,20,20,17,19,28,54,53,86,90,93,82,74,76,77,74,76,68
"30-05-2013",61,56,45,36,34,53,75,82,84,79,69,71,71,75,73,78,66,67,71,72,73,76,74,68
"31-05-2013",69,62,53,47,50,57,70,78,75,73,67,65,60,64,61,65,65,65,64,64,58,64,56,52
"01-06-2013",50,48,42,39,38,52,57,60,52,54,60,61,55,57,57,58,51,58,54,51,62,69,66,63
"02-06-2013",46,46,35,42,51,48,51,54,49,43,55,50,51,48,51,49,46,51,48,56,58,58,63,58
"03-06-2013",57,49,47,45,48,61,72,77,71,74,77,74,73,72,72,67,73,71,67,69,81,78,76,68
"04-06-2013",60,56,45,41,38,49,61,78,76,77,82,75,74,72,71,68,67,70,74,81,78,73,55,67
"05-06-2013",59,49,42,34,48,55,69,81,73,71,77,73,75,75,73,65,71,73,69,66,77,79,67,61
"06-06-2013",54,58,49,48,49,53,62,77,78,78,86,89,86,85,81,33,32,72,77,78,79,80,79,74
"07-06-2013",52,61,43,49,48,67,58,68,82,91,89,79,73,78,85,98,88,86,85,83,70,34,68,67
"08-06-2013",57,49,54,23,18,48,65,41,32,35,39,40,35,35,37,19,36,58,69,72,90,88,83,71
"09-06-2013",60,51,54,54,55,52,48,58,60,43,73,75,70,66,61,60,58,57,62,79,78,80,83,81
"10-06-2013",82,72,62,57,53,59,65,77,84,92,104,103,93,90,92,91,97,89,88,85,89,83,83,71
"11-06-2013",66,59,47,35,41,42,39,71,69,87,92,94,94,100,88,79,78,78,86,74,35,78,49,29
"12-06-2013",59,57,58,49,52,62,83,81,78,73,72,81,73,88,79,23,25,55,54,60,65,54,64,65
"13-06-2013",56,41,51,43,48,64,64,69,61,67,64,56,65,50,50,29,26,31,50,69,62,50,33,33
"14-06-2013",44,29,29,28,36,38,51,-9999,66,75,60,50,66,64,52,48,54,57,63,51,45,34,52,67
"15-06-2013",66,62,61,50,56,51,63,67,73,57,57,82,92,93,85,84,80,82,76,79,82,88,84,76
"16-06-2013",71,64,65,55,52,52,54,63,79,72,76,78,67,69,76,67,75,65,72,79,82,99,97,79
"17-06-2013",76,65,63,46,58,60,71,83,93,96,65,62,44,43,27,25,26,17,19,27,37,51,43,30
"18-06-2013",33,52,57,51,56,65,50,50,77,45,38,39,28,40,29,28,26,21,32,31,36,40,28,21
"19-06-2013",25,14,15,15,16,15,36,59,63,42,36,34,33,37,33,25,27,25,26,30,28,35,24,25
"20-06-2013",20,14,11,8,10,21,35,34,39,30,31,26,31,26,34,31,24,21,25,29,38,33,27,28
"21-06-2013",19,17,18,15,16,22,27,46,48,45,29,22,26,26,24,31,23,26,28,29,25,28,45,64
"22-06-2013",59,51,48,46,61,67,62,70,66,21,28,39,29,25,18,19,22,21,25,27,28,35,55,43
"23-06-2013",57,56,53,56,54,49,45,54,56,41,15,16,17,39,68,59,59,59,75,82,86,85,84,77
"24-06-2013",75,71,57,55,52,55,57,69,76,96,95,85,85,66,70,76,73,68,76,86,92,89,74,73
"25-06-2013",67,52,53,54,54,63,75,81,83,85,100,89,93,101,98,93,83,82,83,85,84,80,57,45
"26-06-2013",58,57,58,48,42,58,67,73,77,86,100,116,97,111,111,108,66,30,17,67,104,72,65,52
"27-06-2013",42,31,43,47,48,46,58,64,56,79,74,73,77,75,53,37,26,21,22,47,67,60,68,65
"28-06-2013",56,55,50,41,42,43,48,66,75,72,75,80,73,76,53,17,16,16,49,85,91,87,84,80
"29-06-2013",72,69,65,53,57,59,63,56,67,70,84,86,80,87,73,73,66,67,64,63,63,79,77,70
"30-06-2013",48,52,52,46,41,48,53,56,56,47,48,53,54,54,48,42,17,10,12,48,58,71,71,50
"01-07-2013",35,25,36,36,41,54,60,69,65,63,61,60,63,59,59,52,45,66,74,52,81,77,71,64
"02-07-2013",66,58,48,50,34,53,59,57,77,51,48,45,49,72,91,95,82,29,13,16,60,75,66,60
"03-07-2013",58,50,48,41,21,25,38,44,45,41,26,27,27,45,84,22,15,16,16,25,32,23,30,44
"04-07-2013",49,56,56,36,32,43,49,77,60,46,33,32,27,25,28,26,26,24,22,21,28,25,31,22
"05-07-2013",42,58,61,41,41,50,61,74,72,68,46,49,44,41,35,27,34,47,39,54,61,59,46,57
"06-07-2013",45,54,56,39,43,41,50,44,46,39,40,40,51,44,43,43,41,29,31,42,54,67,69,66
"07-07-2013",64,42,59,45,41,31,25,22,19,21,24,24,17,19,19,18,14,13,16,27,50,59,54,50
"08-07-2013",52,33,26,25,25,29,38,60,71,54,51,45,40,26,29,27,36,25,30,35,53,67,65,63
"09-07-2013",66,51,49,20,38,43,56,81,68,39,47,34,44,40,33,29,27,32,23,34,51,68,66,57
"10-07-2013",43,40,16,12,24,55,54,76,71,69,56,59,57,32,32,28,34,32,33,35,56,25,38,33
"11-07-2013",65,62,61,45,44,58,60,76,86,83,58,57,64,66,68,87,84,38,49,42,77,78,77,69
"12-07-2013",72,62,60,56,54,61,66,71,51,60,74,96,102,107,99,49,16,14,39,89,91,98,67,44
"13-07-2013",36,35,58,46,40,30,53,62,76,50,56,36,34,44,52,38,35,39,30,31,32,39,46,65
"14-07-2013",68,49,47,49,63,31,51,55,44,30,35,36,32,24,35,35,39,23,24,22,15,26,57,65
"15-07-2013",50,28,38,22,23,19,54,57,51,58,37,26,29,34,51,94,54,24,13,15,21,48,62,66
"16-07-2013",63,53,38,41,37,30,38,38,76,74,41,37,29,26,30,24,25,18,22,29,34,37,27,42
"17-07-2013",24,20,26,18,16,28,43,58,41,41,-9999,-9999,46,40,37,39,36,37,42,44,51,60,57,49
"18-07-2013",45,35,26,18,20,30,42,49,43,48,43,44,45,42,35,37,41,35,48,50,49,54,58,54
"19-07-2013",36,35,30,31,29,35,44,44,50,45,50,44,36,29,24,24,21,26,36,36,49,42,29,36
"20-07-2013",43,62,64,46,52,62,68,70,51,47,43,45,43,36,26,30,38,32,34,36,46,44,39,34
"21-07-2013",42,60,43,53,61,58,47,54,64,43,34,34,38,36,37,23,26,29,21,28,33,15,6,27
"22-07-2013",26,18,18,18,15,15,26,49,69,52,44,44,31,30,26,43,37,42,25,28,46,49,45,48
"23-07-2013",47,41,39,30,40,49,61,63,56,46,51,45,47,44,39,41,42,43,53,50,42,30,37,45
"24-07-2013",48,62,56,50,43,55,58,64,79,74,50,47,54,60,44,53,50,61,51,41,30,39,49,55
"25-07-2013",55,58,58,61,57,60,72,78,100,89,100,97,61,78,103,107,98,94,100,101,99,98,86,86
"26-07-2013",80,75,64,62,61,60,75,86,87,88,103,53,46,48,63,90,109,108,114,106,99,83,64,75
"27-07-2013",75,69,73,69,49,56,37,70,49,33,35,36,32,22,16,18,13,13,16,23,26,43,59,57
"28-07-2013",45,45,30,29,28,20,28,37,45,19,22,27,23,15,14,14,15,14,21,24,27,36,49,42
"29-07-2013",38,22,22,16,15,30,43,48,46,47,38,35,32,31,33,34,34,35,35,36,38,49,29,21
"30-07-2013",32,58,66,56,53,57,70,84,106,109,60,64,50,109,112,116,98,103,106,100,104,100,93,89
"31-07-2013",71,65,69,56,57,56,63,41,39,42,62,59,60,34,43,33,27,25,22,24,24,34,28,29
"01-08-2013",21,25,16,14,24,21,31,33,35,34,31,34,29,27,28,24,34,25,29,34,36,33,21,24
"02-08-2013",24,53,44,24,24,28,40,57,59,53,54,56,45,56,44,42,46,43,51,48,60,55,42,59
"03-08-2013",58,59,50,30,26,31,42,45,40,41,36,27,31,28,31,27,27,25,24,35,37,40,51,37
"04-08-2013",55,55,38,54,49,49,26,19,34,27,35,37,25,24,19,17,18,23,25,25,28,39,45,35
"05-08-2013",26,20,19,15,14,24,32,30,30,31,35,35,41,41,38,33,29,23,34,37,36,48,45,41
"06-08-2013",36,28,25,19,19,38,39,38,47,35,33,41,44,42,39,42,33,20,30,30,33,36,29,23
"07-08-2013",19,17,18,16,21,30,48,54,54,44,37,30,25,24,20,25,23,21,25,28,32,32,29,21
"08-08-2013",26,16,18,15,16,20,36,45,42,49,32,28,30,30,24,30,29,28,24,25,42,53,42,38
"09-08-2013",30,31,18,28,50,59,65,74,57,40,48,59,51,32,29,33,44,39,39,54,32,28,45,59
"10-08-2013",41,67,51,55,47,71,78,77,71,53,62,68,56,53,61,72,65,66,70,69,80,75,78,77
"11-08-2013",68,65,59,37,35,37,24,22,40,28,13,15,23,20,19,17,16,20,34,26,39,35,21,21
"12-08-2013",31,40,30,18,26,68,78,69,58,46,50,38,27,24,23,27,20,23,29,37,59,46,48,31
"13-08-2013",52,46,34,31,39,56,68,55,72,54,37,25,23,27,25,27,23,23,30,40,54,42,25,44
"14-08-2013",66,58,44,26,30,47,71,84,78,52,49,42,27,26,21,20,17,21,32,29,27,39,44,71
"15-08-2013",61,70,50,53,43,38,47,59,59,17,26,22,22,19,12,11,13,13,18,19,34,44,26,14
"16-08-2013",16,16,19,13,11,19,23,23,22,34,33,34,26,21,19,17,20,21,27,38,45,47,38,34
"17-08-2013",20,14,13,10,9,11,21,17,20,23,34,36,29,28,18,22,19,20,18,21,44,39,42,39
"18-08-2013",29,17,21,10,30,48,48,51,20,12,20,23,16,14,15,13,12,18,36,30,32,29,17,23
"19-08-2013",43,54,21,29,26,48,61,78,70,44,36,37,23,26,33,45,40,29,30,42,36,17,29,29
"20-08-2013",20,52,58,61,47,42,58,75,71,66,25,20,24,29,31,24,20,16,19,23,19,28,34,44
"21-08-2013",22,34,35,17,18,29,52,49,61,38,51,31,25,20,20,31,32,42,35,42,57,53,58,52
"22-08-2013",39,32,29,18,14,19,25,37,40,66,62,48,19,31,20,17,35,46,37,38,42,64,56,50
"23-08-2013",53,41,47,50,56,62,63,69,67,47,20,23,23,25,27,21,25,24,34,30,28,34,36,21
"24-08-2013",39,67,57,41,34,48,67,66,70,71,66,58,73,77,67,67,65,78,83,83,86,79,79,68
"25-08-2013",62,47,68,65,64,68,55,67,65,65,69,76,69,63,55,52,57,56,65,87,92,89,73,81
"26-08-2013",82,77,73,69,67,71,69,77,83,83,94,98,97,97,95,94,84,95,92,94,93,88,89,84
"27-08-2013",74,60,50,68,66,69,67,73,93,94,105,103,97,96,93,101,75,87,83,86,95,90,83,78
"28-08-2013",72,61,56,49,47,55,59,69,82,86,95,80,77,77,79,77,67,73,68,83,84,79,76,60
"29-08-2013",63,63,61,54,55,60,72,74,79,81,84,85,80,84,71,82,45,70,79,83,89,86,86,80
"30-08-2013",79,77,54,40,44,58,62,71,54,72,89,84,72,73,69,64,63,64,29,19,35,47,44,54
"31-08-2013",66,59,43,19,29,22,24,28,24,25,26,28,22,27,23,17,17,15,16,18,23,32,37,46
"01-09-2013",52,30,31,29,32,12,12,21,31,22,19,24,23,20,13,16,21,19,21,23,33,33,39,39
"02-09-2013",56,42,33,28,26,25,27,37,57,61,39,33,30,26,32,70,18,14,17,20,29,49,67,64
"03-09-2013",59,61,57,44,53,55,61,69,81,83,87,85,90,95,96,94,87,89,85,86,93,94,90,80
"04-09-2013",74,72,58,46,41,39,44,48,41,33,32,33,41,51,23,17,16,16,17,19,24,29,59,43
"05-09-2013",36,49,37,36,38,42,57,65,76,55,33,32,60,77,75,74,76,75,77,73,73,73,69,66
"06-09-2013",54,56,45,52,60,58,60,66,80,86,88,84,85,89,87,84,80,79,85,92,89,90,80,74
"07-09-2013",73,69,69,64,60,62,59,60,69,76,85,84,82,90,89,89,85,73,90,97,97,78,76,74
"08-09-2013",70,68,67,64,63,61,63,67,74,43,28,21,21,27,15,12,11,12,13,18,30,42,48,70
"09-09-2013",71,68,47,33,33,68,69,76,66,60,47,43,30,22,21,28,28,23,20,21,27,57,67,60
"10-09-2013",62,65,61,54,53,59,59,66,79,-9999,-9999,91,95,92,92,90,90,82,85,83,86,86,86,86
"11-09-2013",81,74,76,74,66,66,68,74,85,105,128,124,99,99,95,102,90,84,88,91,97,93,90,87
"12-09-2013",82,75,74,71,68,64,66,78,97,128,120,99,91,86,87,96,101,90,96,101,97,97,98,89
"13-09-2013",81,79,65,51,56,70,73,76,87,84,80,80,78,77,78,80,82,74,73,72,71,70,67,64
"14-09-2013",57,57,52,45,48,53,63,64,64,57,59,56,55,59,62,58,67,67,63,69,38,71,75,70
"15-09-2013",67,63,61,61,56,53,62,66,58,56,54,56,53,50,53,53,56,63,70,72,60,49,63,70
"16-09-2013",65,61,51,44,49,58,75,76,64,72,75,78,78,78,77,78,68,70,75,74,67,66,64,59
"17-09-2013",53,50,46,49,51,61,68,67,74,71,72,67,65,70,61,70,63,61,67,67,72,70,55,54
"18-09-2013",57,51,41,39,33,56,66,74,73,67,63,55,51,51,55,60,60,62,61,65,65,56,61,52
"19-09-2013",57,51,53,47,50,55,64,66,76,77,77,73,73,74,70,70,68,68,71,70,74,64,60,59
"20-09-2013",58,54,40,51,51,58,66,72,71,75,84,86,76,78,82,84,77,64,52,62,76,67,57,58
"21-09-2013",55,52,43,38,33,37,27,30,39,37,40,27,35,41,21,15,13,12,12,16,20,37,48,61
"22-09-2013",58,54,37,35,32,31,23,26,24,32,36,21,20,23,22,23,17,19,25,25,32,33,34,31
"23-09-2013",25,24,26,23,20,46,44,54,60,44,48,52,49,38,30,39,52,36,62,66,67,59,67,63
"24-09-2013",58,56,52,45,52,54,59,70,64,64,62,68,67,75,76,77,75,77,69,88,84,73,59,58
"25-09-2013",65,70,63,58,57,56,57,68,76,84,81,97,87,72,74,81,78,79,82,82,78,79,77,70
"26-09-2013",72,68,62,54,52,55,57,79,76,79,91,85,74,75,75,78,79,82,85,93,82,79,68,63
"27-09-2013",56,52,42,45,56,65,72,80,80,81,86,73,80,83,83,83,88,84,89,88,90,86,82,75
"28-09-2013",75,66,68,66,55,51,53,59,67,80,78,79,74,67,73,70,77,76,80,85,84,83,80,76
"29-09-2013",72,72,67,66,60,59,57,54,60,81,83,73,68,67,68,64,59,66,73,74,80,79,78,71
"30-09-2013",71,66,59,61,56,54,62,75,83,95,95,86,77,75,85,83,73,43,51,69,55,55,39,30
"01-10-2013",26,21,17,22,28,29,50,65,59,67,79,76,72,70,79,80,75,65,63,65,65,64,60,59
"02-10-2013",59,54,53,50,43,44,41,56,42,51,42,47,56,37,31,21,21,26,21,22,25,26,21,21
"03-10-2013",17,13,15,14,13,24,26,39,38,34,28,23,31,33,30,22,28,29,32,31,28,27,25,22
"04-10-2013",20,21,19,16,13,19,-9999,-9999,-9999,-9999,-9999,-9999,-9999,-9999,-9999,24,24,24,32,29,31,32,32,28
"05-10-2013",25,22,18,20,15,17,23,26,33,22,28,27,20,21,25,24,19,21,23,24,38,33,38,29
"06-10-2013",37,35,43,38,20,25,26,26,37,28,28,33,34,35,15,15,15,18,30,33,34,36,38,30
"07-10-2013",34,35,15,20,33,33,47,46,42,37,34,39,40,31,33,34,33,38,33,47,49,35,43,33
"08-10-2013",28,25,38,38,40,53,64,73,77,73,77,50,47,43,40,59,94,75,39,46,59,51,58,49
"09-10-2013",43,51,47,43,45,50,58,69,71,77,68,76,76,66,94,94,94,94,93,87,81,80,73,64
"10-10-2013",64,61,57,52,56,60,77,93,88,88,88,76,77,74,75,79,80,78,80,74,75,74,67,65
"11-10-2013",58,56,51,48,45,49,57,65,78,78,81,87,79,76,76,69,73,75,80,56,63,70,75,74
"12-10-2013",70,64,59,56,56,53,47,49,57,76,96,94,89,77,80,67,81,80,81,85,82,83,79,74
"13-10-2013",72,71,62,53,50,48,47,52,52,60,47,41,23,23,33,22,69,37,43,55,61,68,61,43
"14-10-2013",29,31,25,36,44,46,65,59,52,28,51,67,72,83,96,99,108,108,90,66,71,68,64,64
"15-10-2013",62,60,55,54,52,53,59,67,78,93,89,87,85,83,89,84,77,83,88,89,87,85,83,85
"16-10-2013",78,67,47,51,52,53,57,67,74,79,83,62,70,72,74,75,74,72,71,57,54,53,50,55
"17-10-2013",58,48,44,45,45,57,64,68,62,-9999,57,52,53,56,72,57,51,55,60,58,54,61,57,56
"18-10-2013",48,38,37,34,35,43,50,65,55,56,54,56,56,58,67,67,73,66,70,69,72,70,67,62
"19-10-2013",39,26,19,23,43,45,52,58,29,39,38,41,44,48,32,43,28,27,21,20,30,52,63,59
"20-10-2013",56,53,48,47,45,42,43,47,42,39,39,43,33,21,16,14,14,15,30,39,48,60,59,55
"21-10-2013",49,41,43,42,44,51,59,67,69,76,71,77,75,75,82,82,89,88,94,89,80,73,73,69
"22-10-2013",67,64,56,50,50,47,50,66,75,90,92,91,91,94,97,100,100,100,101,98,90,80,73,66
"23-10-2013",59,58,55,54,53,59,66,80,80,94,70,41,45,41,31,31,34,41,30,20,43,66,68,56
"24-10-2013",19,12,16,43,51,58,67,76,70,72,67,57,28,26,25,28,27,26,34,56,53,52,53,58
"25-10-2013",56,54,53,40,49,38,45,57,56,63,60,59,64,52,68,76,26,19,36,35,60,57,64,66
"26-10-2013",64,58,60,56,63,66,66,66,66,67,67,63,49,44,64,45,21,20,56,50,66,65,63,61
"27-10-2013",65,67,60,62,58,61,57,53,62,69,89,75,62,64,74,72,74,82,88,88,86,73,68,59
"28-10-2013",61,53,52,49,50,43,45,42,46,61,68,61,60,67,67,65,68,74,81,81,76,76,69,67
"29-10-2013",60,52,48,43,41,42,43,45,67,99,120,110,108,93,92,94,95,94,91,90,91,87,77,71
"30-10-2013",63,62,56,53,52,48,55,68,84,109,124,115,98,102,105,100,104,98,97,87,78,69,68,72
"31-10-2013",65,66,63,58,56,56,73,85,95,80,34,30,37,31,36,35,35,38,69,73,72,68,61,46
"01-11-2013",42,30,37,49,44,52,49,59,49,43,41,53,63,53,55,64,55,39,47,48,64,50,64,64
"02-11-2013",56,51,50,47,48,50,47,46,60,68,61,57,68,66,81,84,69,84,78,71,65,66,64,62
"03-11-2013",59,55,55,51,44,45,46,48,57,67,66,66,61,66,63,67,65,70,63,76,71,62,64,60
"04-11-2013",55,51,50,50,48,52,60,77,76,77,74,65,67,69,71,65,75,71,67,64,63,58,61,55
"05-11-2013",56,50,48,46,46,53,62,67,71,64,73,53,48,50,45,37,37,35,41,41,41,33,22,21
"06-11-2013",12,11,8,8,26,25,33,44,27,39,44,35,54,35,55,27,19,19,27,40,42,51,51,46
"07-11-2013",35,26,37,37,32,44,51,59,52,55,47,30,27,26,39,45,42,30,44,35,39,33,26,21
"08-11-2013",27,46,43,42,42,45,51,65,65,75,74,52,82,90,95,97,97,96,84,68,69,63,61,57
"09-11-2013",53,51,50,49,47,47,50,52,63,61,59,65,79,83,91,94,87,85,82,64,62,66,58,58
"10-11-2013",60,56,54,47,39,41,38,40,57,58,61,62,62,63,64,63,68,71,69,65,58,63,62,60
"11-11-2013",55,54,53,51,50,52,57,68,61,62,45,44,43,35,28,31,29,39,42,38,34,34,20,32
"12-11-2013",21,36,22,37,28,21,46,47,67,63,27,23,26,20,17,21,20,26,22,21,31,47,51,47
"13-11-2013",33,22,33,26,24,24,40,60,47,43,42,47,41,33,31,31,40,45,38,44,35,40,25,21
"14-11-2013",18,14,21,29,32,12,20,49,38,30,28,29,30,30,31,31,39,51,41,46,46,46,39,42
"15-11-2013",34,35,38,33,34,41,47,51,54,48,52,52,49,44,45,45,31,36,35,31,29,31,30,31
"16-11-2013",29,27,33,22,14,20,25,20,23,30,26,25,22,19,14,17,19,24,25,22,23,29,31,34
"17-11-2013",47,46,48,46,34,24,16,24,25,25,25,33,25,19,19,18,24,35,35,45,49,45,41,41
"18-11-2013",28,37,42,38,35,36,51,64,61,44,-9999,37,35,33,36,27,31,29,33,43,45,39,45,47
"19-11-2013",35,37,37,30,27,36,50,57,61,50,55,55,52,29,51,68,61,54,56,57,61,61,59,59
"20-11-2013",52,50,33,12,10,23,28,38,48,68,74,76,74,62,46,51,52,48,64,71,64,64,61,58
"21-11-2013",50,47,50,48,50,50,57,68,73,72,69,66,57,63,59,63,66,48,42,42,61,57,56,50
"22-11-2013",46,47,46,39,35,42,54,54,68,68,66,59,62,62,64,68,70,64,63,60,59,56,54,54
"23-11-2013",49,48,45,43,44,47,55,56,63,58,56,53,45,39,41,43,52,52,50,65,68,62,59,64
"24-11-2013",52,52,51,51,51,24,37,44,31,59,35,35,47,47,55,57,58,58,56,63,62,60,62,52
"25-11-2013",48,47,44,42,40,43,47,52,68,78,79,79,69,69,72,77,77,82,75,67,68,63,58,57
"26-11-2013",53,49,47,46,42,39,43,57,63,69,63,73,74,65,69,60,73,69,66,65,65,57,53,52
"27-11-2013",50,43,46,44,44,49,64,68,64,64,61,59,59,57,63,62,63,65,64,61,54,63,55,52
"28-11-2013",49,45,37,38,35,40,49,57,54,64,61,41,52,51,49,44,42,43,40,52,58,62,57,54
"29-11-2013",53,45,41,40,39,43,50,62,75,84,72,67,66,66,69,72,79,67,69,75,74,71,63,61
"30-11-2013",37,46,41,34,32,33,36,38,33,25,26,26,36,26,42,51,33,24,21,29,61,47,32,30
"01-12-2013",14,25,29,25,18,9,18,35,14,18,27,42,21,21,19,26,14,16,18,15,21,36,36,25
"02-12-2013",14,12,12,15,8,14,31,52,39,38,34,45,42,42,32,32,29,28,35,26,21,20,21,22
"03-12-2013",16,11,10,8,8,10,14,15,16,20,23,21,23,22,27,37,38,38,40,35,27,23,21,23
"04-12-2013",31,28,26,29,17,39,49,57,47,47,50,53,45,48,43,50,49,55,56,58,57,60,52,50
"05-12-2013",50,48,44,38,37,43,53,65,57,75,69,61,71,60,62,70,71,75,70,78,80,77,76,66
"06-12-2013",57,51,46,44,44,49,53,76,89,112,89,74,68,65,65,75,75,81,76,81,85,77,72,69
"07-12-2013",66,58,56,55,54,54,53,63,75,77,63,43,27,33,25,25,26,33,34,41,45,30,32,30
"08-12-2013",32,24,24,57,65,43,42,46,40,49,45,39,48,49,47,47,38,41,62,67,78,74,65,56
"09-12-2013",55,49,54,49,51,52,64,68,77,86,79,73,65,63,68,73,71,76,75,82,77,74,72,64
"10-12-2013",62,58,56,53,53,63,91,78,77,77,73,68,62,60,47,41,43,40,37,29,25,23,18,14
"11-12-2013",14,14,12,8,8,11,18,23,22,19,23,25,23,27,25,37,38,45,51,53,54,54,56,53
"12-12-2013",49,42,35,34,38,51,63,66,63,70,62,53,55,50,48,38,28,26,32,32,33,30,29,31
"13-12-2013",20,22,21,23,17,23,42,46,37,37,29,29,41,29,29,36,30,32,44,55,62,57,59,57
"14-12-2013",53,47,44,41,46,46,41,42,58,82,81,78,64,65,80,74,76,76,76,84,86,82,81,74
"15-12-2013",71,68,64,58,54,51,51,52,60,71,79,67,66,65,65,70,75,76,73,78,78,72,67,63
"16-12-2013",53,42,31,25,23,20,31,42,38,36,32,37,35,36,44,45,46,45,49,44,34,24,22,18
"17-12-2013",12,11,11,8,11,15,32,46,28,30,39,33,36,32,36,36,37,36,36,41,42,40,33,36
"18-12-2013",33,31,34,26,18,29,51,61,59,62,50,48,53,51,51,53,54,55,54,57,53,50,45,44
"19-12-2013",35,34,33,31,32,41,47,60,56,62,58,53,54,40,32,51,57,58,58,55,61,60,57,54
"20-12-2013",53,49,48,40,36,43,52,66,69,64,54,71,69,67,73,81,56,65,73,75,75,74,72,75
"21-12-2013",62,56,52,54,47,40,39,51,53,85,78,69,62,69,79,80,83,78,77,80,86,79,76,74
"22-12-2013",65,61,53,57,55,50,52,58,64,87,82,70,64,71,36,21,23,31,57,69,65,63,60,59
"23-12-2013",54,44,51,47,46,52,56,67,74,73,89,79,74,77,80,83,83,84,73,73,71,70,65,62
"24-12-2013",54,50,47,39,39,44,44,60,57,59,63,57,53,36,53,51,52,50,39,53,65,58,47,45
"25-12-2013",42,40,34,35,35,31,19,19,25,27,25,30,19,19,19,22,19,37,43,50,57,51,48,47
"26-12-2013",46,46,47,47,47,46,47,46,45,58,68,61,59,58,46,46,46,43,45,55,54,42,25,19
"27-12-2013",19,18,11,10,13,17,22,23,32,27,53,59,50,50,57,57,59,62,60,59,54,58,55,52
"28-12-2013",41,16,13,14,25,32,22,30,32,28,22,17,26,22,24,24,31,50,41,43,62,49,50,55
"29-12-2013",55,54,52,45,48,35,42,52,51,59,57,44,28,45,44,36,31,55,61,63,65,67,64,63
"30-12-2013",55,51,50,48,47,51,59,68,69,78,73,64,56,61,65,67,64,41,63,65,60,54,46,34
"31-12-2013",40,40,21,14,12,16,18,31,28,28,31,24,24,23,21,25,25,25,25,30,27,24,25,23
