"01-01-2013",20,12,4,13,16,5,3,3,3,13,35,35,40,48,43,39,24,17,6,4,3,4,4,4
"02-01-2013",4,3,3,3,3,3,3,4,3,4,8,17,24,32,35,37,30,12,3,3,4,5,5,5
"03-01-2013",5,4,4,3,3,3,3,3,3,3,4,15,30,30,25,22,20,11,5,3,3,4,4,4
"04-01-2013",3,4,3,3,3,3,3,3,3,4,14,28,40,45,44,41,33,6,2,3,3,3,4,4
"05-01-2013",4,3,7,24,18,20,11,3,4,11,38,43,52,55,54,53,35,4,3,3,3,3,4,4
"06-01-2013",4,3,3,3,3,25,38,40,40,47,42,40,45,47,47,48,50,45,40,35,22,31,38,42
"07-01-2013",30,38,35,28,24,17,6,5,14,20,39,46,44,46,43,40,42,38,44,46,52,53,58,61
"08-01-2013",62,58,58,-9999,-9999,-9999,-9999,-9999,-9999,-9999,-9999,-9999,-9999,-9999,-9999,-9999,-9999,-9999,-9999,-9999,-9999,-9999,-9999,-9999
"09-01-2013",-9999,-9999,-9999,-9999,-9999,-9999,-9999,-9999,-9999,-9999,-9999,-9999,-9999,-9999,-9999,-9999,-9999,-9999,-9999,-9999,-9999,-9999,-9999,-9999
"10-01-2013",-9999,-9999,-9999,-9999,-9999,-9999,-9999,-9999,-9999,-9999,-9999,-9999,-9999,-9999,-9999,-9999,-9999,-9999,-9999,-9999,-9999,-9999,-9999,-9999
"11-01-2013",-9999,-9999,-9999,-9999,-9999,-9999,-9999,-9999,-9999,-9999,-9999,-9999,-9999,-9999,-9999,-9999,-9999,-9999,-9999,-9999,-9999,-9999,-9999,-9999
"12-01-2013",-9999,-9999,-9999,-9999,-9999,-9999,-9999,-9999,-9999,-9999,-9999,-9999,-9999,-9999,-9999,-9999,-9999,-9999,-9999,-9999,-9999,-9999,-9999,-9999
"13-01-2013",-9999,-9999,-9999,-9999,-9999,-9999,-9999,-9999,-9999,-9999,-9999,-9999,-9999,-9999,-9999,-9999,-9999,-9999,-9999,-9999,-9999,-9999,-9999,-9999
"14-01-2013",-9999,-9999,-9999,-9999,-9999,-9999,-9999,-9999,-9999,-9999,-9999,-9999,-9999,-9999,-9999,-9999,-9999,-9999,-9999,-9999,-9999,-9999,-9999,-9999
"15-01-2013",-9999,-9999,-9999,-9999,-9999,-9999,-9999,-9999,-9999,-9999,-9999,-9999,-9999,-9999,-9999,-9999,-9999,-9999,-9999,-9999,-9999,-9999,-9999,-9999
"16-01-2013",-9999,-9999,-9999,-9999,-9999,-9999,-9999,-9999,-9999,-9999,-9999,-9999,-9999,-9999,-9999,-9999,-9999,-9999,-9999,-9999,-9999,-9999,-9999,-9999
"17-01-2013",-9999,-9999,-9999,-9999,-9999,-9999,-9999,-9999,-9999,-9999,-9999,-9999,40,45,46,39,50,52,56,60,52,56,61,64
"18-01-2013",67,68,73,74,65,60,61,58,55,57,62,54,34,21,46,44,29,16,27,57,48,47,37,25
"19-01-2013",11,52,51,37,6,6,5,6,46,49,54,60,63,64,68,68,67,67,55,42,51,52,28,9
"20-01-2013",9,7,10,7,7,7,7,8,8,9,15,49,66,70,67,64,56,51,50,40,43,47,43,47
"21-01-2013",46,26,5,7,7,7,7,7,8,8,31,54,57,56,63,65,69,72,83,80,74,75,64,30
"22-01-2013",24,23,18,15,10,7,7,9,9,9,15,36,52,58,55,58,42,31,36,47,46,37,39,39
"23-01-2013",34,46,38,41,59,36,6,16,22,44,55,56,56,62,61,53,41,27,15,7,8,13,17,27
"24-01-2013",30,24,20,20,17,13,39,44,45,51,52,56,60,63,64,63,46,19,50,50,15,8,14,17
"25-01-2013",19,19,16,14,11,7,7,6,7,9,22,62,65,63,68,74,63,65,52,64,72,74,75,73
"26-01-2013",74,77,55,22,15,11,6,6,7,16,60,79,74,70,54,51,51,35,26,22,20,34,21,26
"27-01-2013",38,41,43,46,43,43,38,20,28,30,45,53,54,50,40,45,43,39,35,31,32,31,34,38
"28-01-2013",39,36,36,32,31,15,6,6,7,10,22,36,43,56,60,56,44,28,23,41,36,16,21,26
"29-01-2013",19,15,11,11,11,10,8,8,9,10,16,39,40,42,40,47,46,47,43,36,37,34,18,14
"30-01-2013",25,39,20,37,47,27,9,8,10,23,42,52,35,58,58,57,59,53,20,12,12,11,23,24
"31-01-2013",52,30,14,12,8,8,7,8,8,12,32,49,61,65,66,59,38,40,54,65,58,62,65,67
"01-02-2013",74,77,74,67,60,28,11,6,7,10,29,56,61,69,73,71,69,52,38,16,9,10,18,26
"02-02-2013",22,17,27,24,16,12,12,12,10,17,39,55,62,68,70,67,62,50,40,26,38,51,55,49
"03-02-2013",53,58,57,60,59,57,60,60,61,66,67,68,71,72,74,75,73,68,63,60,56,57,58,56
"04-02-2013",58,59,62,62,43,24,7,7,7,13,46,47,50,55,48,57,58,53,19,9,10,13,14,14
"05-02-2013",15,14,13,12,14,8,18,21,20,41,47,56,59,60,65,62,58,55,51,35,26,19,13,18
"06-02-2013",18,16,11,10,10,9,8,8,9,15,38,50,56,69,73,67,60,54,51,45,35,16,10,9
"07-02-2013",34,58,73,68,53,59,55,59,61,68,71,72,75,68,73,74,74,65,62,67,49,58,61,39
"08-02-2013",50,65,76,74,66,41,8,5,13,34,46,68,62,61,71,66,57,48,22,21,22,18,12,8
"09-02-2013",8,7,11,11,11,11,9,9,9,22,67,70,76,77,82,81,77,66,61,35,24,44,25,36
"10-02-2013",53,35,30,42,39,27,7,7,9,40,66,70,78,78,81,79,74,66,53,40,14,9,11,16
"11-02-2013",14,14,15,13,42,43,54,40,37,50,55,62,64,68,65,67,65,61,56,40,34,22,21,11
"12-02-2013",15,14,13,11,10,8,8,8,9,12,37,68,75,72,75,72,74,72,64,60,62,69,77,77
"13-02-2013",75,81,82,81,81,73,73,70,70,68,68,50,27,30,14,33,37,52,42,18,31,56,51,56
"14-02-2013",74,77,49,56,23,25,7,10,10,26,53,45,32,35,41,30,27,36,36,40,34,38,53,47
"15-02-2013",45,49,42,40,37,32,20,16,9,10,10,38,53,50,48,41,40,39,20,10,11,11,15,16
"16-02-2013",14,14,13,10,9,8,8,8,9,20,41,53,64,71,72,73,70,63,45,35,49,43,47,43
"17-02-2013",40,43,53,49,51,57,60,57,61,59,61,67,72,70,68,64,65,63,47,16,14,16,24,21
"18-02-2013",15,14,13,35,22,16,15,7,13,37,59,67,66,69,74,71,65,50,29,15,15,17,19,18
"19-02-2013",16,16,16,13,11,9,8,8,8,43,45,42,45,57,54,50,54,40,11,10,10,35,14,26
"20-02-2013",26,32,62,63,45,24,7,8,14,41,70,78,83,78,90,96,96,90,78,48,15,17,20,21
"21-02-2013",23,16,16,15,11,9,9,9,9,9,10,11,14,48,54,43,51,55,56,38,43,61,71,74
"22-02-2013",79,78,79,73,68,61,36,28,17,12,14,10,16,25,32,32,23,23,27,24,13,15,17,20
"23-02-2013",19,15,13,14,14,14,13,12,13,22,42,58,65,74,78,77,73,51,29,12,17,21,25,25
"24-02-2013",22,17,15,13,11,9,8,8,9,35,63,69,73,75,78,81,80,76,67,67,68,65,56,21
"25-02-2013",13,18,16,19,17,10,9,9,10,34,59,66,70,73,71,64,67,65,64,65,66,67,68,69
"26-02-2013",74,77,78,75,71,56,49,40,43,58,49,66,74,81,78,82,75,71,60,60,40,21,23,43
"27-02-2013",47,24,16,27,11,8,8,8,18,55,65,72,79,82,81,77,78,71,67,51,57,52,65,69
"28-02-2013",54,55,71,76,59,65,52,43,41,46,57,62,60,62,60,64,65,62,56,48,45,45,41,39
"01-03-2013",48,45,16,9,7,7,8,8,25,39,52,66,68,66,66,73,72,74,65,50,35,24,17,18
"02-03-2013",18,14,13,12,11,10,9,9,11,35,66,85,89,93,92,89,86,76,70,64,52,62,77,74
"03-03-2013",86,84,80,77,75,80,82,83,75,70,74,80,81,81,83,85,82,82,76,71,63,64,57,51
"04-03-2013",23,43,32,33,14,8,9,10,10,21,55,73,80,79,76,80,82,75,52,20,11,15,15,15
"05-03-2013",16,14,12,24,34,65,36,23,41,60,70,85,87,91,96,95,92,92,87,70,75,81,81,84
"06-03-2013",81,78,82,81,73,60,64,55,63,66,57,68,61,53,58,59,67,51,26,20,13,12,14,15
"07-03-2013",16,16,30,31,21,12,8,9,9,10,13,25,37,34,49,40,45,40,19,17,14,19,21,29
"08-03-2013",22,17,15,13,11,9,9,8,9,10,14,23,34,64,73,70,64,58,50,25,15,12,14,16
"09-03-2013",17,21,22,19,17,14,13,12,12,25,56,66,69,75,84,81,73,66,61,58,48,50,56,31
"10-03-2013",35,23,11,41,49,54,24,15,55,65,67,76,84,88,82,85,81,70,49,13,10,10,11,21
"11-03-2013",21,21,19,17,14,11,10,11,10,25,49,53,62,76,77,78,65,59,48,37,55,65,65,62
"12-03-2013",25,21,50,46,58,25,14,25,33,54,68,75,76,74,79,78,78,71,63,64,73,70,74,82
"13-03-2013",68,67,77,60,26,13,8,8,24,71,80,83,87,89,89,81,71,62,56,23,18,58,77,80
"14-03-2013",83,83,84,87,74,65,59,57,52,72,74,82,87,89,90,88,86,84,79,79,77,74,91,83
"15-03-2013",78,90,96,93,78,67,57,61,65,75,79,81,81,81,82,84,81,77,69,60,64,63,65,67
"16-03-2013",61,53,65,45,56,53,42,58,71,81,82,81,83,82,76,80,84,84,78,67,66,76,62,37
"17-03-2013",43,57,65,66,67,43,20,49,65,81,85,86,87,87,93,93,93,91,90,70,48,30,16,11
"18-03-2013",15,15,17,27,27,16,15,19,50,93,97,102,101,97,102,95,92,90,83,75,75,71,65,77
"19-03-2013",88,94,97,94,75,80,75,73,78,81,88,90,90,89,90,91,93,85,80,69,68,52,27,13
"20-03-2013",7,6,6,6,6,6,6,6,8,18,43,57,72,72,82,73,77,71,38,13,8,8,7,15
"21-03-2013",40,39,43,46,32,29,20,10,11,33,77,79,83,83,68,77,81,89,84,78,59,29,54,79
"22-03-2013",95,95,92,87,85,68,48,45,-9999,47,61,70,75,80,83,87,91,92,91,92,87,80,79,73
"23-03-2013",81,61,66,32,11,7,14,45,77,91,91,93,100,101,101,106,107,107,108,103,92,88,78,57
"24-03-2013",8,5,4,4,4,2,5,25,68,100,104,107,111,110,114,117,111,110,104,101,95,89,91,76
"25-03-2013",51,58,49,35,42,36,29,27,46,86,96,97,95,97,98,96,96,94,92,89,89,88,86,80
"26-03-2013",70,69,54,74,60,46,30,46,46,69,75,75,75,76,71,74,77,74,77,79,85,87,81,82
"27-03-2013",73,76,81,78,59,14,6,13,43,64,60,54,57,72,75,76,71,62,40,27,38,30,21,24
"28-03-2013",24,25,39,33,13,9,4,4,4,6,22,45,59,67,69,74,73,69,59,40,17,12,16,25
"29-03-2013",25,24,26,24,18,17,4,5,12,53,73,82,88,80,70,59,55,56,63,51,42,28,15,5
"30-03-2013",4,4,3,3,3,3,3,3,-9999,28,68,80,80,81,81,79,77,68,64,55,31,17,15,4
"31-03-2013",18,33,32,36,14,9,36,23,67,69,73,79,81,78,78,76,73,74,64,60,63,56,31,13
"01-04-2013",19,15,27,15,23,15,-9999,7,21,38,-9999,-9999,-9999,75,79,81,79,83,78,70,70,49,69,52
"02-04-2013",35,37,26,20,10,4,4,4,4,8,58,74,86,89,87,84,78,82,88,86,78,67,67,77
"03-04-2013",75,69,62,51,48,20,10,6,23,57,61,72,77,77,79,80,79,79,75,76,76,79,77,68
"04-04-2013",47,49,58,79,59,46,35,5,20,55,72,77,78,82,78,80,81,85,83,80,72,56,36,27
"05-04-2013",32,54,49,28,11,4,3,4,7,35,53,73,79,86,89,92,93,94,92,85,81,88,85,68
"06-04-2013",72,57,42,34,7,4,4,4,5,7,30,49,59,63,69,71,72,68,58,20,4,3,4,34
"07-04-2013",81,76,80,81,79,64,70,85,90,96,95,97,98,102,105,105,99,101,91,84,78,61,74,66
"08-04-2013",68,59,63,54,23,32,42,28,37,55,56,58,56,47,32,42,28,29,37,37,41,46,31,33
"09-04-2013",34,36,38,29,15,5,4,4,6,54,75,82,88,94,98,94,96,93,83,72,63,64,62,67
"10-04-2013",45,48,48,44,16,14,12,4,22,29,45,63,82,85,96,90,87,88,89,81,71,44,45,31
"11-04-2013",36,51,18,11,12,4,3,3,5,19,25,48,73,80,86,91,102,111,95,95,80,59,56,62
"12-04-2013",36,9,9,4,11,4,3,4,4,15,39,50,77,84,100,99,101,94,82,79,75,52,45,21
"13-04-2013",7,14,6,4,4,4,4,4,5,47,66,75,91,103,108,104,101,104,107,96,77,71,41,28
"14-04-2013",25,60,53,44,22,10,3,4,6,37,79,87,90,90,91,94,95,93,89,85,80,74,81,75
"15-04-2013",82,84,75,52,70,80,77,71,55,69,84,83,85,86,85,88,89,92,91,86,86,84,79,77
"16-04-2013",79,75,75,82,78,52,52,55,57,66,75,77,78,85,84,80,81,78,78,77,76,74,79,82
"17-04-2013",81,73,70,68,69,40,72,72,63,76,80,84,90,91,90,94,98,100,102,103,84,69,64,54
"18-04-2013",57,53,68,79,74,75,54,56,67,82,89,93,94,96,98,98,100,101,103,101,92,93,93,91
"19-04-2013",88,93,94,93,86,64,24,45,58,77,89,86,78,81,83,82,76,78,80,78,66,55,72,67
"20-04-2013",60,64,68,77,75,64,42,39,29,63,71,72,75,78,82,86,89,88,85,80,69,62,38,24
"21-04-2013",13,21,34,46,38,24,6,9,41,68,87,91,96,98,101,102,103,104,104,83,54,47,48,42
"22-04-2013",9,5,6,25,15,23,8,4,6,36,95,104,102,113,113,114,103,100,90,83,92,71,31,42
"23-04-2013",40,71,78,55,40,15,4,4,11,63,93,98,100,104,108,103,95,93,80,85,79,57,63,62
"24-04-2013",53,77,62,51,39,17,5,4,5,22,51,52,64,82,107,121,129,121,106,105,97,78,53,60
"25-04-2013",27,50,49,66,70,36,5,4,9,81,100,104,108,111,124,139,131,111,86,66,29,24,22,23
"26-04-2013",9,14,12,39,21,12,4,4,4,36,62,104,84,109,146,165,153,135,121,59,49,40,13,25
"27-04-2013",22,3,3,3,11,4,4,4,5,33,76,98,127,131,133,133,132,130,131,121,106,98,79,62
"28-04-2013",65,60,75,59,48,28,23,15,43,67,79,105,124,129,128,122,125,128,122,116,103,74,40,16
"29-04-2013",4,4,22,29,27,12,4,4,4,20,60,76,90,127,145,142,143,133,109,95,61,29,20,20
"30-04-2013",23,5,6,18,17,3,4,4,7,41,91,113,119,120,116,115,111,110,106,99,86,80,59,64
"01-05-2013",33,39,41,61,25,8,4,4,26,88,99,105,106,107,109,108,109,107,105,96,71,41,15,25
"02-05-2013",64,42,63,56,49,21,6,4,22,86,105,104,106,108,108,108,108,110,106,103,96,96,90,98
"03-05-2013",89,53,37,43,23,21,4,8,62,100,117,116,115,129,140,142,130,126,125,100,90,82,70,38
"04-05-2013",53,54,50,38,31,28,6,6,40,62,81,98,124,145,149,147,132,125,125,110,100,78,50,48
"05-05-2013",37,34,23,15,30,28,18,38,63,77,97,135,152,154,147,153,151,146,138,79,60,48,62,66
"06-05-2013",41,31,42,58,53,69,53,47,78,97,97,97,98,101,101,101,101,101,99,97,96,94,92,93
"07-05-2013",95,98,95,93,92,83,59,71,83,95,100,101,103,104,104,118,101,100,96,92,86,78,73,50
"08-05-2013",29,49,55,43,34,19,13,4,10,19,20,57,72,68,80,90,88,85,77,81,85,82,79,74
"09-05-2013",72,74,81,72,73,51,30,14,60,77,80,83,90,84,82,88,91,93,89,88,88,89,87,81
"10-05-2013",80,83,81,68,63,66,54,40,51,56,64,70,73,73,68,70,75,81,84,81,80,79,71,67
"11-05-2013",59,53,31,30,18,19,16,16,44,43,45,79,93,105,103,104,104,104,99,98,87,82,73,64
"12-05-2013",56,62,56,56,51,37,44,39,60,67,83,93,95,97,103,109,103,103,102,81,84,82,80,84
"13-05-2013",75,59,57,59,62,65,54,39,51,66,70,76,78,81,78,73,62,59,66,49,62,74,69,68
"14-05-2013",62,59,57,59,63,54,48,45,32,28,28,31,51,59,63,72,76,81,78,74,63,44,25,15
"15-05-2013",16,7,9,4,4,3,3,3,9,22,30,68,91,93,96,94,95,96,94,99,90,82,78,62
"16-05-2013",46,40,16,12,11,6,4,3,3,5,10,17,44,76,85,87,83,83,86,84,80,74,65,74
"17-05-2013",62,41,38,37,26,9,4,4,7,39,60,61,49,24,50,60,64,51,51,54,44,30,18,5
"18-05-2013",4,3,-9999,-9999,-9999,-9999,-9999,-9999,-9999,61,59,66,65,93,109,111,98,86,82,72,52,31,24,12
"19-05-2013",5,3,3,3,3,3,3,3,13,28,59,76,99,115,117,116,109,123,107,82,58,41,18,4
"20-05-2013",7,3,4,15,16,4,4,4,7,17,20,45,60,58,77,84,76,77,93,80,54,27,43,20
"21-05-2013",5,10,41,16,14,4,4,3,5,17,47,67,87,106,102,95,111,122,113,91,47,25,23,24
"22-05-2013",6,4,9,7,4,4,3,-9999,7,24,49,84,89,91,87,84,85,84,75,66,75,59,49,71
"23-05-2013",81,87,86,80,70,72,68,69,57,77,83,90,91,87,88,87,88,84,84,80,73,80,84,87
"24-05-2013",89,88,91,82,73,65,44,40,74,86,93,-9999,-9999,106,112,110,99,99,101,101,90,84,80,92
"25-05-2013",94,80,83,83,94,74,53,52,90,96,100,98,99,105,108,113,113,108,108,102,82,76,76,69
"26-05-2013",56,46,29,46,65,42,17,18,29,62,92,105,115,112,110,108,109,104,103,103,99,94,94,92
"27-05-2013",86,99,96,93,86,83,52,59,62,92,106,116,114,117,124,118,113,115,118,112,104,76,80,61
"28-05-2013",58,63,66,52,33,27,3,5,19,50,64,93,97,103,109,105,103,101,101,92,65,49,98,94
"29-05-2013",93,60,26,39,23,109,95,89,84,89,97,104,111,126,121,123,120,110,93,88,84,56,44,53
"30-05-2013",35,44,58,79,66,75,51,39,68,85,93,97,96,102,101,111,104,94,90,87,72,53,42,23
"31-05-2013",29,34,59,69,59,53,53,54,70,88,91,95,94,94,93,96,95,98,93,84,85,84,84,84
"01-06-2013",87,79,85,82,66,54,36,62,72,72,81,89,87,99,98,98,100,97,95,84,59,55,33,38
"02-06-2013",56,47,51,36,37,42,70,56,66,77,91,108,110,112,116,119,108,106,106,110,99,93,90,77
"03-06-2013",69,79,59,51,48,30,12,50,62,72,89,97,100,105,111,110,115,108,113,109,101,89,71,52
"04-06-2013",73,73,67,51,32,22,8,31,52,59,86,101,106,116,115,105,106,105,107,100,92,99,93,75
"05-06-2013",70,69,66,73,61,52,41,31,55,77,94,95,106,106,108,110,106,101,98,95,80,43,43,65
"06-06-2013",74,60,52,55,49,30,8,17,47,72,95,98,105,136,153,133,122,122,113,106,91,88,78,66
"07-06-2013",77,73,106,79,78,65,60,22,26,70,79,92,90,84,64,57,102,120,101,86,58,27,47,77
"08-06-2013",70,62,51,65,85,71,58,66,99,107,107,112,118,146,145,113,101,79,83,81,60,37,27,26
"09-06-2013",5,12,23,11,11,10,17,7,29,73,66,108,143,145,140,141,129,125,121,117,103,91,84,58
"10-06-2013",24,23,14,25,26,9,8,4,11,30,68,98,120,134,138,128,121,123,126,123,116,97,94,83
"11-06-2013",64,59,71,63,35,32,49,43,59,81,56,92,124,135,120,117,121,121,123,109,81,91,104,99
"12-06-2013",90,110,109,121,106,94,69,-9999,89,83,105,113,118,114,98,102,103,92,90,95,82,62,63,43
"13-06-2013",21,18,40,43,45,67,62,61,59,80,80,86,82,80,93,95,91,89,94,90,84,84,58,49
"14-06-2013",49,46,45,48,75,43,5,28,52,77,74,63,63,69,78,88,89,94,96,93,86,84,57,12
"15-06-2013",24,22,7,12,6,5,3,6,22,76,82,103,140,131,148,150,133,133,125,111,93,66,56,40
"16-06-2013",24,12,7,9,5,2,3,6,37,59,60,116,141,147,138,136,144,129,124,110,115,95,69,56
"17-06-2013",43,6,22,24,24,28,17,5,9,49,98,109,118,111,112,183,167,135,102,105,104,86,67,72
"18-06-2013",32,77,83,73,69,68,59,41,69,96,106,110,107,107,103,103,102,104,105,105,108,103,98,98
"19-06-2013",101,98,97,92,86,81,50,76,88,97,100,103,103,100,99,100,102,100,107,110,111,111,109,108
"20-06-2013",109,108,106,103,91,79,70,74,85,98,100,103,102,105,112,110,110,109,107,106,103,104,101,109
"21-06-2013",114,108,105,98,100,94,92,88,83,-9999,99,100,101,103,103,101,102,104,102,99,93,86,87,79
"22-06-2013",72,59,35,19,29,59,28,30,82,99,105,104,104,109,112,115,141,125,114,105,93,75,55,38
"23-06-2013",27,23,28,36,38,19,22,22,58,95,102,104,104,143,165,162,154,141,137,136,99,88,56,37
"24-06-2013",21,21,14,9,19,6,4,6,11,30,79,114,125,131,147,153,179,174,147,133,102,74,39,29
"25-06-2013",19,50,59,38,26,46,49,47,-9999,66,89,118,111,126,129,110,98,95,110,109,97,72,69,56
"26-06-2013",42,35,53,55,56,42,20,9,52,68,69,94,115,144,179,163,146,142,125,114,100,73,81,90
"27-06-2013",89,81,72,71,53,16,4,18,51,81,90,103,114,115,135,125,101,104,101,91,81,84,74,66
"28-06-2013",67,55,50,42,54,38,9,14,60,80,96,110,109,105,119,122,108,115,106,92,103,99,104,72
"29-06-2013",68,73,61,58,56,51,32,29,65,88,84,106,133,147,131,127,137,128,120,118,110,106,105,106
"30-06-2013",103,96,95,83,86,74,71,74,88,102,105,109,115,115,116,116,116,116,114,112,106,90,83,66
"01-07-2013",68,83,51,82,67,60,34,50,68,84,96,104,106,111,116,117,117,129,116,117,104,93,96,94
"02-07-2013",69,64,86,72,45,38,10,7,51,83,103,105,116,126,157,160,158,145,111,98,73,64,60,31
"03-07-2013",17,39,52,50,46,32,80,80,88,98,109,112,117,144,140,129,129,121,114,107,101,101,98,90
"04-07-2013",73,70,64,60,29,15,6,11,51,102,110,119,115,115,116,114,131,113,109,108,103,96,73,75
"05-07-2013",51,39,41,40,41,9,46,40,81,-9999,-9999,101,105,108,110,111,112,111,110,111,105,105,100,85
"06-07-2013",75,85,84,95,87,81,69,86,91,97,103,107,110,110,117,122,123,125,125,126,123,122,126,125
"07-07-2013",118,117,111,110,109,112,107,103,111,118,124,125,128,130,130,131,133,136,136,134,130,125,119,122
"08-07-2013",125,124,118,118,119,103,92,92,98,104,115,119,121,120,121,121,120,126,123,122,122,121,109,119
"09-07-2013",119,120,122,109,119,112,101,104,106,110,116,119,118,122,124,123,122,123,126,125,122,114,116,118
"10-07-2013",120,122,120,119,113,94,99,96,100,106,108,110,115,118,119,122,120,121,120,115,116,104,89,84
"11-07-2013",96,101,94,101,93,80,46,44,84,107,119,115,117,122,125,125,128,131,97,87,96,91,75,66
"12-07-2013",20,47,39,36,36,8,5,9,33,97,120,127,148,156,169,174,148,127,124,113,106,67,72,89
"13-07-2013",71,60,61,62,60,33,51,53,104,129,138,131,124,125,122,-9999,-9999,124,124,120,114,105,87,86
"14-07-2013",83,90,38,12,11,49,46,98,102,111,115,116,117,116,120,129,133,130,128,123,114,104,84,69
"15-07-2013",17,31,53,67,76,58,59,62,91,115,115,119,120,122,132,158,135,125,112,108,104,96,79,61
"16-07-2013",60,48,29,15,32,24,47,82,89,105,115,117,115,111,108,113,111,111,111,104,96,89,91,87
"17-07-2013",86,85,98,96,100,92,86,85,86,93,95,89,90,95,-9999,-9999,-9999,-9999,-9999,-9999,-9999,-9999,-9999,-9999
"18-07-2013",-9999,-9999,-9999,-9999,-9999,-9999,-9999,-9999,-9999,-9999,-9999,-9999,-9999,-9999,-9999,-9999,-9999,-9999,-9999,-9999,-9999,-9999,-9999,-9999
"19-07-2013",-9999,-9999,-9999,-9999,-9999,-9999,-9999,-9999,-9999,92,95,99,99,100,103,102,103,101,96,96,94,80,81,59
"20-07-2013",35,80,93,82,82,83,71,81,87,90,102,104,105,108,109,111,112,111,109,109,103,89,80,61
"21-07-2013",40,66,79,52,61,90,92,93,94,107,110,113,113,117,119,120,122,121,121,119,113,103,98,107
"22-07-2013",118,117,106,98,93,88,77,79,80,80,76,85,83,93,94,94,93,93,91,89,85,78,77,74
"23-07-2013",79,82,87,86,85,69,71,62,69,80,88,89,89,90,88,90,92,94,94,95,91,84,74,33
"24-07-2013",41,54,44,74,76,66,63,46,72,90,103,106,108,112,114,116,116,117,114,113,106,98,72,43
"25-07-2013",10,23,7,16,17,5,4,5,9,93,115,148,149,149,160,157,170,156,134,117,115,95,67,59
"26-07-2013",48,20,32,38,18,4,4,4,12,85,136,139,144,138,147,186,190,174,148,120,58,29,16,20
"27-07-2013",6,22,7,8,17,7,13,34,71,124,140,132,148,145,141,142,143,138,134,131,124,114,98,87
"28-07-2013",95,115,110,112,116,119,114,91,95,117,125,130,124,122,125,130,129,129,129,127,120,110,108,99
"29-07-2013",97,101,92,102,106,86,33,59,89,110,115,118,121,127,128,131,131,133,131,126,109,82,71,75
"30-07-2013",66,31,50,37,45,23,8,5,34,94,123,127,146,177,190,211,198,175,130,96,91,79,64,53
"31-07-2013",30,8,16,63,55,23,6,47,115,132,129,122,115,122,133,133,130,131,131,128,122,117,112,111
"01-08-2013",119,120,115,111,118,111,96,84,87,89,105,110,114,112,112,109,109,106,104,103,98,94,95,85
"02-08-2013",87,79,88,95,93,94,83,80,89,101,103,105,105,106,108,109,112,113,112,104,100,91,84,89
"03-08-2013",98,103,99,95,95,79,76,77,89,99,101,106,108,109,109,106,100,96,92,92,87,79,75,68
"04-08-2013",66,67,31,28,33,45,46,54,93,110,110,110,112,104,111,108,111,116,120,122,110,105,103,102
"05-08-2013",116,111,101,93,80,87,94,97,100,98,100,101,100,99,99,99,103,100,101,101,102,97,92,89
"06-08-2013",84,88,87,82,83,90,84,58,37,88,103,107,112,112,111,116,119,110,55,113,110,111,110,89
"07-08-2013",37,27,22,27,25,58,96,94,102,111,117,120,122,123,123,123,122,122,122,120,116,113,113,80
"08-08-2013",37,85,108,105,108,109,108,-9999,-9999,-9999,-9999,-9999,-9999,-9999,-9999,-9999,-9999,-9999,-9999,-9999,-9999,-9999,-9999,-9999
"09-08-2013",-9999,-9999,-9999,-9999,-9999,-9999,-9999,-9999,-9999,-9999,-9999,-9999,-9999,-9999,-9999,-9999,-9999,-9999,-9999,-9999,-9999,-9999,-9999,-9999
"10-08-2013",-9999,-9999,-9999,-9999,-9999,-9999,-9999,-9999,-9999,-9999,-9999,-9999,-9999,-9999,-9999,-9999,-9999,-9999,-9999,-9999,-9999,-9999,-9999,-9999
"11-08-2013",-9999,-9999,-9999,-9999,-9999,-9999,-9999,-9999,-9999,-9999,-9999,-9999,-9999,-9999,-9999,-9999,-9999,-9999,-9999,-9999,-9999,-9999,-9999,-9999
"12-08-2013",-9999,-9999,-9999,-9999,-9999,-9999,-9999,-9999,-9999,-9999,-9999,-9999,-9999,-9999,-9999,-9999,-9999,-9999,-9999,-9999,-9999,-9999,-9999,-9999
"13-08-2013",-9999,-9999,-9999,-9999,-9999,-9999,-9999,-9999,-9999,-9999,-9999,-9999,-9999,-9999,-9999,-9999,-9999,-9999,-9999,-9999,-9999,-9999,-9999,-9999
"14-08-2013",-9999,-9999,-9999,-9999,-9999,-9999,-9999,-9999,-9999,-9999,-9999,-9999,-9999,-9999,-9999,-9999,-9999,-9999,-9999,-9999,-9999,-9999,-9999,-9999
"15-08-2013",-9999,-9999,-9999,-9999,-9999,-9999,-9999,-9999,-9999,-9999,-9999,-9999,-9999,-9999,-9999,-9999,-9999,-9999,-9999,-9999,-9999,-9999,-9999,-9999
"16-08-2013",-9999,-9999,-9999,-9999,-9999,-9999,-9999,-9999,-9999,-9999,-9999,-9999,-9999,-9999,-9999,-9999,-9999,-9999,-9999,-9999,-9999,-9999,-9999,-9999
"17-08-2013",-9999,-9999,-9999,-9999,-9999,-9999,-9999,-9999,-9999,-9999,-9999,-9999,-9999,-9999,-9999,-9999,-9999,-9999,-9999,-9999,-9999,-9999,-9999,-9999
"18-08-2013",-9999,-9999,-9999,-9999,-9999,-9999,-9999,-9999,-9999,-9999,-9999,-9999,-9999,-9999,-9999,-9999,-9999,-9999,-9999,-9999,-9999,-9999,-9999,-9999
"19-08-2013",-9999,-9999,-9999,-9999,-9999,-9999,-9999,-9999,-9999,-9999,-9999,-9999,-9999,-9999,-9999,-9999,-9999,-9999,-9999,-9999,-9999,-9999,-9999,-9999
"20-08-2013",-9999,-9999,-9999,-9999,-9999,-9999,-9999,-9999,-9999,-9999,-9999,-9999,-9999,-9999,-9999,-9999,-9999,-9999,-9999,-9999,-9999,-9999,-9999,-9999
"21-08-2013",-9999,-9999,-9999,-9999,-9999,-9999,-9999,-9999,-9999,-9999,-9999,-9999,-9999,-9999,-9999,-9999,-9999,-9999,-9999,-9999,-9999,-9999,-9999,-9999
"22-08-2013",-9999,-9999,-9999,-9999,-9999,-9999,-9999,-9999,-9999,-9999,-9999,-9999,-9999,-9999,-9999,-9999,-9999,-9999,-9999,-9999,-9999,-9999,-9999,-9999
"23-08-2013",-9999,-9999,-9999,-9999,-9999,-9999,-9999,-9999,-9999,-9999,-9999,-9999,-9999,-9999,-9999,-9999,-9999,-9999,-9999,-9999,-9999,-9999,-9999,-9999
"24-08-2013",-9999,-9999,-9999,-9999,-9999,-9999,-9999,-9999,-9999,-9999,-9999,-9999,-9999,-9999,-9999,-9999,-9999,-9999,-9999,-9999,-9999,-9999,-9999,-9999
"25-08-2013",-9999,-9999,-9999,-9999,-9999,-9999,-9999,-9999,-9999,-9999,-9999,-9999,-9999,-9999,-9999,-9999,-9999,-9999,-9999,-9999,-9999,-9999,-9999,-9999
"26-08-2013",-9999,-9999,-9999,-9999,-9999,-9999,-9999,-9999,-9999,-9999,-9999,-9999,-9999,-9999,-9999,-9999,-9999,-9999,-9999,-9999,-9999,-9999,-9999,-9999
"27-08-2013",-9999,-9999,-9999,-9999,-9999,-9999,-9999,-9999,-9999,-9999,-9999,-9999,-9999,-9999,-9999,-9999,-9999,-9999,-9999,-9999,-9999,-9999,-9999,-9999
"28-08-2013",-9999,-9999,-9999,-9999,-9999,-9999,-9999,-9999,-9999,-9999,-9999,-9999,-9999,-9999,-9999,-9999,-9999,-9999,-9999,-9999,-9999,-9999,-9999,-9999
"29-08-2013",-9999,-9999,-9999,-9999,-9999,-9999,-9999,-9999,-9999,-9999,-9999,-9999,-9999,-9999,-9999,-9999,-9999,-9999,-9999,-9999,-9999,-9999,-9999,-9999
"30-08-2013",-9999,-9999,-9999,-9999,-9999,-9999,-9999,-9999,-9999,-9999,-9999,-9999,-9999,-9999,-9999,-9999,-9999,-9999,-9999,-9999,-9999,-9999,-9999,-9999
"31-08-2013",-9999,-9999,-9999,-9999,-9999,-9999,-9999,-9999,-9999,-9999,-9999,-9999,-9999,-9999,-9999,-9999,-9999,-9999,-9999,-9999,-9999,-9999,-9999,-9999
"01-09-2013",-9999,-9999,-9999,-9999,-9999,-9999,-9999,-9999,-9999,-9999,-9999,-9999,-9999,-9999,-9999,-9999,-9999,-9999,-9999,-9999,-9999,-9999,-9999,-9999
"02-09-2013",-9999,-9999,-9999,-9999,-9999,-9999,-9999,-9999,-9999,-9999,-9999,-9999,-9999,-9999,-9999,-9999,-9999,-9999,-9999,-9999,-9999,-9999,-9999,-9999
"03-09-2013",-9999,-9999,-9999,-9999,-9999,-9999,-9999,-9999,-9999,-9999,-9999,-9999,-9999,-9999,-9999,-9999,-9999,-9999,-9999,-9999,-9999,-9999,-9999,-9999
"04-09-2013",-9999,-9999,-9999,-9999,-9999,-9999,-9999,-9999,-9999,-9999,-9999,-9999,-9999,-9999,-9999,-9999,-9999,-9999,-9999,-9999,-9999,-9999,-9999,-9999
"05-09-2013",-9999,-9999,-9999,-9999,-9999,-9999,-9999,-9999,-9999,-9999,-9999,-9999,-9999,-9999,-9999,-9999,-9999,-9999,-9999,-9999,-9999,-9999,-9999,-9999
"06-09-2013",-9999,-9999,-9999,-9999,-9999,-9999,-9999,-9999,-9999,-9999,-9999,-9999,-9999,-9999,-9999,-9999,-9999,-9999,-9999,-9999,-9999,-9999,-9999,-9999
"07-09-2013",-9999,-9999,-9999,-9999,-9999,-9999,-9999,-9999,-9999,-9999,-9999,-9999,-9999,-9999,-9999,-9999,-9999,-9999,-9999,-9999,-9999,-9999,-9999,-9999
"08-09-2013",-9999,-9999,-9999,-9999,-9999,-9999,-9999,-9999,-9999,-9999,-9999,-9999,-9999,-9999,-9999,-9999,-9999,-9999,-9999,-9999,-9999,-9999,-9999,-9999
"09-09-2013",-9999,-9999,-9999,-9999,-9999,-9999,-9999,-9999,-9999,-9999,-9999,-9999,-9999,-9999,-9999,-9999,-9999,-9999,-9999,-9999,-9999,-9999,-9999,-9999
"10-09-2013",-9999,-9999,-9999,-9999,-9999,-9999,-9999,-9999,-9999,-9999,-9999,-9999,-9999,-9999,-9999,-9999,-9999,-9999,-9999,-9999,-9999,-9999,-9999,-9999
"11-09-2013",-9999,-9999,-9999,-9999,-9999,-9999,-9999,-9999,-9999,-9999,29,42,90,72,100,104,96,87,83,73,57,40,9,6
"12-09-2013",3,4,3,3,3,3,3,3,3,6,16,47,53,91,100,111,107,101,101,72,36,34,31,14
"13-09-2013",11,10,21,24,25,5,4,4,4,21,43,48,66,65,61,79,68,71,69,70,60,65,75,74
"14-09-2013",68,67,71,71,65,56,48,58,56,71,86,90,94,93,101,110,115,109,105,102,96,96,90,82
"15-09-2013",57,48,45,54,68,45,38,32,41,79,88,94,98,104,101,110,113,119,106,114,109,86,31,28
"16-09-2013",50,31,58,63,56,28,25,45,58,55,77,79,77,85,93,78,71,59,53,73,75,73,79,70
"17-09-2013",70,53,40,44,11,3,3,3,7,23,50,70,81,91,87,91,90,88,85,73,64,59,70,69
"18-09-2013",64,66,74,74,66,46,9,14,38,48,61,64,63,64,60,63,68,68,65,55,51,38,45,44
"19-09-2013",34,32,38,36,34,13,3,3,4,16,51,80,83,80,85,82,82,93,91,73,62,61,65,57
"20-09-2013",33,33,28,18,14,4,5,3,4,7,21,63,77,78,93,87,76,77,82,75,68,57,39,40
"21-09-2013",45,51,55,47,58,53,43,56,61,78,84,90,94,95,110,98,100,101,101,103,98,89,68,72
"22-09-2013",61,57,58,55,54,59,73,81,70,89,88,95,100,102,98,101,96,93,90,86,84,83,81,80
"23-09-2013",81,69,77,78,63,45,19,12,20,56,72,79,83,83,86,81,88,86,81,67,54,33,7,4
"24-09-2013",4,4,3,3,3,3,3,3,4,34,66,89,95,107,113,110,120,124,117,110,88,64,65,52
"25-09-2013",8,4,3,3,3,3,3,3,3,12,39,53,66,100,102,101,95,97,90,80,67,56,46,39
"26-09-2013",38,24,14,4,4,3,3,4,6,21,34,74,90,85,99,102,103,96,96,83,85,76,74,62
"27-09-2013",44,21,12,20,24,22,13,3,3,14,43,66,82,91,100,96,115,109,86,88,87,79,58,43
"28-09-2013",13,34,23,5,12,10,3,4,4,25,56,59,79,104,114,109,113,115,108,87,75,71,52,43
"29-09-2013",16,5,3,3,3,3,3,4,7,26,60,82,104,113,115,116,106,102,96,86,68,50,42,32
"30-09-2013",17,6,3,3,4,3,3,3,4,8,36,71,80,77,82,76,74,75,66,57,54,59,59,51
"01-10-2013",53,54,54,48,52,37,8,5,4,6,13,35,48,59,73,74,70,65,68,67,67,59,56,34
"02-10-2013",5,44,36,20,31,27,6,4,15,35,50,59,67,66,62,55,56,55,54,55,54,53,56,52
"03-10-2013",60,62,57,56,58,49,49,43,38,42,49,49,54,54,59,64,62,62,58,57,56,58,63,63
"04-10-2013",65,64,64,63,67,64,57,47,48,54,57,61,60,63,66,66,63,62,65,66,64,62,59,62
"05-10-2013",68,74,71,68,69,66,60,53,52,61,64,72,74,78,80,81,81,79,74,68,64,69,65,65
"06-10-2013",56,66,59,55,66,74,73,65,-9999,67,79,80,85,89,92,95,97,94,89,72,86,76,72,73
"07-10-2013",64,69,64,50,61,40,17,35,47,70,80,83,84,92,93,90,93,91,88,86,84,82,78,79
"08-10-2013",81,87,83,68,60,42,36,13,9,35,61,79,91,101,106,116,123,103,89,75,45,38,26,38
"09-10-2013",40,44,57,46,32,22,8,4,8,14,39,70,79,94,80,92,106,106,99,97,87,78,59,28
"10-10-2013",14,5,5,4,4,4,4,4,3,3,8,38,24,32,36,22,35,31,12,4,4,4,4,4
"11-10-2013",4,3,4,3,3,3,3,3,3,3,13,41,65,67,64,64,58,40,29,13,31,12,10,4
"12-10-2013",4,3,3,3,3,3,3,4,4,4,22,43,38,52,77,92,79,70,62,37,33,25,13,11
"13-10-2013",8,4,3,3,4,4,4,3,13,32,59,75,85,93,97,98,122,117,76,46,36,32,34,55
"14-10-2013",77,77,73,75,64,38,25,16,19,70,80,84,91,99,111,124,121,93,51,27,46,53,30,24
"15-10-2013",21,6,5,3,4,6,3,3,3,4,31,48,78,91,109,97,85,88,79,51,35,21,10,4
"16-10-2013",3,3,4,3,3,3,3,3,4,4,10,33,14,9,20,27,24,8,18,34,39,33,45,26
"17-10-2013",7,14,9,25,37,52,43,49,57,58,62,69,77,62,29,62,68,68,64,57,48,34,23,6
"18-10-2013",48,52,46,40,44,25,19,6,20,49,55,52,56,60,71,72,67,79,75,29,10,8,4,4
"19-10-2013",27,68,30,16,6,6,5,4,8,45,71,82,87,89,89,95,94,90,73,64,56,30,27,19
"20-10-2013",29,38,50,50,48,53,49,28,48,66,82,89,97,100,102,105,101,93,83,84,61,65,62,65
"21-10-2013",62,60,63,53,33,12,4,4,4,7,33,76,86,57,62,82,102,105,89,46,26,20,13,4
"22-10-2013",3,3,3,4,3,3,4,4,4,4,23,71,67,84,92,119,120,112,72,45,13,4,3,3
"23-10-2013",3,3,11,12,8,4,3,4,3,13,46,91,98,100,101,101,102,101,92,80,70,29,4,15
"24-10-2013",61,82,66,54,80,82,70,57,54,64,71,76,86,87,91,89,87,79,61,53,26,5,6,10
"25-10-2013",24,15,6,23,45,11,3,3,3,18,69,83,92,101,114,103,97,84,72,48,31,9,4,4
"26-10-2013",4,17,3,3,3,3,3,3,3,11,68,93,104,104,117,118,98,85,76,68,23,4,4,4
"27-10-2013",4,4,10,9,4,6,6,4,6,19,46,81,105,94,108,107,115,110,66,41,7,4,4,4
"28-10-2013",4,4,3,3,4,4,4,3,4,6,36,67,76,89,102,103,95,92,86,65,29,21,6,4
"29-10-2013",4,4,4,4,4,4,4,4,4,9,40,46,55,91,91,94,71,28,6,5,4,4,4,4
"30-10-2013",4,4,4,4,4,4,4,4,4,7,22,39,57,68,94,90,74,42,11,5,4,9,11,6
"31-10-2013",5,12,10,10,10,4,4,4,4,30,81,96,103,104,101,92,83,65,41,7,4,4,4,4
"01-11-2013",3,4,4,4,4,5,4,4,17,71,83,82,82,84,84,82,66,50,39,38,4,4,3,4
"02-11-2013",20,24,15,18,11,5,3,3,10,52,75,95,104,110,115,112,108,81,47,5,4,4,4,4
"03-11-2013",4,4,3,3,4,4,3,4,5,29,61,65,79,89,93,92,88,69,60,30,28,20,18,4
"04-11-2013",4,4,4,3,3,3,3,3,3,9,29,57,74,76,78,74,64,57,43,27,20,10,4,4
"05-11-2013",4,4,4,4,4,4,3,4,4,39,61,65,63,60,63,68,70,70,75,78,84,85,78,81
"06-11-2013",83,89,93,85,58,57,62,45,46,53,47,51,36,40,13,31,35,40,25,22,5,7,5,7
"07-11-2013",11,5,9,5,5,20,51,49,48,45,47,53,64,72,71,74,71,56,48,10,24,4,3,4
"08-11-2013",4,17,31,40,23,4,3,3,4,10,35,62,62,66,68,69,35,11,4,4,4,4,4,4
"09-11-2013",4,5,6,6,12,5,4,4,7,37,52,73,64,80,84,89,74,47,28,4,4,4,4,4
"10-11-2013",4,4,4,4,4,4,4,4,4,14,48,77,90,100,96,87,83,62,32,35,29,17,4,4
"11-11-2013",4,4,4,4,4,4,3,3,4,33,49,54,58,56,55,58,58,49,34,23,16,30,50,9
"12-11-2013",4,5,10,9,6,4,4,3,11,34,46,56,60,64,57,49,48,47,57,30,19,39,37,63
"13-11-2013",60,50,48,46,45,51,43,15,35,39,54,65,80,78,75,72,71,56,67,72,65,64,68,64
"14-11-2013",54,53,51,45,39,42,47,27,46,54,51,64,66,66,55,52,46,40,40,16,27,36,43,54
"15-11-2013",64,58,55,50,47,45,40,18,7,35,43,48,51,55,54,49,45,42,44,45,47,45,45,45
"16-11-2013",49,47,51,47,51,53,52,50,54,61,62,63,66,66,66,66,64,61,63,57,61,63,62,65
"17-11-2013",61,60,65,64,62,45,19,31,52,65,72,70,71,72,71,67,65,59,42,44,38,53,8,5
"18-11-2013",4,4,5,34,15,4,3,4,4,12,39,53,59,63,65,58,56,53,51,38,37,19,13,4
"19-11-2013",3,4,6,32,24,8,4,4,5,25,55,59,73,78,75,68,58,35,24,11,5,5,5,5
"20-11-2013",4,16,73,81,78,79,73,58,26,11,23,18,13,57,60,60,55,49,27,4,4,4,4,4
"21-11-2013",4,4,5,6,4,4,4,3,4,4,25,56,62,63,64,56,60,70,71,68,35,35,27,9
"22-11-2013",5,4,5,11,16,5,4,4,5,21,42,53,56,60,61,48,31,7,4,4,4,5,5,5
"23-11-2013",5,4,4,4,3,3,3,3,3,10,56,73,77,79,79,84,77,65,25,12,39,52,25,5
"24-11-2013",5,5,4,4,4,57,40,57,73,60,70,66,58,49,63,57,36,29,32,13,21,39,7,4
"25-11-2013",4,4,3,3,4,3,3,3,3,3,11,33,50,50,59,45,15,4,4,9,3,3,4,4
"26-11-2013",4,4,4,4,3,3,3,4,4,4,12,36,53,62,38,46,17,5,4,4,4,4,4,4
"27-11-2013",4,4,4,5,8,13,20,25,20,34,53,56,58,54,58,48,39,20,7,13,5,5,5,5
"28-11-2013",4,4,4,4,4,4,4,4,3,16,36,42,-9999,55,56,53,42,32,11,5,5,5,5,5
"29-11-2013",4,4,4,4,4,4,4,4,4,4,10,25,41,46,49,32,10,4,4,5,5,5,4,5
"30-11-2013",6,11,21,28,30,25,23,26,20,18,43,48,43,43,43,36,38,35,28,8,9,5,20,36
"01-12-2013",46,40,53,57,56,66,57,43,44,60,60,52,50,54,49,55,62,62,60,58,51,57,61,49
"02-12-2013",47,49,52,45,40,27,9,10,11,16,16,10,9,10,21,22,22,25,14,18,35,41,48,49
"03-12-2013",48,52,56,56,57,58,57,53,49,50,53,56,57,56,56,47,50,37,40,52,54,55,56,48
"04-12-2013",19,30,37,34,55,45,32,32,35,41,43,46,49,52,52,49,49,46,49,42,37,51,53,44
"05-12-2013",47,7,25,4,4,2,2,2,3,3,8,27,37,56,43,38,17,6,4,5,5,5,5,5
"06-12-2013",4,4,3,2,3,3,3,2,2,3,3,12,24,38,46,44,12,3,3,3,4,4,3,4
"07-12-2013",4,5,4,4,3,3,3,3,4,4,19,31,46,50,52,52,46,28,29,39,34,35,26,23
"08-12-2013",52,43,42,45,60,60,55,32,34,55,60,64,66,73,77,73,60,30,6,5,5,6,5,4
"09-12-2013",5,4,3,4,3,3,3,3,3,3,6,21,41,49,53,45,28,3,4,4,5,4,4,4
"10-12-2013",5,4,4,4,4,3,4,4,4,15,19,44,54,50,49,50,46,43,37,27,36,45,51,57
"11-12-2013",62,64,67,67,65,62,56,50,48,51,56,60,60,64,63,62,53,52,49,38,30,10,26,35
"12-12-2013",22,15,47,47,18,14,14,4,4,7,13,28,51,49,44,43,42,41,40,34,36,37,43,42
"13-12-2013",36,37,38,38,32,18,9,5,9,10,24,20,23,23,18,16,14,6,4,4,4,5,4,4
"14-12-2013",4,4,4,4,4,4,3,3,3,4,6,37,54,58,60,59,32,6,4,5,5,5,5,5
"15-12-2013",5,5,5,4,4,4,4,4,4,4,10,32,-9999,-9999,-9999,-9999,-9999,-9999,-9999,-9999,-9999,-9999,-9999,-9999
"16-12-2013",-9999,-9999,-9999,-9999,-9999,-9999,-9999,-9999,-9999,-9999,-9999,-9999,-9999,-9999,-9999,-9999,-9999,-9999,-9999,-9999,-9999,-9999,-9999,-9999
"17-12-2013",-9999,-9999,-9999,-9999,-9999,-9999,-9999,-9999,-9999,-9999,-9999,31,37,35,38,45,40,42,46,49,49,41,50,55
"18-12-2013",49,49,37,39,23,16,9,19,22,36,41,45,37,35,31,29,34,32,35,34,37,41,36,41
"19-12-2013",59,60,55,53,45,34,32,29,21,27,43,44,47,64,56,45,37,22,4,5,5,5,4,4
"20-12-2013",5,4,4,16,20,4,4,4,4,5,16,47,60,55,56,42,12,4,4,-9999,4,5,5,5
"21-12-2013",5,5,4,4,3,3,3,3,4,4,6,29,44,48,49,42,12,4,4,4,5,5,4,4
"22-12-2013",4,4,4,4,4,3,3,3,3,5,34,45,64,69,71,64,51,45,19,15,13,6,4,5
"23-12-2013",7,8,6,28,25,10,4,4,5,5,24,36,54,57,54,42,21,6,4,4,5,5,5,4
"24-12-2013",5,8,13,13,25,10,19,5,7,10,10,10,29,26,13,14,7,17,16,26,5,14,23,32
"25-12-2013",32,30,31,29,30,31,19,26,29,36,46,50,61,62,56,47,47,38,28,22,19,19,20,17
"26-12-2013",14,15,13,7,4,5,5,4,4,6,25,60,70,73,77,74,68,63,54,54,57,60,62,60
"27-12-2013",66,68,72,78,74,74,73,65,59,54,50,31,49,43,35,28,11,5,6,8,6,5,5,5
"28-12-2013",15,37,46,59,43,43,50,59,54,56,69,75,75,75,82,79,72,59,49,21,29,17,6,9
"29-12-2013",24,63,51,51,61,55,8,11,14,25,63,67,74,73,79,74,60,56,28,6,5,5,5,5
"30-12-2013",5,5,4,4,4,4,4,3,4,5,20,51,62,69,61,50,33,7,5,5,5,5,4,6
"31-12-2013",9,41,44,51,36,22,13,28,36,39,47,50,48,46,45,45,42,42,40,34,34,38,37,32
