"01-01-2014",2,2,3,2,2,2,3,4,6,3,5,7,6,5,3,2,2,2,4,3,3,2,2,2
"02-01-2014",2,2,2,2,2,2,2,9,7,5,3,2,3,10,12,12,8,9,3,10,34,34,18,14
"03-01-2014",6,6,3,3,3,6,10,102,14,32,8,5,5,3,3,4,6,7,37,25,14,31,12,7
"04-01-2014",6,4,3,3,3,3,3,29,19,45,7,10,11,2,3,3,2,16,33,13,12,15,12,11
"05-01-2014",7,4,3,2,2,2,2,6,6,8,12,7,10,8,5,6,6,9,18,25,18,9,11,5
"06-01-2014",3,4,2,2,2,2,2,4,6,8,7,8,6,6,4,3,6,16,19,17,15,10,7,6
"07-01-2014",4,3,2,2,2,2,4,11,22,10,6,3,3,2,3,3,3,3,4,4,4,2,3,2
"08-01-2014",2,2,2,1,2,1,2,6,14,11,12,15,9,10,10,16,7,4,4,2,11,7,2,2
"09-01-2014",2,2,1,2,1,2,3,98,24,13,5,4,3,4,3,3,3,11,5,18,19,25,15,8
"10-01-2014",4,3,2,2,3,9,8,52,68,77,10,9,13,15,19,10,8,10,8,5,5,4,7,6
"11-01-2014",4,3,3,2,2,3,5,30,11,8,5,3,2,3,2,2,2,3,20,19,36,28,13,11
"12-01-2014",7,5,4,3,4,3,4,6,13,10,6,6,7,8,5,12,7,8,14,19,7,13,8,8
"13-01-2014",5,4,3,4,3,4,8,42,149,41,12,3,5,5,4,4,4,4,5,24,20,15,12,5
"14-01-2014",6,3,5,3,2,5,12,65,94,44,6,4,16,3,2,3,3,7,19,22,28,36,18,10
"15-01-2014",8,2,3,2,2,4,12,58,80,73,70,29,47,118,30,83,90,14,11,8,10,7,4,3
"16-01-2014",2,2,2,2,2,2,4,-9999,22,12,14,12,11,15,29,6,4,23,20,31,35,24,11,12
"17-01-2014",4,3,3,2,-9999,-9999,-9999,-9999,-9999,-9999,-9999,21,15,29,19,16,12,19,12,15,12,-9999,-9999,-9999
"18-01-2014",4,2,2,3,3,3,3,7,10,13,15,11,11,15,12,9,9,10,10,14,12,8,8,6
"19-01-2014",3,4,2,2,2,2,3,3,5,6,6,5,6,5,4,3,3,6,5,5,4,5,3,2
"20-01-2014",2,2,2,2,2,3,3,6,11,10,9,7,6,5,9,9,11,10,7,6,4,3,3,2
"21-01-2014",2,2,2,2,2,4,4,6,11,9,9,11,7,6,13,20,4,5,7,5,6,3,5,2
"22-01-2014",2,2,1,1,2,11,4,17,13,22,10,10,10,12,7,7,6,9,18,5,5,4,4,3
"23-01-2014",4,2,2,2,2,2,4,17,8,11,11,13,11,10,33,10,8,10,9,15,11,6,6,3
"24-01-2014",3,2,2,2,2,3,6,34,69,46,28,20,15,13,12,13,14,7,6,4,3,3,2,2
"25-01-2014",2,2,2,2,2,2,2,2,4,5,5,5,7,5,9,6,5,6,8,8,8,7,4,3
"26-01-2014",3,2,1,1,1,1,2,2,2,2,3,3,3,4,5,5,7,5,3,8,5,3,5,2
"27-01-2014",2,2,2,1,1,2,2,4,15,6,37,4,7,3,3,3,2,4,16,18,29,17,10,5
"28-01-2014",3,2,2,2,2,5,25,37,74,50,-9999,-9999,13,11,12,6,7,7,27,18,9,8,4,3
"29-01-2014",3,3,3,3,2,3,5,11,71,10,13,14,16,12,11,12,14,42,20,12,10,7,10,8
"30-01-2014",4,4,4,3,4,7,40,157,87,43,11,4,8,6,9,9,12,5,17,30,18,24,12,7
"31-01-2014",5,3,3,3,3,3,3,4,5,5,4,6,4,4,3,3,3,3,3,3,3,3,3,2
"01-02-2014",2,2,2,2,2,2,2,3,3,3,3,3,3,3,3,3,3,3,3,3,3,3,2,3
"02-02-2014",3,2,2,2,2,2,2,2,3,3,3,3,3,3,3,3,3,3,3,3,3,3,3,3
"03-02-2014",2,2,2,2,2,3,3,3,4,4,3,3,3,3,3,3,3,3,3,3,3,3,3,2
"04-02-2014",2,2,2,2,2,2,3,4,4,4,4,4,4,3,4,3,3,3,4,3,3,3,3,3
"05-02-2014",2,2,2,2,2,3,2,11,4,3,3,3,3,13,3,3,3,4,5,6,20,9,10,7
"06-02-2014",5,3,3,3,3,4,9,25,24,6,7,13,24,28,20,31,15,19,17,7,7,5,3,3
"07-02-2014",2,2,2,2,2,2,3,3,4,4,4,3,4,4,5,4,4,3,4,21,44,33,14,9
"08-02-2014",6,4,3,3,3,3,6,5,9,9,8,9,7,7,7,8,5,6,6,5,4,5,4,4
"09-02-2014",3,3,2,3,2,2,3,3,3,5,5,6,6,9,4,5,5,8,7,25,27,6,5,4
"10-02-2014",3,3,3,2,4,5,27,30,26,22,13,12,17,17,15,13,9,11,8,9,10,5,7,6
"11-02-2014",4,3,3,3,3,7,21,36,50,33,20,23,23,26,12,9,8,8,15,13,32,13,8,5
"12-02-2014",4,2,2,2,3,4,12,37,42,20,17,12,11,11,9,8,10,10,9,9,8,7,6,4
"13-02-2014",4,3,2,2,2,3,40,14,10,23,28,9,10,13,13,11,11,18,15,13,26,13,6,4
"14-02-2014",3,3,3,4,4,6,19,82,102,16,17,25,11,13,14,26,12,17,17,9,9,9,19,18
"15-02-2014",17,3,3,3,2,3,3,3,4,4,4,5,3,3,4,3,3,3,3,10,8,9,5,6
"16-02-2014",4,3,3,3,3,3,2,5,7,5,5,5,7,12,8,6,19,9,8,8,7,7,5,3
"17-02-2014",5,3,3,3,3,4,19,26,21,26,18,21,16,13,13,10,12,7,8,7,8,5,4,4
"18-02-2014",3,2,2,2,2,3,4,15,31,17,14,7,8,20,13,13,7,11,13,15,17,23,8,7
"19-02-2014",4,3,3,3,4,5,20,75,45,28,14,10,17,14,12,11,10,10,13,9,8,6,5,6
"20-02-2014",4,3,3,3,2,5,10,33,33,16,12,8,9,12,8,21,12,13,17,18,11,11,8,9
"21-02-2014",5,3,3,3,3,6,18,38,48,9,11,10,14,10,5,4,4,6,6,16,14,12,7,5
"22-02-2014",4,5,3,3,3,5,15,19,16,6,6,4,4,6,11,9,3,5,9,10,7,9,7,5
"23-02-2014",4,3,3,3,3,3,3,8,5,5,8,5,4,3,3,4,3,3,3,3,4,4,5,3
"24-02-2014",2,2,2,2,2,2,2,3,3,3,3,3,3,3,3,3,3,3,3,3,3,3,3,3
"25-02-2014",2,2,2,2,2,2,3,3,4,4,3,4,4,4,3,3,3,3,4,6,5,21,10,8
"26-02-2014",3,3,3,3,3,3,4,10,9,8,3,3,3,4,8,11,5,4,6,16,33,23,14,8
"27-02-2014",4,4,4,3,3,5,7,22,99,10,7,5,21,14,16,9,9,15,11,9,15,14,9,9
"28-02-2014",5,4,5,4,4,7,29,75,62,46,19,14,11,15,9,18,13,11,12,8,8,5,4,4
"01-03-2014",3,2,3,3,3,5,5,10,16,13,8,9,8,8,12,10,3,3,4,3,3,6,5,8
"02-03-2014",4,4,3,3,3,3,3,4,4,6,7,5,5,7,5,5,7,6,6,9,9,12,7,5
"03-03-2014",3,3,3,2,2,2,2,3,4,4,5,6,10,6,5,5,5,5,10,7,6,5,4,5
"04-03-2014",3,3,2,3,4,5,9,12,12,12,9,6,7,10,8,5,5,7,8,6,5,5,5,3
"05-03-2014",2,2,2,3,2,5,5,26,35,47,11,16,8,8,9,8,8,10,15,13,24,13,6,5
"06-03-2014",5,4,3,3,3,4,17,32,23,13,13,11,9,9,7,9,7,10,14,10,9,5,13,9
"07-03-2014",3,3,2,3,4,6,12,18,22,34,11,8,4,3,3,3,3,3,3,56,7,7,4,3
"08-03-2014",3,2,2,2,2,2,2,2,3,3,3,3,3,3,3,3,4,3,3,3,3,3,3,3
"09-03-2014",2,2,2,2,2,2,6,2,2,2,3,2,3,3,3,3,3,3,3,3,2,3,2,2
"10-03-2014",2,2,2,2,2,2,3,4,5,5,4,4,4,4,4,3,3,3,3,3,3,3,3,3
"11-03-2014",2,2,2,2,2,3,4,11,20,4,4,6,4,4,4,3,3,3,3,4,3,3,3,3
"12-03-2014",2,2,2,2,2,3,3,5,6,5,4,4,4,3,5,4,3,4,5,5,5,5,3,3
"13-03-2014",3,3,3,3,2,3,3,4,4,3,3,3,3,3,3,3,3,3,3,4,7,4,3,3
"14-03-2014",3,3,3,2,2,2,8,14,4,3,3,3,3,3,3,3,3,3,4,5,12,9,9,8
"15-03-2014",5,3,3,3,3,5,14,24,6,3,4,4,6,8,8,9,6,12,12,16,16,5,5,5
"16-03-2014",4,3,3,3,3,3,87,5,6,4,4,3,3,3,3,2,2,2,3,10,6,10,5,4
"17-03-2014",8,3,3,4,3,4,17,58,12,8,6,4,3,3,3,3,3,3,3,4,18,32,9,5
"18-03-2014",3,3,17,3,3,10,13,34,70,17,9,9,12,11,11,7,7,10,11,6,22,9,5,5
"19-03-2014",4,3,3,3,4,4,7,17,20,32,20,17,22,26,44,53,34,14,8,12,7,5,4,3
"20-03-2014",3,3,3,3,3,4,3,4,4,3,3,3,3,3,3,3,2,2,3,3,3,3,4,3
"21-03-2014",2,2,2,2,2,2,3,4,3,3,3,3,3,3,3,3,3,2,2,3,5,4,3,4
"22-03-2014",3,3,3,3,3,4,20,-9999,20,14,4,3,3,3,7,5,6,7,4,7,5,5,4,4
"23-03-2014",3,3,3,2,3,3,3,4,4,4,4,6,5,5,7,5,4,4,6,6,5,5,4,3
"24-03-2014",3,3,2,2,3,4,8,19,119,84,115,120,64,139,140,116,196,19,8,6,6,5,4,5
"25-03-2014",4,3,2,2,2,2,3,3,3,4,5,4,6,4,4,4,6,4,29,8,6,5,3,3
"26-03-2014",3,2,2,3,2,4,14,58,130,137,61,21,9,24,14,19,37,30,7,6,8,6,4,5
"27-03-2014",3,3,2,3,2,3,10,36,8,4,4,4,3,3,3,3,3,3,3,5,8,6,5,5
"28-03-2014",3,2,2,3,2,3,3,5,7,10,7,8,11,10,11,13,8,9,14,9,8,7,4,5
"29-03-2014",3,2,3,3,3,3,4,5,4,3,3,3,3,3,3,2,2,2,2,2,2,2,2,2
"30-03-2014",2,2,2,2,2,2,2,2,3,3,3,3,3,2,2,2,2,2,2,2,2,2,2,2
"31-03-2014",2,2,2,2,3,4,7,-9999,13,7,3,3,3,3,3,3,3,2,3,3,3,15,13,5
"01-04-2014",3,2,3,3,3,5,12,54,47,23,19,18,18,14,8,8,7,6,8,6,8,5,5,4
"02-04-2014",3,3,3,3,3,3,5,21,43,16,14,12,5,6,4,7,8,10,6,6,8,9,9,6
"03-04-2014",3,3,4,3,3,6,13,32,18,6,5,3,3,3,3,3,2,2,2,2,3,3,4,7
"04-04-2014",5,4,3,3,3,7,8,21,38,30,31,33,47,37,22,9,12,10,8,6,5,7,5,4
"05-04-2014",4,2,2,2,3,5,5,13,11,6,6,4,5,9,6,5,5,5,4,5,5,4,4,6
"06-04-2014",3,3,3,3,2,2,4,6,4,5,5,5,7,5,4,4,3,2,2,5,5,5,6,16
"07-04-2014",3,3,2,2,2,3,3,16,12,5,4,3,3,3,3,3,3,3,3,2,2,3,9,6
"08-04-2014",3,2,2,2,3,4,6,30,5,5,7,3,3,3,3,3,3,3,3,2,4,12,16,10
"09-04-2014",3,3,3,3,2,4,7,43,39,13,10,12,7,12,8,7,6,5,6,5,6,5,4,4
"10-04-2014",3,2,2,2,3,4,4,9,12,6,8,7,6,4,4,5,4,3,2,2,2,2,3,2
"11-04-2014",2,3,2,3,3,7,148,36,28,17,5,15,20,18,15,7,6,7,8,5,54,8,5,5
"12-04-2014",4,3,3,3,2,3,4,33,10,5,4,5,6,4,3,4,6,7,6,6,6,9,8,6
"13-04-2014",5,5,3,3,3,3,8,6,5,4,5,7,4,6,5,6,6,6,5,3,5,3,5,12
"14-04-2014",3,3,2,3,2,8,5,10,8,4,3,3,3,3,2,2,2,2,2,2,12,10,6,5
"15-04-2014",3,3,3,3,3,4,8,19,16,14,16,15,14,9,8,9,8,6,8,6,9,6,7,6
"16-04-2014",5,2,3,2,3,4,6,11,24,16,24,9,10,7,6,7,6,5,6,7,5,4,3,3
"17-04-2014",2,2,2,2,2,4,7,7,10,8,4,5,5,4,3,3,3,3,3,2,2,7,10,4
"18-04-2014",3,2,2,2,2,2,4,4,5,6,5,5,5,5,5,4,5,6,4,5,4,4,4,3
"19-04-2014",2,2,2,2,2,4,3,4,4,5,13,5,6,5,4,4,4,4,5,6,8,5,5,5
"20-04-2014",5,5,3,2,3,2,5,6,5,5,5,5,5,4,3,3,3,4,4,5,3,4,3,3
"21-04-2014",3,2,2,2,2,2,3,4,4,4,5,5,5,6,3,3,3,3,3,3,3,4,5,5
"22-04-2014",3,2,2,2,2,6,5,36,21,6,4,3,3,3,3,3,3,2,3,2,2,3,5,5
"23-04-2014",4,3,2,2,3,3,8,21,20,20,8,5,4,3,4,3,3,3,3,3,3,3,3,3
"24-04-2014",2,3,2,3,3,3,42,63,100,16,8,10,10,8,8,6,5,6,5,5,5,7,4,4
"25-04-2014",3,2,2,2,23,3,4,11,11,12,13,20,25,14,4,9,3,3,14,6,9,3,3,3
"26-04-2014",3,4,2,3,3,3,4,4,3,3,3,2,2,4,3,2,3,3,3,3,2,2,3,2
"27-04-2014",2,2,3,2,2,2,2,2,3,2,3,6,3,3,3,2,2,3,3,2,4,6,5,4
"28-04-2014",3,3,3,3,3,4,13,15,10,9,8,8,10,9,7,8,6,5,7,6,7,5,3,3
"29-04-2014",2,2,2,2,2,4,10,25,9,13,15,13,13,14,10,7,7,7,8,9,15,7,5,3
"30-04-2014",2,2,2,2,2,3,7,17,17,9,10,8,10,10,6,5,6,5,6,5,5,4,3,3
"01-05-2014",3,3,3,3,3,3,4,5,5,5,6,10,4,4,3,4,4,3,4,7,10,5,4,3
"02-05-2014",3,3,3,2,2,3,15,13,11,26,8,5,7,20,6,8,7,7,6,6,7,5,4,3
"03-05-2014",3,2,3,3,3,6,7,12,7,10,7,8,7,7,7,5,5,6,6,7,8,7,5,4
"04-05-2014",2,3,2,2,2,3,3,5,19,19,6,5,6,4,4,6,4,5,4,6,5,5,3,4
"05-05-2014",2,2,2,2,2,4,4,15,20,5,5,5,6,3,3,2,2,3,5,3,3,3,7,3
"06-05-2014",3,3,3,2,2,2,22,30,5,4,3,3,3,3,3,3,3,3,2,2,2,2,2,2
"07-05-2014",2,2,2,2,2,2,3,4,3,3,3,3,3,3,3,2,2,2,2,2,2,2,2,2
"08-05-2014",2,3,2,2,2,2,3,4,4,9,3,3,2,3,3,3,2,2,2,3,2,3,3,2
"09-05-2014",2,2,2,2,2,2,3,3,3,3,3,3,3,3,3,3,2,2,2,2,3,2,3,3
"10-05-2014",3,3,2,2,2,6,11,6,5,12,11,13,12,10,8,8,5,5,5,4,6,5,5,8
"11-05-2014",4,5,3,3,3,3,3,7,8,4,4,4,5,4,5,4,14,4,5,4,4,4,4,6
"12-05-2014",3,2,3,3,3,3,3,72,10,8,9,9,7,9,8,6,11,6,9,9,6,4,4,4
"13-05-2014",3,2,2,3,2,3,14,14,9,8,10,5,4,5,6,6,5,6,8,4,6,5,3,3
"14-05-2014",3,3,3,3,3,5,38,20,18,18,12,8,10,9,11,9,4,6,7,6,6,4,3,3
"15-05-2014",2,2,2,2,2,4,4,14,7,6,9,7,6,5,5,5,7,7,8,8,6,5,5,3
"16-05-2014",2,2,2,2,2,3,4,5,6,7,7,6,6,6,5,8,6,5,6,5,6,5,3,3
"17-05-2014",3,3,2,2,3,2,5,4,5,5,7,9,4,5,5,7,4,4,5,4,5,6,4,4
"18-05-2014",3,2,2,2,3,3,4,7,5,6,6,4,5,3,4,5,4,4,5,4,3,5,3,5
"19-05-2014",4,2,3,2,10,7,19,16,7,9,9,13,9,12,12,7,5,6,7,8,9,6,4,4
"20-05-2014",4,3,3,3,4,5,13,136,8,5,3,3,3,3,3,3,2,2,2,2,2,2,4,6
"21-05-2014",4,2,2,2,2,2,2,3,4,3,3,3,3,4,3,3,2,2,2,2,2,2,2,2
"22-05-2014",2,2,2,2,2,2,11,9,4,3,3,2,3,3,3,2,3,3,3,2,2,3,3,2
"23-05-2014",2,2,2,2,2,2,108,42,3,3,3,2,2,3,3,3,2,2,2,2,4,8,9,6
"24-05-2014",4,3,3,2,3,4,8,23,5,4,7,6,5,6,5,5,4,19,6,6,4,4,4,3
"25-05-2014",3,2,2,2,2,3,5,11,4,4,3,3,3,2,3,5,2,2,3,4,3,4,4,5
"26-05-2014",3,2,2,3,2,3,9,6,7,5,4,3,3,2,3,2,4,4,5,5,2,6,5,3
"27-05-2014",3,3,2,2,2,3,8,17,8,6,9,4,6,9,21,7,5,7,5,27,8,4,4,3
"28-05-2014",3,2,2,2,3,4,9,18,10,7,9,12,6,9,32,10,7,7,15,6,18,6,5,4
"29-05-2014",3,3,3,3,5,4,12,17,13,11,8,8,6,6,7,5,5,7,6,4,4,4,4,4
"30-05-2014",4,3,3,3,2,8,6,8,9,6,-9999,7,6,6,6,5,4,-9999,-9999,-9999,-9999,-9999,-9999,-9999
"31-05-2014",-9999,-9999,-9999,-9999,-9999,-9999,-9999,-9999,-9999,-9999,-9999,-9999,-9999,-9999,-9999,-9999,-9999,-9999,-9999,-9999,-9999,-9999,-9999,-9999
"01-06-2014",-9999,-9999,-9999,-9999,-9999,-9999,-9999,-9999,-9999,-9999,-9999,-9999,-9999,-9999,-9999,-9999,-9999,-9999,-9999,-9999,-9999,-9999,-9999,-9999
"02-06-2014",-9999,-9999,-9999,-9999,-9999,-9999,-9999,-9999,-9999,-9999,-9999,-9999,-9999,-9999,-9999,-9999,-9999,-9999,-9999,-9999,-9999,-9999,-9999,-9999
"03-06-2014",-9999,-9999,-9999,-9999,-9999,-9999,-9999,-9999,-9999,-9999,3,3,3,3,3,3,2,3,2,2,2,2,2,2
"04-06-2014",2,2,2,2,2,2,2,2,4,4,41,5,3,3,3,12,3,-9999,-9999,34,5,4,6,4
"05-06-2014",3,3,3,3,3,3,14,22,7,5,5,6,5,4,10,4,6,7,7,6,8,6,7,5
"06-06-2014",3,3,3,3,4,6,16,19,11,4,3,3,3,3,3,3,3,3,3,8,8,7,5,4
"07-06-2014",3,3,3,3,2,9,8,5,5,3,3,3,3,2,2,3,3,3,3,5,5,12,4,5
"08-06-2014",4,3,2,30,3,4,5,4,3,3,2,3,3,3,3,2,2,2,2,2,2,2,2,2
"09-06-2014",2,2,2,2,2,2,2,3,2,2,3,2,2,2,2,3,2,2,2,2,2,2,2,2
"10-06-2014",2,2,2,2,2,2,2,3,3,3,3,3,2,2,3,3,3,2,2,2,2,2,2,2
"11-06-2014",2,2,2,2,2,2,3,3,3,3,2,3,2,3,3,3,3,3,3,3,3,3,4,5
"12-06-2014",6,3,3,3,3,3,-9999,-9999,-9999,-9999,-9999,-9999,-9999,-9999,-9999,-9999,-9999,-9999,-9999,-9999,-9999,-9999,-9999,-9999
"13-06-2014",-9999,-9999,-9999,-9999,-9999,-9999,-9999,-9999,-9999,-9999,-9999,-9999,-9999,-9999,-9999,-9999,-9999,-9999,-9999,-9999,-9999,-9999,-9999,-9999
"14-06-2014",-9999,-9999,-9999,-9999,-9999,-9999,-9999,-9999,-9999,-9999,-9999,-9999,-9999,-9999,-9999,-9999,-9999,-9999,-9999,-9999,-9999,-9999,-9999,-9999
"15-06-2014",-9999,-9999,-9999,-9999,-9999,-9999,-9999,-9999,-9999,-9999,-9999,-9999,-9999,-9999,-9999,-9999,-9999,-9999,-9999,-9999,-9999,-9999,-9999,-9999
"16-06-2014",-9999,-9999,-9999,-9999,-9999,-9999,-9999,-9999,-9999,-9999,-9999,-9999,-9999,-9999,-9999,-9999,-9999,-9999,-9999,-9999,-9999,-9999,-9999,-9999
"17-06-2014",-9999,-9999,-9999,-9999,-9999,-9999,-9999,-9999,-9999,-9999,-9999,-9999,-9999,6,6,6,7,8,16,7,7,4,3,5
"18-06-2014",3,2,3,3,3,4,14,7,7,7,9,9,9,8,5,7,5,8,12,4,7,4,5,4
"19-06-2014",3,3,3,3,4,8,12,-9999,11,6,5,7,5,5,7,6,6,5,5,6,6,4,5,4
"20-06-2014",3,2,2,2,2,3,3,7,6,8,9,8,7,5,5,3,4,4,3,3,3,4,4,4
"21-06-2014",4,3,3,3,3,6,6,9,4,3,3,5,5,6,5,5,4,4,5,6,4,4,4,4
"22-06-2014",3,2,3,3,3,3,3,3,3,2,2,2,2,2,2,2,2,2,2,2,2,2,3,5
"23-06-2014",3,3,3,3,3,5,6,11,7,4,3,3,3,3,3,3,3,2,2,2,2,4,4,6
"24-06-2014",3,2,3,3,2,3,-9999,5,3,3,3,3,3,3,3,3,3,3,6,6,5,6,4,4
"25-06-2014",4,3,2,3,3,4,29,10,8,9,7,7,4,4,6,6,5,7,39,7,7,5,6,4
"26-06-2014",3,3,4,3,3,4,6,66,9,9,6,8,7,7,6,6,5,26,9,5,6,7,5,4
"27-06-2014",3,2,3,3,3,4,7,14,24,27,53,15,10,7,7,7,5,8,8,8,9,4,4,3
"28-06-2014",3,3,3,3,2,2,2,3,8,3,3,3,3,3,3,3,3,2,2,2,2,2,2,2
"29-06-2014",2,2,2,2,2,2,3,2,3,2,2,2,2,2,2,2,2,2,2,3,2,2,2,3
"30-06-2014",2,2,2,2,2,2,4,7,3,3,3,3,3,3,3,3,3,3,15,5,4,5,4,3
"01-07-2014",3,2,2,2,3,3,10,17,9,7,4,6,3,3,3,3,2,3,3,2,2,3,29,5
"02-07-2014",4,2,2,2,3,3,4,12,6,3,3,3,3,3,3,3,3,2,2,2,2,2,2,2
"03-07-2014",2,2,2,2,2,3,4,4,3,3,3,3,3,2,3,3,3,2,3,3,3,3,6,3
"04-07-2014",3,3,3,3,2,2,3,3,3,3,3,3,3,2,3,3,2,2,3,2,2,2,2,2
"05-07-2014",2,2,2,2,2,2,2,2,2,2,2,2,3,2,2,2,2,2,3,2,2,2,2,2
"06-07-2014",2,2,2,2,2,2,3,3,2,2,2,2,2,3,3,3,3,2,2,2,3,3,6,3
"07-07-2014",3,3,3,2,3,5,7,12,5,3,3,2,2,3,3,2,3,3,4,2,2,2,2,2
"08-07-2014",2,2,2,2,2,4,16,7,3,3,3,3,3,3,3,3,3,2,4,6,7,7,5,3
"09-07-2014",3,3,2,2,3,3,21,8,24,10,10,7,10,8,7,5,6,6,5,5,5,6,4,4
"10-07-2014",3,3,3,2,3,6,7,10,8,7,7,8,6,14,21,5,5,5,5,6,6,5,5,3
"11-07-2014",3,3,3,3,3,3,17,26,10,9,8,13,10,41,7,7,5,6,7,6,6,5,4,3
"12-07-2014",3,3,2,3,3,3,5,4,5,7,7,6,7,4,6,6,19,4,6,6,4,4,6,3
"13-07-2014",3,3,2,3,3,3,25,7,5,4,3,3,3,4,3,4,5,3,4,5,5,6,4,3
"14-07-2014",3,2,2,2,3,3,5,6,6,4,4,3,3,3,4,3,2,6,15,36,4,3,4,4
"15-07-2014",3,3,3,3,3,7,13,20,7,7,7,8,3,3,3,3,3,3,3,7,3,4,5,3
"16-07-2014",3,4,3,2,3,3,4,9,5,5,3,3,3,3,3,3,3,3,2,2,2,3,4,4
"17-07-2014",4,3,3,3,3,4,12,17,6,3,3,3,3,2,3,3,3,3,3,6,5,5,4,4
"18-07-2014",4,3,3,2,4,4,6,11,9,4,3,3,3,3,3,3,3,4,11,7,5,5,7,8
"19-07-2014",5,3,3,2,3,5,8,7,5,3,3,2,3,3,7,6,3,3,4,9,6,10,10,8
"20-07-2014",6,4,5,4,3,2,3,3,3,3,3,3,3,3,3,3,3,3,3,3,3,6,3,6
"21-07-2014",3,2,2,2,2,3,3,6,3,3,3,3,3,3,3,3,3,3,3,3,3,5,6,4
"22-07-2014",4,3,3,3,4,8,15,20,5,6,13,8,6,8,7,9,5,5,6,5,4,3,4,5
"23-07-2014",3,4,3,2,2,4,5,8,6,7,7,7,7,8,7,5,8,6,7,8,8,9,10,4
"24-07-2014",3,3,3,3,3,3,3,9,6,5,5,4,9,7,4,3,4,3,3,3,3,5,5,9
"25-07-2014",4,3,3,4,5,5,7,20,9,3,3,3,3,3,3,3,3,3,2,2,2,3,4,9
"26-07-2014",5,2,3,2,2,3,3,3,3,3,3,2,2,2,3,3,3,3,3,2,2,2,5,4
"27-07-2014",4,3,3,3,2,3,4,3,4,4,3,3,3,3,3,4,4,4,5,4,4,5,5,3
"28-07-2014",3,2,3,3,3,5,7,15,18,9,21,6,6,5,5,5,7,7,5,8,5,8,3,3
"29-07-2014",4,4,3,4,3,10,18,24,6,5,5,5,5,3,3,3,3,3,3,3,4,8,6,4
"30-07-2014",3,13,3,4,3,6,7,15,8,5,3,3,3,3,3,3,3,3,5,19,6,6,4,5
"31-07-2014",4,4,3,4,3,4,8,9,17,11,9,9,7,9,6,5,5,6,6,15,7,5,34,3
"01-08-2014",3,3,3,4,4,4,7,18,7,8,7,4,3,5,7,5,5,6,7,7,9,6,4,4
"02-08-2014",3,3,2,3,3,3,6,7,6,4,3,3,3,3,3,3,3,4,4,5,6,6,3,4
"03-08-2014",5,3,3,3,3,3,3,3,3,3,3,2,3,3,3,2,3,2,3,4,4,5,5,4
"04-08-2014",3,3,3,3,3,3,13,18,9,9,5,3,3,3,3,3,3,4,3,5,5,4,3,3
"05-08-2014",4,3,4,3,5,3,5,4,3,3,3,3,3,3,3,3,3,3,3,2,3,3,5,5
"06-08-2014",3,3,3,3,3,3,8,28,11,4,3,3,3,3,3,3,3,3,4,5,3,4,5,3
"07-08-2014",4,3,4,4,3,3,3,5,12,10,6,7,4,3,3,3,4,4,3,5,4,3,6,3
"08-08-2014",4,4,3,3,6,4,5,13,9,7,4,3,3,4,8,3,3,3,3,2,5,3,4,3
"09-08-2014",5,3,3,3,3,3,4,7,4,3,3,3,3,3,3,3,3,3,3,3,3,3,4,4
"10-08-2014",4,5,4,3,2,3,4,3,3,2,2,2,2,2,2,2,3,2,2,2,2,3,3,4
"11-08-2014",5,2,2,2,2,2,2,3,4,3,4,4,4,5,6,5,3,3,3,2,2,2,3,4
"12-08-2014",3,3,3,3,2,2,2,3,3,3,3,-9999,2,3,2,3,3,3,2,2,3,3,3,3
"13-08-2014",2,2,2,2,2,2,2,2,3,3,3,3,2,2,3,2,3,2,2,2,2,2,3,2
"14-08-2014",2,2,2,2,2,2,3,3,3,4,3,3,3,4,3,3,2,2,2,2,4,4,4,4
"15-08-2014",3,3,3,3,3,3,4,4,4,5,4,3,3,3,3,4,3,3,3,4,7,7,3,3
"16-08-2014",3,2,3,2,2,2,3,5,7,4,3,3,3,2,2,3,3,4,4,4,4,3,4,4
"17-08-2014",4,3,3,3,3,3,4,7,7,3,3,3,3,3,3,3,2,2,2,2,2,2,2,2
"18-08-2014",2,2,2,2,2,2,2,3,3,3,3,2,2,3,2,2,2,2,2,2,2,2,2,2
"19-08-2014",2,2,2,2,2,2,3,3,3,3,4,3,2,3,2,3,3,2,2,2,2,2,2,2
"20-08-2014",2,2,2,2,2,3,3,6,3,2,2,2,3,3,3,3,2,4,4,9,8,5,4,3
"21-08-2014",3,3,3,3,3,4,6,17,9,5,5,5,4,6,28,5,5,6,5,4,4,4,5,3
"22-08-2014",2,2,3,3,3,4,26,25,21,6,-9999,3,3,3,3,3,6,5,4,4,4,5,3,3
"23-08-2014",3,3,3,3,3,4,3,4,5,4,5,5,3,3,3,3,3,2,4,3,3,3,4,4
"24-08-2014",4,3,3,3,3,3,4,5,5,4,5,6,4,3,4,3,4,3,5,4,9,4,5,5
"25-08-2014",4,4,4,3,3,4,8,14,8,4,3,3,3,3,3,3,3,3,2,2,2,2,2,2
"26-08-2014",2,2,2,2,2,2,2,3,3,3,3,3,3,-9999,2,3,3,3,3,2,3,3,3,3
"27-08-2014",3,3,3,3,3,6,15,17,7,8,4,4,3,3,3,3,2,2,4,5,6,4,4,3
"28-08-2014",3,3,3,3,3,3,7,4,9,5,4,3,3,3,3,3,3,3,2,2,2,2,2,2
"29-08-2014",2,2,2,2,2,2,2,3,3,3,3,3,3,3,3,3,3,3,2,2,2,2,2,2
"30-08-2014",2,2,2,2,2,2,2,2,3,3,2,2,3,3,2,2,2,2,2,2,2,2,2,2
"31-08-2014",2,2,2,2,2,2,2,2,2,3,3,2,2,2,2,2,2,3,2,2,3,2,3,5
"01-09-2014",3,3,3,2,2,3,7,14,5,3,3,3,9,3,5,4,9,6,6,7,5,4,4,3
"02-09-2014",4,3,3,3,3,4,5,15,8,6,4,8,7,9,5,5,5,5,6,5,5,5,4,3
"03-09-2014",3,3,2,2,2,3,4,5,8,7,6,7,7,6,5,6,5,6,5,6,7,6,4,5
"04-09-2014",3,4,3,3,3,5,7,17,10,8,4,4,5,21,21,5,6,6,6,6,7,6,5,4
"05-09-2014",3,3,3,3,3,3,6,17,8,4,6,4,5,3,3,3,3,3,3,6,6,6,6,7
"06-09-2014",3,4,4,3,3,4,9,21,7,5,4,4,6,4,3,3,3,3,4,5,5,4,4,4
"07-09-2014",3,5,5,5,3,4,4,5,5,4,3,3,3,3,2,2,2,2,3,3,3,5,3,5
"08-09-2014",5,3,3,3,6,4,10,12,36,6,27,4,3,3,3,3,3,3,3,3,3,6,6,4
"09-09-2014",3,3,3,3,2,7,4,8,8,4,3,3,3,3,3,5,6,4,4,19,13,10,10,7
"10-09-2014",5,5,3,4,3,5,4,9,8,4,4,3,3,3,3,3,3,3,3,3,9,7,4,4
"11-09-2014",3,3,2,2,3,2,5,16,16,6,3,3,3,3,4,3,3,7,7,9,7,4,4,5
"12-09-2014",4,3,3,3,3,4,6,13,16,9,9,9,7,6,4,4,3,3,3,3,3,5,6,4
"13-09-2014",4,3,3,3,3,4,5,8,7,5,3,3,3,3,3,3,3,3,2,3,2,3,3,3
"14-09-2014",3,3,3,3,2,3,3,4,4,3,3,3,3,3,3,3,3,3,3,3,2,3,3,4
"15-09-2014",3,3,3,3,3,7,6,17,11,5,4,3,3,3,3,6,3,3,3,3,3,15,4,4
"16-09-2014",3,3,3,3,3,4,8,16,12,7,6,4,3,3,5,4,3,3,3,5,9,12,5,4
"17-09-2014",3,2,3,2,3,3,7,13,10,5,4,4,4,3,3,3,3,3,2,2,2,2,2,2
"18-09-2014",2,2,2,2,2,2,10,4,4,4,3,3,3,3,3,3,3,3,3,2,3,2,2,2
"19-09-2014",3,2,2,2,2,3,3,4,4,4,3,3,3,3,3,3,3,3,3,3,2,4,5,3
"20-09-2014",6,3,3,2,3,3,3,4,9,9,3,3,4,5,3,4,6,3,5,6,4,4,3,4
"21-09-2014",4,3,2,2,3,28,3,5,7,6,4,3,4,7,4,3,3,3,4,6,7,3,3,3
"22-09-2014",3,3,2,2,3,4,5,10,9,17,17,7,6,6,5,6,7,7,6,6,5,5,3,3
"23-09-2014",3,3,2,3,3,3,6,8,10,9,16,6,7,8,5,6,5,6,6,9,3,3,2,2
"24-09-2014",2,2,2,2,2,2,2,3,3,3,3,3,3,3,3,3,3,3,3,2,3,4,3,3
"25-09-2014",3,3,2,2,10,6,16,23,12,7,5,4,6,4,4,4,6,6,8,7,6,4,6,3
"26-09-2014",3,3,3,3,3,3,7,15,16,11,8,8,11,7,6,9,7,6,3,3,2,2,2,2
"27-09-2014",2,2,2,2,2,2,3,3,3,4,4,3,3,3,3,3,3,3,3,2,3,2,3,2
"28-09-2014",2,2,2,2,2,3,2,2,3,3,3,4,3,3,2,2,3,2,3,2,2,2,3,3
"29-09-2014",2,2,2,2,2,2,2,3,3,3,4,3,3,3,3,3,3,3,2,2,3,2,2,2
"30-09-2014",2,2,2,2,2,2,3,4,4,3,4,3,3,3,3,3,3,3,2,2,3,4,4,3
"01-10-2014",2,3,2,3,2,3,4,13,13,7,3,3,3,3,3,3,3,3,3,3,3,2,3,3
"02-10-2014",2,2,2,2,2,2,3,4,6,4,4,4,3,3,3,3,3,3,2,2,2,2,3,2
"03-10-2014",2,2,2,2,2,2,2,3,4,7,5,5,5,4,4,5,3,3,2,3,2,2,2,2
"04-10-2014",2,2,2,2,2,2,2,3,4,3,5,3,4,3,3,3,3,2,2,2,2,3,2,2
"05-10-2014",2,3,2,2,2,2,3,3,3,3,3,3,2,2,3,3,3,3,3,3,4,6,4,6
"06-10-2014",3,3,3,2,3,3,9,31,17,5,6,3,4,5,5,3,3,3,3,10,9,7,5,4
"07-10-2014",3,3,3,10,3,3,9,25,17,9,5,6,7,7,8,10,6,5,4,6,5,10,6,3
"08-10-2014",4,3,3,3,3,3,14,15,26,13,10,10,6,8,4,4,3,2,2,2,2,3,2,2
"09-10-2014",2,2,2,2,2,2,2,3,4,4,3,3,3,3,3,3,3,3,2,2,2,2,3,2
"10-10-2014",2,2,2,2,2,2,3,4,4,4,3,3,3,3,3,3,3,3,2,2,2,2,3,2
"11-10-2014",2,2,2,2,2,2,2,5,3,3,3,3,3,3,3,2,3,3,2,2,3,3,2,3
"12-10-2014",3,2,2,2,2,2,3,3,4,3,3,2,2,3,3,4,3,3,3,3,3,5,7,4
"13-10-2014",4,4,2,2,2,3,15,17,23,5,4,3,3,3,3,3,3,2,3,6,12,7,4,3
"14-10-2014",3,3,3,2,2,3,6,17,9,7,5,4,4,5,3,7,8,5,8,6,7,23,6,5
"15-10-2014",4,3,3,4,3,4,10,24,74,22,9,7,9,11,10,44,5,5,5,5,4,4,4,3
"16-10-2014",3,3,3,5,3,5,6,13,17,15,13,-9999,-9999,7,7,6,6,5,7,8,5,5,4,3
"17-10-2014",3,2,2,2,2,2,7,6,10,11,10,8,9,7,7,7,7,6,6,5,4,5,3,3
"18-10-2014",3,3,3,2,2,2,3,4,10,7,4,4,17,14,5,4,3,3,2,2,2,2,2,2
"19-10-2014",2,2,2,2,2,2,2,2,3,3,2,3,3,2,2,2,3,3,3,2,2,2,2,2
"20-10-2014",2,2,2,2,2,3,16,3,6,4,3,3,3,3,3,3,3,3,2,3,4,8,6,8
"21-10-2014",3,2,3,3,3,3,7,17,41,17,6,6,8,9,9,7,7,8,6,7,8,6,4,3
"22-10-2014",3,3,2,2,3,3,3,11,13,25,7,8,5,30,5,6,5,5,6,6,4,4,15,2
"23-10-2014",3,2,2,2,4,3,5,22,13,7,5,6,5,7,6,11,7,7,9,6,6,5,3,4
"24-10-2014",3,3,3,2,3,3,10,32,38,44,15,8,7,7,6,3,4,5,5,5,4,4,4,3
"25-10-2014",3,3,2,2,3,2,3,36,17,18,7,5,6,4,4,7,3,4,3,3,3,6,5,5
"26-10-2014",6,4,4,3,2,2,2,2,3,3,3,3,3,3,3,3,3,3,9,3,3,2,2,3
"27-10-2014",2,2,2,2,2,2,3,3,5,5,4,5,5,5,5,7,4,4,4,3,3,2,2,2
"28-10-2014",2,2,2,2,2,2,2,2,2,3,3,3,3,3,3,3,3,3,3,2,2,3,3,2
"29-10-2014",2,2,2,2,3,2,3,6,5,5,5,4,4,4,3,4,4,4,4,4,3,3,3,3
"30-10-2014",2,2,2,2,2,3,8,34,24,6,5,5,4,3,4,3,3,3,4,7,5,8,10,4
"31-10-2014",3,3,3,2,3,3,3,4,5,6,3,3,3,4,3,3,3,3,3,3,3,3,2,2
"01-11-2014",2,2,2,2,2,2,3,3,3,3,3,3,3,3,3,3,3,3,3,3,3,3,2,2
"02-11-2014",2,2,3,2,2,2,2,3,3,3,3,3,3,3,3,3,3,3,3,3,3,3,3,3
"03-11-2014",2,2,2,2,2,3,3,4,4,8,4,4,4,4,3,4,3,3,3,3,4,3,3,3
"04-11-2014",3,3,3,3,3,4,4,10,10,4,4,4,3,3,3,3,3,4,17,17,10,11,14,5
"05-11-2014",5,3,3,3,3,3,11,29,16,14,7,5,5,4,4,10,12,9,9,7,7,4,4,4
"06-11-2014",4,4,3,6,3,3,7,30,24,9,8,8,10,9,6,13,9,11,5,26,14,12,9,4
"07-11-2014",4,3,3,3,3,3,6,21,23,6,4,3,3,3,3,4,4,5,4,3,3,3,3,3
"08-11-2014",2,2,2,2,3,2,3,4,6,4,3,3,3,3,3,3,3,3,3,3,4,3,3,3
"09-11-2014",4,3,3,3,3,3,4,7,11,5,4,3,4,4,5,5,4,10,8,6,7,9,8,6
"10-11-2014",3,4,4,3,3,3,5,19,17,9,3,3,3,3,3,3,3,3,3,19,7,5,8,4
"11-11-2014",3,3,5,3,3,8,8,37,20,13,4,3,3,3,3,3,3,3,3,3,3,4,4,4
"12-11-2014",4,2,3,2,3,3,3,12,13,5,3,3,3,3,3,3,3,5,11,11,13,7,7,4
"13-11-2014",4,3,3,4,3,3,5,14,45,13,7,15,11,12,10,8,8,7,14,23,31,32,20,7
"14-11-2014",7,4,3,3,3,4,6,22,23,20,10,5,4,12,10,26,16,31,27,18,27,23,26,9
"15-11-2014",5,4,3,3,3,3,4,3,5,4,4,3,3,3,4,3,3,3,3,3,6,3,3,9
"16-11-2014",7,4,3,3,3,3,3,4,9,4,3,3,5,3,4,3,3,4,15,9,10,14,10,9
"17-11-2014",4,3,3,3,3,5,6,19,22,16,8,6,7,8,9,6,10,16,15,30,20,9,14,7
"18-11-2014",4,3,3,3,3,3,15,12,92,49,13,13,9,8,7,8,11,13,10,7,6,5,4,3
"19-11-2014",3,3,3,2,2,3,6,7,8,5,8,5,7,5,5,5,5,5,5,5,5,5,5,3
"20-11-2014",2,2,2,3,3,2,3,19,17,6,6,9,7,4,4,4,4,5,6,4,6,4,4,3
"21-11-2014",3,2,2,3,3,3,4,6,6,5,5,5,5,4,4,4,4,5,5,6,7,4,4,3
"22-11-2014",3,3,3,3,3,3,3,12,11,6,4,4,3,3,3,3,3,3,4,9,12,7,6,7
"23-11-2014",4,3,3,3,3,3,3,3,3,3,3,5,7,4,4,3,3,3,3,3,3,3,3,3
"24-11-2014",2,2,2,2,3,3,6,12,5,5,5,4,4,4,4,4,3,3,4,4,7,6,4,4
"25-11-2014",4,3,3,3,2,3,3,3,4,4,5,4,4,4,4,3,3,3,4,3,5,4,5,4
"26-11-2014",3,3,3,3,3,3,5,7,10,7,6,6,5,5,4,4,4,5,4,4,4,4,3,3
"27-11-2014",3,3,3,3,3,3,7,17,17,8,5,4,4,4,4,4,5,5,11,8,6,5,5,4
"28-11-2014",3,3,3,3,3,4,6,17,36,15,6,5,5,4,4,5,7,28,46,33,28,19,12,7
"29-11-2014",5,4,4,3,3,4,6,17,31,33,14,9,7,11,6,7,6,7,7,6,6,6,5,5
"30-11-2014",4,3,3,3,2,3,3,3,4,8,7,7,7,7,7,7,14,9,10,14,9,24,13,10
"01-12-2014",8,4,3,4,3,5,8,27,45,25,7,7,5,4,3,3,5,8,4,4,4,5,10,7
"02-12-2014",4,4,3,3,4,11,8,56,67,48,38,22,9,7,7,6,7,7,7,6,6,6,4,3
"03-12-2014",3,3,3,2,3,3,7,28,41,17,13,46,6,6,6,6,5,6,8,6,4,3,3,2
"04-12-2014",3,7,2,2,3,3,6,22,40,16,8,41,5,4,3,4,3,3,6,12,6,9,5,6
"05-12-2014",4,3,3,3,3,4,6,38,41,16,11,5,5,4,4,3,4,11,40,23,18,14,8,6
"06-12-2014",3,4,3,3,3,3,5,5,6,8,8,10,8,8,7,6,8,13,8,9,7,7,4,4
"07-12-2014",4,4,4,3,3,4,4,5,6,10,9,7,10,8,6,5,6,8,10,14,16,9,4,3
"08-12-2014",3,3,2,3,2,3,4,7,27,3,12,7,6,13,8,3,9,12,18,8,3,3,3,3
"09-12-2014",3,3,2,2,3,3,3,5,18,11,10,9,12,5,10,18,14,20,30,35,57,29,24,13
"10-12-2014",9,7,5,5,5,5,6,23,51,87,27,59,24,11,7,6,6,5,5,4,4,4,3,3
"11-12-2014",3,3,3,3,9,3,6,56,90,35,14,13,7,5,5,5,5,4,5,3,3,3,4,-9999
